revised_movement_label,segBoundary,segBoundary_start,segBoundary_end,length
sniffing,1,0,1,1
rising,25,1,25,24
stepping,45,25,45,20
climbing,80,45,80,35
grooming,117,80,117,37
sniffing,158,117,158,41
grooming,366,158,366,208
sniffing,477,366,477,111
climbing,494,477,494,17
sniffing,553,494,553,59
rising,591,553,591,38
walking,659,591,659,68
sniffing,734,659,734,75
stepping,769,734,769,35
climbing,794,769,794,25
trotting,816,794,816,22
left_turning,915,816,915,99
sniffing,979,915,979,64
rising,1011,979,1011,32
sniffing,1012,1011,1012,1
walking,1035,1012,1035,23
trotting,1058,1035,1058,23
climbing,1083,1058,1083,25
right_turning,1092,1083,1092,9
climbing,1174,1092,1174,82
rising,1263,1174,1263,89
climbing,1318,1263,1318,55
walking,1322,1318,1322,4
sniffing,1348,1322,1348,26
stepping,1380,1348,1380,32
sniffing,1471,1380,1471,91
walking,1480,1471,1480,9
climbing,1495,1480,1495,15
sniffing,1557,1495,1557,62
left_turning,1583,1557,1583,26
trotting,1598,1583,1598,15
walking,1645,1598,1645,47
climbing,1687,1645,1687,42
sniffing,1724,1687,1724,37
rising,1793,1724,1793,69
climbing,1837,1793,1837,44
hunching,2041,1837,2041,204
grooming,2072,2041,2072,31
sniffing,2129,2072,2129,57
climbing,2148,2129,2148,19
sniffing,2177,2148,2177,29
rising,2235,2177,2235,58
trotting,2281,2235,2281,46
walking,2302,2281,2302,21
sniffing,2457,2302,2457,155
climbing,2498,2457,2498,41
rising,2554,2498,2554,56
climbing,2597,2554,2597,43
running,2613,2597,2613,16
walking,2623,2613,2623,10
climbing,2646,2623,2646,23
sniffing,2690,2646,2690,44
rising,2691,2690,2691,1
rearing,2761,2691,2761,70
sniffing,2814,2761,2814,53
rearing,2874,2814,2874,60
climbing,2909,2874,2909,35
right_turning,2933,2909,2933,24
sniffing,2934,2933,2934,1
walking,2967,2934,2967,33
running,2989,2967,2989,22
sniffing,2990,2989,2990,1
climbing,3051,2990,3051,61
running,3071,3051,3071,20
trotting,3084,3071,3084,13
walking,3085,3084,3085,1
sniffing,3210,3085,3210,125
walking,3216,3210,3216,6
sniffing,3315,3216,3315,99
walking,3372,3315,3372,57
climbing,3424,3372,3424,52
right_turning,3438,3424,3438,14
walking,3518,3438,3518,80
sniffing,3612,3518,3612,94
rising,3626,3612,3626,14
sniffing,3640,3626,3640,14
rising,3641,3640,3641,1
right_turning,3660,3641,3660,19
sniffing,3661,3660,3661,1
climbing,3708,3661,3708,47
trotting,3739,3708,3739,31
sniffing,3744,3739,3744,5
right_turning,3761,3744,3761,17
rising,3840,3761,3840,79
trotting,3861,3840,3861,21
stepping,3929,3861,3929,68
sniffing,4018,3929,4018,89
trotting,4019,4018,4019,1
sniffing,4020,4019,4020,1
left_turning,4033,4020,4033,13
climbing,4087,4033,4087,54
right_turning,4098,4087,4098,11
trotting,4113,4098,4113,15
sniffing,4207,4113,4207,94
walking,4257,4207,4257,50
sniffing,4262,4257,4262,5
trotting,4277,4262,4277,15
sniffing,4314,4277,4314,37
left_turning,4324,4314,4324,10
walking,4406,4324,4406,82
climbing,4437,4406,4437,31
sniffing,4466,4437,4466,29
trotting,4476,4466,4476,10
walking,4524,4476,4524,48
climbing,4572,4524,4572,48
sniffing,4573,4572,4573,1
left_turning,4609,4573,4609,36
sniffing,4610,4609,4610,1
walking,4665,4610,4665,55
sniffing,4710,4665,4710,45
climbing,4745,4710,4745,35
sniffing,4792,4745,4792,47
climbing,4857,4792,4857,65
walking,4918,4857,4918,61
stepping,4948,4918,4948,30
sniffing,5028,4948,5028,80
left_turning,5049,5028,5049,21
running,5068,5049,5068,19
sniffing,5169,5068,5169,101
stepping,5181,5169,5181,12
right_turning,5202,5181,5202,21
trotting,5240,5202,5240,38
walking,5261,5240,5261,21
stepping,5262,5261,5262,1
walking,5287,5262,5287,25
left_turning,5298,5287,5298,11
stepping,5304,5298,5304,6
walking,5314,5304,5314,10
rising,5336,5314,5336,22
left_turning,5355,5336,5355,19
walking,5387,5355,5387,32
rising,5417,5387,5417,30
hunching,5418,5417,5418,1
climbing,5456,5418,5456,38
walking,5510,5456,5510,54
trotting,5529,5510,5529,19
walking,5556,5529,5556,27
stepping,5662,5556,5662,106
sniffing,5681,5662,5681,19
left_turning,5719,5681,5719,38
running,5751,5719,5751,32
climbing,5786,5751,5786,35
rising,5787,5786,5787,1
sniffing,5887,5787,5887,100
rearing,5891,5887,5891,4
sniffing,5970,5891,5970,79
walking,5985,5970,5985,15
hunching,6051,5985,6051,66
sniffing,6090,6051,6090,39
right_turning,6108,6090,6108,18
walking,6109,6108,6109,1
rising,6133,6109,6133,24
climbing,6181,6133,6181,48
hunching,6199,6181,6199,18
sniffing,6200,6199,6200,1
rising,6253,6200,6253,53
sniffing,6292,6253,6292,39
left_turning,6331,6292,6331,39
sniffing,6370,6331,6370,39
trotting,6388,6370,6388,18
stepping,6418,6388,6418,30
trotting,6419,6418,6419,1
walking,6452,6419,6452,33
climbing,6488,6452,6488,36
rising,6490,6488,6490,2
walking,6552,6490,6552,62
hunching,6627,6552,6627,75
sniffing,6710,6627,6710,83
trotting,6741,6710,6741,31
rising,6742,6741,6742,1
trotting,6772,6742,6772,30
walking,6806,6772,6806,34
sniffing,6881,6806,6881,75
left_turning,6882,6881,6882,1
sniffing,6949,6882,6949,67
rising,6952,6949,6952,3
left_turning,7019,6952,7019,67
sniffing,7169,7019,7169,150
rising,7194,7169,7194,25
rearing,7195,7194,7195,1
hunching,7196,7195,7196,1
climbing,7251,7196,7251,55
sniffing,7350,7251,7350,99
climbing,7369,7350,7369,19
walking,7410,7369,7410,41
sniffing,7458,7410,7458,48
climbing,7470,7458,7470,12
sniffing,7481,7470,7481,11
walking,7523,7481,7523,42
sniffing,7541,7523,7541,18
rising,7590,7541,7590,49
sniffing,7674,7590,7674,84
grooming,7776,7674,7776,102
sniffing,7875,7776,7875,99
running,7903,7875,7903,28
walking,7904,7903,7904,1
rising,7942,7904,7942,38
walking,7971,7942,7971,29
left_turning,7984,7971,7984,13
trotting,8014,7984,8014,30
walking,8082,8014,8082,68
sniffing,8178,8082,8178,96
left_turning,8227,8178,8227,49
sniffing,8228,8227,8228,1
walking,8236,8228,8236,8
trotting,8260,8236,8260,24
walking,8261,8260,8261,1
rising,8262,8261,8262,1
sniffing,8263,8262,8263,1
grooming,8264,8263,8264,1
left_turning,8323,8264,8323,59
climbing,8340,8323,8340,17
right_turning,8357,8340,8357,17
walking,8425,8357,8425,68
rising,8479,8425,8479,54
climbing,8522,8479,8522,43
rising,8589,8522,8589,67
climbing,8618,8589,8618,29
right_turning,8644,8618,8644,26
walking,8749,8644,8749,105
stepping,8787,8749,8787,38
hunching,8851,8787,8851,64
grooming,8933,8851,8933,82
sniffing,8963,8933,8963,30
left_turning,8964,8963,8964,1
rising,8965,8964,8965,1
hunching,8966,8965,8966,1
climbing,9026,8966,9026,60
sniffing,9057,9026,9057,31
walking,9153,9057,9153,96
sniffing,9167,9153,9167,14
climbing,9219,9167,9219,52
left_turning,9220,9219,9220,1
rising,9248,9220,9248,28
right_turning,9286,9248,9286,38
sniffing,9293,9286,9293,7
rising,9349,9293,9349,56
climbing,9406,9349,9406,57
grooming,9939,9406,9939,533
rearing,10060,9939,10060,121
sniffing,10131,10060,10131,71
hunching,10160,10131,10160,29
rising,10182,10160,10182,22
hunching,10191,10182,10191,9
right_turning,10229,10191,10229,38
sniffing,10235,10229,10235,6
walking,10250,10235,10250,15
left_turning,10261,10250,10261,11
sniffing,10343,10261,10343,82
rising,10407,10343,10407,64
climbing,10429,10407,10429,22
sniffing,10430,10429,10430,1
walking,10431,10430,10431,1
sniffing,10432,10431,10432,1
rising,10474,10432,10474,42
climbing,10488,10474,10488,14
walking,10489,10488,10489,1
sniffing,10541,10489,10541,52
climbing,10610,10541,10610,69
hunching,10764,10610,10764,154
sniffing,10871,10764,10871,107
climbing,10983,10871,10983,112
hunching,11007,10983,11007,24
sniffing,11068,11007,11068,61
climbing,11109,11068,11109,41
rising,11140,11109,11140,31
climbing,11147,11140,11147,7
sniffing,11224,11147,11224,77
climbing,11307,11224,11307,83
hunching,11308,11307,11308,1
grooming,11309,11308,11309,1
rearing,11456,11309,11456,147
grooming,11457,11456,11457,1
hunching,11458,11457,11458,1
rearing,11459,11458,11459,1
rising,11521,11459,11521,62
right_turning,11564,11521,11564,43
trotting,11579,11564,11579,15
walking,11587,11579,11587,8
trotting,11640,11587,11640,53
climbing,11682,11640,11682,42
rising,11683,11682,11683,1
walking,11727,11683,11727,44
left_turning,11790,11727,11790,63
climbing,11805,11790,11805,15
rising,11845,11805,11845,40
climbing,11879,11845,11879,34
trotting,11928,11879,11928,49
walking,11929,11928,11929,1
sniffing,11944,11929,11944,15
climbing,11967,11944,11967,23
sniffing,12193,11967,12193,226
rising,12386,12193,12386,193
climbing,12462,12386,12462,76
trotting,12485,12462,12485,23
left_turning,12534,12485,12534,49
sniffing,12535,12534,12535,1
walking,12559,12535,12559,24
rising,12639,12559,12639,80
climbing,12681,12639,12681,42
sniffing,12748,12681,12748,67
climbing,12816,12748,12816,68
sniffing,12872,12816,12872,56
left_turning,12877,12872,12877,5
sniffing,12914,12877,12914,37
stepping,12917,12914,12917,3
sniffing,12950,12917,12950,33
left_turning,12962,12950,12962,12
sniffing,12973,12962,12973,11
walking,13010,12973,13010,37
rising,13011,13010,13011,1
climbing,13069,13011,13069,58
sniffing,13078,13069,13078,9
right_turning,13117,13078,13117,39
trotting,13139,13117,13139,22
walking,13149,13139,13149,10
sniffing,13232,13149,13232,83
walking,13256,13232,13256,24
rising,13257,13256,13257,1
climbing,13337,13257,13337,80
rearing,13408,13337,13408,71
grooming,13564,13408,13564,156
hunching,13685,13564,13685,121
sniffing,13759,13685,13759,74
walking,13784,13759,13784,25
sniffing,13793,13784,13793,9
left_turning,13796,13793,13796,3
sniffing,13890,13796,13890,94
left_turning,13891,13890,13891,1
walking,13931,13891,13931,40
sniffing,13941,13931,13941,10
left_turning,13942,13941,13942,1
walking,14008,13942,14008,66
running,14044,14008,14044,36
walking,14075,14044,14075,31
sniffing,14076,14075,14076,1
walking,14077,14076,14077,1
right_turning,14116,14077,14116,39
sniffing,14236,14116,14236,120
rising,14288,14236,14288,52
left_turning,14316,14288,14316,28
sniffing,14322,14316,14322,6
walking,14323,14322,14323,1
right_turning,14334,14323,14334,11
climbing,14382,14334,14382,48
sniffing,14383,14382,14383,1
climbing,14444,14383,14444,61
sniffing,14508,14444,14508,64
right_turning,14518,14508,14518,10
sniffing,14544,14518,14544,26
rising,14587,14544,14587,43
sniffing,14588,14587,14588,1
climbing,14589,14588,14589,1
right_turning,14628,14589,14628,39
sniffing,14663,14628,14663,35
rearing,14721,14663,14721,58
sniffing,14751,14721,14751,30
right_turning,14766,14751,14766,15
walking,14767,14766,14767,1
stepping,14768,14767,14768,1
sniffing,14799,14768,14799,31
climbing,14845,14799,14845,46
hunching,14846,14845,14846,1
climbing,14872,14846,14872,26
sniffing,14932,14872,14932,60
walking,14947,14932,14947,15
sniffing,15038,14947,15038,91
walking,15091,15038,15091,53
sniffing,15092,15091,15092,1
hunching,15096,15092,15096,4
walking,15178,15096,15178,82
rising,15274,15178,15274,96
climbing,15327,15274,15327,53
walking,15375,15327,15375,48
climbing,15407,15375,15407,32
rearing,15448,15407,15448,41
climbing,15478,15448,15478,30
rising,15590,15478,15590,112
sniffing,15616,15590,15616,26
climbing,15686,15616,15686,70
right_turning,15731,15686,15731,45
walking,15733,15731,15733,2
climbing,15787,15733,15787,54
sniffing,15821,15787,15821,34
walking,15910,15821,15910,89
stepping,15932,15910,15932,22
trotting,15976,15932,15976,44
sniffing,16025,15976,16025,49
climbing,16122,16025,16122,97
right_turning,16139,16122,16139,17
hunching,16155,16139,16155,16
sniffing,16189,16155,16189,34
hunching,16236,16189,16236,47
climbing,16296,16236,16296,60
rising,16346,16296,16346,50
hunching,16347,16346,16347,1
rearing,16348,16347,16348,1
sniffing,16443,16348,16443,95
rearing,16666,16443,16666,223
trotting,16677,16666,16677,11
sniffing,16747,16677,16747,70
rising,16791,16747,16791,44
rearing,17010,16791,17010,219
sniffing,17115,17010,17115,105
walking,17147,17115,17147,32
sniffing,17247,17147,17247,100
stepping,17270,17247,17270,23
walking,17273,17270,17273,3
sniffing,17274,17273,17274,1
left_turning,17275,17274,17275,1
sniffing,17307,17275,17307,32
pausing,17308,17307,17308,1
sniffing,17360,17308,17360,52
climbing,17411,17360,17411,51
sniffing,17531,17411,17531,120
hunching,17621,17531,17621,90
grooming,18239,17621,18239,618
sniffing,18347,18239,18347,108
left_turning,18367,18347,18367,20
walking,18398,18367,18398,31
stepping,18440,18398,18440,42
sniffing,18441,18440,18441,1
left_turning,18442,18441,18442,1
sniffing,18559,18442,18559,117
rising,18593,18559,18593,34
rearing,18619,18593,18619,26
hunching,18684,18619,18684,65
sniffing,18685,18684,18685,1
left_turning,18745,18685,18745,60
walking,18756,18745,18756,11
stepping,18795,18756,18795,39
walking,18838,18795,18838,43
sniffing,18839,18838,18839,1
left_turning,18840,18839,18840,1
walking,18867,18840,18867,27
right_turning,18887,18867,18887,20
walking,18903,18887,18903,16
rising,18964,18903,18964,61
climbing,18975,18964,18975,11
sniffing,19036,18975,19036,61
hunching,19037,19036,19037,1
grooming,19450,19037,19450,413
sniffing,19568,19450,19568,118
walking,19608,19568,19608,40
trotting,19624,19608,19624,16
stepping,19654,19624,19654,30
sniffing,19686,19654,19686,32
stepping,19729,19686,19729,43
sniffing,19744,19729,19744,15
trotting,19790,19744,19790,46
rising,19791,19790,19791,1
climbing,19877,19791,19877,86
rising,19920,19877,19920,43
sniffing,19980,19920,19980,60
walking,19981,19980,19981,1
sniffing,20046,19981,20046,65
left_turning,20080,20046,20080,34
rising,20213,20080,20213,133
rearing,20430,20213,20430,217
sniffing,20464,20430,20464,34
rising,20551,20464,20551,87
climbing,20573,20551,20573,22
walking,20594,20573,20594,21
right_turning,20619,20594,20619,25
walking,20650,20619,20650,31
rising,20723,20650,20723,73
walking,20724,20723,20724,1
climbing,20795,20724,20795,71
left_turning,20815,20795,20815,20
sniffing,20823,20815,20823,8
rising,20841,20823,20841,18
climbing,20911,20841,20911,70
sniffing,20933,20911,20933,22
right_turning,20961,20933,20961,28
rising,21009,20961,21009,48
sniffing,21051,21009,21051,42
walking,21077,21051,21077,26
sniffing,21078,21077,21078,1
grooming,21079,21078,21079,1
sniffing,21080,21079,21080,1
rising,21081,21080,21081,1
climbing,21120,21081,21120,39
walking,21160,21120,21160,40
stepping,21209,21160,21209,49
sniffing,21309,21209,21309,100
climbing,21316,21309,21316,7
rising,21346,21316,21346,30
sniffing,21347,21346,21347,1
rising,21371,21347,21371,24
climbing,21430,21371,21430,59
sniffing,21431,21430,21431,1
rising,21432,21431,21432,1
walking,21438,21432,21438,6
sniffing,21475,21438,21475,37
climbing,21498,21475,21498,23
grooming,21792,21498,21792,294
left_turning,21852,21792,21852,60
sniffing,21853,21852,21853,1
climbing,21900,21853,21900,47
rising,21969,21900,21969,69
grooming,22310,21969,22310,341
right_turning,22347,22310,22347,37
walking,22384,22347,22384,37
left_turning,22397,22384,22397,13
walking,22419,22397,22419,22
rising,22420,22419,22420,1
climbing,22467,22420,22467,47
rearing,22529,22467,22529,62
stepping,22530,22529,22530,1
walking,22613,22530,22613,83
sniffing,22661,22613,22661,48
left_turning,22709,22661,22709,48
sniffing,22726,22709,22726,17
rising,22767,22726,22767,41
climbing,22805,22767,22805,38
rearing,22942,22805,22942,137
hunching,22996,22942,22996,54
sniffing,23097,22996,23097,101
rising,23098,23097,23098,1
left_turning,23127,23098,23127,29
walking,23160,23127,23160,33
sniffing,23161,23160,23161,1
trotting,23171,23161,23171,10
walking,23203,23171,23203,32
rising,23204,23203,23204,1
climbing,23269,23204,23269,65
right_turning,23284,23269,23284,15
stepping,23285,23284,23285,1
sniffing,23286,23285,23286,1
walking,23320,23286,23320,34
rising,23322,23320,23322,2
climbing,23385,23322,23385,63
rearing,23451,23385,23451,66
grooming,23604,23451,23604,153
rearing,23661,23604,23661,57
hunching,23662,23661,23662,1
rising,23671,23662,23671,9
rearing,23767,23671,23767,96
sniffing,24085,23767,24085,318
walking,24171,24085,24171,86
rising,24176,24171,24176,5
climbing,24204,24176,24204,28
hunching,24205,24204,24205,1
sniffing,24206,24205,24206,1
rearing,24310,24206,24310,104
sniffing,24513,24310,24513,203
right_turning,24519,24513,24519,6
trotting,24528,24519,24528,9
walking,24582,24528,24582,54
left_turning,24583,24582,24583,1
grooming,25136,24583,25136,553
sniffing,25137,25136,25137,1
trotting,25175,25137,25175,38
stepping,25276,25175,25276,101
left_turning,25290,25276,25290,14
walking,25366,25290,25366,76
sniffing,25407,25366,25407,41
rising,25459,25407,25459,52
walking,25492,25459,25492,33
left_turning,25533,25492,25533,41
rising,25584,25533,25584,51
sniffing,25629,25584,25629,45
rearing,25639,25629,25639,10
climbing,25706,25639,25706,67
rising,25778,25706,25778,72
walking,25779,25778,25779,1
sniffing,25917,25779,25917,138
climbing,25985,25917,25985,68
left_turning,26005,25985,26005,20
sniffing,26075,26005,26075,70
climbing,26120,26075,26120,45
walking,26143,26120,26143,23
right_turning,26155,26143,26155,12
rising,26156,26155,26156,1
climbing,26162,26156,26162,6
hunching,26163,26162,26163,1
left_turning,26185,26163,26185,22
rising,26186,26185,26186,1
climbing,26262,26186,26262,76
rearing,26279,26262,26279,17
sniffing,26555,26279,26555,276
walking,26575,26555,26575,20
sniffing,26727,26575,26727,152
left_turning,26781,26727,26781,54
walking,26806,26781,26806,25
trotting,26864,26806,26864,58
stepping,26904,26864,26904,40
left_turning,26931,26904,26931,27
sniffing,26957,26931,26957,26
climbing,27005,26957,27005,48
right_turning,27016,27005,27016,11
rising,27095,27016,27095,79
sniffing,27131,27095,27131,36
walking,27167,27131,27167,36
sniffing,27220,27167,27220,53
trotting,27221,27220,27221,1
rising,27231,27221,27231,10
walking,27278,27231,27278,47
climbing,27359,27278,27359,81
sniffing,27386,27359,27386,27
left_turning,27395,27386,27395,9
sniffing,27526,27395,27526,131
right_turning,27551,27526,27551,25
walking,27560,27551,27560,9
sniffing,27641,27560,27641,81
walking,27691,27641,27691,50
sniffing,27824,27691,27824,133
stepping,27848,27824,27848,24
walking,27867,27848,27867,19
trotting,27912,27867,27912,45
sniffing,27921,27912,27921,9
left_turning,27927,27921,27927,6
walking,27928,27927,27928,1
sniffing,27952,27928,27952,24
right_turning,27986,27952,27986,34
walking,28011,27986,28011,25
stepping,28053,28011,28053,42
walking,28118,28053,28118,65
climbing,28142,28118,28142,24
rising,28207,28142,28207,65
running,28220,28207,28220,13
walking,28238,28220,28238,18
sniffing,28337,28238,28337,99
rising,28338,28337,28338,1
sniffing,28372,28338,28372,34
pausing,28373,28372,28373,1
sniffing,28418,28373,28418,45
walking,28443,28418,28443,25
stepping,28471,28443,28471,28
sniffing,28472,28471,28472,1
walking,28498,28472,28498,26
trotting,28536,28498,28536,38
stepping,28550,28536,28550,14
rising,28582,28550,28582,32
right_turning,28591,28582,28591,9
left_turning,28600,28591,28600,9
rising,28601,28600,28601,1
grooming,28997,28601,28997,396
left_turning,28998,28997,28998,1
walking,29045,28998,29045,47
left_turning,29053,29045,29053,8
walking,29114,29053,29114,61
sniffing,29256,29114,29256,142
grooming,30321,29256,30321,1065
walking,30357,30321,30357,36
trotting,30401,30357,30401,44
climbing,30454,30401,30454,53
rising,30466,30454,30466,12
right_turning,30484,30466,30484,18
walking,30546,30484,30546,62
left_turning,30586,30546,30586,40
sniffing,30629,30586,30629,43
climbing,30661,30629,30661,32
sniffing,30693,30661,30693,32
climbing,30749,30693,30749,56
rising,30811,30749,30811,62
rearing,31039,30811,31039,228
sniffing,31042,31039,31042,3
right_turning,31043,31042,31043,1
walking,31058,31043,31058,15
sniffing,31110,31058,31110,52
walking,31153,31110,31153,43
sniffing,31240,31153,31240,87
walking,31241,31240,31241,1
climbing,31270,31241,31270,29
left_turning,31271,31270,31271,1
sniffing,31305,31271,31305,34
grooming,31306,31305,31306,1
climbing,31359,31306,31359,53
right_turning,31386,31359,31386,27
walking,31404,31386,31404,18
sniffing,31566,31404,31566,162
walking,31574,31566,31574,8
sniffing,31575,31574,31575,1
trotting,31616,31575,31616,41
stepping,31690,31616,31690,74
rising,31737,31690,31737,47
hunching,31764,31737,31764,27
sniffing,31853,31764,31853,89
rising,31876,31853,31876,23
climbing,31911,31876,31911,35
rearing,31913,31911,31913,2
walking,31944,31913,31944,31
trotting,31972,31944,31972,28
walking,32002,31972,32002,30
running,32034,32002,32034,32
rising,32082,32034,32082,48
trotting,32124,32082,32124,42
sniffing,32179,32124,32179,55
trotting,32224,32179,32224,45
walking,32255,32224,32255,31
rising,32271,32255,32271,16
right_turning,32314,32271,32314,43
walking,32327,32314,32327,13
sniffing,32350,32327,32350,23
walking,32353,32350,32353,3
trotting,32364,32353,32364,11
walking,32369,32364,32369,5
sniffing,32460,32369,32460,91
walking,32461,32460,32461,1
stepping,32501,32461,32501,40
walking,32509,32501,32509,8
sniffing,32530,32509,32530,21
hunching,32531,32530,32531,1
right_turning,32555,32531,32555,24
walking,32564,32555,32564,9
sniffing,32590,32564,32590,26
left_turning,32594,32590,32594,4
sniffing,32686,32594,32686,92
climbing,32718,32686,32718,32
hunching,32719,32718,32719,1
rising,32852,32719,32852,133
walking,32947,32852,32947,95
sniffing,32970,32947,32970,23
walking,32971,32970,32971,1
rising,33004,32971,33004,33
sniffing,33091,33004,33091,87
trotting,33134,33091,33134,43
rising,33135,33134,33135,1
climbing,33200,33135,33200,65
trotting,33228,33200,33228,28
sniffing,33331,33228,33331,103
running,33352,33331,33352,21
sniffing,33353,33352,33353,1
walking,33360,33353,33360,7
rising,33446,33360,33446,86
climbing,33565,33446,33565,119
hunching,33566,33565,33566,1
sniffing,33609,33566,33609,43
left_turning,33610,33609,33610,1
sniffing,33611,33610,33611,1
rising,33612,33611,33612,1
climbing,33641,33612,33641,29
rising,33642,33641,33642,1
sniffing,33655,33642,33655,13
climbing,33656,33655,33656,1
rising,33740,33656,33740,84
rearing,33787,33740,33787,47
trotting,33818,33787,33818,31
rising,33840,33818,33840,22
rearing,33897,33840,33897,57
sniffing,33953,33897,33953,56
hunching,33994,33953,33994,41
climbing,34084,33994,34084,90
rising,34143,34084,34143,59
right_turning,34161,34143,34161,18
walking,34179,34161,34179,18
jumping,34224,34179,34224,45
rearing,34242,34224,34242,18
climbing,34300,34242,34300,58
trotting,34322,34300,34322,22
left_turning,34356,34322,34356,34
sniffing,34405,34356,34405,49
climbing,34432,34405,34432,27
rearing,34433,34432,34433,1
sniffing,34474,34433,34474,41
walking,34556,34474,34556,82
trotting,34557,34556,34557,1
rising,34571,34557,34571,14
sniffing,34605,34571,34605,34
rearing,34696,34605,34696,91
right_turning,34702,34696,34702,6
trotting,34732,34702,34732,30
stepping,34766,34732,34766,34
trotting,34815,34766,34815,49
stepping,34832,34815,34832,17
rising,34833,34832,34833,1
trotting,34843,34833,34843,10
stepping,34861,34843,34861,18
climbing,34940,34861,34940,79
rearing,35088,34940,35088,148
right_turning,35115,35088,35115,27
trotting,35123,35115,35123,8
sniffing,35194,35123,35194,71
stepping,35195,35194,35195,1
trotting,35203,35195,35203,8
climbing,35204,35203,35204,1
rising,35230,35204,35230,26
climbing,35271,35230,35271,41
walking,35311,35271,35311,40
rearing,35480,35311,35480,169
climbing,35531,35480,35531,51
rising,35543,35531,35543,12
rearing,35602,35543,35602,59
grooming,36035,35602,36035,433
sniffing,36036,36035,36036,1
right_turning,36053,36036,36053,17
left_turning,36127,36053,36127,74
running,36165,36127,36165,38
walking,36180,36165,36180,15
rising,36223,36180,36223,43
sniffing,36328,36223,36328,105
climbing,36366,36328,36366,38
walking,36367,36366,36367,1
sniffing,36423,36367,36423,56
left_turning,36438,36423,36438,15
sniffing,36494,36438,36494,56
trotting,36500,36494,36500,6
left_turning,36501,36500,36501,1
trotting,36503,36501,36503,2
stepping,36546,36503,36546,43
rearing,36547,36546,36547,1
rising,36594,36547,36594,47
climbing,36606,36594,36606,12
walking,36609,36606,36609,3
sniffing,36645,36609,36645,36
left_turning,36646,36645,36646,1
stepping,36659,36646,36659,13
sniffing,36674,36659,36674,15
left_turning,36706,36674,36706,32
walking,36729,36706,36729,23
sniffing,36792,36729,36792,63
walking,36850,36792,36850,58
climbing,36879,36850,36879,29
sniffing,36921,36879,36921,42
trotting,36943,36921,36943,22
walking,36945,36943,36945,2
rising,36967,36945,36967,22
left_turning,36993,36967,36993,26
walking,37037,36993,37037,44
climbing,37085,37037,37085,48
walking,37136,37085,37136,51
sniffing,37137,37136,37137,1
rising,37138,37137,37138,1
sniffing,37141,37138,37141,3
rising,37142,37141,37142,1
climbing,37179,37142,37179,37
sniffing,37180,37179,37180,1
walking,37187,37180,37187,7
climbing,37206,37187,37206,19
grooming,37207,37206,37207,1
rearing,37282,37207,37282,75
trotting,37294,37282,37294,12
sniffing,37304,37294,37304,10
grooming,37407,37304,37407,103
left_turning,37443,37407,37443,36
sniffing,37510,37443,37510,67
right_turning,37538,37510,37538,28
trotting,37541,37538,37541,3
stepping,37573,37541,37573,32
climbing,37614,37573,37614,41
right_turning,37623,37614,37623,9
climbing,37672,37623,37672,49
grooming,37811,37672,37811,139
rearing,37903,37811,37903,92
grooming,38082,37903,38082,179
rearing,38086,38082,38086,4
walking,38144,38086,38144,58
sniffing,38178,38144,38178,34
stepping,38206,38178,38206,28
climbing,38300,38206,38300,94
running,38311,38300,38311,11
sniffing,38335,38311,38335,24
rising,38538,38335,38538,203
running,38555,38538,38555,17
trotting,38604,38555,38604,49
rising,38605,38604,38605,1
running,38627,38605,38627,22
walking,38653,38627,38653,26
sniffing,38712,38653,38712,59
climbing,38766,38712,38766,54
sniffing,38767,38766,38767,1
running,38784,38767,38784,17
trotting,38810,38784,38810,26
walking,38822,38810,38822,12
rearing,38823,38822,38823,1
trotting,38868,38823,38868,45
sniffing,38869,38868,38869,1
rising,38912,38869,38912,43
climbing,38988,38912,38988,76
right_turning,39005,38988,39005,17
rearing,39116,39005,39116,111
trotting,39151,39116,39151,35
left_turning,39173,39151,39173,22
stepping,39201,39173,39201,28
climbing,39254,39201,39254,53
walking,39257,39254,39257,3
rising,39335,39257,39335,78
climbing,39379,39335,39379,44
running,39406,39379,39406,27
walking,39435,39406,39435,29
right_turning,39442,39435,39442,7
walking,39463,39442,39463,21
rising,39499,39463,39499,36
grooming,39505,39499,39505,6
sniffing,39506,39505,39506,1
rising,39520,39506,39520,14
jumping,39645,39520,39645,125
rising,39660,39645,39660,15
climbing,39699,39660,39699,39
rising,39739,39699,39739,40
sniffing,39740,39739,39740,1
trotting,39758,39740,39758,18
running,39769,39758,39769,11
rising,39840,39769,39840,71
climbing,39892,39840,39892,52
rearing,39909,39892,39909,17
walking,39951,39909,39951,42
sniffing,39957,39951,39957,6
walking,39958,39957,39958,1
sniffing,39959,39958,39959,1
rising,39987,39959,39987,28
climbing,40021,39987,40021,34
rising,40022,40021,40022,1
grooming,40024,40022,40024,2
rearing,40363,40024,40363,339
right_turning,40394,40363,40394,31
walking,40470,40394,40470,76
sniffing,40517,40470,40517,47
rising,40544,40517,40544,27
sniffing,40545,40544,40545,1
walking,40575,40545,40575,30
rising,40595,40575,40595,20
sniffing,40617,40595,40617,22
left_turning,40643,40617,40643,26
trotting,40695,40643,40695,52
sniffing,40701,40695,40701,6
rearing,40807,40701,40807,106
walking,40858,40807,40858,51
trotting,40891,40858,40891,33
sniffing,40935,40891,40935,44
walking,40974,40935,40974,39
left_turning,40975,40974,40975,1
sniffing,41007,40975,41007,32
right_turning,41027,41007,41027,20
climbing,41049,41027,41049,22
rising,41065,41049,41065,16
sniffing,41080,41065,41080,15
rearing,41081,41080,41081,1
grooming,41469,41081,41469,388
rearing,41849,41469,41849,380
climbing,41866,41849,41866,17
running,41902,41866,41902,36
sniffing,41903,41902,41903,1
rearing,42115,41903,42115,212
walking,42120,42115,42120,5
rising,42177,42120,42177,57
rearing,42355,42177,42355,178
jumping,42493,42355,42493,138
walking,42525,42493,42525,32
sniffing,42598,42525,42598,73
right_turning,42612,42598,42612,14
trotting,42648,42612,42648,36
stepping,42680,42648,42680,32
sniffing,42681,42680,42681,1
rising,42685,42681,42685,4
rearing,42781,42685,42781,96
rising,42796,42781,42796,15
climbing,42870,42796,42870,74
rising,42871,42870,42871,1
sniffing,42979,42871,42979,108
rising,43010,42979,43010,31
walking,43039,43010,43039,29
rising,43066,43039,43066,27
hunching,43141,43066,43141,75
stepping,43155,43141,43155,14
rising,43183,43155,43183,28
climbing,43230,43183,43230,47
walking,43240,43230,43240,10
trotting,43272,43240,43272,32
walking,43295,43272,43295,23
sniffing,43314,43295,43314,19
left_turning,43354,43314,43354,40
sniffing,43415,43354,43415,61
left_turning,43416,43415,43416,1
walking,43436,43416,43436,20
sniffing,43469,43436,43469,33
left_turning,43548,43469,43548,79
sniffing,43615,43548,43615,67
walking,43619,43615,43619,4
sniffing,43760,43619,43760,141
hunching,43799,43760,43799,39
walking,43844,43799,43844,45
trotting,43874,43844,43874,30
climbing,43888,43874,43888,14
walking,43934,43888,43934,46
sniffing,43989,43934,43989,55
hunching,44094,43989,44094,105
climbing,44137,44094,44137,43
walking,44138,44137,44138,1
sniffing,44214,44138,44214,76
right_turning,44222,44214,44222,8
climbing,44253,44222,44253,31
walking,44285,44253,44285,32
sniffing,44324,44285,44324,39
rearing,44395,44324,44395,71
walking,44396,44395,44396,1
sniffing,44443,44396,44443,47
rising,44487,44443,44487,44
grooming,44636,44487,44636,149
sniffing,44637,44636,44637,1
rearing,44661,44637,44661,24
climbing,44690,44661,44690,29
sniffing,44702,44690,44702,12
left_turning,44715,44702,44715,13
sniffing,44831,44715,44831,116
rising,44943,44831,44943,112
sniffing,44995,44943,44995,52
rearing,44996,44995,44996,1
climbing,45021,44996,45021,25
rising,45045,45021,45045,24
right_turning,45055,45045,45055,10
walking,45056,45055,45056,1
trotting,45079,45056,45079,23
stepping,45135,45079,45135,56
right_turning,45156,45135,45156,21
climbing,45231,45156,45231,75
rising,45320,45231,45320,89
left_turning,45378,45320,45378,58
sniffing,45530,45378,45530,152
walking,45531,45530,45531,1
sniffing,45550,45531,45550,19
right_turning,45572,45550,45572,22
trotting,45587,45572,45587,15
stepping,45606,45587,45606,19
climbing,45745,45606,45745,139
rising,45805,45745,45805,60
climbing,45844,45805,45844,39
sniffing,45906,45844,45906,62
walking,45933,45906,45933,27
sniffing,45978,45933,45978,45
rising,46064,45978,46064,86
sniffing,46213,46064,46213,149
trotting,46240,46213,46240,27
walking,46289,46240,46289,49
left_turning,46304,46289,46304,15
walking,46332,46304,46332,28
sniffing,46393,46332,46393,61
rising,46409,46393,46409,16
climbing,46430,46409,46430,21
rising,46467,46430,46467,37
climbing,46524,46467,46524,57
right_turning,46540,46524,46540,16
sniffing,46555,46540,46555,15
rising,46616,46555,46616,61
sniffing,46668,46616,46668,52
running,46712,46668,46712,44
walking,46750,46712,46750,38
trotting,46765,46750,46765,15
sniffing,46766,46765,46766,1
rising,46767,46766,46767,1
trotting,46806,46767,46806,39
stepping,46836,46806,46836,30
rising,46961,46836,46961,125
rearing,47047,46961,47047,86
rising,47144,47047,47144,97
climbing,47183,47144,47183,39
sniffing,47299,47183,47299,116
rising,47322,47299,47322,23
sniffing,47399,47322,47399,77
climbing,47426,47399,47426,27
left_turning,47455,47426,47455,29
sniffing,47540,47455,47540,85
trotting,47551,47540,47551,11
sniffing,47578,47551,47578,27
walking,47597,47578,47597,19
sniffing,47614,47597,47614,17
stepping,47619,47614,47619,5
rising,47645,47619,47645,26
grooming,48218,47645,48218,573
sniffing,48280,48218,48280,62
climbing,48281,48280,48281,1
right_turning,48312,48281,48312,31
trotting,48313,48312,48313,1
climbing,48391,48313,48391,78
walking,48420,48391,48420,29
running,48469,48420,48469,49
sniffing,48470,48469,48470,1
climbing,48551,48470,48551,81
right_turning,48573,48551,48573,22
sniffing,48645,48573,48645,72
hunching,48646,48645,48646,1
sniffing,48679,48646,48679,33
rearing,48708,48679,48708,29
climbing,48765,48708,48765,57
rising,48865,48765,48865,100
climbing,48931,48865,48931,66
walking,48980,48931,48980,49
stepping,49012,48980,49012,32
left_turning,49131,49012,49131,119
running,49154,49131,49154,23
sniffing,49205,49154,49205,51
climbing,49206,49205,49206,1
rearing,49207,49206,49207,1
walking,49235,49207,49235,28
rising,49259,49235,49259,24
climbing,49298,49259,49298,39
trotting,49319,49298,49319,21
walking,49360,49319,49360,41
rearing,49361,49360,49361,1
grooming,50208,49361,50208,847
hunching,50275,50208,50275,67
grooming,50519,50275,50519,244
trotting,50554,50519,50554,35
sniffing,50581,50554,50581,27
left_turning,50616,50581,50616,35
trotting,50633,50616,50633,17
stepping,50700,50633,50700,67
rising,50736,50700,50736,36
climbing,50779,50736,50779,43
grooming,51274,50779,51274,495
sniffing,51299,51274,51299,25
rearing,51348,51299,51348,49
climbing,51360,51348,51360,12
trotting,51394,51360,51394,34
left_turning,51395,51394,51395,1
sniffing,51426,51395,51426,31
left_turning,51427,51426,51427,1
sniffing,51473,51427,51473,46
walking,51510,51473,51510,37
sniffing,51547,51510,51547,37
hunching,51548,51547,51548,1
rearing,51683,51548,51683,135
grooming,51930,51683,51930,247
walking,51950,51930,51950,20
left_turning,51965,51950,51965,15
sniffing,51966,51965,51966,1
walking,51988,51966,51988,22
climbing,52030,51988,52030,42
right_turning,52032,52030,52032,2
walking,52073,52032,52073,41
trotting,52083,52073,52083,10
rising,52119,52083,52119,36
rearing,52171,52119,52171,52
grooming,52375,52171,52375,204
rearing,52511,52375,52511,136
grooming,52607,52511,52607,96
sniffing,52625,52607,52625,18
rearing,52626,52625,52626,1
climbing,52649,52626,52649,23
grooming,52650,52649,52650,1
rising,52658,52650,52658,8
sniffing,52664,52658,52664,6
climbing,52690,52664,52690,26
left_turning,52759,52690,52759,69
sniffing,52798,52759,52798,39
running,52820,52798,52820,22
walking,52838,52820,52838,18
left_turning,52887,52838,52887,49
sniffing,52895,52887,52895,8
rising,52912,52895,52912,17
walking,52983,52912,52983,71
left_turning,53012,52983,53012,29
rising,53013,53012,53013,1
running,53039,53013,53039,26
stepping,53045,53039,53045,6
sniffing,53046,53045,53046,1
rising,53048,53046,53048,2
climbing,53108,53048,53108,60
rearing,53397,53108,53397,289
rising,53398,53397,53398,1
sniffing,53399,53398,53399,1
rising,53404,53399,53404,5
rearing,53515,53404,53515,111
hunching,53526,53515,53526,11
sniffing,53533,53526,53533,7
walking,53577,53533,53577,44
left_turning,53643,53577,53643,66
sniffing,53772,53643,53772,129
rearing,53773,53772,53773,1
hunching,53785,53773,53785,12
rising,53837,53785,53837,52
left_turning,53844,53837,53844,7
sniffing,53913,53844,53913,69
walking,53956,53913,53956,43
left_turning,53957,53956,53957,1
trotting,53981,53957,53981,24
walking,54005,53981,54005,24
sniffing,54035,54005,54035,30
left_turning,54061,54035,54061,26
walking,54104,54061,54104,43
sniffing,54139,54104,54139,35
walking,54186,54139,54186,47
sniffing,54308,54186,54308,122
stepping,54356,54308,54356,48
sniffing,54368,54356,54368,12
walking,54370,54368,54370,2
climbing,54381,54370,54381,11
rising,54382,54381,54382,1
climbing,54473,54382,54473,91
sniffing,54487,54473,54487,14
trotting,54529,54487,54529,42
sniffing,54611,54529,54611,82
stepping,54640,54611,54640,29
sniffing,54641,54640,54641,1
rising,54679,54641,54679,38
sniffing,54691,54679,54691,12
walking,54692,54691,54692,1
trotting,54748,54692,54748,56
rising,54823,54748,54823,75
rearing,54828,54823,54828,5
walking,54843,54828,54843,15
sniffing,54856,54843,54856,13
left_turning,54857,54856,54857,1
sniffing,54916,54857,54916,59
right_turning,54938,54916,54938,22
walking,54971,54938,54971,33
sniffing,55025,54971,55025,54
climbing,55050,55025,55050,25
sniffing,55114,55050,55114,64
right_turning,55140,55114,55140,26
sniffing,55141,55140,55141,1
climbing,55142,55141,55142,1
rearing,55143,55142,55143,1
rising,55185,55143,55185,42
right_turning,55209,55185,55209,24
trotting,55239,55209,55239,30
sniffing,55306,55239,55306,67
running,55330,55306,55330,24
rearing,55333,55330,55333,3
hunching,55416,55333,55416,83
right_turning,55471,55416,55471,55
walking,55513,55471,55513,42
sniffing,55549,55513,55549,36
grooming,55636,55549,55636,87
left_turning,55637,55636,55637,1
walking,55698,55637,55698,61
sniffing,55825,55698,55825,127
walking,55829,55825,55829,4
rearing,55830,55829,55830,1
grooming,55906,55830,55906,76
sniffing,55944,55906,55944,38
stepping,55993,55944,55993,49
sniffing,56081,55993,56081,88
walking,56121,56081,56121,40
left_turning,56122,56121,56122,1
running,56133,56122,56133,11
walking,56188,56133,56188,55
left_turning,56258,56188,56258,70
walking,56271,56258,56271,13
sniffing,56388,56271,56388,117
left_turning,56389,56388,56389,1
walking,56413,56389,56413,24
sniffing,56435,56413,56435,22
right_turning,56468,56435,56468,33
trotting,56497,56468,56497,29
sniffing,56530,56497,56530,33
left_turning,56608,56530,56608,78
trotting,56643,56608,56643,35
sniffing,56707,56643,56707,64
climbing,56749,56707,56749,42
walking,56750,56749,56750,1
rearing,56751,56750,56751,1
rising,56889,56751,56889,138
climbing,56927,56889,56927,38
sniffing,56982,56927,56982,55
left_turning,57067,56982,57067,85
sniffing,57068,57067,57068,1
grooming,57493,57068,57493,425
sniffing,57494,57493,57494,1
left_turning,57550,57494,57550,56
sniffing,57551,57550,57551,1
left_turning,57563,57551,57563,12
climbing,57564,57563,57564,1
sniffing,57633,57564,57633,69
rising,57634,57633,57634,1
sniffing,57635,57634,57635,1
climbing,57671,57635,57671,36
walking,57682,57671,57682,11
sniffing,57683,57682,57683,1
rising,57684,57683,57684,1
rearing,57685,57684,57685,1
rising,57686,57685,57686,1
climbing,57721,57686,57721,35
right_turning,57742,57721,57742,21
walking,57781,57742,57781,39
climbing,57821,57781,57821,40
trotting,57877,57821,57877,56
rising,57924,57877,57924,47
climbing,57957,57924,57957,33
rising,57987,57957,57987,30
climbing,58007,57987,58007,20
rearing,58008,58007,58008,1
left_turning,58014,58008,58014,6
sniffing,58186,58014,58186,172
walking,58215,58186,58215,29
sniffing,58344,58215,58344,129
walking,58353,58344,58353,9
rising,58359,58353,58359,6
climbing,58380,58359,58380,21
left_turning,58417,58380,58417,37
sniffing,58496,58417,58496,79
trotting,58530,58496,58530,34
walking,58550,58530,58550,20
climbing,58598,58550,58598,48
sniffing,58670,58598,58670,72
rising,58718,58670,58718,48
right_turning,58731,58718,58731,13
walking,58764,58731,58764,33
climbing,58804,58764,58804,40
walking,58898,58804,58898,94
rising,58931,58898,58931,33
sniffing,59050,58931,59050,119
walking,59051,59050,59051,1
sniffing,59151,59051,59151,100
rising,59152,59151,59152,1
hunching,59286,59152,59286,134
grooming,59467,59286,59467,181
hunching,59501,59467,59501,34
sniffing,59535,59501,59535,34
trotting,59536,59535,59536,1
sniffing,59568,59536,59568,32
walking,59590,59568,59590,22
left_turning,59620,59590,59620,30
walking,59651,59620,59651,31
climbing,59672,59651,59672,21
hunching,59682,59672,59682,10
climbing,59729,59682,59729,47
walking,59805,59729,59805,76
rising,59842,59805,59842,37
left_turning,59910,59842,59910,68
walking,59972,59910,59972,62
sniffing,60095,59972,60095,123
rising,60096,60095,60096,1
sniffing,60097,60096,60097,1
walking,60098,60097,60098,1
sniffing,60128,60098,60128,30
climbing,60146,60128,60146,18
walking,60189,60146,60189,43
climbing,60223,60189,60223,34
sniffing,60224,60223,60224,1
right_turning,60256,60224,60256,32
sniffing,60314,60256,60314,58
rising,60326,60314,60326,12
climbing,60346,60326,60346,20
walking,60347,60346,60347,1
running,60394,60347,60394,47
stepping,60404,60394,60404,10
sniffing,60405,60404,60405,1
stepping,60449,60405,60449,44
sniffing,60489,60449,60489,40
climbing,60554,60489,60554,65
trotting,60564,60554,60564,10
walking,60592,60564,60592,28
trotting,60630,60592,60630,38
rising,60695,60630,60695,65
sniffing,60886,60695,60886,191
running,60922,60886,60922,36
sniffing,60923,60922,60923,1
hunching,61029,60923,61029,106
rising,61039,61029,61039,10
running,61050,61039,61050,11
left_turning,61059,61050,61059,9
walking,61125,61059,61125,66
left_turning,61137,61125,61137,12
rearing,61215,61137,61215,78
rising,61246,61215,61246,31
walking,61247,61246,61247,1
sniffing,61248,61247,61248,1
left_turning,61279,61248,61279,31
trotting,61328,61279,61328,49
sniffing,61409,61328,61409,81
pausing,61410,61409,61410,1
sniffing,61636,61410,61636,226
left_turning,61666,61636,61666,30
walking,61701,61666,61701,35
sniffing,61702,61701,61702,1
walking,61746,61702,61746,44
sniffing,61766,61746,61766,20
walking,61792,61766,61792,26
sniffing,61853,61792,61853,61
rising,61929,61853,61929,76
sniffing,61958,61929,61958,29
walking,61966,61958,61966,8
sniffing,62018,61966,62018,52
walking,62071,62018,62071,53
sniffing,62097,62071,62097,26
pausing,62098,62097,62098,1
sniffing,62110,62098,62110,12
hunching,62252,62110,62252,142
grooming,62525,62252,62525,273
left_turning,62641,62525,62641,116
rising,62677,62641,62677,36
sniffing,62757,62677,62757,80
walking,62805,62757,62805,48
sniffing,62840,62805,62840,35
left_turning,62872,62840,62872,32
trotting,62884,62872,62884,12
walking,62912,62884,62912,28
rising,62940,62912,62940,28
climbing,62987,62940,62987,47
rising,63002,62987,63002,15
walking,63051,63002,63051,49
sniffing,63082,63051,63082,31
stepping,63114,63082,63114,32
walking,63139,63114,63139,25
sniffing,63142,63139,63142,3
grooming,63559,63142,63559,417
sniffing,63560,63559,63560,1
walking,63601,63560,63601,41
jumping,63668,63601,63668,67
right_turning,63690,63668,63690,22
walking,63692,63690,63692,2
sniffing,63738,63692,63738,46
rising,63739,63738,63739,1
sniffing,63763,63739,63763,24
rising,63816,63763,63816,53
climbing,63873,63816,63873,57
sniffing,63874,63873,63874,1
walking,63912,63874,63912,38
sniffing,63971,63912,63971,59
right_turning,63991,63971,63991,20
walking,63997,63991,63997,6
sniffing,64012,63997,64012,15
climbing,64042,64012,64042,30
sniffing,64054,64042,64054,12
rising,64106,64054,64106,52
sniffing,64136,64106,64136,30
right_turning,64167,64136,64167,31
trotting,64217,64167,64217,50
climbing,64261,64217,64261,44
sniffing,64282,64261,64282,21
walking,64290,64282,64290,8
left_turning,64311,64290,64311,21
sniffing,64435,64311,64435,124
rising,64505,64435,64505,70
climbing,64520,64505,64520,15
rearing,64661,64520,64661,141
running,64691,64661,64691,30
walking,64709,64691,64709,18
climbing,64771,64709,64771,62
running,64781,64771,64781,10
walking,64851,64781,64851,70
rearing,64852,64851,64852,1
left_turning,64888,64852,64888,36
running,64894,64888,64894,6
left_turning,64895,64894,64895,1
sniffing,64930,64895,64930,35
walking,64989,64930,64989,59
rising,64990,64989,64990,1
climbing,65039,64990,65039,49
sniffing,65048,65039,65048,9
rearing,65159,65048,65159,111
left_turning,65175,65159,65175,16
sniffing,65286,65175,65286,111
walking,65330,65286,65330,44
trotting,65374,65330,65374,44
stepping,65376,65374,65376,2
walking,65377,65376,65377,1
sniffing,65393,65377,65393,16
left_turning,65412,65393,65412,19
walking,65450,65412,65450,38
rearing,65520,65450,65520,70
stepping,65558,65520,65558,38
sniffing,65603,65558,65603,45
left_turning,65643,65603,65643,40
trotting,65666,65643,65666,23
climbing,65716,65666,65716,50
rearing,65727,65716,65727,11
sniffing,65781,65727,65781,54
rearing,65871,65781,65871,90
walking,65872,65871,65872,1
left_turning,65873,65872,65873,1
sniffing,65874,65873,65874,1
left_turning,65923,65874,65923,49
sniffing,66021,65923,66021,98
left_turning,66052,66021,66052,31
walking,66100,66052,66100,48
climbing,66240,66100,66240,140
rising,66266,66240,66266,26
climbing,66328,66266,66328,62
walking,66366,66328,66366,38
sniffing,66452,66366,66452,86
left_turning,66453,66452,66453,1
sniffing,66541,66453,66541,88
right_turning,66592,66541,66592,51
rising,66652,66592,66652,60
climbing,66670,66652,66670,18
right_turning,66696,66670,66696,26
left_turning,66806,66696,66806,110
walking,66909,66806,66909,103
rising,66955,66909,66955,46
climbing,67031,66955,67031,76
rising,67091,67031,67091,60
walking,67107,67091,67107,16
climbing,67146,67107,67146,39
right_turning,67169,67146,67169,23
walking,67184,67169,67184,15
trotting,67224,67184,67224,40
climbing,67242,67224,67242,18
rearing,67317,67242,67317,75
grooming,67432,67317,67432,115
left_turning,67438,67432,67438,6
walking,67464,67438,67464,26
rising,67465,67464,67465,1
sniffing,67492,67465,67492,27
rising,67508,67492,67508,16
sniffing,67509,67508,67509,1
left_turning,67531,67509,67531,22
trotting,67553,67531,67553,22
sniffing,67699,67553,67699,146
left_turning,67760,67699,67760,61
stepping,67791,67760,67791,31
rising,67829,67791,67829,38
sniffing,67927,67829,67927,98
right_turning,67955,67927,67955,28
sniffing,67956,67955,67956,1
rising,67957,67956,67957,1
sniffing,67958,67957,67958,1
rising,67985,67958,67985,27
climbing,68043,67985,68043,58
sniffing,68051,68043,68051,8
climbing,68084,68051,68084,33
rising,68146,68084,68146,62
climbing,68172,68146,68172,26
sniffing,68176,68172,68176,4
right_turning,68181,68176,68181,5
trotting,68209,68181,68209,28
walking,68210,68209,68210,1
rising,68276,68210,68276,66
sniffing,68335,68276,68335,59
climbing,68414,68335,68414,79
walking,68443,68414,68443,29
rising,68444,68443,68444,1
climbing,68445,68444,68445,1
rearing,68458,68445,68458,13
grooming,68500,68458,68500,42
climbing,68560,68500,68560,60
rearing,68616,68560,68616,56
climbing,68686,68616,68686,70
hunching,68724,68686,68724,38
sniffing,68884,68724,68884,160
rising,68943,68884,68943,59
climbing,69010,68943,69010,67
stepping,69016,69010,69016,6
walking,69029,69016,69029,13
sniffing,69030,69029,69030,1
climbing,69066,69030,69066,36
sniffing,69277,69066,69277,211
hunching,69278,69277,69278,1
sniffing,69342,69278,69342,64
climbing,69398,69342,69398,56
right_turning,69428,69398,69428,30
sniffing,69455,69428,69455,27
right_turning,69456,69455,69456,1
walking,69462,69456,69462,6
sniffing,69505,69462,69505,43
climbing,69518,69505,69518,13
sniffing,69527,69518,69527,9
right_turning,69562,69527,69562,35
walking,69579,69562,69579,17
sniffing,69609,69579,69609,30
rising,69654,69609,69654,45
climbing,69717,69654,69717,63
rising,69783,69717,69783,66
sniffing,69834,69783,69834,51
rising,69874,69834,69874,40
climbing,69919,69874,69919,45
rising,69948,69919,69948,29
sniffing,69949,69948,69949,1
stepping,69960,69949,69960,11
right_turning,69996,69960,69996,36
sniffing,70078,69996,70078,82
climbing,70129,70078,70129,51
rising,70190,70129,70190,61
sniffing,70195,70190,70195,5
left_turning,70216,70195,70216,21
sniffing,70217,70216,70217,1
grooming,70632,70217,70632,415
hunching,70656,70632,70656,24
sniffing,70700,70656,70700,44
rising,70758,70700,70758,58
sniffing,70793,70758,70793,35
walking,70795,70793,70795,2
climbing,70903,70795,70903,108
hunching,71017,70903,71017,114
grooming,71018,71017,71018,1
climbing,71052,71018,71052,34
grooming,71408,71052,71408,356
climbing,71477,71408,71477,69
trotting,71500,71477,71500,23
walking,71509,71500,71509,9
climbing,71514,71509,71514,5
trotting,71552,71514,71552,38
right_turning,71560,71552,71560,8
sniffing,71661,71560,71661,101
climbing,71712,71661,71712,51
sniffing,71725,71712,71725,13
rising,71772,71725,71772,47
sniffing,71848,71772,71848,76
climbing,71938,71848,71938,90
rearing,71939,71938,71939,1
left_turning,71950,71939,71950,11
sniffing,72163,71950,72163,213
walking,72208,72163,72208,45
trotting,72210,72208,72210,2
right_turning,72240,72210,72240,30
hunching,72350,72240,72350,110
sniffing,72351,72350,72351,1
grooming,72595,72351,72595,244
rearing,72613,72595,72613,18
left_turning,72614,72613,72614,1
sniffing,72645,72614,72645,31
left_turning,72706,72645,72706,61
sniffing,72745,72706,72745,39
hunching,72784,72745,72784,39
climbing,72806,72784,72806,22
sniffing,72848,72806,72848,42
climbing,72856,72848,72856,8
left_turning,72857,72856,72857,1
rising,72872,72857,72872,15
rearing,72878,72872,72878,6
grooming,73079,72878,73079,201
right_turning,73080,73079,73080,1
walking,73081,73080,73081,1
sniffing,73094,73081,73094,13
rising,73155,73094,73155,61
sniffing,73235,73155,73235,80
rising,73336,73235,73336,101
climbing,73337,73336,73337,1
right_turning,73343,73337,73343,6
sniffing,73344,73343,73344,1
rearing,73526,73344,73526,182
walking,73537,73526,73537,11
rising,73538,73537,73538,1
hunching,73633,73538,73633,95
grooming,73634,73633,73634,1
climbing,73669,73634,73669,35
hunching,73741,73669,73741,72
sniffing,73768,73741,73768,27
rising,73825,73768,73825,57
sniffing,73847,73825,73847,22
climbing,73900,73847,73900,53
sniffing,74067,73900,74067,167
rising,74068,74067,74068,1
grooming,74141,74068,74141,73
rearing,74144,74141,74144,3
grooming,74145,74144,74145,1
rearing,74146,74145,74146,1
left_turning,74212,74146,74212,66
sniffing,74213,74212,74213,1
climbing,74241,74213,74241,28
sniffing,74242,74241,74242,1
pausing,74392,74242,74392,150
sniffing,74463,74392,74463,71
rearing,74497,74463,74497,34
walking,74498,74497,74498,1
sniffing,74517,74498,74517,19
rising,74518,74517,74518,1
sniffing,74519,74518,74519,1
climbing,74567,74519,74567,48
jumping,74568,74567,74568,1
walking,74590,74568,74590,22
stepping,74613,74590,74613,23
hunching,74700,74613,74700,87
sniffing,74727,74700,74727,27
pausing,74878,74727,74878,151
climbing,74879,74878,74879,1
sniffing,74948,74879,74948,69
right_turning,74949,74948,74949,1
walking,74961,74949,74961,12
sniffing,74962,74961,74962,1
left_turning,74991,74962,74991,29
trotting,75001,74991,75001,10
walking,75014,75001,75014,13
sniffing,75081,75014,75081,67
climbing,75109,75081,75109,28
right_turning,75110,75109,75110,1
walking,75147,75110,75147,37
sniffing,75148,75147,75148,1
climbing,75195,75148,75195,47
sniffing,75286,75195,75286,91
stepping,75357,75286,75357,71
climbing,75382,75357,75382,25
sniffing,75383,75382,75383,1
left_turning,75548,75383,75548,165
sniffing,75549,75548,75549,1
walking,75568,75549,75568,19
rising,75569,75568,75569,1
rearing,75606,75569,75606,37
rising,75634,75606,75634,28
climbing,75707,75634,75707,73
walking,75712,75707,75712,5
sniffing,75722,75712,75722,10
grooming,75945,75722,75945,223
sniffing,75997,75945,75997,52
climbing,76061,75997,76061,64
right_turning,76080,76061,76080,19
stepping,76082,76080,76082,2
sniffing,76083,76082,76083,1
right_turning,76093,76083,76093,10
sniffing,76114,76093,76114,21
stepping,76145,76114,76145,31
walking,76146,76145,76146,1
rising,76147,76146,76147,1
right_turning,76148,76147,76148,1
walking,76158,76148,76158,10
rising,76165,76158,76165,7
running,76177,76165,76177,12
walking,76212,76177,76212,35
left_turning,76239,76212,76239,27
right_turning,76258,76239,76258,19
trotting,76277,76258,76277,19
climbing,76279,76277,76279,2
sniffing,76332,76279,76332,53
grooming,76462,76332,76462,130
climbing,76495,76462,76495,33
rearing,76509,76495,76509,14
walking,76553,76509,76553,44
left_turning,76576,76553,76576,23
walking,76590,76576,76590,14
left_turning,76624,76590,76624,34
trotting,76650,76624,76650,26
left_turning,76654,76650,76654,4
walking,76668,76654,76668,14
climbing,76734,76668,76734,66
rearing,76877,76734,76877,143
walking,76902,76877,76902,25
rising,76903,76902,76903,1
climbing,76904,76903,76904,1
hunching,77051,76904,77051,147
grooming,77250,77051,77250,199
rearing,77343,77250,77343,93
sniffing,77408,77343,77408,65
rising,77431,77408,77431,23
sniffing,77462,77431,77462,31
running,77464,77462,77464,2
stepping,77467,77464,77467,3
sniffing,77542,77467,77542,75
left_turning,77543,77542,77543,1
sniffing,77583,77543,77583,40
climbing,77590,77583,77590,7
grooming,77591,77590,77591,1
trotting,77615,77591,77615,24
walking,77650,77615,77650,35
sniffing,77714,77650,77714,64
hunching,77734,77714,77734,20
rising,77735,77734,77735,1
climbing,77743,77735,77743,8
right_turning,77765,77743,77765,22
climbing,77766,77765,77766,1
walking,77803,77766,77803,37
rising,77826,77803,77826,23
climbing,77879,77826,77879,53
right_turning,77883,77879,77883,4
walking,77923,77883,77923,40
rising,77924,77923,77924,1
sniffing,77934,77924,77934,10
hunching,78091,77934,78091,157
climbing,78152,78091,78152,61
rearing,78158,78152,78158,6
stepping,78165,78158,78165,7
climbing,78231,78165,78231,66
walking,78265,78231,78265,34
sniffing,78266,78265,78266,1
rising,78387,78266,78387,121
climbing,78406,78387,78406,19
rising,78420,78406,78420,14
sniffing,78435,78420,78435,15
walking,78444,78435,78444,9
climbing,78468,78444,78468,24
rising,78478,78468,78478,10
sniffing,78479,78478,78479,1
rising,78502,78479,78502,23
sniffing,78573,78502,78573,71
climbing,78605,78573,78605,32
walking,78617,78605,78617,12
climbing,78641,78617,78641,24
sniffing,78646,78641,78646,5
walking,78656,78646,78656,10
right_turning,78693,78656,78693,37
walking,78710,78693,78710,17
sniffing,78793,78710,78793,83
trotting,78801,78793,78801,8
left_turning,78839,78801,78839,38
walking,78861,78839,78861,22
stepping,78876,78861,78876,15
left_turning,78907,78876,78907,31
sniffing,78908,78907,78908,1
left_turning,78936,78908,78936,28
trotting,78964,78936,78964,28
sniffing,79052,78964,79052,88
right_turning,79066,79052,79066,14
running,79113,79066,79113,47
sniffing,79170,79113,79170,57
rising,79171,79170,79171,1
climbing,79172,79171,79172,1
sniffing,79173,79172,79173,1
climbing,79248,79173,79248,75
sniffing,79249,79248,79249,1
walking,79289,79249,79289,40
sniffing,79391,79289,79391,102
rising,79406,79391,79406,15
climbing,79477,79406,79477,71
sniffing,79515,79477,79515,38
climbing,79544,79515,79544,29
rising,79568,79544,79568,24
climbing,79653,79568,79653,85
sniffing,79799,79653,79799,146
grooming,80088,79799,80088,289
sniffing,80160,80088,80160,72
walking,80219,80160,80219,59
sniffing,80296,80219,80296,77
walking,80376,80296,80376,80
sniffing,80377,80376,80377,1
stepping,80378,80377,80378,1
sniffing,80438,80378,80438,60
climbing,80486,80438,80486,48
rearing,80548,80486,80548,62
rising,80563,80548,80563,15
trotting,80597,80563,80597,34
walking,80624,80597,80624,27
left_turning,80635,80624,80635,11
climbing,80653,80635,80653,18
rearing,80789,80653,80789,136
climbing,80823,80789,80823,34
rising,80899,80823,80899,76
walking,80900,80899,80900,1
sniffing,80913,80900,80913,13
left_turning,80937,80913,80937,24
sniffing,81002,80937,81002,65
walking,81088,81002,81088,86
sniffing,81168,81088,81168,80
left_turning,81227,81168,81227,59
walking,81239,81227,81239,12
left_turning,81256,81239,81256,17
trotting,81301,81256,81301,45
sniffing,81363,81301,81363,62
walking,81427,81363,81427,64
left_turning,81488,81427,81488,61
sniffing,81489,81488,81489,1
trotting,81533,81489,81533,44
walking,81561,81533,81561,28
rising,81615,81561,81615,54
sniffing,81690,81615,81690,75
rising,81691,81690,81691,1
grooming,81692,81691,81692,1
rearing,81798,81692,81798,106
sniffing,81859,81798,81859,61
right_turning,81886,81859,81886,27
stepping,81971,81886,81971,85
walking,82038,81971,82038,67
rising,82082,82038,82082,44
climbing,82098,82082,82098,16
running,82114,82098,82114,16
rising,82124,82114,82124,10
climbing,82207,82124,82207,83
trotting,82220,82207,82220,13
sniffing,82286,82220,82286,66
rearing,82287,82286,82287,1
grooming,82497,82287,82497,210
rearing,82498,82497,82498,1
grooming,82499,82498,82499,1
left_turning,82500,82499,82500,1
sniffing,82552,82500,82552,52
walking,82587,82552,82587,35
rising,82628,82587,82628,41
climbing,82677,82628,82677,49
sniffing,82695,82677,82695,18
rising,82758,82695,82758,63
sniffing,82852,82758,82852,94
walking,82920,82852,82920,68
sniffing,82979,82920,82979,59
right_turning,83009,82979,83009,30
walking,83028,83009,83028,19
climbing,83069,83028,83069,41
sniffing,83081,83069,83081,12
rising,83082,83081,83082,1
climbing,83094,83082,83094,12
rising,83171,83094,83171,77
sniffing,83205,83171,83205,34
climbing,83305,83205,83305,100
rearing,83306,83305,83306,1
sniffing,83342,83306,83342,36
climbing,83360,83342,83360,18
hunching,83431,83360,83431,71
rearing,83547,83431,83547,116
walking,83566,83547,83566,19
sniffing,83664,83566,83664,98
rearing,83665,83664,83665,1
grooming,83666,83665,83666,1
trotting,83682,83666,83682,16
rising,83683,83682,83683,1
climbing,83760,83683,83760,77
grooming,83903,83760,83903,143
sniffing,84018,83903,84018,115
walking,84050,84018,84050,32
sniffing,84081,84050,84081,31
rearing,84167,84081,84167,86
walking,84217,84167,84217,50
rising,84238,84217,84238,21
climbing,84278,84238,84278,40
walking,84300,84278,84300,22
sniffing,84301,84300,84301,1
hunching,84326,84301,84326,25
grooming,84387,84326,84387,61
rising,84438,84387,84438,51
climbing,84462,84438,84462,24
walking,84491,84462,84491,29
stepping,84492,84491,84492,1
sniffing,84498,84492,84498,6
right_turning,84503,84498,84503,5
walking,84525,84503,84525,22
sniffing,84531,84525,84531,6
left_turning,84532,84531,84532,1
walking,84565,84532,84565,33
sniffing,84577,84565,84577,12
climbing,84626,84577,84626,49
sniffing,84627,84626,84627,1
left_turning,84628,84627,84628,1
rearing,84660,84628,84660,32
walking,84736,84660,84736,76
stepping,84744,84736,84744,8
walking,84791,84744,84791,47
rising,84792,84791,84792,1
sniffing,84946,84792,84946,154
climbing,84976,84946,84976,30
sniffing,85034,84976,85034,58
rising,85035,85034,85035,1
sniffing,85184,85035,85184,149
walking,85234,85184,85234,50
sniffing,85330,85234,85330,96
rising,85375,85330,85375,45
sniffing,85416,85375,85416,41
walking,85450,85416,85450,34
sniffing,85451,85450,85451,1
walking,85475,85451,85475,24
sniffing,85570,85475,85570,95
left_turning,85597,85570,85597,27
walking,85705,85597,85705,108
sniffing,85732,85705,85732,27
left_turning,85819,85732,85819,87
trotting,85845,85819,85845,26
stepping,85872,85845,85872,27
left_turning,85958,85872,85958,86
sniffing,86074,85958,86074,116
walking,86084,86074,86084,10
sniffing,86085,86084,86085,1
trotting,86086,86085,86086,1
running,86117,86086,86117,31
trotting,86140,86117,86140,23
walking,86188,86140,86188,48
rising,86221,86188,86221,33
right_turning,86222,86221,86222,1
running,86248,86222,86248,26
walking,86249,86248,86249,1
rising,86430,86249,86430,181
left_turning,86541,86430,86541,111
walking,86630,86541,86630,89
stepping,86632,86630,86632,2
sniffing,86801,86632,86801,169
trotting,86857,86801,86857,56
climbing,86928,86857,86928,71
rising,86949,86928,86949,21
left_turning,87065,86949,87065,116
walking,87074,87065,87074,9
rising,87154,87074,87154,80
sniffing,87231,87154,87231,77
left_turning,87238,87231,87238,7
sniffing,87300,87238,87300,62
trotting,87332,87300,87332,32
sniffing,87333,87332,87333,1
rearing,87334,87333,87334,1
walking,87345,87334,87345,11
sniffing,87429,87345,87429,84
rising,87454,87429,87454,25
climbing,87532,87454,87532,78
rearing,87533,87532,87533,1
stepping,87568,87533,87568,35
right_turning,87629,87568,87629,61
walking,87673,87629,87673,44
rising,87753,87673,87753,80
grooming,87754,87753,87754,1
rearing,87755,87754,87755,1
walking,87762,87755,87762,7
sniffing,87763,87762,87763,1
walking,87773,87763,87773,10
sniffing,87774,87773,87774,1
trotting,87783,87774,87783,9
walking,87784,87783,87784,1
trotting,87809,87784,87809,25
sniffing,87886,87809,87886,77
left_turning,87990,87886,87990,104
rising,87991,87990,87991,1
sniffing,87993,87991,87993,2
pausing,88499,87993,88499,506
sniffing,88506,88499,88506,7
trotting,88507,88506,88507,1
rising,88508,88507,88508,1
climbing,88569,88508,88569,61
sniffing,88583,88569,88583,14
rising,88586,88583,88586,3
climbing,88625,88586,88625,39
hunching,88626,88625,88626,1
sniffing,88627,88626,88627,1
rising,88678,88627,88678,51
right_turning,88689,88678,88689,11
walking,88716,88689,88716,27
trotting,88717,88716,88717,1
sniffing,88744,88717,88744,27
rearing,88748,88744,88748,4
climbing,88842,88748,88842,94
rising,88858,88842,88858,16
climbing,88859,88858,88859,1
rising,88882,88859,88882,23
sniffing,88908,88882,88908,26
walking,88964,88908,88964,56
rising,88975,88964,88975,11
sniffing,89009,88975,89009,34
left_turning,89053,89009,89053,44
rising,89099,89053,89099,46
climbing,89203,89099,89203,104
sniffing,89204,89203,89204,1
grooming,89205,89204,89205,1
hunching,89206,89205,89206,1
trotting,89221,89206,89221,15
stepping,89254,89221,89254,33
walking,89264,89254,89264,10
stepping,89281,89264,89281,17
rearing,89328,89281,89328,47
walking,89358,89328,89358,30
trotting,89372,89358,89372,14
left_turning,89458,89372,89458,86
walking,89520,89458,89520,62
rising,89537,89520,89537,17
climbing,89630,89537,89630,93
rising,89644,89630,89644,14
walking,89712,89644,89712,68
climbing,89775,89712,89775,63
sniffing,89796,89775,89796,21
walking,89857,89796,89857,61
sniffing,89887,89857,89887,30
rearing,90005,89887,90005,118
grooming,90066,90005,90066,61
rearing,90110,90066,90110,44
sniffing,90127,90110,90127,17
rising,90129,90127,90129,2
sniffing,90182,90129,90182,53
right_turning,90197,90182,90197,15
trotting,90207,90197,90207,10
stepping,90274,90207,90274,67
sniffing,90333,90274,90333,59
stepping,90334,90333,90334,1
sniffing,90349,90334,90349,15
walking,90363,90349,90363,14
sniffing,90364,90363,90364,1
walking,90396,90364,90396,32
rearing,90483,90396,90483,87
walking,90524,90483,90524,41
sniffing,90525,90524,90525,1
trotting,90541,90525,90541,16
walking,90573,90541,90573,32
climbing,90706,90573,90706,133
walking,90707,90706,90707,1
rising,90721,90707,90721,14
trotting,90738,90721,90738,17
climbing,90821,90738,90821,83
rising,90837,90821,90837,16
climbing,90880,90837,90880,43
rearing,90967,90880,90967,87
sniffing,91046,90967,91046,79
climbing,91073,91046,91073,27
rising,91108,91073,91108,35
rearing,91214,91108,91214,106
climbing,91253,91214,91253,39
rising,91261,91253,91261,8
sniffing,91323,91261,91323,62
walking,91344,91323,91344,21
rising,91412,91344,91412,68
sniffing,91444,91412,91444,32
climbing,91458,91444,91458,14
walking,91474,91458,91474,16
rearing,91479,91474,91479,5
sniffing,91533,91479,91533,54
left_turning,91534,91533,91534,1
sniffing,91560,91534,91560,26
right_turning,91600,91560,91600,40
climbing,91666,91600,91666,66
walking,91669,91666,91669,3
climbing,91749,91669,91749,80
rising,91758,91749,91758,9
sniffing,91759,91758,91759,1
rising,91776,91759,91776,17
rearing,91939,91776,91939,163
sniffing,92045,91939,92045,106
rearing,92046,92045,92046,1
sniffing,92047,92046,92047,1
rising,92115,92047,92115,68
sniffing,92154,92115,92154,39
rising,92187,92154,92187,33
rearing,92201,92187,92201,14
walking,92220,92201,92220,19
left_turning,92258,92220,92258,38
walking,92307,92258,92307,49
sniffing,92367,92307,92367,60
pausing,92960,92367,92960,593
sniffing,93045,92960,93045,85
hunching,93141,93045,93141,96
grooming,93142,93141,93142,1
hunching,93143,93142,93143,1
rising,93190,93143,93190,47
left_turning,93245,93190,93245,55
sniffing,93271,93245,93271,26
hunching,93325,93271,93325,54
grooming,93525,93325,93525,200
sniffing,93717,93525,93717,192
left_turning,93718,93717,93718,1
walking,93764,93718,93764,46
rearing,93765,93764,93765,1
sniffing,93853,93765,93853,88
left_turning,93854,93853,93854,1
stepping,93879,93854,93879,25
walking,93899,93879,93899,20
left_turning,93994,93899,93994,95
walking,94014,93994,94014,20
stepping,94015,94014,94015,1
sniffing,94050,94015,94050,35
walking,94084,94050,94084,34
climbing,94128,94084,94128,44
rearing,94129,94128,94129,1
rising,94144,94129,94144,15
climbing,94149,94144,94149,5
rising,94278,94149,94278,129
climbing,94353,94278,94353,75
rising,94361,94353,94361,8
rearing,94446,94361,94446,85
sniffing,94489,94446,94489,43
rising,94529,94489,94529,40
climbing,94555,94529,94555,26
rising,94614,94555,94614,59
walking,94615,94614,94615,1
climbing,94616,94615,94616,1
left_turning,94719,94616,94719,103
running,94753,94719,94753,34
sniffing,94846,94753,94846,93
stepping,94847,94846,94847,1
left_turning,94885,94847,94885,38
running,94907,94885,94907,22
right_turning,94922,94907,94922,15
sniffing,95017,94922,95017,95
left_turning,95051,95017,95051,34
sniffing,95110,95051,95110,59
climbing,95215,95110,95215,105
rising,95216,95215,95216,1
climbing,95222,95216,95222,6
sniffing,95289,95222,95289,67
right_turning,95290,95289,95290,1
walking,95291,95290,95291,1
rising,95344,95291,95344,53
climbing,95371,95344,95371,27
hunching,95428,95371,95428,57
rearing,95429,95428,95429,1
sniffing,95533,95429,95533,104
stepping,95561,95533,95561,28
right_turning,95575,95561,95575,14
walking,95576,95575,95576,1
sniffing,95631,95576,95631,55
pausing,96130,95631,96130,499
sniffing,96157,96130,96157,27
rising,96172,96157,96172,15
rearing,96212,96172,96212,40
grooming,96279,96212,96279,67
hunching,96374,96279,96374,95
sniffing,96460,96374,96460,86
climbing,96525,96460,96525,65
grooming,96645,96525,96645,120
climbing,96646,96645,96646,1
right_turning,96652,96646,96652,6
trotting,96708,96652,96708,56
walking,96719,96708,96719,11
sniffing,96760,96719,96760,41
rising,96776,96760,96776,16
climbing,96801,96776,96801,25
sniffing,96864,96801,96864,63
right_turning,96909,96864,96909,45
sniffing,96945,96909,96945,36
left_turning,96980,96945,96980,35
walking,96990,96980,96990,10
climbing,97012,96990,97012,22
rearing,97013,97012,97013,1
rising,97014,97013,97014,1
climbing,97061,97014,97061,47
right_turning,97062,97061,97062,1
walking,97074,97062,97074,12
sniffing,97222,97074,97222,148
rising,97244,97222,97244,22
left_turning,97245,97244,97245,1
sniffing,97318,97245,97318,73
walking,97338,97318,97338,20
sniffing,97358,97338,97358,20
right_turning,97388,97358,97388,30
walking,97413,97388,97413,25
sniffing,97414,97413,97414,1
walking,97444,97414,97444,30
left_turning,97541,97444,97541,97
rising,97542,97541,97542,1
climbing,97570,97542,97570,28
grooming,97571,97570,97571,1
sniffing,97742,97571,97742,171
stepping,97747,97742,97747,5
climbing,97806,97747,97806,59
rising,97807,97806,97807,1
grooming,97841,97807,97841,34
hunching,97873,97841,97873,32
running,97909,97873,97909,36
sniffing,97991,97909,97991,82
walking,98001,97991,98001,10
rising,98050,98001,98050,49
walking,98055,98050,98055,5
sniffing,98056,98055,98056,1
left_turning,98139,98056,98139,83
sniffing,98177,98139,98177,38
left_turning,98188,98177,98188,11
walking,98229,98188,98229,41
right_turning,98254,98229,98254,25
walking,98290,98254,98290,36
sniffing,98311,98290,98311,21
climbing,98360,98311,98360,49
walking,98437,98360,98437,77
climbing,98570,98437,98570,133
grooming,98735,98570,98735,165
climbing,98753,98735,98753,18
right_turning,98771,98753,98771,18
climbing,98839,98771,98839,68
hunching,98840,98839,98840,1
grooming,99054,98840,99054,214
rearing,99128,99054,99128,74
rising,99129,99128,99129,1
sniffing,99134,99129,99134,5
pausing,99135,99134,99135,1
sniffing,99192,99135,99192,57
pausing,99193,99192,99193,1
sniffing,99239,99193,99239,46
trotting,99270,99239,99270,31
sniffing,99271,99270,99271,1
walking,99279,99271,99279,8
sniffing,99347,99279,99347,68
rearing,99434,99347,99434,87
grooming,99643,99434,99643,209
sniffing,99681,99643,99681,38
rising,99682,99681,99682,1
sniffing,99683,99682,99683,1
right_turning,99702,99683,99702,19
sniffing,99703,99702,99703,1
rising,99704,99703,99704,1
grooming,99705,99704,99705,1
sniffing,99768,99705,99768,63
rising,99806,99768,99806,38
sniffing,99852,99806,99852,46
left_turning,100025,99852,100025,173
walking,100026,100025,100026,1
sniffing,100103,100026,100103,77
climbing,100154,100103,100154,51
sniffing,100196,100154,100196,42
pausing,100197,100196,100197,1
sniffing,100241,100197,100241,44
pausing,100242,100241,100242,1
sniffing,100289,100242,100289,47
climbing,100303,100289,100303,14
rising,100373,100303,100373,70
climbing,100374,100373,100374,1
right_turning,100413,100374,100413,39
walking,100424,100413,100424,11
trotting,100449,100424,100449,25
walking,100483,100449,100483,34
climbing,100562,100483,100562,79
rising,100563,100562,100563,1
sniffing,100564,100563,100564,1
trotting,100565,100564,100565,1
sniffing,100566,100565,100566,1
right_turning,100567,100566,100567,1
trotting,100568,100567,100568,1
stepping,100592,100568,100592,24
sniffing,100622,100592,100622,30
pausing,100623,100622,100623,1
sniffing,100635,100623,100635,12
left_turning,100645,100635,100645,10
rearing,100671,100645,100671,26
climbing,100713,100671,100713,42
grooming,100722,100713,100722,9
left_turning,100723,100722,100723,1
walking,100761,100723,100761,38
sniffing,100813,100761,100813,52
rising,100814,100813,100814,1
sniffing,100907,100814,100907,93
left_turning,100908,100907,100908,1
walking,100913,100908,100913,5
rising,101022,100913,101022,109
sniffing,101034,101022,101034,12
hunching,101122,101034,101122,88
right_turning,101137,101122,101137,15
left_turning,101138,101137,101138,1
walking,101139,101138,101139,1
sniffing,101239,101139,101239,100
hunching,101336,101239,101336,97
grooming,101523,101336,101523,187
sniffing,101600,101523,101600,77
walking,101601,101600,101601,1
rising,101677,101601,101677,76
left_turning,101678,101677,101678,1
walking,101697,101678,101697,19
rising,101698,101697,101698,1
sniffing,101738,101698,101738,40
hunching,101874,101738,101874,136
sniffing,101985,101874,101985,111
stepping,102012,101985,102012,27
walking,102060,102012,102060,48
grooming,102061,102060,102061,1
rearing,102220,102061,102220,159
rising,102282,102220,102282,62
rearing,102283,102282,102283,1
walking,102326,102283,102326,43
sniffing,102327,102326,102327,1
climbing,102334,102327,102334,7
right_turning,102335,102334,102335,1
walking,102390,102335,102390,55
sniffing,102391,102390,102391,1
right_turning,102432,102391,102432,41
walking,102480,102432,102480,48
sniffing,102557,102480,102557,77
rising,102603,102557,102603,46
climbing,102622,102603,102622,19
rising,102623,102622,102623,1
right_turning,102634,102623,102634,11
rearing,102669,102634,102669,35
rising,102670,102669,102670,1
sniffing,102717,102670,102717,47
right_turning,102727,102717,102727,10
trotting,102758,102727,102758,31
stepping,102781,102758,102781,23
walking,102812,102781,102812,31
grooming,102882,102812,102882,70
climbing,102891,102882,102891,9
running,102912,102891,102912,21
sniffing,102929,102912,102929,17
rising,102981,102929,102981,52
climbing,103014,102981,103014,33
right_turning,103016,103014,103016,2
trotting,103031,103016,103031,15
sniffing,103065,103031,103065,34
rising,103098,103065,103098,33
sniffing,103100,103098,103100,2
left_turning,103130,103100,103130,30
walking,103131,103130,103131,1
climbing,103192,103131,103192,61
walking,103215,103192,103215,23
sniffing,103287,103215,103287,72
grooming,103841,103287,103841,554
sniffing,103917,103841,103917,76
right_turning,103940,103917,103940,23
sniffing,103941,103940,103941,1
hunching,103942,103941,103942,1
sniffing,103981,103942,103981,39
rising,104050,103981,104050,69
sniffing,104082,104050,104082,32
walking,104083,104082,104083,1
sniffing,104218,104083,104218,135
rising,104248,104218,104248,30
right_turning,104254,104248,104254,6
trotting,104291,104254,104291,37
sniffing,104314,104291,104314,23
rearing,104361,104314,104361,47
sniffing,104408,104361,104408,47
rising,104442,104408,104442,34
right_turning,104460,104442,104460,18
sniffing,104658,104460,104658,198
climbing,104659,104658,104659,1
right_turning,104701,104659,104701,42
trotting,104711,104701,104711,10
walking,104757,104711,104757,46
stepping,104765,104757,104765,8
sniffing,104771,104765,104771,6
rearing,104792,104771,104792,21
climbing,104815,104792,104815,23
running,104834,104815,104834,19
climbing,104871,104834,104871,37
sniffing,104921,104871,104921,50
left_turning,104936,104921,104936,15
sniffing,105016,104936,105016,80
rising,105033,105016,105033,17
climbing,105034,105033,105034,1
grooming,105035,105034,105035,1
rising,105110,105035,105110,75
sniffing,105112,105110,105112,2
walking,105171,105112,105171,59
climbing,105177,105171,105177,6
right_turning,105188,105177,105188,11
sniffing,105194,105188,105194,6
hunching,105224,105194,105224,30
grooming,105514,105224,105514,290
rearing,105551,105514,105551,37
grooming,105552,105551,105552,1
trotting,105596,105552,105596,44
sniffing,105603,105596,105603,7
hunching,105747,105603,105747,144
grooming,105790,105747,105790,43
climbing,105825,105790,105825,35
rearing,105882,105825,105882,57
rising,105922,105882,105922,40
sniffing,105971,105922,105971,49
walking,106021,105971,106021,50
sniffing,106022,106021,106022,1
grooming,106314,106022,106314,292
sniffing,106417,106314,106417,103
stepping,106450,106417,106450,33
rising,106451,106450,106451,1
sniffing,106452,106451,106452,1
hunching,106628,106452,106628,176
rising,106682,106628,106682,54
sniffing,106772,106682,106772,90
rising,106848,106772,106848,76
climbing,106885,106848,106885,37
rearing,106886,106885,106886,1
rising,106915,106886,106915,29
walking,106928,106915,106928,13
climbing,106929,106928,106929,1
sniffing,107118,106929,107118,189
pausing,107119,107118,107119,1
sniffing,107120,107119,107120,1
rising,107121,107120,107121,1
climbing,107203,107121,107203,82
rising,107278,107203,107278,75
trotting,107294,107278,107294,16
sniffing,107329,107294,107329,35
trotting,107369,107329,107369,40
walking,107370,107369,107370,1
sniffing,107371,107370,107371,1
climbing,107441,107371,107441,70
right_turning,107448,107441,107448,7
walking,107467,107448,107467,19
sniffing,107569,107467,107569,102
left_turning,107593,107569,107593,24
walking,107606,107593,107606,13
right_turning,107614,107606,107614,8
climbing,107658,107614,107658,44
sniffing,107788,107658,107788,130
rising,107789,107788,107789,1
rearing,107883,107789,107883,94
climbing,107961,107883,107961,78
rearing,107962,107961,107962,1
grooming,107982,107962,107982,20
climbing,108000,107982,108000,18
