revised_movement_label,segBoundary,segBoundary_start,segBoundary_end,length
sniffing,5,0,5,5
walking,6,5,6,1
sniffing,24,6,24,18
climbing,75,24,75,51
walking,109,75,109,34
climbing,186,109,186,77
sniffing,215,186,215,29
hunching,216,215,216,1
climbing,268,216,268,52
running,277,268,277,9
climbing,340,277,340,63
rising,429,340,429,89
climbing,490,429,490,61
sniffing,638,490,638,148
rising,755,638,755,117
sniffing,818,755,818,63
pausing,819,818,819,1
sniffing,928,819,928,109
climbing,962,928,962,34
right_turning,982,962,982,20
walking,1049,982,1049,67
trotting,1098,1049,1098,49
rising,1155,1098,1155,57
sniffing,1169,1155,1169,14
walking,1201,1169,1201,32
rising,1202,1201,1202,1
left_turning,1289,1202,1289,87
rising,1366,1289,1366,77
grooming,1478,1366,1478,112
rising,1548,1478,1548,70
climbing,1619,1548,1619,71
trotting,1637,1619,1637,18
left_turning,1660,1637,1660,23
walking,1708,1660,1708,48
right_turning,1745,1708,1745,37
walking,1759,1745,1759,14
sniffing,1779,1759,1779,20
grooming,1833,1779,1833,54
sniffing,1872,1833,1872,39
climbing,1906,1872,1906,34
sniffing,1933,1906,1933,27
right_turning,1938,1933,1938,5
trotting,1958,1938,1958,20
sniffing,2000,1958,2000,42
climbing,2039,2000,2039,39
sniffing,2088,2039,2088,49
rising,2125,2088,2125,37
right_turning,2153,2125,2153,28
climbing,2198,2153,2198,45
rearing,2199,2198,2199,1
sniffing,2200,2199,2200,1
right_turning,2202,2200,2202,2
sniffing,2203,2202,2203,1
climbing,2221,2203,2221,18
walking,2266,2221,2266,45
sniffing,2287,2266,2287,21
rising,2366,2287,2366,79
climbing,2486,2366,2486,120
left_turning,2555,2486,2555,69
sniffing,2573,2555,2573,18
right_turning,2590,2573,2590,17
walking,2615,2590,2615,25
rising,2617,2615,2617,2
sniffing,2652,2617,2652,35
left_turning,2658,2652,2658,6
running,2676,2658,2676,18
sniffing,2681,2676,2681,5
walking,2700,2681,2700,19
sniffing,2701,2700,2701,1
walking,2702,2701,2702,1
sniffing,2717,2702,2717,15
climbing,2759,2717,2759,42
sniffing,2760,2759,2760,1
left_turning,2784,2760,2784,24
walking,2785,2784,2785,1
sniffing,2824,2785,2824,39
walking,2836,2824,2836,12
sniffing,2838,2836,2838,2
hunching,2839,2838,2839,1
sniffing,2872,2839,2872,33
rising,2873,2872,2873,1
sniffing,2908,2873,2908,35
climbing,2998,2908,2998,90
rising,3097,2998,3097,99
sniffing,3152,3097,3152,55
trotting,3200,3152,3200,48
sniffing,3246,3200,3246,46
walking,3269,3246,3269,23
sniffing,3321,3269,3321,52
right_turning,3347,3321,3347,26
stepping,3388,3347,3388,41
rising,3464,3388,3464,76
sniffing,3465,3464,3465,1
left_turning,3490,3465,3490,25
walking,3520,3490,3520,30
sniffing,3537,3520,3537,17
trotting,3546,3537,3546,9
sniffing,3717,3546,3717,171
walking,3819,3717,3819,102
climbing,3820,3819,3820,1
walking,3821,3820,3821,1
sniffing,3870,3821,3870,49
walking,3878,3870,3878,8
rising,3890,3878,3890,12
rearing,3894,3890,3894,4
walking,3932,3894,3932,38
rising,3933,3932,3933,1
climbing,3975,3933,3975,42
sniffing,3978,3975,3978,3
walking,3979,3978,3979,1
sniffing,4058,3979,4058,79
walking,4104,4058,4104,46
left_turning,4105,4104,4105,1
sniffing,4150,4105,4150,45
walking,4203,4150,4203,53
rising,4255,4203,4255,52
rearing,4424,4255,4424,169
rising,4425,4424,4425,1
climbing,4473,4425,4473,48
sniffing,4505,4473,4505,32
right_turning,4527,4505,4527,22
sniffing,4545,4527,4545,18
climbing,4579,4545,4579,34
sniffing,4580,4579,4580,1
climbing,4604,4580,4604,24
sniffing,4645,4604,4645,41
trotting,4673,4645,4673,28
walking,4754,4673,4754,81
sniffing,4879,4754,4879,125
right_turning,4914,4879,4914,35
climbing,4938,4914,4938,24
sniffing,4963,4938,4963,25
right_turning,4964,4963,4964,1
trotting,4992,4964,4992,28
sniffing,5013,4992,5013,21
walking,5054,5013,5054,41
left_turning,5076,5054,5076,22
climbing,5113,5076,5113,37
sniffing,5193,5113,5193,80
climbing,5241,5193,5241,48
rising,5242,5241,5242,1
climbing,5309,5242,5309,67
rising,5310,5309,5310,1
walking,5318,5310,5318,8
left_turning,5356,5318,5356,38
trotting,5408,5356,5408,52
climbing,5466,5408,5466,58
trotting,5481,5466,5481,15
sniffing,5549,5481,5549,68
left_turning,5581,5549,5581,32
walking,5605,5581,5605,24
sniffing,5656,5605,5656,51
rising,5703,5656,5703,47
sniffing,5704,5703,5704,1
rising,5797,5704,5797,93
walking,5862,5797,5862,65
sniffing,5873,5862,5873,11
walking,5885,5873,5885,12
stepping,6038,5885,6038,153
climbing,6097,6038,6097,59
trotting,6102,6097,6102,5
left_turning,6103,6102,6103,1
walking,6126,6103,6126,23
sniffing,6142,6126,6142,16
walking,6162,6142,6162,20
climbing,6223,6162,6223,61
rising,6239,6223,6239,16
sniffing,6256,6239,6256,17
trotting,6290,6256,6290,34
walking,6338,6290,6338,48
running,6370,6338,6370,32
stepping,6392,6370,6392,22
walking,6444,6392,6444,52
sniffing,6514,6444,6514,70
walking,6515,6514,6515,1
trotting,6527,6515,6527,12
running,6564,6527,6564,37
rearing,6565,6564,6565,1
grooming,7192,6565,7192,627
sniffing,7224,7192,7224,32
rising,7326,7224,7326,102
sniffing,7327,7326,7327,1
walking,7328,7327,7328,1
climbing,7362,7328,7362,34
sniffing,7363,7362,7363,1
walking,7396,7363,7396,33
sniffing,7496,7396,7496,100
trotting,7498,7496,7498,2
rising,7520,7498,7520,22
stepping,7523,7520,7523,3
trotting,7548,7523,7548,25
rising,7586,7548,7586,38
sniffing,7632,7586,7632,46
rising,7637,7632,7637,5
trotting,7667,7637,7667,30
rising,7733,7667,7733,66
trotting,7770,7733,7770,37
climbing,7808,7770,7808,38
left_turning,7833,7808,7833,25
walking,7867,7833,7867,34
right_turning,7904,7867,7904,37
walking,7920,7904,7920,16
rising,8007,7920,8007,87
sniffing,8105,8007,8105,98
climbing,8137,8105,8137,32
sniffing,8163,8137,8163,26
rising,8185,8163,8185,22
sniffing,8186,8185,8186,1
climbing,8221,8186,8221,35
hunching,8222,8221,8222,1
climbing,8254,8222,8254,32
sniffing,8271,8254,8271,17
climbing,8302,8271,8302,31
left_turning,8355,8302,8355,53
climbing,8377,8355,8377,22
sniffing,8410,8377,8410,33
stepping,8432,8410,8432,22
walking,8440,8432,8440,8
sniffing,8479,8440,8479,39
walking,8498,8479,8498,19
trotting,8504,8498,8504,6
running,8537,8504,8537,33
sniffing,8594,8537,8594,57
stepping,8627,8594,8627,33
running,8644,8627,8644,17
sniffing,8767,8644,8767,123
climbing,8830,8767,8830,63
running,8872,8830,8872,42
walking,8908,8872,8908,36
sniffing,8929,8908,8929,21
left_turning,8961,8929,8961,32
walking,9005,8961,9005,44
sniffing,9153,9005,9153,148
rising,9198,9153,9198,45
left_turning,9243,9198,9243,45
sniffing,9310,9243,9310,67
rising,9385,9310,9385,75
sniffing,9386,9385,9386,1
climbing,9436,9386,9436,50
walking,9477,9436,9477,41
sniffing,9515,9477,9515,38
left_turning,9524,9515,9524,9
walking,9528,9524,9528,4
rising,9529,9528,9529,1
left_turning,9614,9529,9614,85
stepping,9647,9614,9647,33
left_turning,9693,9647,9693,46
sniffing,9719,9693,9719,26
rising,9740,9719,9740,21
walking,9764,9740,9764,24
rising,9876,9764,9876,112
climbing,9948,9876,9948,72
rising,9949,9948,9949,1
left_turning,9979,9949,9979,30
sniffing,10017,9979,10017,38
right_turning,10049,10017,10049,32
sniffing,10053,10049,10053,4
right_turning,10069,10053,10069,16
trotting,10096,10069,10096,27
sniffing,10193,10096,10193,97
rising,10215,10193,10215,22
sniffing,10279,10215,10279,64
left_turning,10280,10279,10280,1
sniffing,10292,10280,10292,12
left_turning,10318,10292,10318,26
stepping,10319,10318,10319,1
trotting,10344,10319,10344,25
sniffing,10382,10344,10382,38
climbing,10448,10382,10448,66
rising,10449,10448,10449,1
sniffing,10569,10449,10569,120
walking,10570,10569,10570,1
climbing,10603,10570,10603,33
rising,10604,10603,10604,1
right_turning,10609,10604,10609,5
left_turning,10635,10609,10635,26
walking,10636,10635,10636,1
sniffing,10659,10636,10659,23
trotting,10676,10659,10676,17
sniffing,10691,10676,10691,15
walking,10718,10691,10718,27
climbing,10748,10718,10748,30
sniffing,10807,10748,10807,59
left_turning,10840,10807,10840,33
rising,10951,10840,10951,111
walking,10958,10951,10958,7
rising,11047,10958,11047,89
climbing,11073,11047,11073,26
sniffing,11125,11073,11125,52
rising,11228,11125,11228,103
walking,11284,11228,11284,56
climbing,11357,11284,11357,73
left_turning,11369,11357,11369,12
walking,11412,11369,11412,43
trotting,11413,11412,11413,1
sniffing,11505,11413,11505,92
left_turning,11509,11505,11509,4
trotting,11591,11509,11591,82
rising,11715,11591,11715,124
climbing,11745,11715,11745,30
sniffing,11776,11745,11776,31
left_turning,11878,11776,11878,102
sniffing,11965,11878,11965,87
climbing,12021,11965,12021,56
walking,12024,12021,12024,3
rising,12097,12024,12097,73
right_turning,12098,12097,12098,1
sniffing,12117,12098,12117,19
climbing,12183,12117,12183,66
sniffing,12230,12183,12230,47
rising,12231,12230,12231,1
sniffing,12255,12231,12255,24
climbing,12306,12255,12306,51
rising,12307,12306,12307,1
climbing,12342,12307,12342,35
sniffing,12411,12342,12411,69
climbing,12469,12411,12469,58
rising,12512,12469,12512,43
climbing,12557,12512,12557,45
left_turning,12606,12557,12606,49
sniffing,12607,12606,12607,1
right_turning,12613,12607,12613,6
sniffing,12747,12613,12747,134
walking,12777,12747,12777,30
sniffing,12831,12777,12831,54
climbing,12863,12831,12863,32
rising,12885,12863,12885,22
sniffing,12902,12885,12902,17
rearing,12961,12902,12961,59
rising,12973,12961,12973,12
sniffing,12974,12973,12974,1
climbing,13056,12974,13056,82
trotting,13072,13056,13072,16
right_turning,13098,13072,13098,26
walking,13115,13098,13115,17
sniffing,13116,13115,13116,1
rising,13254,13116,13254,138
climbing,13326,13254,13326,72
left_turning,13327,13326,13327,1
sniffing,13328,13327,13328,1
rising,13397,13328,13397,69
rearing,13708,13397,13708,311
sniffing,13805,13708,13805,97
left_turning,13806,13805,13806,1
walking,13807,13806,13807,1
sniffing,13808,13807,13808,1
rising,13809,13808,13809,1
climbing,13876,13809,13876,67
running,13888,13876,13888,12
walking,13926,13888,13926,38
left_turning,13941,13926,13941,15
sniffing,14057,13941,14057,116
walking,14132,14057,14132,75
sniffing,14154,14132,14154,22
rising,14155,14154,14155,1
climbing,14212,14155,14212,57
left_turning,14258,14212,14258,46
sniffing,14356,14258,14356,98
rising,14409,14356,14409,53
climbing,14456,14409,14456,47
rising,14688,14456,14688,232
sniffing,14702,14688,14702,14
right_turning,14709,14702,14709,7
climbing,14745,14709,14745,36
rising,14746,14745,14746,1
grooming,14912,14746,14912,166
trotting,14913,14912,14913,1
rising,14964,14913,14964,51
climbing,14992,14964,14992,28
rearing,14993,14992,14993,1
grooming,14994,14993,14994,1
right_turning,14995,14994,14995,1
walking,14996,14995,14996,1
sniffing,15004,14996,15004,8
pausing,15005,15004,15005,1
hunching,15014,15005,15014,9
climbing,15034,15014,15034,20
trotting,15042,15034,15042,8
sniffing,15080,15042,15080,38
rising,15081,15080,15081,1
walking,15145,15081,15145,64
sniffing,15193,15145,15193,48
rising,15214,15193,15214,21
sniffing,15216,15214,15216,2
climbing,15238,15216,15238,22
left_turning,15244,15238,15244,6
sniffing,15325,15244,15325,81
walking,15344,15325,15344,19
left_turning,15371,15344,15371,27
sniffing,15372,15371,15372,1
climbing,15406,15372,15406,34
rising,15466,15406,15466,60
walking,15511,15466,15511,45
sniffing,15542,15511,15542,31
climbing,15545,15542,15545,3
right_turning,15554,15545,15554,9
climbing,15601,15554,15601,47
left_turning,15641,15601,15641,40
stepping,15672,15641,15672,31
walking,15673,15672,15673,1
trotting,15712,15673,15712,39
rising,15745,15712,15745,33
climbing,15776,15745,15776,31
left_turning,15823,15776,15823,47
sniffing,15841,15823,15841,18
right_turning,15879,15841,15879,38
walking,15880,15879,15880,1
rearing,15929,15880,15929,49
sniffing,16033,15929,16033,104
rising,16078,16033,16078,45
climbing,16094,16078,16094,16
running,16128,16094,16128,34
walking,16144,16128,16144,16
sniffing,16167,16144,16167,23
climbing,16196,16167,16196,29
left_turning,16248,16196,16248,52
walking,16263,16248,16263,15
sniffing,16325,16263,16325,62
rising,16390,16325,16390,65
climbing,16507,16390,16507,117
rising,16569,16507,16569,62
stepping,16598,16569,16598,29
running,16609,16598,16609,11
sniffing,16723,16609,16723,114
rising,16796,16723,16796,73
climbing,16821,16796,16821,25
right_turning,16863,16821,16863,42
left_turning,16902,16863,16902,39
sniffing,17024,16902,17024,122
climbing,17075,17024,17075,51
rising,17133,17075,17133,58
sniffing,17197,17133,17197,64
right_turning,17218,17197,17218,21
running,17265,17218,17265,47
stepping,17355,17265,17355,90
rising,17453,17355,17453,98
sniffing,17511,17453,17511,58
rising,17521,17511,17521,10
sniffing,17523,17521,17523,2
walking,17549,17523,17549,26
left_turning,17570,17549,17570,21
walking,17625,17570,17625,55
sniffing,17643,17625,17643,18
rising,17644,17643,17644,1
climbing,17732,17644,17732,88
walking,17733,17732,17733,1
sniffing,17814,17733,17814,81
trotting,17835,17814,17835,21
stepping,17840,17835,17840,5
walking,17865,17840,17865,25
rising,17882,17865,17882,17
trotting,17923,17882,17923,41
walking,17925,17923,17925,2
right_turning,17948,17925,17948,23
walking,17993,17948,17993,45
sniffing,17994,17993,17994,1
left_turning,18023,17994,18023,29
sniffing,18059,18023,18059,36
left_turning,18081,18059,18081,22
walking,18107,18081,18107,26
rising,18137,18107,18137,30
trotting,18162,18137,18162,25
sniffing,18399,18162,18399,237
left_turning,18412,18399,18412,13
rising,18436,18412,18436,24
sniffing,18501,18436,18501,65
climbing,18551,18501,18551,50
grooming,18552,18551,18552,1
rising,18567,18552,18567,15
climbing,18630,18567,18630,63
grooming,19244,18630,19244,614
climbing,19320,19244,19320,76
sniffing,19344,19320,19344,24
walking,19345,19344,19345,1
climbing,19346,19345,19346,1
sniffing,19347,19346,19347,1
rising,19428,19347,19428,81
walking,19451,19428,19451,23
rising,19456,19451,19456,5
climbing,19512,19456,19512,56
sniffing,19524,19512,19524,12
climbing,19525,19524,19525,1
sniffing,19589,19525,19589,64
right_turning,19608,19589,19608,19
walking,19647,19608,19647,39
sniffing,19716,19647,19716,69
walking,19765,19716,19765,49
rising,19853,19765,19853,88
climbing,19890,19853,19890,37
sniffing,20028,19890,20028,138
left_turning,20062,20028,20062,34
walking,20063,20062,20063,1
stepping,20107,20063,20107,44
left_turning,20133,20107,20133,26
walking,20162,20133,20162,29
sniffing,20194,20162,20194,32
trotting,20236,20194,20236,42
left_turning,20249,20236,20249,13
sniffing,20259,20249,20259,10
rising,20303,20259,20303,44
sniffing,20318,20303,20318,15
trotting,20361,20318,20361,43
right_turning,20378,20361,20378,17
stepping,20414,20378,20414,36
climbing,20456,20414,20456,42
rising,20612,20456,20612,156
walking,20655,20612,20655,43
stepping,20673,20655,20673,18
hunching,20922,20673,20922,249
rising,20923,20922,20923,1
sniffing,20924,20923,20924,1
rearing,21060,20924,21060,136
climbing,21096,21060,21096,36
walking,21105,21096,21105,9
climbing,21159,21105,21159,54
sniffing,21228,21159,21228,69
rising,21323,21228,21323,95
walking,21341,21323,21341,18
stepping,21390,21341,21390,49
sniffing,21436,21390,21436,46
rising,21462,21436,21462,26
climbing,21502,21462,21502,40
rising,21546,21502,21546,44
stepping,21601,21546,21601,55
sniffing,21649,21601,21649,48
stepping,21650,21649,21650,1
climbing,21695,21650,21695,45
rising,21696,21695,21696,1
sniffing,21697,21696,21697,1
rising,21740,21697,21740,43
rearing,21824,21740,21824,84
left_turning,21838,21824,21838,14
sniffing,21848,21838,21848,10
rearing,21973,21848,21973,125
right_turning,21986,21973,21986,13
stepping,22023,21986,22023,37
sniffing,22047,22023,22047,24
right_turning,22056,22047,22056,9
walking,22088,22056,22088,32
sniffing,22101,22088,22101,13
walking,22176,22101,22176,75
climbing,22205,22176,22205,29
walking,22264,22205,22264,59
rising,22306,22264,22306,42
climbing,22355,22306,22355,49
right_turning,22356,22355,22356,1
walking,22442,22356,22442,86
sniffing,22514,22442,22514,72
right_turning,22524,22514,22524,10
trotting,22532,22524,22532,8
walking,22533,22532,22533,1
climbing,22586,22533,22586,53
running,22631,22586,22631,45
stepping,22632,22631,22632,1
sniffing,22633,22632,22633,1
left_turning,22643,22633,22643,10
sniffing,22713,22643,22713,70
walking,22756,22713,22756,43
stepping,22767,22756,22767,11
climbing,22815,22767,22815,48
trotting,22824,22815,22824,9
climbing,22850,22824,22850,26
stepping,22857,22850,22857,7
rearing,22886,22857,22886,29
rising,22912,22886,22912,26
sniffing,22961,22912,22961,49
hunching,23106,22961,23106,145
climbing,23146,23106,23146,40
rising,23147,23146,23147,1
climbing,23212,23147,23212,65
sniffing,23242,23212,23242,30
hunching,23263,23242,23263,21
grooming,23264,23263,23264,1
rearing,23265,23264,23265,1
climbing,23296,23265,23296,31
rising,23308,23296,23308,12
grooming,23555,23308,23555,247
sniffing,23585,23555,23585,30
rearing,23586,23585,23586,1
rising,23617,23586,23617,31
sniffing,23725,23617,23725,108
left_turning,23760,23725,23760,35
sniffing,23761,23760,23761,1
walking,23778,23761,23778,17
sniffing,23813,23778,23813,35
left_turning,23843,23813,23843,30
running,23887,23843,23887,44
walking,23907,23887,23907,20
sniffing,23950,23907,23950,43
climbing,23979,23950,23979,29
walking,24006,23979,24006,27
left_turning,24067,24006,24067,61
stepping,24091,24067,24091,24
sniffing,24188,24091,24188,97
rising,24193,24188,24193,5
sniffing,24194,24193,24194,1
rising,24206,24194,24206,12
walking,24267,24206,24267,61
sniffing,24302,24267,24302,35
walking,24338,24302,24338,36
sniffing,24339,24338,24339,1
rearing,24410,24339,24410,71
sniffing,24431,24410,24431,21
pausing,24432,24431,24432,1
sniffing,24433,24432,24433,1
rising,24434,24433,24434,1
rearing,24503,24434,24503,69
trotting,24524,24503,24524,21
walking,24525,24524,24525,1
sniffing,24558,24525,24558,33
walking,24591,24558,24591,33
rising,24597,24591,24597,6
walking,24603,24597,24603,6
rising,24622,24603,24622,19
sniffing,24623,24622,24623,1
rearing,24624,24623,24624,1
grooming,24625,24624,24625,1
rearing,24667,24625,24667,42
stepping,24697,24667,24697,30
walking,24698,24697,24698,1
rising,24744,24698,24744,46
stepping,24761,24744,24761,17
sniffing,24784,24761,24784,23
left_turning,24794,24784,24794,10
walking,24795,24794,24795,1
left_turning,24796,24795,24796,1
sniffing,24797,24796,24797,1
left_turning,24931,24797,24931,134
sniffing,24995,24931,24995,64
right_turning,25014,24995,25014,19
sniffing,25029,25014,25029,15
rising,25065,25029,25065,36
rearing,25066,25065,25066,1
sniffing,25094,25066,25094,28
rising,25095,25094,25095,1
climbing,25178,25095,25178,83
sniffing,25289,25178,25289,111
grooming,25290,25289,25290,1
walking,25311,25290,25311,21
sniffing,25358,25311,25358,47
walking,25400,25358,25400,42
sniffing,25401,25400,25401,1
left_turning,25431,25401,25431,30
walking,25465,25431,25465,34
climbing,25525,25465,25525,60
sniffing,25611,25525,25611,86
stepping,25634,25611,25634,23
rising,25635,25634,25635,1
climbing,25663,25635,25663,28
rising,25664,25663,25664,1
walking,25697,25664,25697,33
sniffing,25739,25697,25739,42
left_turning,25781,25739,25781,42
rising,25806,25781,25806,25
climbing,25835,25806,25835,29
rising,25995,25835,25995,160
sniffing,26020,25995,26020,25
climbing,26073,26020,26073,53
sniffing,26083,26073,26083,10
hunching,26084,26083,26084,1
rising,26152,26084,26152,68
walking,26160,26152,26160,8
rising,26184,26160,26184,24
stepping,26211,26184,26211,27
sniffing,26267,26211,26267,56
trotting,26299,26267,26299,32
walking,26317,26299,26317,18
trotting,26354,26317,26354,37
walking,26355,26354,26355,1
climbing,26375,26355,26375,20
running,26395,26375,26395,20
rising,26396,26395,26396,1
sniffing,26399,26396,26399,3
left_turning,26433,26399,26433,34
right_turning,26461,26433,26461,28
running,26514,26461,26514,53
rising,26575,26514,26575,61
climbing,26612,26575,26612,37
walking,26649,26612,26649,37
sniffing,26711,26649,26711,62
climbing,26728,26711,26728,17
sniffing,26750,26728,26750,22
stepping,26759,26750,26759,9
rising,26857,26759,26857,98
sniffing,26929,26857,26929,72
hunching,27055,26929,27055,126
sniffing,27179,27055,27179,124
right_turning,27203,27179,27203,24
walking,27204,27203,27204,1
sniffing,27239,27204,27239,35
climbing,27277,27239,27277,38
hunching,27278,27277,27278,1
sniffing,27313,27278,27313,35
rearing,27324,27313,27324,11
grooming,27325,27324,27325,1
rising,27350,27325,27350,25
rearing,27351,27350,27351,1
hunching,27352,27351,27352,1
right_turning,27387,27352,27387,35
sniffing,27388,27387,27388,1
right_turning,27392,27388,27392,4
trotting,27430,27392,27430,38
sniffing,27431,27430,27431,1
walking,27467,27431,27467,36
rising,27535,27467,27535,68
rearing,27573,27535,27573,38
grooming,27574,27573,27574,1
sniffing,27575,27574,27575,1
walking,27610,27575,27610,35
sniffing,27634,27610,27634,24
walking,27635,27634,27635,1
climbing,27698,27635,27698,63
hunching,27912,27698,27912,214
sniffing,27925,27912,27925,13
rising,27930,27925,27930,5
grooming,27931,27930,27931,1
rising,27975,27931,27975,44
climbing,28062,27975,28062,87
sniffing,28076,28062,28076,14
left_turning,28135,28076,28135,59
sniffing,28152,28135,28152,17
left_turning,28205,28152,28205,53
sniffing,28309,28205,28309,104
rising,28310,28309,28310,1
running,28319,28310,28319,9
trotting,28320,28319,28320,1
sniffing,28377,28320,28377,57
rearing,28402,28377,28402,25
walking,28410,28402,28410,8
sniffing,28495,28410,28495,85
rising,28512,28495,28512,17
climbing,28529,28512,28529,17
rising,28554,28529,28554,25
climbing,28628,28554,28628,74
rising,28772,28628,28772,144
walking,28812,28772,28812,40
sniffing,28813,28812,28813,1
left_turning,28842,28813,28842,29
rising,28907,28842,28907,65
sniffing,28957,28907,28957,50
climbing,28982,28957,28982,25
rearing,28983,28982,28983,1
sniffing,28984,28983,28984,1
trotting,29022,28984,29022,38
climbing,29037,29022,29037,15
walking,29046,29037,29046,9
left_turning,29049,29046,29049,3
sniffing,29272,29049,29272,223
walking,29288,29272,29288,16
sniffing,29349,29288,29349,61
left_turning,29370,29349,29370,21
running,29382,29370,29382,12
rising,29420,29382,29420,38
sniffing,29447,29420,29447,27
walking,29456,29447,29456,9
sniffing,29457,29456,29457,1
walking,29458,29457,29458,1
rearing,29802,29458,29802,344
rising,29835,29802,29835,33
walking,29868,29835,29868,33
sniffing,29910,29868,29910,42
right_turning,29935,29910,29935,25
walking,29969,29935,29969,34
stepping,29991,29969,29991,22
rising,30383,29991,30383,392
climbing,30443,30383,30443,60
walking,30536,30443,30536,93
right_turning,30540,30536,30540,4
rising,30564,30540,30564,24
climbing,30628,30564,30628,64
rising,30666,30628,30666,38
sniffing,30667,30666,30667,1
rising,30680,30667,30680,13
grooming,30977,30680,30977,297
sniffing,31048,30977,31048,71
left_turning,31068,31048,31068,20
sniffing,31156,31068,31156,88
walking,31191,31156,31191,35
trotting,31206,31191,31206,15
sniffing,31257,31206,31257,51
climbing,31270,31257,31270,13
sniffing,31315,31270,31315,45
left_turning,31347,31315,31347,32
trotting,31359,31347,31359,12
sniffing,31417,31359,31417,58
running,31452,31417,31452,35
left_turning,31470,31452,31470,18
sniffing,31507,31470,31507,37
walking,31536,31507,31536,29
sniffing,31665,31536,31665,129
walking,31666,31665,31666,1
rising,31693,31666,31693,27
sniffing,31735,31693,31735,42
climbing,31779,31735,31779,44
right_turning,31829,31779,31829,50
walking,31874,31829,31874,45
sniffing,31911,31874,31911,37
rising,31912,31911,31912,1
right_turning,31964,31912,31964,52
walking,31986,31964,31986,22
sniffing,32060,31986,32060,74
walking,32073,32060,32073,13
rising,32140,32073,32140,67
left_turning,32155,32140,32155,15
walking,32170,32155,32170,15
climbing,32217,32170,32217,47
sniffing,32246,32217,32246,29
left_turning,32308,32246,32308,62
sniffing,32388,32308,32388,80
walking,32425,32388,32425,37
sniffing,32502,32425,32502,77
walking,32558,32502,32558,56
climbing,32563,32558,32563,5
sniffing,32622,32563,32622,59
right_turning,32638,32622,32638,16
sniffing,32660,32638,32660,22
left_turning,32661,32660,32661,1
sniffing,32725,32661,32725,64
climbing,32780,32725,32780,55
running,32831,32780,32831,51
left_turning,32832,32831,32832,1
rising,32833,32832,32833,1
climbing,32872,32833,32872,39
stepping,32884,32872,32884,12
sniffing,32932,32884,32932,48
climbing,32987,32932,32987,55
rising,32993,32987,32993,6
stepping,33006,32993,33006,13
walking,33012,33006,33012,6
sniffing,33013,33012,33013,1
rising,33114,33013,33114,101
climbing,33146,33114,33146,32
walking,33167,33146,33167,21
left_turning,33183,33167,33183,16
sniffing,33184,33183,33184,1
rising,33185,33184,33185,1
rearing,33186,33185,33186,1
walking,33281,33186,33281,95
rising,33324,33281,33324,43
climbing,33367,33324,33367,43
sniffing,33454,33367,33454,87
rising,33455,33454,33455,1
rearing,33488,33455,33488,33
walking,33560,33488,33560,72
stepping,33566,33560,33566,6
sniffing,33567,33566,33567,1
rearing,33575,33567,33575,8
rising,33615,33575,33615,40
running,33638,33615,33638,23
walking,33665,33638,33665,27
rearing,33666,33665,33666,1
grooming,33777,33666,33777,111
rearing,33778,33777,33778,1
rising,33834,33778,33834,56
walking,33895,33834,33895,61
rising,33934,33895,33934,39
sniffing,33972,33934,33972,38
right_turning,33984,33972,33984,12
trotting,34004,33984,34004,20
walking,34011,34004,34011,7
stepping,34068,34011,34068,57
walking,34113,34068,34113,45
sniffing,34182,34113,34182,69
left_turning,34215,34182,34215,33
sniffing,34217,34215,34217,2
rising,34294,34217,34294,77
climbing,34315,34294,34315,21
sniffing,34376,34315,34376,61
rising,34377,34376,34377,1
climbing,34395,34377,34395,18
walking,34417,34395,34417,22
running,34432,34417,34432,15
rising,34582,34432,34582,150
climbing,34632,34582,34632,50
hunching,34747,34632,34747,115
sniffing,34860,34747,34860,113
rising,34878,34860,34878,18
left_turning,34879,34878,34879,1
trotting,34888,34879,34888,9
stepping,34918,34888,34918,30
rising,35007,34918,35007,89
sniffing,35008,35007,35008,1
climbing,35093,35008,35093,85
sniffing,35161,35093,35161,68
rising,35169,35161,35169,8
left_turning,35225,35169,35225,56
walking,35242,35225,35242,17
sniffing,35325,35242,35325,83
rising,35393,35325,35393,68
climbing,35448,35393,35448,55
rising,35574,35448,35574,126
climbing,35622,35574,35622,48
sniffing,35623,35622,35623,1
left_turning,35624,35623,35624,1
trotting,35660,35624,35660,36
sniffing,35661,35660,35661,1
rearing,35703,35661,35703,42
sniffing,35704,35703,35704,1
climbing,35713,35704,35713,9
rearing,35809,35713,35809,96
grooming,35810,35809,35810,1
rearing,35952,35810,35952,142
hunching,35954,35952,35954,2
walking,35962,35954,35962,8
sniffing,36003,35962,36003,41
climbing,36027,36003,36027,24
walking,36056,36027,36056,29
climbing,36084,36056,36084,28
rearing,36085,36084,36085,1
jumping,36131,36085,36131,46
running,36160,36131,36160,29
walking,36180,36160,36180,20
rising,36181,36180,36181,1
walking,36200,36181,36200,19
sniffing,36230,36200,36230,30
right_turning,36251,36230,36251,21
grooming,36673,36251,36673,422
hunching,36715,36673,36715,42
grooming,36888,36715,36888,173
sniffing,37021,36888,37021,133
left_turning,37037,37021,37037,16
sniffing,37062,37037,37062,25
walking,37079,37062,37079,17
stepping,37110,37079,37110,31
sniffing,37188,37110,37188,78
left_turning,37223,37188,37223,35
sniffing,37224,37223,37224,1
rising,37256,37224,37256,32
sniffing,37292,37256,37292,36
rising,37293,37292,37293,1
rearing,37315,37293,37315,22
rising,37318,37315,37318,3
sniffing,37398,37318,37398,80
hunching,37427,37398,37427,29
sniffing,37485,37427,37485,58
rising,37538,37485,37538,53
walking,37571,37538,37571,33
sniffing,37621,37571,37621,50
right_turning,37644,37621,37644,23
walking,37683,37644,37683,39
climbing,37734,37683,37734,51
walking,37758,37734,37758,24
rising,37759,37758,37759,1
sniffing,37836,37759,37836,77
grooming,37837,37836,37837,1
rearing,37872,37837,37872,35
walking,37914,37872,37914,42
stepping,37925,37914,37925,11
sniffing,37945,37925,37945,20
walking,38022,37945,38022,77
rising,38023,38022,38023,1
climbing,38024,38023,38024,1
left_turning,38077,38024,38077,53
sniffing,38078,38077,38078,1
walking,38095,38078,38095,17
trotting,38162,38095,38162,67
rising,38205,38162,38205,43
rearing,38301,38205,38301,96
grooming,38452,38301,38452,151
sniffing,38464,38452,38464,12
walking,38465,38464,38465,1
rising,38466,38465,38466,1
right_turning,38505,38466,38505,39
running,38526,38505,38526,21
rearing,38565,38526,38565,39
climbing,38605,38565,38605,40
hunching,38606,38605,38606,1
climbing,38626,38606,38626,20
rising,38630,38626,38630,4
right_turning,38641,38630,38641,11
sniffing,38742,38641,38742,101
walking,38756,38742,38756,14
stepping,38757,38756,38757,1
rising,38758,38757,38758,1
stepping,38790,38758,38790,32
sniffing,38791,38790,38791,1
climbing,38841,38791,38841,50
sniffing,38926,38841,38926,85
rising,38952,38926,38952,26
climbing,38977,38952,38977,25
rearing,38978,38977,38978,1
right_turning,39009,38978,39009,31
sniffing,39057,39009,39057,48
rearing,39100,39057,39100,43
grooming,39610,39100,39610,510
sniffing,39614,39610,39614,4
stepping,39647,39614,39647,33
trotting,39675,39647,39675,28
walking,39724,39675,39724,49
rising,39743,39724,39743,19
climbing,39784,39743,39784,41
right_turning,39788,39784,39788,4
trotting,39816,39788,39816,28
rising,39817,39816,39817,1
climbing,39831,39817,39831,14
rearing,39952,39831,39952,121
sniffing,40005,39952,40005,53
rising,40037,40005,40037,32
climbing,40057,40037,40057,20
sniffing,40143,40057,40143,86
running,40144,40143,40144,1
walking,40145,40144,40145,1
sniffing,40186,40145,40186,41
right_turning,40206,40186,40206,20
sniffing,40207,40206,40207,1
walking,40211,40207,40211,4
stepping,40222,40211,40222,11
walking,40257,40222,40257,35
left_turning,40258,40257,40258,1
sniffing,40288,40258,40288,30
trotting,40341,40288,40341,53
sniffing,40354,40341,40354,13
hunching,40544,40354,40544,190
walking,40568,40544,40568,24
left_turning,40619,40568,40619,51
sniffing,40754,40619,40754,135
climbing,40788,40754,40788,34
rearing,40924,40788,40924,136
grooming,41059,40924,41059,135
climbing,41084,41059,41084,25
rising,41127,41084,41127,43
rearing,41128,41127,41128,1
trotting,41171,41128,41171,43
left_turning,41172,41171,41172,1
trotting,41206,41172,41206,34
stepping,41245,41206,41245,39
sniffing,41280,41245,41280,35
rising,41281,41280,41281,1
sniffing,41282,41281,41282,1
stepping,41308,41282,41308,26
walking,41332,41308,41332,24
climbing,41349,41332,41349,17
rearing,41350,41349,41350,1
left_turning,41477,41350,41477,127
sniffing,41478,41477,41478,1
hunching,41512,41478,41512,34
right_turning,41541,41512,41541,29
climbing,41573,41541,41573,32
rearing,41574,41573,41574,1
climbing,41612,41574,41612,38
walking,41613,41612,41613,1
trotting,41641,41613,41641,28
left_turning,41683,41641,41683,42
sniffing,41756,41683,41756,73
rising,41799,41756,41799,43
trotting,41800,41799,41800,1
walking,41852,41800,41852,52
running,41853,41852,41853,1
sniffing,41874,41853,41874,21
climbing,41886,41874,41886,12
walking,41923,41886,41923,37
trotting,41972,41923,41972,49
sniffing,42038,41972,42038,66
stepping,42067,42038,42067,29
rearing,42092,42067,42092,25
stepping,42127,42092,42127,35
walking,42206,42127,42206,79
climbing,42234,42206,42234,28
trotting,42256,42234,42256,22
climbing,42327,42256,42327,71
running,42346,42327,42346,19
walking,42376,42346,42376,30
sniffing,42413,42376,42413,37
climbing,42492,42413,42492,79
walking,42520,42492,42520,28
rising,42538,42520,42538,18
rearing,42610,42538,42610,72
walking,42624,42610,42624,14
sniffing,42708,42624,42708,84
hunching,42751,42708,42751,43
sniffing,42752,42751,42752,1
left_turning,42821,42752,42821,69
trotting,42834,42821,42834,13
stepping,42867,42834,42867,33
rising,42883,42867,42883,16
hunching,42963,42883,42963,80
sniffing,43029,42963,43029,66
grooming,43098,43029,43098,69
sniffing,43099,43098,43099,1
rising,43100,43099,43100,1
climbing,43150,43100,43150,50
walking,43155,43150,43155,5
sniffing,43218,43155,43218,63
walking,43250,43218,43250,32
climbing,43278,43250,43278,28
rising,43279,43278,43279,1
sniffing,43280,43279,43280,1
trotting,43305,43280,43305,25
sniffing,43311,43305,43311,6
climbing,43338,43311,43338,27
right_turning,43365,43338,43365,27
walking,43366,43365,43366,1
rising,43428,43366,43428,62
sniffing,43481,43428,43481,53
rising,43513,43481,43513,32
right_turning,43541,43513,43541,28
stepping,43569,43541,43569,28
left_turning,43570,43569,43570,1
sniffing,43571,43570,43571,1
hunching,43685,43571,43685,114
rearing,43786,43685,43786,101
sniffing,43831,43786,43831,45
rising,43883,43831,43883,52
sniffing,43903,43883,43903,20
left_turning,43907,43903,43907,4
walking,43942,43907,43942,35
left_turning,43943,43942,43943,1
walking,43965,43943,43965,22
sniffing,44030,43965,44030,65
rising,44041,44030,44041,11
jumping,44074,44041,44074,33
rising,44087,44074,44087,13
sniffing,44110,44087,44110,23
rising,44111,44110,44111,1
hunching,44160,44111,44160,49
right_turning,44161,44160,44161,1
left_turning,44262,44161,44262,101
rising,44312,44262,44312,50
climbing,44374,44312,44374,62
grooming,44455,44374,44455,81
climbing,44547,44455,44547,92
sniffing,44548,44547,44548,1
right_turning,44577,44548,44577,29
climbing,44589,44577,44589,12
rising,44620,44589,44620,31
sniffing,44621,44620,44621,1
pausing,44772,44621,44772,151
sniffing,44829,44772,44829,57
rearing,44860,44829,44860,31
grooming,45062,44860,45062,202
rearing,45063,45062,45063,1
rising,45112,45063,45112,49
climbing,45146,45112,45146,34
sniffing,45147,45146,45147,1
walking,45179,45147,45179,32
sniffing,45187,45179,45187,8
hunching,45253,45187,45253,66
grooming,45413,45253,45413,160
rising,45414,45413,45414,1
walking,45455,45414,45455,41
rising,45597,45455,45597,142
climbing,45694,45597,45694,97
rising,45695,45694,45695,1
left_turning,45696,45695,45696,1
walking,45735,45696,45735,39
sniffing,45736,45735,45736,1
walking,45739,45736,45739,3
left_turning,45755,45739,45755,16
trotting,45769,45755,45769,14
sniffing,45912,45769,45912,143
right_turning,45913,45912,45913,1
rising,45973,45913,45973,60
left_turning,46029,45973,46029,56
rearing,46074,46029,46074,45
rising,46109,46074,46109,35
trotting,46133,46109,46133,24
running,46162,46133,46162,29
sniffing,46163,46162,46163,1
trotting,46173,46163,46173,10
rising,46242,46173,46242,69
sniffing,46266,46242,46266,24
right_turning,46295,46266,46295,29
walking,46344,46295,46344,49
left_turning,46401,46344,46401,57
walking,46428,46401,46428,27
sniffing,46461,46428,46461,33
walking,46505,46461,46505,44
trotting,46531,46505,46531,26
left_turning,46579,46531,46579,48
trotting,46626,46579,46626,47
sniffing,46724,46626,46724,98
walking,46747,46724,46747,23
left_turning,46808,46747,46808,61
sniffing,46915,46808,46915,107
right_turning,46923,46915,46923,8
sniffing,46924,46923,46924,1
rearing,47024,46924,47024,100
hunching,47046,47024,47046,22
grooming,47744,47046,47744,698
hunching,47745,47744,47745,1
rising,47746,47745,47746,1
right_turning,47790,47746,47790,44
stepping,47824,47790,47824,34
walking,47857,47824,47857,33
sniffing,47983,47857,47983,126
hunching,48129,47983,48129,146
climbing,48172,48129,48172,43
left_turning,48232,48172,48232,60
sniffing,48295,48232,48295,63
stepping,48297,48295,48297,2
rising,48298,48297,48298,1
climbing,48303,48298,48303,5
rising,48304,48303,48304,1
sniffing,48344,48304,48344,40
rising,48345,48344,48345,1
sniffing,48355,48345,48355,10
walking,48399,48355,48399,44
left_turning,48400,48399,48400,1
walking,48401,48400,48401,1
right_turning,48426,48401,48426,25
trotting,48464,48426,48464,38
walking,48491,48464,48491,27
sniffing,48507,48491,48507,16
stepping,48508,48507,48508,1
sniffing,48551,48508,48551,43
rising,48552,48551,48552,1
sniffing,48625,48552,48625,73
left_turning,48626,48625,48626,1
sniffing,48627,48626,48627,1
walking,48665,48627,48665,38
running,48666,48665,48666,1
stepping,48683,48666,48683,17
climbing,48746,48683,48746,63
rising,48782,48746,48782,36
climbing,48847,48782,48847,65
walking,48896,48847,48896,49
sniffing,48910,48896,48910,14
rising,48911,48910,48911,1
left_turning,48980,48911,48980,69
walking,49021,48980,49021,41
sniffing,49022,49021,49022,1
climbing,49062,49022,49062,40
sniffing,49114,49062,49114,52
walking,49124,49114,49124,10
jumping,49253,49124,49253,129
sniffing,49273,49253,49273,20
climbing,49303,49273,49303,30
left_turning,49316,49303,49316,13
rising,49394,49316,49394,78
sniffing,49412,49394,49412,18
walking,49473,49412,49473,61
sniffing,49616,49473,49616,143
walking,49638,49616,49638,22
sniffing,49642,49638,49642,4
climbing,49703,49642,49703,61
rearing,49810,49703,49810,107
sniffing,49873,49810,49873,63
walking,49905,49873,49905,32
sniffing,49952,49905,49952,47
walking,49977,49952,49977,25
sniffing,49978,49977,49978,1
left_turning,49979,49978,49979,1
walking,50037,49979,50037,58
sniffing,50044,50037,50044,7
rising,50045,50044,50045,1
climbing,50102,50045,50102,57
rising,50107,50102,50107,5
sniffing,50168,50107,50168,61
rising,50252,50168,50252,84
sniffing,50269,50252,50269,17
hunching,50280,50269,50280,11
stepping,50281,50280,50281,1
sniffing,50288,50281,50288,7
trotting,50289,50288,50289,1
rising,50294,50289,50294,5
sniffing,50399,50294,50399,105
right_turning,50420,50399,50420,21
climbing,50456,50420,50456,36
right_turning,50463,50456,50463,7
running,50481,50463,50481,18
sniffing,50519,50481,50519,38
walking,50543,50519,50543,24
sniffing,50557,50543,50557,14
climbing,50580,50557,50580,23
walking,50616,50580,50616,36
sniffing,50759,50616,50759,143
climbing,50808,50759,50808,49
rising,50877,50808,50877,69
left_turning,50888,50877,50888,11
sniffing,51037,50888,51037,149
walking,51056,51037,51056,19
left_turning,51057,51056,51057,1
stepping,51066,51057,51066,9
left_turning,51067,51066,51067,1
stepping,51108,51067,51108,41
sniffing,51144,51108,51144,36
rising,51191,51144,51191,47
left_turning,51265,51191,51265,74
sniffing,51292,51265,51292,27
rising,51293,51292,51293,1
walking,51329,51293,51329,36
sniffing,51393,51329,51393,64
rearing,51421,51393,51421,28
rising,51494,51421,51494,73
sniffing,51495,51494,51495,1
walking,51513,51495,51513,18
trotting,51515,51513,51515,2
right_turning,51516,51515,51516,1
walking,51564,51516,51564,48
sniffing,51614,51564,51614,50
walking,51647,51614,51647,33
climbing,51674,51647,51674,27
walking,51685,51674,51685,11
left_turning,51743,51685,51743,58
walking,51757,51743,51757,14
rearing,51758,51757,51758,1
right_turning,51766,51758,51766,8
rising,51767,51766,51767,1
rearing,51768,51767,51768,1
sniffing,51811,51768,51811,43
climbing,51865,51811,51865,54
rising,51869,51865,51869,4
climbing,51907,51869,51907,38
rising,51927,51907,51927,20
sniffing,51970,51927,51970,43
left_turning,51993,51970,51993,23
right_turning,51994,51993,51994,1
walking,52035,51994,52035,41
sniffing,52075,52035,52075,40
left_turning,52114,52075,52114,39
walking,52160,52114,52160,46
right_turning,52172,52160,52172,12
climbing,52204,52172,52204,32
trotting,52227,52204,52227,23
sniffing,52306,52227,52306,79
rising,52410,52306,52410,104
left_turning,52431,52410,52431,21
sniffing,52489,52431,52489,58
rising,52525,52489,52525,36
sniffing,52602,52525,52602,77
walking,52656,52602,52656,54
left_turning,52718,52656,52718,62
rising,52727,52718,52727,9
grooming,52728,52727,52728,1
rearing,52745,52728,52745,17
rising,52797,52745,52797,52
stepping,52828,52797,52828,31
walking,52920,52828,52920,92
left_turning,52985,52920,52985,65
trotting,52999,52985,52999,14
walking,53000,52999,53000,1
left_turning,53005,53000,53005,5
rising,53077,53005,53077,72
hunching,53108,53077,53108,31
right_turning,53109,53108,53109,1
trotting,53116,53109,53116,7
right_turning,53123,53116,53123,7
sniffing,53197,53123,53197,74
climbing,53223,53197,53223,26
rising,53268,53223,53268,45
sniffing,53308,53268,53308,40
rising,53365,53308,53365,57
grooming,53388,53365,53388,23
sniffing,53405,53388,53405,17
climbing,53473,53405,53473,68
rearing,53605,53473,53605,132
climbing,53654,53605,53654,49
rising,53672,53654,53672,18
sniffing,53727,53672,53727,55
right_turning,53734,53727,53734,7
walking,53735,53734,53735,1
hunching,53812,53735,53812,77
sniffing,53850,53812,53850,38
walking,53879,53850,53879,29
left_turning,53896,53879,53896,17
sniffing,53968,53896,53968,72
grooming,54194,53968,54194,226
left_turning,54196,54194,54196,2
sniffing,54204,54196,54204,8
rearing,54408,54204,54408,204
grooming,54710,54408,54710,302
walking,54727,54710,54727,17
left_turning,54748,54727,54748,21
running,54776,54748,54776,28
sniffing,54784,54776,54784,8
trotting,54785,54784,54785,1
stepping,54844,54785,54844,59
sniffing,54988,54844,54988,144
stepping,55020,54988,55020,32
sniffing,55027,55020,55027,7
stepping,55081,55027,55081,54
rising,55129,55081,55129,48
climbing,55199,55129,55199,70
hunching,55279,55199,55279,80
rearing,55280,55279,55280,1
sniffing,55333,55280,55333,53
walking,55338,55333,55338,5
sniffing,55414,55338,55414,76
walking,55463,55414,55463,49
sniffing,55464,55463,55464,1
left_turning,55465,55464,55465,1
walking,55479,55465,55479,14
sniffing,55494,55479,55494,15
trotting,55498,55494,55498,4
walking,55501,55498,55501,3
stepping,55508,55501,55508,7
walking,55547,55508,55547,39
left_turning,55609,55547,55609,62
trotting,55644,55609,55644,35
sniffing,55710,55644,55710,66
walking,55711,55710,55711,1
sniffing,55719,55711,55719,8
stepping,55755,55719,55755,36
walking,55773,55755,55773,18
rising,55774,55773,55774,1
sniffing,55776,55774,55776,2
rising,55777,55776,55777,1
grooming,55778,55777,55778,1
sniffing,55848,55778,55848,70
walking,55884,55848,55884,36
right_turning,55945,55884,55945,61
trotting,55983,55945,55983,38
climbing,56041,55983,56041,58
rearing,56042,56041,56042,1
left_turning,56090,56042,56090,48
sniffing,56091,56090,56091,1
rearing,56125,56091,56125,34
climbing,56127,56125,56127,2
trotting,56146,56127,56146,19
walking,56147,56146,56147,1
sniffing,56175,56147,56175,28
walking,56209,56175,56209,34
sniffing,56321,56209,56321,112
left_turning,56339,56321,56339,18
sniffing,56394,56339,56394,55
climbing,56435,56394,56435,41
rising,56488,56435,56488,53
climbing,56548,56488,56548,60
rising,56624,56548,56624,76
climbing,56680,56624,56680,56
walking,56753,56680,56753,73
left_turning,56761,56753,56761,8
rising,56815,56761,56815,54
jumping,56851,56815,56851,36
right_turning,56854,56851,56854,3
walking,56886,56854,56886,32
sniffing,56951,56886,56951,65
left_turning,57001,56951,57001,50
walking,57051,57001,57051,50
sniffing,57081,57051,57081,30
right_turning,57125,57081,57125,44
walking,57149,57125,57149,24
sniffing,57294,57149,57294,145
rising,57336,57294,57336,42
climbing,57367,57336,57367,31
hunching,57388,57367,57388,21
right_turning,57421,57388,57421,33
walking,57466,57421,57466,45
sniffing,57467,57466,57467,1
walking,57490,57467,57490,23
sniffing,57515,57490,57515,25
walking,57572,57515,57572,57
sniffing,57632,57572,57632,60
walking,57633,57632,57633,1
sniffing,57692,57633,57692,59
trotting,57693,57692,57693,1
walking,57721,57693,57721,28
sniffing,57839,57721,57839,118
running,57853,57839,57853,14
walking,57885,57853,57885,32
climbing,57951,57885,57951,66
rising,58012,57951,58012,61
climbing,58035,58012,58035,23
grooming,58237,58035,58237,202
hunching,58238,58237,58238,1
rearing,58257,58238,58257,19
rising,58278,58257,58278,21
right_turning,58293,58278,58293,15
climbing,58353,58293,58353,60
rearing,58415,58353,58415,62
climbing,58439,58415,58439,24
sniffing,58440,58439,58440,1
pausing,58441,58440,58441,1
sniffing,58546,58441,58546,105
rearing,58547,58546,58547,1
rising,58600,58547,58600,53
climbing,58632,58600,58632,32
right_turning,58650,58632,58650,18
sniffing,58651,58650,58651,1
left_turning,58652,58651,58652,1
walking,58680,58652,58680,28
rising,58681,58680,58681,1
climbing,58705,58681,58705,24
hunching,58838,58705,58838,133
left_turning,58839,58838,58839,1
sniffing,58840,58839,58840,1
climbing,58852,58840,58852,12
rising,58858,58852,58858,6
walking,58900,58858,58900,42
trotting,58927,58900,58927,27
sniffing,58928,58927,58928,1
rearing,58968,58928,58968,40
sniffing,59006,58968,59006,38
left_turning,59027,59006,59027,21
rearing,59090,59027,59090,63
left_turning,59136,59090,59136,46
walking,59171,59136,59171,35
rising,59185,59171,59185,14
walking,59241,59185,59241,56
sniffing,59280,59241,59280,39
walking,59311,59280,59311,31
sniffing,59312,59311,59312,1
stepping,59339,59312,59339,27
walking,59419,59339,59419,80
climbing,59524,59419,59524,105
walking,59525,59524,59525,1
sniffing,59665,59525,59665,140
hunching,59788,59665,59788,123
rising,59789,59788,59789,1
climbing,59794,59789,59794,5
grooming,59795,59794,59795,1
sniffing,59796,59795,59796,1
walking,59821,59796,59821,25
rising,59828,59821,59828,7
sniffing,59829,59828,59829,1
left_turning,59851,59829,59851,22
trotting,59858,59851,59858,7
walking,59892,59858,59892,34
rising,59912,59892,59912,20
climbing,59954,59912,59954,42
sniffing,59955,59954,59955,1
trotting,59969,59955,59969,14
climbing,60070,59969,60070,101
running,60109,60070,60109,39
trotting,60143,60109,60143,34
sniffing,60236,60143,60236,93
left_turning,60330,60236,60330,94
sniffing,60410,60330,60410,80
left_turning,60427,60410,60427,17
walking,60432,60427,60432,5
sniffing,60461,60432,60461,29
rising,60483,60461,60483,22
sniffing,60590,60483,60590,107
left_turning,60620,60590,60620,30
sniffing,60909,60620,60909,289
climbing,60915,60909,60915,6
rising,60941,60915,60941,26
sniffing,60942,60941,60942,1
pausing,60943,60942,60943,1
sniffing,60958,60943,60958,15
left_turning,60982,60958,60982,24
walking,61014,60982,61014,32
sniffing,61042,61014,61042,28
left_turning,61043,61042,61043,1
running,61084,61043,61084,41
walking,61090,61084,61090,6
sniffing,61128,61090,61128,38
walking,61129,61128,61129,1
sniffing,61155,61129,61155,26
right_turning,61183,61155,61183,28
running,61208,61183,61208,25
climbing,61257,61208,61257,49
rearing,61393,61257,61393,136
sniffing,61468,61393,61468,75
rising,61531,61468,61531,63
sniffing,61609,61531,61609,78
walking,61653,61609,61653,44
climbing,61818,61653,61818,165
sniffing,61899,61818,61899,81
right_turning,61929,61899,61929,30
sniffing,62124,61929,62124,195
grooming,62180,62124,62180,56
climbing,62302,62180,62302,122
hunching,62365,62302,62365,63
rearing,62366,62365,62366,1
sniffing,62432,62366,62432,66
walking,62462,62432,62462,30
sniffing,62525,62462,62525,63
right_turning,62571,62525,62571,46
trotting,62598,62571,62598,27
climbing,62607,62598,62607,9
hunching,62635,62607,62635,28
right_turning,62666,62635,62666,31
walking,62681,62666,62681,15
climbing,62772,62681,62772,91
grooming,62832,62772,62832,60
hunching,62887,62832,62887,55
sniffing,62905,62887,62905,18
stepping,62915,62905,62915,10
walking,62936,62915,62936,21
rearing,63067,62936,63067,131
grooming,63068,63067,63068,1
trotting,63084,63068,63084,16
walking,63111,63084,63111,27
left_turning,63112,63111,63112,1
sniffing,63202,63112,63202,90
pausing,63502,63202,63502,300
sniffing,63544,63502,63544,42
walking,63545,63544,63545,1
rising,63596,63545,63596,51
grooming,64029,63596,64029,433
sniffing,64034,64029,64034,5
trotting,64043,64034,64043,9
walking,64053,64043,64053,10
trotting,64072,64053,64072,19
stepping,64132,64072,64132,60
sniffing,64190,64132,64190,58
climbing,64191,64190,64191,1
sniffing,64192,64191,64192,1
hunching,64195,64192,64195,3
sniffing,64241,64195,64241,46
rising,64252,64241,64252,11
sniffing,64344,64252,64344,92
rising,64390,64344,64390,46
climbing,64418,64390,64418,28
rearing,64481,64418,64481,63
rising,64530,64481,64530,49
right_turning,64560,64530,64560,30
walking,64625,64560,64625,65
sniffing,64679,64625,64679,54
left_turning,64727,64679,64727,48
trotting,64773,64727,64773,46
left_turning,64777,64773,64777,4
walking,64796,64777,64796,19
sniffing,64837,64796,64837,41
walking,64856,64837,64856,19
sniffing,64938,64856,64938,82
climbing,64959,64938,64959,21
sniffing,64972,64959,64972,13
walking,64973,64972,64973,1
rising,64975,64973,64975,2
climbing,65042,64975,65042,67
rising,65043,65042,65043,1
rearing,65265,65043,65265,222
climbing,65280,65265,65280,15
hunching,65281,65280,65281,1
climbing,65314,65281,65314,33
rising,65335,65314,65335,21
sniffing,65405,65335,65405,70
right_turning,65446,65405,65446,41
running,65469,65446,65469,23
walking,65509,65469,65509,40
sniffing,65568,65509,65568,59
stepping,65597,65568,65597,29
sniffing,65609,65597,65609,12
left_turning,65634,65609,65634,25
sniffing,65666,65634,65666,32
walking,65698,65666,65698,32
sniffing,65727,65698,65727,29
walking,65728,65727,65728,1
sniffing,65729,65728,65729,1
left_turning,65730,65729,65730,1
walking,65773,65730,65773,43
sniffing,65885,65773,65885,112
trotting,65945,65885,65945,60
sniffing,65946,65945,65946,1
left_turning,65973,65946,65973,27
sniffing,65990,65973,65990,17
hunching,65991,65990,65991,1
right_turning,66005,65991,66005,14
walking,66042,66005,66042,37
right_turning,66062,66042,66062,20
walking,66101,66062,66101,39
sniffing,66123,66101,66123,22
right_turning,66140,66123,66140,17
rising,66141,66140,66141,1
climbing,66210,66141,66210,69
rising,66230,66210,66230,20
rearing,66317,66230,66317,87
left_turning,66344,66317,66344,27
running,66362,66344,66362,18
sniffing,66474,66362,66474,112
stepping,66496,66474,66496,22
rising,66520,66496,66520,24
hunching,66609,66520,66609,89
climbing,66681,66609,66681,72
right_turning,66701,66681,66701,20
trotting,66736,66701,66736,35
rearing,66868,66736,66868,132
grooming,66932,66868,66932,64
hunching,66993,66932,66993,61
climbing,67052,66993,67052,59
walking,67107,67052,67107,55
sniffing,67141,67107,67141,34
walking,67163,67141,67163,22
trotting,67177,67163,67177,14
sniffing,67178,67177,67178,1
trotting,67189,67178,67189,11
sniffing,67258,67189,67258,69
rising,67283,67258,67283,25
walking,67301,67283,67301,18
rearing,67322,67301,67322,21
rising,67360,67322,67360,38
sniffing,67361,67360,67361,1
climbing,67396,67361,67396,35
left_turning,67444,67396,67444,48
walking,67490,67444,67490,46
rising,67531,67490,67531,41
sniffing,67532,67531,67532,1
right_turning,67555,67532,67555,23
trotting,67578,67555,67578,23
climbing,67638,67578,67638,60
sniffing,67682,67638,67682,44
trotting,67698,67682,67698,16
sniffing,67727,67698,67727,29
rising,67752,67727,67752,25
sniffing,67885,67752,67885,133
walking,67918,67885,67918,33
sniffing,67919,67918,67919,1
rising,67945,67919,67945,26
left_turning,67972,67945,67972,27
climbing,68026,67972,68026,54
right_turning,68027,68026,68027,1
climbing,68028,68027,68028,1
rising,68029,68028,68029,1
climbing,68061,68029,68061,32
rising,68075,68061,68075,14
climbing,68170,68075,68170,95
walking,68218,68170,68218,48
stepping,68251,68218,68251,33
rising,68315,68251,68315,64
stepping,68337,68315,68337,22
sniffing,68353,68337,68353,16
stepping,68392,68353,68392,39
walking,68401,68392,68401,9
climbing,68431,68401,68431,30
walking,68461,68431,68461,30
left_turning,68487,68461,68487,26
running,68511,68487,68511,24
sniffing,68512,68511,68512,1
walking,68552,68512,68552,40
sniffing,68553,68552,68553,1
walking,68554,68553,68554,1
stepping,68567,68554,68567,13
right_turning,68583,68567,68583,16
stepping,68584,68583,68584,1
trotting,68635,68584,68635,51
walking,68672,68635,68672,37
left_turning,68676,68672,68676,4
sniffing,68677,68676,68677,1
hunching,68709,68677,68709,32
sniffing,68763,68709,68763,54
rising,68769,68763,68769,6
left_turning,68785,68769,68785,16
trotting,68802,68785,68802,17
left_turning,68813,68802,68813,11
sniffing,68929,68813,68929,116
rising,68930,68929,68930,1
sniffing,69009,68930,69009,79
walking,69015,69009,69015,6
rising,69062,69015,69062,47
hunching,69069,69062,69069,7
rising,69079,69069,69079,10
rearing,69153,69079,69153,74
grooming,69154,69153,69154,1
hunching,69155,69154,69155,1
rearing,69156,69155,69156,1
grooming,69157,69156,69157,1
sniffing,69219,69157,69219,62
walking,69276,69219,69276,57
sniffing,69320,69276,69320,44
rearing,69355,69320,69355,35
sniffing,69361,69355,69361,6
rearing,69362,69361,69362,1
climbing,69401,69362,69401,39
rising,69437,69401,69437,36
stepping,69472,69437,69472,35
trotting,69494,69472,69494,22
rising,69512,69494,69512,18
sniffing,69540,69512,69540,28
rearing,69556,69540,69556,16
walking,69593,69556,69593,37
sniffing,69632,69593,69632,39
left_turning,69651,69632,69651,19
trotting,69652,69651,69652,1
walking,69655,69652,69655,3
left_turning,69699,69655,69699,44
walking,69738,69699,69738,39
climbing,69817,69738,69817,79
sniffing,69876,69817,69876,59
hunching,69877,69876,69877,1
grooming,70109,69877,70109,232
sniffing,70243,70109,70243,134
walking,70322,70243,70322,79
climbing,70323,70322,70323,1
right_turning,70348,70323,70348,25
sniffing,70379,70348,70379,31
left_turning,70410,70379,70410,31
sniffing,70460,70410,70460,50
rising,70523,70460,70523,63
sniffing,70614,70523,70614,91
rising,70677,70614,70677,63
sniffing,70733,70677,70733,56
left_turning,70803,70733,70803,70
sniffing,70872,70803,70872,69
grooming,71015,70872,71015,143
rearing,71023,71015,71023,8
climbing,71024,71023,71024,1
right_turning,71037,71024,71037,13
walking,71113,71037,71113,76
sniffing,71156,71113,71156,43
rising,71169,71156,71169,13
rearing,71296,71169,71296,127
grooming,71297,71296,71297,1
sniffing,71534,71297,71534,237
walking,71559,71534,71559,25
sniffing,71596,71559,71596,37
right_turning,71614,71596,71614,18
walking,71655,71614,71655,41
running,71668,71655,71668,13
sniffing,71897,71668,71897,229
trotting,71916,71897,71916,19
right_turning,71963,71916,71963,47
walking,72009,71963,72009,46
stepping,72020,72009,72020,11
walking,72096,72020,72096,76
sniffing,72159,72096,72159,63
walking,72205,72159,72205,46
sniffing,72206,72205,72206,1
walking,72280,72206,72280,74
rising,72305,72280,72305,25
sniffing,72306,72305,72306,1
walking,72312,72306,72312,6
rising,72322,72312,72322,10
sniffing,72402,72322,72402,80
rising,72463,72402,72463,61
sniffing,72545,72463,72545,82
climbing,72593,72545,72593,48
hunching,72654,72593,72654,61
rising,72655,72654,72655,1
sniffing,72663,72655,72663,8
rising,72664,72663,72664,1
climbing,72711,72664,72711,47
rearing,72924,72711,72924,213
walking,72960,72924,72960,36
climbing,73027,72960,73027,67
hunching,73028,73027,73028,1
sniffing,73069,73028,73069,41
climbing,73087,73069,73087,18
rising,73088,73087,73088,1
running,73119,73088,73119,31
sniffing,73120,73119,73120,1
climbing,73177,73120,73177,57
rearing,73255,73177,73255,78
climbing,73292,73255,73292,37
hunching,73480,73292,73480,188
climbing,73519,73480,73519,39
hunching,73573,73519,73573,54
walking,73626,73573,73626,53
rearing,73731,73626,73731,105
rising,73775,73731,73775,44
climbing,73793,73775,73793,18
rearing,73807,73793,73807,14
grooming,73858,73807,73858,51
sniffing,73982,73858,73982,124
rising,73999,73982,73999,17
sniffing,74026,73999,74026,27
right_turning,74051,74026,74051,25
walking,74061,74051,74061,10
left_turning,74069,74061,74069,8
trotting,74081,74069,74081,12
walking,74085,74081,74085,4
sniffing,74106,74085,74106,21
hunching,74218,74106,74218,112
right_turning,74252,74218,74252,34
walking,74298,74252,74298,46
sniffing,74357,74298,74357,59
climbing,74414,74357,74414,57
rising,74464,74414,74464,50
rearing,74477,74464,74477,13
grooming,74774,74477,74774,297
walking,74775,74774,74775,1
sniffing,74853,74775,74853,78
right_turning,74875,74853,74875,22
walking,74883,74875,74883,8
rearing,74942,74883,74942,59
grooming,74988,74942,74988,46
running,74989,74988,74989,1
sniffing,75036,74989,75036,47
rising,75057,75036,75057,21
climbing,75102,75057,75102,45
pausing,75253,75102,75253,151
sniffing,75312,75253,75312,59
climbing,75426,75312,75426,114
rearing,75445,75426,75445,19
sniffing,75446,75445,75446,1
running,75480,75446,75480,34
hunching,75528,75480,75528,48
sniffing,75529,75528,75529,1
left_turning,75530,75529,75530,1
stepping,75544,75530,75544,14
walking,75579,75544,75579,35
rearing,75591,75579,75591,12
left_turning,75592,75591,75592,1
walking,75606,75592,75606,14
climbing,75626,75606,75626,20
trotting,75628,75626,75628,2
sniffing,75693,75628,75693,65
rising,75731,75693,75731,38
right_turning,75732,75731,75732,1
walking,75761,75732,75761,29
climbing,75803,75761,75803,42
rearing,75897,75803,75897,94
climbing,75965,75897,75965,68
sniffing,75998,75965,75998,33
walking,76015,75998,76015,17
climbing,76043,76015,76043,28
rising,76057,76043,76057,14
sniffing,76162,76057,76162,105
rising,76170,76162,76170,8
sniffing,76176,76170,76176,6
climbing,76241,76176,76241,65
rising,76242,76241,76242,1
sniffing,76243,76242,76243,1
rearing,76277,76243,76277,34
sniffing,76278,76277,76278,1
trotting,76304,76278,76304,26
rising,76332,76304,76332,28
grooming,76446,76332,76446,114
rearing,76504,76446,76504,58
climbing,76517,76504,76517,13
rearing,76553,76517,76553,36
right_turning,76556,76553,76556,3
running,76570,76556,76570,14
left_turning,76597,76570,76597,27
trotting,76635,76597,76635,38
walking,76662,76635,76662,27
sniffing,76775,76662,76775,113
walking,76781,76775,76781,6
stepping,76782,76781,76782,1
left_turning,76820,76782,76820,38
sniffing,76880,76820,76880,60
trotting,76903,76880,76903,23
walking,76940,76903,76940,37
rising,76980,76940,76980,40
sniffing,77055,76980,77055,75
rising,77091,77055,77091,36
climbing,77151,77091,77151,60
walking,77157,77151,77157,6
climbing,77162,77157,77162,5
sniffing,77219,77162,77219,57
climbing,77245,77219,77245,26
hunching,77392,77245,77392,147
climbing,77399,77392,77399,7
walking,77414,77399,77414,15
sniffing,77459,77414,77459,45
walking,77470,77459,77470,11
right_turning,77471,77470,77471,1
running,77502,77471,77502,31
sniffing,77549,77502,77549,47
climbing,77564,77549,77564,15
hunching,77593,77564,77593,29
sniffing,77630,77593,77630,37
left_turning,77677,77630,77677,47
sniffing,77727,77677,77727,50
left_turning,77741,77727,77741,14
sniffing,77787,77741,77787,46
rearing,77870,77787,77870,83
climbing,77912,77870,77912,42
walking,77913,77912,77913,1
sniffing,77944,77913,77944,31
climbing,77952,77944,77952,8
sniffing,77978,77952,77978,26
rising,78000,77978,78000,22
sniffing,78159,78000,78159,159
right_turning,78160,78159,78160,1
walking,78207,78160,78207,47
stepping,78223,78207,78223,16
walking,78256,78223,78256,33
left_turning,78285,78256,78285,29
walking,78339,78285,78339,54
sniffing,78413,78339,78413,74
climbing,78453,78413,78453,40
rising,78478,78453,78478,25
climbing,78534,78478,78534,56
grooming,78538,78534,78538,4
rearing,78580,78538,78580,42
rising,78581,78580,78581,1
stepping,78620,78581,78620,39
trotting,78636,78620,78636,16
sniffing,78661,78636,78661,25
pausing,78812,78661,78812,151
sniffing,78901,78812,78901,89
walking,78922,78901,78922,21
sniffing,78994,78922,78994,72
left_turning,79005,78994,79005,11
sniffing,79034,79005,79034,29
walking,79044,79034,79044,10
rising,79045,79044,79045,1
grooming,79046,79045,79046,1
sniffing,79059,79046,79059,13
climbing,79115,79059,79115,56
trotting,79128,79115,79128,13
rising,79154,79128,79154,26
sniffing,79230,79154,79230,76
stepping,79243,79230,79243,13
walking,79279,79243,79279,36
sniffing,79315,79279,79315,36
climbing,79337,79315,79337,22
rearing,79441,79337,79441,104
rising,79442,79441,79442,1
walking,79448,79442,79448,6
sniffing,79489,79448,79489,41
rising,79497,79489,79497,8
climbing,79521,79497,79521,24
sniffing,79619,79521,79619,98
walking,79675,79619,79675,56
sniffing,79710,79675,79710,35
walking,79718,79710,79718,8
rearing,80031,79718,80031,313
sniffing,80032,80031,80032,1
hunching,80116,80032,80116,84
grooming,80217,80116,80217,101
rising,80219,80217,80219,2
sniffing,80271,80219,80271,52
stepping,80344,80271,80344,73
walking,80384,80344,80384,40
sniffing,80409,80384,80409,25
left_turning,80410,80409,80410,1
sniffing,80411,80410,80411,1
climbing,80437,80411,80437,26
rising,80450,80437,80450,13
climbing,80475,80450,80475,25
rearing,80582,80475,80582,107
grooming,81058,80582,81058,476
sniffing,81059,81058,81059,1
walking,81109,81059,81109,50
left_turning,81138,81109,81138,29
trotting,81158,81138,81158,20
walking,81222,81158,81222,64
right_turning,81242,81222,81242,20
walking,81243,81242,81243,1
rising,81275,81243,81275,32
climbing,81307,81275,81307,32
running,81332,81307,81332,25
rising,81365,81332,81365,33
right_turning,81387,81365,81387,22
walking,81443,81387,81443,56
right_turning,81462,81443,81462,19
sniffing,81463,81462,81463,1
rising,81527,81463,81527,64
climbing,81544,81527,81544,17
running,81574,81544,81574,30
rearing,81781,81574,81781,207
climbing,81782,81781,81782,1
sniffing,81783,81782,81783,1
right_turning,81837,81783,81837,54
trotting,81856,81837,81856,19
sniffing,81934,81856,81934,78
left_turning,81937,81934,81937,3
sniffing,81982,81937,81982,45
hunching,82099,81982,82099,117
sniffing,82125,82099,82125,26
left_turning,82224,82125,82224,99
sniffing,82317,82224,82317,93
walking,82376,82317,82376,59
sniffing,82427,82376,82427,51
climbing,82560,82427,82560,133
sniffing,82687,82560,82687,127
left_turning,82740,82687,82740,53
walking,82742,82740,82742,2
sniffing,82743,82742,82743,1
right_turning,82774,82743,82774,31
sniffing,82854,82774,82854,80
left_turning,82855,82854,82855,1
rising,82907,82855,82907,52
climbing,82927,82907,82927,20
hunching,82928,82927,82928,1
climbing,82987,82928,82987,59
walking,83038,82987,83038,51
rearing,83072,83038,83072,34
rising,83187,83072,83187,115
climbing,83231,83187,83231,44
rising,83240,83231,83240,9
right_turning,83247,83240,83247,7
walking,83252,83247,83252,5
sniffing,83332,83252,83332,80
rising,83400,83332,83400,68
climbing,83411,83400,83411,11
rising,83522,83411,83522,111
grooming,83523,83522,83523,1
climbing,83551,83523,83551,28
right_turning,83557,83551,83557,6
walking,83558,83557,83558,1
rising,83571,83558,83571,13
walking,83602,83571,83602,31
left_turning,83683,83602,83683,81
trotting,83699,83683,83699,16
sniffing,83715,83699,83715,16
left_turning,83721,83715,83721,6
sniffing,83745,83721,83745,24
climbing,83826,83745,83826,81
rising,83857,83826,83857,31
sniffing,83936,83857,83936,79
rearing,84046,83936,84046,110
rising,84079,84046,84079,33
left_turning,84080,84079,84080,1
sniffing,84121,84080,84121,41
rising,84122,84121,84122,1
right_turning,84148,84122,84148,26
sniffing,84158,84148,84158,10
trotting,84179,84158,84179,21
rising,84242,84179,84242,63
sniffing,84330,84242,84330,88
right_turning,84380,84330,84380,50
sniffing,84436,84380,84436,56
right_turning,84440,84436,84440,4
walking,84441,84440,84441,1
rising,84461,84441,84461,20
climbing,84498,84461,84498,37
rearing,84558,84498,84558,60
walking,84619,84558,84619,61
stepping,84626,84619,84626,7
rising,84652,84626,84652,26
climbing,84683,84652,84683,31
right_turning,84684,84683,84684,1
left_turning,84702,84684,84702,18
sniffing,84703,84702,84703,1
walking,84732,84703,84732,29
sniffing,84736,84732,84736,4
rising,84737,84736,84737,1
sniffing,84775,84737,84775,38
grooming,85138,84775,85138,363
sniffing,85157,85138,85157,19
rising,85158,85157,85158,1
climbing,85172,85158,85172,14
rising,85202,85172,85202,30
climbing,85274,85202,85274,72
sniffing,85325,85274,85325,51
rising,85336,85325,85336,11
sniffing,85401,85336,85401,65
hunching,85404,85401,85404,3
climbing,85428,85404,85428,24
sniffing,85467,85428,85467,39
rising,85468,85467,85468,1
sniffing,85543,85468,85543,75
left_turning,85587,85543,85587,44
sniffing,85607,85587,85607,20
climbing,85608,85607,85608,1
walking,85652,85608,85652,44
left_turning,85653,85652,85653,1
sniffing,85654,85653,85654,1
trotting,85708,85654,85708,54
walking,85812,85708,85812,104
rising,85826,85812,85826,14
climbing,85907,85826,85907,81
rising,85969,85907,85969,62
left_turning,86014,85969,86014,45
climbing,86093,86014,86093,79
sniffing,86111,86093,86111,18
rearing,86112,86111,86112,1
walking,86142,86112,86142,30
sniffing,86143,86142,86143,1
rising,86183,86143,86183,40
sniffing,86220,86183,86220,37
rearing,86288,86220,86288,68
rising,86293,86288,86293,5
climbing,86337,86293,86337,44
rearing,86615,86337,86615,278
rising,86665,86615,86665,50
climbing,86678,86665,86678,13
sniffing,86679,86678,86679,1
trotting,86717,86679,86717,38
sniffing,86768,86717,86768,51
right_turning,86805,86768,86805,37
rising,86806,86805,86806,1
walking,86860,86806,86860,54
climbing,86897,86860,86897,37
hunching,86898,86897,86898,1
climbing,86916,86898,86916,18
rearing,86960,86916,86960,44
grooming,87008,86960,87008,48
rearing,87009,87008,87009,1
walking,87064,87009,87064,55
sniffing,87157,87064,87157,93
grooming,87158,87157,87158,1
climbing,87159,87158,87159,1
sniffing,87199,87159,87199,40
walking,87200,87199,87200,1
rising,87248,87200,87248,48
rearing,87310,87248,87310,62
trotting,87326,87310,87326,16
walking,87331,87326,87331,5
sniffing,87347,87331,87347,16
grooming,87385,87347,87385,38
climbing,87397,87385,87397,12
sniffing,87432,87397,87432,35
walking,87472,87432,87472,40
rising,87516,87472,87516,44
climbing,87549,87516,87549,33
sniffing,87681,87549,87681,132
stepping,87708,87681,87708,27
sniffing,87780,87708,87780,72
walking,87847,87780,87847,67
sniffing,87931,87847,87931,84
rising,87932,87931,87932,1
sniffing,87998,87932,87998,66
climbing,88053,87998,88053,55
hunching,88054,88053,88054,1
right_turning,88067,88054,88067,13
rising,88140,88067,88140,73
sniffing,88141,88140,88141,1
rising,88206,88141,88206,65
sniffing,88226,88206,88226,20
climbing,88250,88226,88250,24
sniffing,88294,88250,88294,44
pausing,88444,88294,88444,150
sniffing,88481,88444,88481,37
left_turning,88532,88481,88532,51
trotting,88534,88532,88534,2
sniffing,88535,88534,88535,1
left_turning,88667,88535,88667,132
sniffing,88678,88667,88678,11
climbing,88696,88678,88696,18
rising,88779,88696,88779,83
left_turning,88790,88779,88790,11
rising,88813,88790,88813,23
climbing,88823,88813,88823,10
walking,88854,88823,88854,31
sniffing,88855,88854,88855,1
right_turning,88882,88855,88882,27
stepping,88891,88882,88891,9
climbing,88955,88891,88955,64
right_turning,88982,88955,88982,27
trotting,89001,88982,89001,19
rising,89056,89001,89056,55
climbing,89126,89056,89126,70
rearing,89184,89126,89184,58
sniffing,89234,89184,89234,50
rising,89242,89234,89242,8
sniffing,89270,89242,89270,28
hunching,89385,89270,89385,115
sniffing,89478,89385,89478,93
rising,89500,89478,89500,22
climbing,89551,89500,89551,51
sniffing,89571,89551,89571,20
walking,89603,89571,89603,32
rising,89642,89603,89642,39
left_turning,89680,89642,89680,38
walking,89712,89680,89712,32
stepping,89713,89712,89713,1
walking,89778,89713,89778,65
sniffing,89845,89778,89845,67
rising,89846,89845,89846,1
walking,89884,89846,89884,38
trotting,89895,89884,89895,11
sniffing,89931,89895,89931,36
walking,89988,89931,89988,57
stepping,89998,89988,89998,10
rearing,90133,89998,90133,135
climbing,90178,90133,90178,45
right_turning,90179,90178,90179,1
trotting,90197,90179,90197,18
stepping,90228,90197,90228,31
climbing,90241,90228,90241,13
walking,90255,90241,90255,14
left_turning,90314,90255,90314,59
walking,90332,90314,90332,18
climbing,90373,90332,90373,41
rising,90374,90373,90374,1
rearing,90421,90374,90421,47
rising,90464,90421,90464,43
rearing,90515,90464,90515,51
stepping,90550,90515,90550,35
right_turning,90551,90550,90551,1
trotting,90593,90551,90593,42
rising,90604,90593,90604,11
climbing,90629,90604,90629,25
stepping,90630,90629,90630,1
sniffing,90664,90630,90664,34
grooming,91013,90664,91013,349
rearing,91126,91013,91126,113
sniffing,91173,91126,91173,47
climbing,91245,91173,91245,72
rising,91246,91245,91246,1
climbing,91272,91246,91272,26
rising,91276,91272,91276,4
right_turning,91279,91276,91279,3
rising,91311,91279,91311,32
sniffing,91312,91311,91312,1
pausing,91438,91312,91438,126
sniffing,91439,91438,91439,1
rearing,91444,91439,91444,5
grooming,91712,91444,91712,268
climbing,91749,91712,91749,37
sniffing,91818,91749,91818,69
rising,91835,91818,91835,17
climbing,91861,91835,91861,26
rising,91912,91861,91912,51
sniffing,91923,91912,91923,11
walking,91924,91923,91924,1
left_turning,91944,91924,91944,20
sniffing,91945,91944,91945,1
walking,91968,91945,91968,23
rearing,92129,91968,92129,161
rising,92139,92129,92139,10
hunching,92198,92139,92198,59
climbing,92241,92198,92241,43
sniffing,92335,92241,92335,94
grooming,92498,92335,92498,163
rising,92502,92498,92502,4
sniffing,92503,92502,92503,1
rising,92538,92503,92538,35
climbing,92616,92538,92616,78
rearing,92690,92616,92690,74
climbing,92720,92690,92720,30
walking,92721,92720,92721,1
left_turning,92735,92721,92735,14
sniffing,92817,92735,92817,82
rising,92866,92817,92866,49
climbing,92933,92866,92933,67
left_turning,93048,92933,93048,115
walking,93067,93048,93067,19
climbing,93111,93067,93111,44
grooming,93379,93111,93379,268
sniffing,93419,93379,93419,40
left_turning,93443,93419,93443,24
stepping,93459,93443,93459,16
walking,93476,93459,93476,17
left_turning,93584,93476,93584,108
sniffing,93623,93584,93623,39
climbing,93774,93623,93774,151
rearing,93886,93774,93886,112
walking,93953,93886,93953,67
left_turning,93991,93953,93991,38
trotting,94005,93991,94005,14
sniffing,94029,94005,94029,24
rising,94071,94029,94071,42
grooming,94072,94071,94072,1
sniffing,94073,94072,94073,1
walking,94097,94073,94097,24
sniffing,94098,94097,94098,1
rising,94149,94098,94149,51
sniffing,94179,94149,94179,30
stepping,94202,94179,94202,23
sniffing,94237,94202,94237,35
trotting,94295,94237,94295,58
rising,94296,94295,94296,1
climbing,94331,94296,94331,35
sniffing,94505,94331,94505,174
left_turning,94535,94505,94535,30
sniffing,94539,94535,94539,4
walking,94593,94539,94593,54
sniffing,94594,94593,94594,1
rising,94646,94594,94646,52
climbing,94649,94646,94649,3
sniffing,94651,94649,94651,2
walking,94652,94651,94652,1
stepping,94657,94652,94657,5
left_turning,94699,94657,94699,42
walking,94761,94699,94761,62
rising,94762,94761,94762,1
sniffing,94763,94762,94763,1
left_turning,94793,94763,94793,30
stepping,94794,94793,94794,1
climbing,94857,94794,94857,63
rearing,94858,94857,94858,1
trotting,94867,94858,94867,9
sniffing,94928,94867,94928,61
right_turning,94946,94928,94946,18
walking,95020,94946,95020,74
sniffing,95221,95020,95221,201
climbing,95229,95221,95229,8
sniffing,95268,95229,95268,39
walking,95319,95268,95319,51
jumping,95458,95319,95458,139
rising,95484,95458,95484,26
sniffing,95518,95484,95518,34
rearing,95519,95518,95519,1
walking,95602,95519,95602,83
left_turning,95623,95602,95623,21
rising,95627,95623,95627,4
sniffing,95659,95627,95659,32
walking,95684,95659,95684,25
trotting,95730,95684,95730,46
left_turning,95799,95730,95799,69
walking,95838,95799,95838,39
sniffing,95941,95838,95941,103
climbing,95971,95941,95971,30
right_turning,95986,95971,95986,15
trotting,96003,95986,96003,17
rising,96004,96003,96004,1
hunching,96048,96004,96048,44
sniffing,96139,96048,96139,91
walking,96167,96139,96167,28
sniffing,96168,96167,96168,1
climbing,96198,96168,96198,30
right_turning,96203,96198,96203,5
walking,96251,96203,96251,48
sniffing,96332,96251,96332,81
climbing,96355,96332,96355,23
walking,96406,96355,96406,51
rising,96443,96406,96443,37
walking,96444,96443,96444,1
sniffing,96493,96444,96493,49
walking,96527,96493,96527,34
sniffing,96544,96527,96544,17
rising,96548,96544,96548,4
climbing,96549,96548,96549,1
left_turning,96578,96549,96578,29
walking,96585,96578,96585,7
left_turning,96623,96585,96623,38
walking,96656,96623,96656,33
sniffing,96744,96656,96744,88
rising,96781,96744,96781,37
climbing,96792,96781,96792,11
walking,96807,96792,96807,15
stepping,96886,96807,96886,79
sniffing,96934,96886,96934,48
left_turning,96946,96934,96946,12
stepping,97020,96946,97020,74
right_turning,97041,97020,97041,21
walking,97094,97041,97094,53
sniffing,97120,97094,97120,26
climbing,97136,97120,97136,16
left_turning,97137,97136,97137,1
stepping,97173,97137,97173,36
sniffing,97174,97173,97174,1
left_turning,97175,97174,97175,1
climbing,97261,97175,97261,86
trotting,97314,97261,97314,53
sniffing,97343,97314,97343,29
left_turning,97394,97343,97394,51
trotting,97412,97394,97412,18
rising,97487,97412,97487,75
climbing,97589,97487,97589,102
rearing,97654,97589,97654,65
rising,97655,97654,97655,1
walking,97684,97655,97684,29
climbing,97702,97684,97702,18
sniffing,97810,97702,97810,108
rising,97855,97810,97855,45
sniffing,97876,97855,97876,21
walking,97893,97876,97893,17
rising,97894,97893,97894,1
sniffing,98065,97894,98065,171
rising,98066,98065,98066,1
walking,98078,98066,98078,12
sniffing,98134,98078,98134,56
climbing,98235,98134,98235,101
walking,98254,98235,98254,19
hunching,98255,98254,98255,1
rising,98294,98255,98294,39
climbing,98314,98294,98314,20
sniffing,98473,98314,98473,159
stepping,98489,98473,98489,16
sniffing,98490,98489,98490,1
walking,98506,98490,98506,16
stepping,98529,98506,98529,23
sniffing,98709,98529,98709,180
walking,98756,98709,98756,47
running,98797,98756,98797,41
sniffing,98818,98797,98818,21
walking,98874,98818,98874,56
rising,98904,98874,98904,30
left_turning,98938,98904,98938,34
sniffing,98948,98938,98948,10
climbing,99001,98948,99001,53
grooming,99243,99001,99243,242
rearing,99284,99243,99284,41
climbing,99363,99284,99363,79
walking,99382,99363,99382,19
sniffing,99433,99382,99433,51
climbing,99485,99433,99485,52
rising,99486,99485,99486,1
climbing,99500,99486,99500,14
sniffing,99501,99500,99501,1
climbing,99536,99501,99536,35
rearing,99639,99536,99639,103
rising,99710,99639,99710,71
sniffing,99714,99710,99714,4
rising,99754,99714,99754,40
climbing,99761,99754,99761,7
sniffing,99762,99761,99762,1
rising,99763,99762,99763,1
climbing,99764,99763,99764,1
walking,99827,99764,99827,63
left_turning,99879,99827,99879,52
sniffing,99924,99879,99924,45
rising,99935,99924,99935,11
walking,99939,99935,99939,4
climbing,99940,99939,99940,1
rearing,100060,99940,100060,120
sniffing,100061,100060,100061,1
left_turning,100072,100061,100072,11
walking,100100,100072,100100,28
rising,100101,100100,100101,1
climbing,100102,100101,100102,1
walking,100142,100102,100142,40
stepping,100172,100142,100172,30
sniffing,100173,100172,100173,1
rising,100174,100173,100174,1
hunching,100175,100174,100175,1
rising,100208,100175,100208,33
rearing,100209,100208,100209,1
sniffing,100306,100209,100306,97
pausing,100307,100306,100307,1
sniffing,100308,100307,100308,1
hunching,100309,100308,100309,1
rising,100387,100309,100387,78
rearing,100441,100387,100441,54
rising,100482,100441,100482,41
sniffing,100483,100482,100483,1
rising,100508,100483,100508,25
left_turning,100509,100508,100509,1
running,100533,100509,100533,24
trotting,100542,100533,100542,9
stepping,100547,100542,100547,5
walking,100582,100547,100582,35
sniffing,100601,100582,100601,19
rising,100602,100601,100602,1
rearing,100606,100602,100606,4
rising,100612,100606,100612,6
sniffing,100716,100612,100716,104
rearing,100767,100716,100767,51
climbing,100768,100767,100768,1
rearing,100769,100768,100769,1
grooming,100770,100769,100770,1
rising,100771,100770,100771,1
trotting,100815,100771,100815,44
sniffing,100856,100815,100856,41
left_turning,100959,100856,100959,103
sniffing,101024,100959,101024,65
walking,101030,101024,101030,6
left_turning,101066,101030,101066,36
sniffing,101067,101066,101067,1
left_turning,101096,101067,101096,29
sniffing,101097,101096,101097,1
rising,101104,101097,101104,7
rearing,101202,101104,101202,98
hunching,101262,101202,101262,60
rearing,101291,101262,101291,29
grooming,101570,101291,101570,279
sniffing,101646,101570,101646,76
left_turning,101647,101646,101647,1
walking,101651,101647,101651,4
climbing,101654,101651,101654,3
rearing,101657,101654,101657,3
grooming,101720,101657,101720,63
walking,101761,101720,101761,41
rising,101820,101761,101820,59
sniffing,101953,101820,101953,133
rearing,101954,101953,101954,1
grooming,101997,101954,101997,43
rearing,102029,101997,102029,32
sniffing,102074,102029,102074,45
stepping,102144,102074,102144,70
sniffing,102156,102144,102156,12
walking,102166,102156,102166,10
left_turning,102167,102166,102167,1
walking,102189,102167,102189,22
sniffing,102210,102189,102210,21
walking,102216,102210,102216,6
climbing,102245,102216,102245,29
rising,102283,102245,102283,38
grooming,102630,102283,102630,347
rearing,102704,102630,102704,74
left_turning,102788,102704,102788,84
stepping,102855,102788,102855,67
sniffing,102989,102855,102989,134
rising,103023,102989,103023,34
sniffing,103024,103023,103024,1
walking,103059,103024,103059,35
trotting,103088,103059,103088,29
sniffing,103100,103088,103100,12
climbing,103108,103100,103108,8
walking,103160,103108,103160,52
climbing,103236,103160,103236,76
rearing,103361,103236,103361,125
grooming,103696,103361,103696,335
climbing,103737,103696,103737,41
walking,103798,103737,103798,61
sniffing,103802,103798,103802,4
pausing,103803,103802,103803,1
sniffing,103896,103803,103896,93
rising,103913,103896,103913,17
climbing,104023,103913,104023,110
rising,104059,104023,104059,36
hunching,104170,104059,104170,111
sniffing,104171,104170,104171,1
rising,104198,104171,104198,27
sniffing,104199,104198,104199,1
rising,104226,104199,104226,27
climbing,104315,104226,104315,89
rearing,104362,104315,104362,47
grooming,104519,104362,104519,157
hunching,104520,104519,104520,1
sniffing,104587,104520,104587,67
climbing,104602,104587,104602,15
stepping,104603,104602,104603,1
left_turning,104669,104603,104669,66
sniffing,104723,104669,104723,54
climbing,104820,104723,104820,97
sniffing,104904,104820,104904,84
right_turning,104923,104904,104923,19
walking,104963,104923,104963,40
rising,105117,104963,105117,154
climbing,105223,105117,105223,106
rearing,105224,105223,105224,1
grooming,105225,105224,105225,1
climbing,105226,105225,105226,1
right_turning,105252,105226,105252,26
rearing,105341,105252,105341,89
grooming,105877,105341,105877,536
walking,105914,105877,105914,37
sniffing,105962,105914,105962,48
walking,106013,105962,106013,51
left_turning,106025,106013,106025,12
running,106039,106025,106039,14
sniffing,106058,106039,106058,19
rising,106077,106058,106077,19
walking,106109,106077,106109,32
rising,106154,106109,106154,45
sniffing,106155,106154,106155,1
grooming,106404,106155,106404,249
climbing,106489,106404,106489,85
walking,106524,106489,106524,35
climbing,106561,106524,106561,37
rearing,106664,106561,106664,103
rising,106665,106664,106665,1
sniffing,106760,106665,106760,95
grooming,106761,106760,106761,1
right_turning,106796,106761,106796,35
walking,106820,106796,106820,24
stepping,106862,106820,106862,42
sniffing,106863,106862,106863,1
right_turning,106875,106863,106875,12
walking,106878,106875,106878,3
trotting,106879,106878,106879,1
sniffing,106898,106879,106898,19
rising,106948,106898,106948,50
sniffing,106959,106948,106959,11
rising,107092,106959,107092,133
climbing,107118,107092,107118,26
rising,107126,107118,107126,8
sniffing,107186,107126,107186,60
hunching,107198,107186,107198,12
grooming,107199,107198,107199,1
sniffing,107261,107199,107261,62
left_turning,107363,107261,107363,102
walking,107377,107363,107377,14
trotting,107402,107377,107402,25
walking,107423,107402,107423,21
sniffing,107511,107423,107511,88
trotting,107529,107511,107529,18
stepping,107533,107529,107533,4
sniffing,107643,107533,107643,110
pausing,107644,107643,107644,1
sniffing,107700,107644,107700,56
trotting,107726,107700,107726,26
sniffing,107767,107726,107767,41
hunching,107796,107767,107796,29
walking,107848,107796,107848,52
stepping,107889,107848,107889,41
sniffing,107918,107889,107918,29
stepping,107954,107918,107954,36
walking,107993,107954,107993,39
rearing,108000,107993,108000,7
