revised_movement_label,segBoundary,segBoundary_start,segBoundary_end,length
walking,24,0,24,24
trotting,52,24,52,28
stepping,65,52,65,13
walking,66,65,66,1
sniffing,131,66,131,65
walking,154,131,154,23
sniffing,155,154,155,1
grooming,156,155,156,1
sniffing,225,156,225,69
walking,255,225,255,30
climbing,298,255,298,43
sniffing,309,298,309,11
right_turning,326,309,326,17
walking,414,326,414,88
sniffing,449,414,449,35
walking,461,449,461,12
rising,462,461,462,1
sniffing,496,462,496,34
walking,541,496,541,45
sniffing,577,541,577,36
walking,648,577,648,71
sniffing,660,648,660,12
climbing,695,660,695,35
sniffing,696,695,696,1
walking,697,696,697,1
trotting,720,697,720,23
climbing,765,720,765,45
walking,790,765,790,25
sniffing,881,790,881,91
climbing,941,881,941,60
rearing,942,941,942,1
grooming,943,942,943,1
rearing,1071,943,1071,128
grooming,1088,1071,1088,17
climbing,1154,1088,1154,66
walking,1208,1154,1208,54
left_turning,1209,1208,1209,1
walking,1231,1209,1231,22
sniffing,1383,1231,1383,152
running,1420,1383,1420,37
sniffing,1462,1420,1462,42
left_turning,1501,1462,1501,39
running,1505,1501,1505,4
trotting,1540,1505,1540,35
walking,1589,1540,1589,49
rising,1680,1589,1680,91
left_turning,1712,1680,1712,32
climbing,1741,1712,1741,29
rising,1742,1741,1742,1
rearing,1866,1742,1866,124
sniffing,1882,1866,1882,16
rearing,1926,1882,1926,44
left_turning,1927,1926,1927,1
sniffing,2033,1927,2033,106
walking,2034,2033,2034,1
sniffing,2087,2034,2087,53
rising,2088,2087,2088,1
left_turning,2126,2088,2126,38
sniffing,2184,2126,2184,58
left_turning,2206,2184,2206,22
sniffing,2315,2206,2315,109
walking,2390,2315,2390,75
stepping,2402,2390,2402,12
climbing,2409,2402,2409,7
walking,2447,2409,2447,38
sniffing,2476,2447,2476,29
rising,2506,2476,2506,30
left_turning,2533,2506,2533,27
walking,2534,2533,2534,1
climbing,2577,2534,2577,43
rising,2578,2577,2578,1
walking,2594,2578,2594,16
sniffing,2656,2594,2656,62
walking,2723,2656,2723,67
sniffing,2873,2723,2873,150
walking,2927,2873,2927,54
left_turning,2957,2927,2957,30
walking,2982,2957,2982,25
left_turning,3025,2982,3025,43
walking,3029,3025,3029,4
sniffing,3030,3029,3030,1
rising,3069,3030,3069,39
trotting,3070,3069,3070,1
sniffing,3220,3070,3220,150
climbing,3245,3220,3245,25
walking,3246,3245,3246,1
hunching,3266,3246,3266,20
rearing,3395,3266,3395,129
left_turning,3427,3395,3427,32
sniffing,3442,3427,3442,15
rearing,3443,3442,3443,1
climbing,3460,3443,3460,17
walking,3461,3460,3461,1
right_turning,3484,3461,3484,23
running,3487,3484,3487,3
walking,3555,3487,3555,68
left_turning,3597,3555,3597,42
walking,3648,3597,3648,51
sniffing,3649,3648,3649,1
walking,3688,3649,3688,39
sniffing,3731,3688,3731,43
climbing,3766,3731,3766,35
walking,3798,3766,3798,32
climbing,3841,3798,3841,43
walking,3869,3841,3869,28
sniffing,3889,3869,3889,20
left_turning,3901,3889,3901,12
walking,3955,3901,3955,54
trotting,3994,3955,3994,39
climbing,4020,3994,4020,26
rearing,4124,4020,4124,104
sniffing,4151,4124,4151,27
trotting,4175,4151,4175,24
walking,4200,4175,4200,25
sniffing,4212,4200,4212,12
walking,4258,4212,4258,46
sniffing,4259,4258,4259,1
climbing,4272,4259,4272,13
running,4297,4272,4297,25
rising,4351,4297,4351,54
left_turning,4390,4351,4390,39
sniffing,4391,4390,4391,1
rising,4460,4391,4460,69
right_turning,4476,4460,4476,16
walking,4529,4476,4529,53
sniffing,4532,4529,4532,3
climbing,4572,4532,4572,40
walking,4613,4572,4613,41
sniffing,4698,4613,4698,85
climbing,4763,4698,4763,65
sniffing,4857,4763,4857,94
walking,4897,4857,4897,40
rising,5342,4897,5342,445
sniffing,5398,5342,5398,56
trotting,5425,5398,5425,27
walking,5433,5425,5433,8
sniffing,5455,5433,5455,22
right_turning,5471,5455,5471,16
walking,5482,5471,5482,11
sniffing,5511,5482,5511,29
right_turning,5541,5511,5541,30
trotting,5572,5541,5572,31
sniffing,5573,5572,5573,1
climbing,5596,5573,5596,23
walking,5614,5596,5614,18
climbing,5669,5614,5669,55
sniffing,5677,5669,5677,8
climbing,5725,5677,5725,48
rising,5726,5725,5726,1
walking,5731,5726,5731,5
sniffing,5815,5731,5815,84
left_turning,5835,5815,5835,20
trotting,5846,5835,5846,11
left_turning,5881,5846,5881,35
sniffing,5882,5881,5882,1
left_turning,5910,5882,5910,28
sniffing,5966,5910,5966,56
walking,6047,5966,6047,81
climbing,6099,6047,6099,52
sniffing,6436,6099,6436,337
rising,6492,6436,6492,56
sniffing,6566,6492,6566,74
walking,6659,6566,6659,93
rising,6686,6659,6686,27
climbing,6720,6686,6720,34
walking,6741,6720,6741,21
rising,6799,6741,6799,58
climbing,6815,6799,6815,16
walking,6816,6815,6816,1
sniffing,6869,6816,6869,53
hunching,6906,6869,6906,37
sniffing,6999,6906,6999,93
climbing,7040,6999,7040,41
trotting,7074,7040,7074,34
walking,7095,7074,7095,21
sniffing,7151,7095,7151,56
left_turning,7155,7151,7155,4
rising,7268,7155,7268,113
climbing,7290,7268,7290,22
rearing,7306,7290,7306,16
sniffing,7318,7306,7318,12
rising,7319,7318,7319,1
climbing,7341,7319,7341,22
left_turning,7342,7341,7342,1
walking,7371,7342,7371,29
climbing,7417,7371,7417,46
walking,7447,7417,7447,30
sniffing,7475,7447,7475,28
walking,7562,7475,7562,87
climbing,7623,7562,7623,61
sniffing,7756,7623,7756,133
left_turning,7802,7756,7802,46
rising,7859,7802,7859,57
sniffing,7941,7859,7941,82
stepping,7999,7941,7999,58
climbing,8044,7999,8044,45
rearing,8072,8044,8072,28
walking,8073,8072,8073,1
running,8099,8073,8099,26
right_turning,8100,8099,8100,1
left_turning,8129,8100,8129,29
walking,8222,8129,8222,93
trotting,8263,8222,8263,41
walking,8313,8263,8313,50
rising,8314,8313,8314,1
walking,8315,8314,8315,1
sniffing,8364,8315,8364,49
walking,8384,8364,8384,20
sniffing,8406,8384,8406,22
rising,8419,8406,8419,13
climbing,8459,8419,8459,40
sniffing,8464,8459,8464,5
rising,8465,8464,8465,1
grooming,8533,8465,8533,68
walking,8560,8533,8560,27
sniffing,8596,8560,8596,36
walking,8649,8596,8649,53
sniffing,8710,8649,8710,61
walking,8713,8710,8713,3
sniffing,8714,8713,8714,1
left_turning,8804,8714,8804,90
walking,8816,8804,8816,12
sniffing,8877,8816,8877,61
climbing,8905,8877,8905,28
sniffing,8952,8905,8952,47
walking,8977,8952,8977,25
sniffing,8978,8977,8978,1
climbing,9006,8978,9006,28
rising,9009,9006,9009,3
hunching,9014,9009,9014,5
sniffing,9015,9014,9015,1
hunching,9074,9015,9074,59
right_turning,9096,9074,9096,22
walking,9154,9096,9154,58
sniffing,9168,9154,9168,14
stepping,9169,9168,9169,1
rising,9244,9169,9244,75
hunching,9270,9244,9270,26
rearing,9369,9270,9369,99
grooming,9370,9369,9370,1
sniffing,9415,9370,9415,45
walking,9437,9415,9437,22
trotting,9458,9437,9458,21
sniffing,9503,9458,9503,45
walking,9540,9503,9540,37
trotting,9565,9540,9565,25
sniffing,9568,9565,9568,3
walking,9619,9568,9619,51
rearing,9620,9619,9620,1
sniffing,9676,9620,9676,56
rising,9747,9676,9747,71
rearing,9795,9747,9795,48
rising,9850,9795,9850,55
climbing,9919,9850,9919,69
rising,9950,9919,9950,31
sniffing,10070,9950,10070,120
walking,10121,10070,10121,51
sniffing,10202,10121,10202,81
trotting,10218,10202,10218,16
sniffing,10264,10218,10264,46
stepping,10270,10264,10270,6
sniffing,10271,10270,10271,1
climbing,10343,10271,10343,72
rising,10355,10343,10355,12
climbing,10425,10355,10425,70
walking,10456,10425,10456,31
right_turning,10458,10456,10458,2
sniffing,10514,10458,10514,56
rising,10538,10514,10538,24
left_turning,10563,10538,10563,25
sniffing,10571,10563,10571,8
stepping,10625,10571,10625,54
climbing,10669,10625,10669,44
rising,10670,10669,10670,1
climbing,10695,10670,10695,25
sniffing,10737,10695,10737,42
right_turning,10743,10737,10743,6
trotting,10744,10743,10744,1
running,10753,10744,10753,9
walking,10778,10753,10778,25
stepping,10835,10778,10835,57
sniffing,11002,10835,11002,167
walking,11003,11002,11003,1
sniffing,11126,11003,11126,123
walking,11208,11126,11208,82
sniffing,11209,11208,11209,1
right_turning,11219,11209,11219,10
stepping,11264,11219,11264,45
sniffing,11266,11264,11266,2
hunching,11356,11266,11356,90
rearing,11395,11356,11395,39
sniffing,11495,11395,11495,100
rising,11537,11495,11537,42
walking,11580,11537,11580,43
right_turning,11581,11580,11581,1
walking,11582,11581,11582,1
rising,11688,11582,11688,106
climbing,11710,11688,11710,22
rising,11806,11710,11806,96
sniffing,11818,11806,11818,12
left_turning,11843,11818,11843,25
sniffing,11911,11843,11911,68
climbing,11956,11911,11956,45
left_turning,11957,11956,11957,1
sniffing,12003,11957,12003,46
right_turning,12005,12003,12005,2
rising,12037,12005,12037,32
sniffing,12085,12037,12085,48
walking,12086,12085,12086,1
sniffing,12183,12086,12183,97
walking,12303,12183,12303,120
sniffing,12377,12303,12377,74
walking,12394,12377,12394,17
rising,12473,12394,12473,79
climbing,12485,12473,12485,12
sniffing,12532,12485,12532,47
rearing,12533,12532,12533,1
climbing,12560,12533,12560,27
sniffing,12561,12560,12561,1
hunching,12589,12561,12589,28
climbing,12634,12589,12634,45
rearing,12646,12634,12646,12
walking,12678,12646,12678,32
sniffing,12714,12678,12714,36
climbing,12761,12714,12761,47
sniffing,12762,12761,12762,1
walking,12764,12762,12764,2
rising,12765,12764,12765,1
climbing,12832,12765,12832,67
rising,12858,12832,12858,26
sniffing,12901,12858,12901,43
right_turning,12902,12901,12902,1
walking,12985,12902,12985,83
sniffing,13051,12985,13051,66
climbing,13067,13051,13067,16
left_turning,13127,13067,13127,60
walking,13139,13127,13139,12
rising,13140,13139,13140,1
climbing,13187,13140,13187,47
rising,13188,13187,13188,1
rearing,13372,13188,13372,184
rising,13438,13372,13438,66
grooming,13518,13438,13518,80
climbing,13589,13518,13589,71
left_turning,13590,13589,13590,1
walking,13591,13590,13591,1
sniffing,13622,13591,13622,31
walking,13625,13622,13625,3
sniffing,13650,13625,13650,25
climbing,13651,13650,13651,1
sniffing,13652,13651,13652,1
rising,13713,13652,13713,61
sniffing,13744,13713,13744,31
rising,13818,13744,13818,74
climbing,13876,13818,13876,58
rising,13898,13876,13898,22
walking,13922,13898,13922,24
left_turning,13931,13922,13931,9
sniffing,13967,13931,13967,36
walking,13973,13967,13973,6
sniffing,14004,13973,14004,31
climbing,14037,14004,14037,33
sniffing,14142,14037,14142,105
stepping,14165,14142,14165,23
rising,14167,14165,14167,2
climbing,14206,14167,14206,39
sniffing,14228,14206,14228,22
climbing,14268,14228,14268,40
right_turning,14273,14268,14273,5
running,14316,14273,14316,43
walking,14332,14316,14332,16
sniffing,14362,14332,14362,30
right_turning,14388,14362,14388,26
sniffing,14389,14388,14389,1
walking,14390,14389,14390,1
sniffing,14393,14390,14393,3
walking,14425,14393,14425,32
sniffing,14455,14425,14455,30
trotting,14509,14455,14509,54
rising,14624,14509,14624,115
climbing,14651,14624,14651,27
trotting,14679,14651,14679,28
left_turning,14687,14679,14687,8
walking,14734,14687,14734,47
climbing,14764,14734,14764,30
sniffing,14869,14764,14869,105
rising,15008,14869,15008,139
right_turning,15009,15008,15009,1
stepping,15040,15009,15040,31
sniffing,15041,15040,15041,1
climbing,15124,15041,15124,83
right_turning,15158,15124,15158,34
walking,15200,15158,15200,42
rising,15281,15200,15281,81
climbing,15393,15281,15393,112
rearing,15394,15393,15394,1
walking,15396,15394,15396,2
sniffing,15397,15396,15397,1
walking,15494,15397,15494,97
sniffing,15576,15494,15576,82
left_turning,15597,15576,15597,21
rising,15614,15597,15614,17
climbing,15631,15614,15631,17
sniffing,15665,15631,15665,34
rising,15713,15665,15713,48
sniffing,15734,15713,15734,21
left_turning,15762,15734,15762,28
rearing,15832,15762,15832,70
climbing,15883,15832,15883,51
rising,15895,15883,15895,12
climbing,15958,15895,15958,63
trotting,15995,15958,15995,37
walking,16051,15995,16051,56
sniffing,16081,16051,16081,30
rising,16084,16081,16084,3
stepping,16138,16084,16138,54
rising,16215,16138,16215,77
climbing,16228,16215,16228,13
rising,16229,16228,16229,1
sniffing,16381,16229,16381,152
right_turning,16411,16381,16411,30
walking,16487,16411,16487,76
sniffing,16488,16487,16488,1
rising,16502,16488,16502,14
climbing,16586,16502,16586,84
left_turning,16607,16586,16607,21
walking,16608,16607,16608,1
rising,16609,16608,16609,1
walking,16626,16609,16626,17
sniffing,16627,16626,16627,1
left_turning,16671,16627,16671,44
sniffing,16698,16671,16698,27
stepping,16700,16698,16700,2
right_turning,16740,16700,16740,40
sniffing,16782,16740,16782,42
climbing,16802,16782,16802,20
rearing,16803,16802,16803,1
rising,16921,16803,16921,118
sniffing,17030,16921,17030,109
running,17046,17030,17046,16
sniffing,17151,17046,17151,105
rising,17254,17151,17254,103
climbing,17291,17254,17291,37
rearing,17327,17291,17327,36
rising,17335,17327,17335,8
climbing,17384,17335,17384,49
sniffing,17424,17384,17424,40
walking,17470,17424,17470,46
left_turning,17496,17470,17496,26
trotting,17513,17496,17513,17
walking,17565,17513,17565,52
left_turning,17566,17565,17566,1
walking,17622,17566,17622,56
right_turning,17638,17622,17638,16
sniffing,17672,17638,17672,34
rising,17727,17672,17727,55
hunching,17728,17727,17728,1
walking,17729,17728,17729,1
rising,17776,17729,17776,47
walking,17815,17776,17815,39
left_turning,17838,17815,17838,23
rising,17839,17838,17839,1
left_turning,17883,17839,17883,44
sniffing,18100,17883,18100,217
right_turning,18108,18100,18108,8
walking,18137,18108,18137,29
sniffing,18182,18137,18182,45
walking,18197,18182,18197,15
rising,18198,18197,18198,1
sniffing,18213,18198,18213,15
rising,18242,18213,18242,29
walking,18276,18242,18276,34
sniffing,18277,18276,18277,1
walking,18314,18277,18314,37
sniffing,18319,18314,18319,5
grooming,18320,18319,18320,1
climbing,18388,18320,18388,68
right_turning,18439,18388,18439,51
climbing,18466,18439,18466,27
trotting,18484,18466,18484,18
walking,18511,18484,18511,27
climbing,18586,18511,18586,75
rearing,18627,18586,18627,41
sniffing,18679,18627,18679,52
rising,18680,18679,18680,1
grooming,18805,18680,18805,125
rising,18806,18805,18806,1
hunching,18807,18806,18807,1
climbing,18867,18807,18867,60
rearing,18868,18867,18868,1
walking,18899,18868,18899,31
sniffing,18970,18899,18970,71
trotting,18973,18970,18973,3
sniffing,18974,18973,18974,1
rising,19051,18974,19051,77
stepping,19073,19051,19073,22
trotting,19105,19073,19105,32
walking,19109,19105,19109,4
sniffing,19147,19109,19147,38
walking,19182,19147,19182,35
climbing,19239,19182,19239,57
trotting,19247,19239,19247,8
sniffing,19305,19247,19305,58
left_turning,19317,19305,19317,12
rising,19318,19317,19318,1
climbing,19354,19318,19354,36
sniffing,19360,19354,19360,6
grooming,19417,19360,19417,57
rearing,19511,19417,19511,94
climbing,19521,19511,19521,10
left_turning,19631,19521,19631,110
running,19653,19631,19653,22
walking,19719,19653,19719,66
rearing,19725,19719,19725,6
rising,19831,19725,19831,106
climbing,19868,19831,19868,37
rising,19957,19868,19957,89
sniffing,20014,19957,20014,57
trotting,20033,20014,20033,19
stepping,20038,20033,20038,5
sniffing,20056,20038,20056,18
right_turning,20076,20056,20076,20
running,20105,20076,20105,29
sniffing,20194,20105,20194,89
climbing,20244,20194,20244,50
trotting,20287,20244,20287,43
sniffing,20347,20287,20347,60
left_turning,20348,20347,20348,1
walking,20361,20348,20361,13
left_turning,20371,20361,20371,10
trotting,20393,20371,20393,22
rising,20395,20393,20395,2
climbing,20421,20395,20421,26
sniffing,20423,20421,20423,2
rising,20619,20423,20619,196
walking,20658,20619,20658,39
sniffing,20659,20658,20659,1
rising,20723,20659,20723,64
climbing,20831,20723,20831,108
hunching,20907,20831,20907,76
climbing,20972,20907,20972,65
stepping,20973,20972,20973,1
sniffing,20974,20973,20974,1
left_turning,20995,20974,20995,21
walking,21008,20995,21008,13
sniffing,21009,21008,21009,1
right_turning,21010,21009,21010,1
walking,21054,21010,21054,44
rising,21091,21054,21091,37
climbing,21133,21091,21133,42
walking,21169,21133,21169,36
left_turning,21240,21169,21240,71
running,21276,21240,21276,36
walking,21277,21276,21277,1
sniffing,21366,21277,21366,89
rising,21377,21366,21377,11
rearing,21456,21377,21456,79
sniffing,21457,21456,21457,1
climbing,21468,21457,21468,11
walking,21505,21468,21505,37
rising,21570,21505,21570,65
climbing,21631,21570,21631,61
walking,21632,21631,21632,1
climbing,21708,21632,21708,76
grooming,22126,21708,22126,418
hunching,22127,22126,22127,1
climbing,22204,22127,22204,77
rising,22256,22204,22256,52
walking,22298,22256,22298,42
climbing,22366,22298,22366,68
rising,22392,22366,22392,26
climbing,22422,22392,22422,30
walking,22425,22422,22425,3
rising,22477,22425,22477,52
rearing,22509,22477,22509,32
sniffing,22510,22509,22510,1
climbing,22547,22510,22547,37
hunching,22640,22547,22640,93
climbing,22680,22640,22680,40
rearing,22744,22680,22744,64
climbing,22754,22744,22754,10
sniffing,22788,22754,22788,34
walking,22834,22788,22834,46
rearing,22951,22834,22951,117
sniffing,22952,22951,22952,1
left_turning,22987,22952,22987,35
walking,23018,22987,23018,31
sniffing,23019,23018,23019,1
rearing,23094,23019,23094,75
walking,23099,23094,23099,5
right_turning,23106,23099,23106,7
trotting,23142,23106,23142,36
rising,23149,23142,23149,7
sniffing,23202,23149,23202,53
walking,23241,23202,23241,39
sniffing,23325,23241,23325,84
rising,23373,23325,23373,48
sniffing,23374,23373,23374,1
rising,23392,23374,23392,18
walking,23408,23392,23408,16
sniffing,23409,23408,23409,1
grooming,23454,23409,23454,45
rising,23508,23454,23508,54
rearing,23509,23508,23509,1
left_turning,23510,23509,23510,1
walking,23538,23510,23538,28
sniffing,23604,23538,23604,66
walking,23641,23604,23641,37
rising,23702,23641,23702,61
rearing,23910,23702,23910,208
rising,23921,23910,23921,11
grooming,23922,23921,23922,1
rising,23948,23922,23948,26
climbing,24000,23948,24000,52
sniffing,24001,24000,24001,1
rising,24070,24001,24070,69
climbing,24128,24070,24128,58
rearing,24129,24128,24129,1
rising,24158,24129,24158,29
sniffing,24176,24158,24176,18
rising,24177,24176,24177,1
walking,24194,24177,24194,17
sniffing,24247,24194,24247,53
right_turning,24263,24247,24263,16
sniffing,24264,24263,24264,1
rearing,24272,24264,24272,8
sniffing,24377,24272,24377,105
walking,24462,24377,24462,85
left_turning,24463,24462,24463,1
sniffing,24505,24463,24505,42
rising,24596,24505,24596,91
walking,24625,24596,24625,29
left_turning,24680,24625,24680,55
sniffing,24724,24680,24724,44
rising,24755,24724,24755,31
rearing,24756,24755,24756,1
sniffing,24757,24756,24757,1
left_turning,24791,24757,24791,34
walking,24816,24791,24816,25
sniffing,24902,24816,24902,86
hunching,24931,24902,24931,29
sniffing,24988,24931,24988,57
right_turning,25033,24988,25033,45
hunching,25082,25033,25082,49
rearing,25098,25082,25098,16
rising,25120,25098,25120,22
climbing,25194,25120,25194,74
trotting,25235,25194,25235,41
left_turning,25270,25235,25270,35
trotting,25278,25270,25278,8
sniffing,25302,25278,25302,24
rising,25310,25302,25310,8
sniffing,25311,25310,25311,1
rising,25360,25311,25360,49
climbing,25361,25360,25361,1
trotting,25398,25361,25398,37
rising,25399,25398,25399,1
climbing,25421,25399,25421,22
rising,25463,25421,25463,42
walking,25506,25463,25506,43
sniffing,25608,25506,25608,102
walking,25631,25608,25631,23
sniffing,25695,25631,25695,64
rising,25696,25695,25696,1
grooming,25923,25696,25923,227
right_turning,25940,25923,25940,17
left_turning,25953,25940,25953,13
walking,25980,25953,25980,27
sniffing,26040,25980,26040,60
walking,26082,26040,26082,42
sniffing,26092,26082,26092,10
rising,26132,26092,26132,40
climbing,26157,26132,26157,25
rearing,26205,26157,26205,48
climbing,26271,26205,26271,66
sniffing,26296,26271,26296,25
pausing,26297,26296,26297,1
sniffing,26335,26297,26335,38
walking,26369,26335,26369,34
left_turning,26388,26369,26388,19
trotting,26438,26388,26438,50
sniffing,26439,26438,26439,1
climbing,26482,26439,26482,43
sniffing,26485,26482,26485,3
rising,26536,26485,26536,51
climbing,26627,26536,26627,91
sniffing,26628,26627,26628,1
left_turning,26629,26628,26629,1
sniffing,26632,26629,26632,3
trotting,26634,26632,26634,2
rising,26666,26634,26666,32
climbing,26695,26666,26695,29
hunching,26696,26695,26696,1
rising,26752,26696,26752,56
sniffing,26850,26752,26850,98
stepping,26851,26850,26851,1
sniffing,26982,26851,26982,131
rearing,27077,26982,27077,95
sniffing,27081,27077,27081,4
rising,27119,27081,27119,38
sniffing,27172,27119,27172,53
left_turning,27173,27172,27173,1
walking,27221,27173,27221,48
trotting,27230,27221,27230,9
rising,27273,27230,27273,43
trotting,27274,27273,27274,1
walking,27307,27274,27307,33
rising,27379,27307,27379,72
sniffing,27482,27379,27482,103
trotting,27529,27482,27529,47
sniffing,27561,27529,27561,32
climbing,27607,27561,27607,46
rearing,27613,27607,27613,6
walking,27648,27613,27648,35
right_turning,27684,27648,27684,36
walking,27728,27684,27728,44
stepping,27768,27728,27768,40
rising,27769,27768,27769,1
walking,27776,27769,27776,7
trotting,27806,27776,27806,30
sniffing,27878,27806,27878,72
climbing,27936,27878,27936,58
rising,27937,27936,27937,1
climbing,27952,27937,27952,15
rearing,27953,27952,27953,1
rising,27996,27953,27996,43
climbing,28049,27996,28049,53
sniffing,28082,28049,28082,33
walking,28093,28082,28093,11
rising,28094,28093,28094,1
climbing,28118,28094,28118,24
rearing,28119,28118,28119,1
sniffing,28199,28119,28199,80
rising,28200,28199,28200,1
climbing,28250,28200,28250,50
hunching,28315,28250,28315,65
rising,28362,28315,28362,47
rearing,28376,28362,28376,14
walking,28377,28376,28377,1
left_turning,28421,28377,28421,44
trotting,28459,28421,28459,38
sniffing,28574,28459,28574,115
stepping,28594,28574,28594,20
hunching,28693,28594,28693,99
sniffing,28706,28693,28706,13
walking,28751,28706,28751,45
stepping,28834,28751,28834,83
walking,28838,28834,28838,4
climbing,28865,28838,28865,27
rearing,29202,28865,29202,337
rising,29203,29202,29203,1
walking,29248,29203,29248,45
sniffing,29293,29248,29293,45
right_turning,29323,29293,29323,30
stepping,29326,29323,29326,3
walking,29327,29326,29327,1
sniffing,29355,29327,29355,28
rising,29369,29355,29369,14
left_turning,29400,29369,29400,31
sniffing,29405,29400,29405,5
rising,29480,29405,29480,75
rearing,29567,29480,29567,87
sniffing,29569,29567,29569,2
walking,29593,29569,29593,24
sniffing,29619,29593,29619,26
trotting,29659,29619,29659,40
stepping,29677,29659,29677,18
sniffing,29769,29677,29769,92
right_turning,29796,29769,29796,27
left_turning,29844,29796,29844,48
climbing,29927,29844,29927,83
stepping,29962,29927,29962,35
sniffing,29963,29962,29963,1
rising,29984,29963,29984,21
stepping,29985,29984,29985,1
rising,30059,29985,30059,74
right_turning,30075,30059,30075,16
walking,30103,30075,30103,28
climbing,30155,30103,30155,52
grooming,30156,30155,30156,1
rearing,30238,30156,30238,82
sniffing,30239,30238,30239,1
left_turning,30244,30239,30244,5
walking,30245,30244,30245,1
sniffing,30305,30245,30305,60
rising,30306,30305,30306,1
climbing,30324,30306,30324,18
sniffing,30325,30324,30325,1
right_turning,30331,30325,30331,6
hunching,30332,30331,30332,1
right_turning,30374,30332,30374,42
stepping,30383,30374,30383,9
climbing,30484,30383,30484,101
right_turning,30500,30484,30500,16
rising,30501,30500,30501,1
climbing,30553,30501,30553,52
sniffing,30584,30553,30584,31
rising,30650,30584,30650,66
walking,30721,30650,30721,71
sniffing,30722,30721,30722,1
left_turning,30723,30722,30723,1
walking,30750,30723,30750,27
climbing,30757,30750,30757,7
grooming,30863,30757,30863,106
rearing,30864,30863,30864,1
walking,30873,30864,30873,9
stepping,30898,30873,30898,25
rearing,30971,30898,30971,73
right_turning,30992,30971,30992,21
walking,31042,30992,31042,50
sniffing,31061,31042,31061,19
left_turning,31075,31061,31075,14
climbing,31114,31075,31114,39
sniffing,31115,31114,31115,1
stepping,31152,31115,31152,37
walking,31183,31152,31183,31
sniffing,31203,31183,31203,20
stepping,31204,31203,31204,1
sniffing,31286,31204,31286,82
left_turning,31287,31286,31287,1
rising,31288,31287,31288,1
hunching,31649,31288,31649,361
walking,31650,31649,31650,1
stepping,31671,31650,31671,21
right_turning,31695,31671,31695,24
sniffing,31696,31695,31696,1
running,31736,31696,31736,40
walking,31773,31736,31773,37
trotting,31796,31773,31796,23
rising,31850,31796,31850,54
rearing,31997,31850,31997,147
sniffing,32046,31997,32046,49
rearing,32118,32046,32118,72
sniffing,32245,32118,32245,127
rising,32266,32245,32266,21
climbing,32317,32266,32317,51
left_turning,32318,32317,32318,1
walking,32376,32318,32376,58
left_turning,32429,32376,32429,53
trotting,32474,32429,32474,45
sniffing,32524,32474,32524,50
rising,32573,32524,32573,49
rearing,32643,32573,32643,70
walking,32707,32643,32707,64
left_turning,32711,32707,32711,4
running,32741,32711,32741,30
rising,32753,32741,32753,12
rearing,32787,32753,32787,34
climbing,32832,32787,32832,45
right_turning,32843,32832,32843,11
walking,32861,32843,32861,18
stepping,32882,32861,32882,21
rearing,32892,32882,32892,10
grooming,33131,32892,33131,239
sniffing,33132,33131,33132,1
walking,33134,33132,33134,2
sniffing,33208,33134,33208,74
grooming,33345,33208,33345,137
hunching,33346,33345,33346,1
rearing,33347,33346,33347,1
rising,33373,33347,33373,26
left_turning,33374,33373,33374,1
running,33397,33374,33397,23
climbing,33487,33397,33487,90
sniffing,33545,33487,33545,58
rising,33546,33545,33546,1
sniffing,33588,33546,33588,42
rising,33632,33588,33632,44
sniffing,33712,33632,33712,80
left_turning,33784,33712,33784,72
sniffing,33822,33784,33822,38
climbing,33885,33822,33885,63
sniffing,33886,33885,33886,1
running,33918,33886,33918,32
walking,33960,33918,33960,42
sniffing,34024,33960,34024,64
stepping,34025,34024,34025,1
sniffing,34089,34025,34089,64
stepping,34182,34089,34182,93
walking,34229,34182,34229,47
climbing,34271,34229,34271,42
jumping,34309,34271,34309,38
trotting,34342,34309,34342,33
sniffing,34450,34342,34450,108
right_turning,34470,34450,34470,20
trotting,34491,34470,34491,21
sniffing,34509,34491,34509,18
rising,34551,34509,34551,42
climbing,34614,34551,34614,63
rearing,34701,34614,34701,87
walking,34723,34701,34723,22
left_turning,34738,34723,34738,15
rising,34746,34738,34746,8
trotting,34792,34746,34792,46
sniffing,34894,34792,34894,102
left_turning,34895,34894,34895,1
sniffing,34971,34895,34971,76
walking,34975,34971,34975,4
grooming,34976,34975,34976,1
rearing,34982,34976,34982,6
climbing,34983,34982,34983,1
right_turning,34986,34983,34986,3
hunching,35048,34986,35048,62
walking,35057,35048,35057,9
running,35079,35057,35079,22
sniffing,35097,35079,35097,18
rising,35133,35097,35133,36
climbing,35137,35133,35137,4
rising,35216,35137,35216,79
walking,35261,35216,35261,45
rearing,35312,35261,35312,51
sniffing,35437,35312,35437,125
climbing,35456,35437,35456,19
rearing,35540,35456,35540,84
sniffing,35822,35540,35822,282
trotting,35868,35822,35868,46
sniffing,35873,35868,35873,5
walking,35931,35873,35931,58
trotting,35938,35931,35938,7
walking,35959,35938,35959,21
sniffing,35972,35959,35972,13
rising,36080,35972,36080,108
climbing,36088,36080,36088,8
running,36112,36088,36112,24
sniffing,36190,36112,36190,78
walking,36226,36190,36226,36
left_turning,36236,36226,36236,10
sniffing,36237,36236,36237,1
rearing,36238,36237,36238,1
rising,36253,36238,36253,15
grooming,36254,36253,36254,1
right_turning,36279,36254,36279,25
sniffing,36343,36279,36343,64
walking,36358,36343,36358,15
left_turning,36367,36358,36367,9
sniffing,36390,36367,36390,23
rising,36439,36390,36439,49
sniffing,36440,36439,36440,1
walking,36518,36440,36518,78
left_turning,36543,36518,36543,25
rising,36574,36543,36574,31
sniffing,36575,36574,36575,1
rising,36629,36575,36629,54
walking,36679,36629,36679,50
left_turning,36680,36679,36680,1
sniffing,36714,36680,36714,34
climbing,36757,36714,36757,43
rising,36818,36757,36818,61
sniffing,36909,36818,36909,91
stepping,36915,36909,36915,6
walking,36938,36915,36938,23
sniffing,36939,36938,36939,1
climbing,36976,36939,36976,37
hunching,37145,36976,37145,169
climbing,37223,37145,37223,78
rising,37246,37223,37246,23
climbing,37282,37246,37282,36
right_turning,37320,37282,37320,38
climbing,37404,37320,37404,84
right_turning,37431,37404,37431,27
sniffing,37489,37431,37489,58
walking,37505,37489,37505,16
stepping,37555,37505,37555,50
walking,37564,37555,37564,9
sniffing,37595,37564,37595,31
stepping,37615,37595,37615,20
walking,37665,37615,37665,50
sniffing,37726,37665,37726,61
rearing,37727,37726,37727,1
sniffing,37791,37727,37791,64
climbing,37841,37791,37841,50
left_turning,37889,37841,37889,48
sniffing,37925,37889,37925,36
trotting,37968,37925,37968,43
walking,38046,37968,38046,78
sniffing,38068,38046,38068,22
right_turning,38072,38068,38072,4
walking,38099,38072,38099,27
climbing,38142,38099,38142,43
walking,38178,38142,38178,36
sniffing,38253,38178,38253,75
walking,38296,38253,38296,43
climbing,38374,38296,38374,78
walking,38408,38374,38408,34
sniffing,38481,38408,38481,73
walking,38568,38481,38568,87
left_turning,38647,38568,38647,79
sniffing,38733,38647,38733,86
left_turning,38734,38733,38734,1
trotting,38756,38734,38756,22
sniffing,38787,38756,38787,31
walking,38804,38787,38804,17
right_turning,38814,38804,38814,10
walking,38852,38814,38852,38
climbing,38887,38852,38887,35
walking,38912,38887,38912,25
sniffing,38913,38912,38913,1
walking,38922,38913,38922,9
rearing,38953,38922,38953,31
sniffing,38979,38953,38979,26
rising,38993,38979,38993,14
walking,39053,38993,39053,60
rising,39105,39053,39105,52
walking,39121,39105,39121,16
rising,39215,39121,39215,94
sniffing,39216,39215,39216,1
rearing,39217,39216,39217,1
climbing,39261,39217,39261,44
running,39312,39261,39312,51
sniffing,39385,39312,39385,73
rearing,39429,39385,39429,44
left_turning,39430,39429,39430,1
stepping,39464,39430,39464,34
climbing,39567,39464,39567,103
walking,39577,39567,39577,10
sniffing,39644,39577,39644,67
left_turning,39675,39644,39675,31
sniffing,39698,39675,39698,23
rising,39699,39698,39699,1
climbing,39749,39699,39749,50
rearing,39750,39749,39750,1
walking,39767,39750,39767,17
stepping,39805,39767,39805,38
trotting,39806,39805,39806,1
walking,39821,39806,39821,15
rising,39822,39821,39822,1
climbing,39829,39822,39829,7
sniffing,39838,39829,39838,9
rearing,39941,39838,39941,103
walking,39972,39941,39972,31
left_turning,39973,39972,39973,1
trotting,40022,39973,40022,49
walking,40065,40022,40065,43
sniffing,40150,40065,40150,85
right_turning,40166,40150,40166,16
running,40177,40166,40177,11
walking,40221,40177,40221,44
left_turning,40222,40221,40222,1
walking,40260,40222,40260,38
sniffing,40333,40260,40333,73
rising,40358,40333,40358,25
climbing,40378,40358,40378,20
rising,40379,40378,40379,1
walking,40391,40379,40391,12
climbing,40422,40391,40422,31
rearing,40454,40422,40454,32
climbing,40527,40454,40527,73
rearing,40631,40527,40631,104
grooming,40637,40631,40637,6
rearing,40743,40637,40743,106
sniffing,40779,40743,40779,36
stepping,40789,40779,40789,10
walking,40790,40789,40790,1
sniffing,40811,40790,40811,21
right_turning,40850,40811,40850,39
running,40893,40850,40893,43
rising,40905,40893,40905,12
sniffing,40933,40905,40933,28
walking,40961,40933,40961,28
stepping,40976,40961,40976,15
sniffing,41070,40976,41070,94
climbing,41150,41070,41150,80
trotting,41189,41150,41189,39
walking,41204,41189,41204,15
rising,41248,41204,41248,44
climbing,41310,41248,41310,62
sniffing,41364,41310,41364,54
left_turning,41396,41364,41396,32
stepping,41419,41396,41419,23
rising,41446,41419,41446,27
walking,41447,41446,41447,1
running,41460,41447,41460,13
sniffing,41461,41460,41461,1
walking,41496,41461,41496,35
sniffing,41505,41496,41505,9
climbing,41574,41505,41574,69
hunching,41575,41574,41575,1
climbing,41632,41575,41632,57
rising,41678,41632,41678,46
sniffing,41735,41678,41735,57
left_turning,41749,41735,41749,14
walking,41782,41749,41782,33
sniffing,41795,41782,41795,13
right_turning,41828,41795,41828,33
climbing,41898,41828,41898,70
left_turning,41913,41898,41913,15
walking,41928,41913,41928,15
sniffing,41946,41928,41946,18
left_turning,41974,41946,41974,28
sniffing,41975,41974,41975,1
left_turning,41987,41975,41987,12
sniffing,42018,41987,42018,31
walking,42062,42018,42062,44
sniffing,42069,42062,42069,7
rearing,42101,42069,42101,32
climbing,42184,42101,42184,83
rising,42190,42184,42190,6
grooming,42388,42190,42388,198
rearing,42477,42388,42477,89
hunching,42539,42477,42539,62
sniffing,42540,42539,42540,1
rising,42546,42540,42546,6
climbing,42615,42546,42615,69
rising,42659,42615,42659,44
climbing,42688,42659,42688,29
trotting,42709,42688,42709,21
sniffing,42759,42709,42759,50
walking,42783,42759,42783,24
climbing,42822,42783,42822,39
rearing,42858,42822,42858,36
walking,42885,42858,42885,27
sniffing,42891,42885,42891,6
right_turning,42905,42891,42905,14
grooming,42909,42905,42909,4
sniffing,42910,42909,42910,1
rising,42936,42910,42936,26
sniffing,42937,42936,42937,1
walking,42939,42937,42939,2
trotting,42971,42939,42971,32
left_turning,42992,42971,42992,21
sniffing,43117,42992,43117,125
rising,43216,43117,43216,99
sniffing,43280,43216,43280,64
climbing,43312,43280,43312,32
left_turning,43325,43312,43325,13
sniffing,43342,43325,43342,17
grooming,44227,43342,44227,885
rearing,44228,44227,44228,1
sniffing,44250,44228,44250,22
rising,44318,44250,44318,68
walking,44333,44318,44333,15
rising,44619,44333,44619,286
walking,44645,44619,44645,26
stepping,44687,44645,44687,42
sniffing,44715,44687,44715,28
climbing,44752,44715,44752,37
rising,44782,44752,44782,30
sniffing,44783,44782,44783,1
left_turning,44784,44783,44784,1
trotting,44809,44784,44809,25
rising,44865,44809,44865,56
rearing,44917,44865,44917,52
climbing,44941,44917,44941,24
rising,44963,44941,44963,22
left_turning,45010,44963,45010,47
sniffing,45126,45010,45126,116
walking,45156,45126,45156,30
sniffing,45157,45156,45157,1
trotting,45211,45157,45211,54
sniffing,45223,45211,45223,12
climbing,45231,45223,45231,8
rising,45232,45231,45232,1
sniffing,45250,45232,45250,18
pausing,45332,45250,45332,82
sniffing,45395,45332,45395,63
climbing,45462,45395,45462,67
sniffing,45496,45462,45496,34
walking,45513,45496,45513,17
sniffing,45514,45513,45514,1
walking,45554,45514,45554,40
rising,45600,45554,45600,46
right_turning,45644,45600,45644,44
walking,45679,45644,45679,35
rising,45747,45679,45747,68
walking,45786,45747,45786,39
rising,45802,45786,45802,16
stepping,45870,45802,45870,68
walking,45897,45870,45897,27
stepping,45898,45897,45898,1
climbing,45925,45898,45925,27
walking,45930,45925,45930,5
left_turning,45953,45930,45953,23
sniffing,46018,45953,46018,65
walking,46045,46018,46045,27
sniffing,46177,46045,46177,132
climbing,46246,46177,46246,69
grooming,46642,46246,46642,396
sniffing,46678,46642,46678,36
trotting,46694,46678,46694,16
climbing,46737,46694,46737,43
walking,46769,46737,46769,32
stepping,46877,46769,46877,108
sniffing,46901,46877,46901,24
trotting,46926,46901,46926,25
climbing,47003,46926,47003,77
walking,47019,47003,47019,16
sniffing,47032,47019,47032,13
left_turning,47254,47032,47254,222
stepping,47261,47254,47261,7
climbing,47262,47261,47262,1
rearing,47263,47262,47263,1
left_turning,47264,47263,47264,1
sniffing,47316,47264,47316,52
rearing,47422,47316,47422,106
walking,47429,47422,47429,7
climbing,47457,47429,47457,28
walking,47515,47457,47515,58
sniffing,47581,47515,47581,66
trotting,47600,47581,47600,19
rising,47601,47600,47601,1
stepping,47622,47601,47622,21
rising,47669,47622,47669,47
climbing,47682,47669,47682,13
sniffing,47764,47682,47764,82
right_turning,47770,47764,47770,6
sniffing,47840,47770,47840,70
rearing,47906,47840,47906,66
grooming,48161,47906,48161,255
sniffing,48178,48161,48178,17
climbing,48226,48178,48226,48
sniffing,48267,48226,48267,41
rising,48268,48267,48268,1
walking,48319,48268,48319,51
rising,48360,48319,48360,41
stepping,48414,48360,48414,54
sniffing,48555,48414,48555,141
rising,48600,48555,48600,45
walking,48611,48600,48611,11
climbing,48612,48611,48612,1
sniffing,48664,48612,48664,52
rising,48712,48664,48712,48
sniffing,48735,48712,48735,23
rearing,48736,48735,48736,1
rising,48786,48736,48786,50
walking,48787,48786,48787,1
left_turning,48798,48787,48798,11
walking,48799,48798,48799,1
rising,48808,48799,48808,9
climbing,48869,48808,48869,61
sniffing,48949,48869,48949,80
right_turning,48958,48949,48958,9
trotting,48959,48958,48959,1
walking,48978,48959,48978,19
sniffing,49062,48978,49062,84
left_turning,49119,49062,49119,57
sniffing,49206,49119,49206,87
walking,49207,49206,49207,1
stepping,49245,49207,49245,38
walking,49270,49245,49270,25
rising,49409,49270,49409,139
sniffing,49411,49409,49411,2
walking,49422,49411,49422,11
running,49454,49422,49454,32
sniffing,49499,49454,49499,45
trotting,49527,49499,49527,28
rising,49528,49527,49528,1
walking,49579,49528,49579,51
sniffing,49667,49579,49667,88
trotting,49690,49667,49690,23
walking,49691,49690,49691,1
left_turning,49738,49691,49738,47
rising,49796,49738,49796,58
sniffing,49918,49796,49918,122
walking,49919,49918,49919,1
rising,49920,49919,49920,1
right_turning,49961,49920,49961,41
stepping,50013,49961,50013,52
sniffing,50024,50013,50024,11
stepping,50055,50024,50055,31
sniffing,50230,50055,50230,175
trotting,50239,50230,50239,9
walking,50287,50239,50287,48
trotting,50299,50287,50299,12
walking,50332,50299,50332,33
sniffing,50411,50332,50411,79
walking,50465,50411,50465,54
left_turning,50554,50465,50554,89
sniffing,50555,50554,50555,1
rising,50591,50555,50591,36
rearing,50592,50591,50592,1
sniffing,50612,50592,50612,20
climbing,50645,50612,50645,33
rising,50647,50645,50647,2
sniffing,50652,50647,50652,5
hunching,50989,50652,50989,337
grooming,51265,50989,51265,276
sniffing,51266,51265,51266,1
rising,51270,51266,51270,4
climbing,51305,51270,51305,35
sniffing,51335,51305,51335,30
stepping,51378,51335,51378,43
rising,51411,51378,51411,33
trotting,51440,51411,51440,29
sniffing,51448,51440,51448,8
walking,51478,51448,51478,30
running,51525,51478,51525,47
stepping,51548,51525,51548,23
left_turning,51626,51548,51626,78
stepping,51657,51626,51657,31
sniffing,51683,51657,51683,26
rising,51735,51683,51735,52
climbing,51821,51735,51821,86
right_turning,51870,51821,51870,49
sniffing,51897,51870,51897,27
pausing,52089,51897,52089,192
sniffing,52103,52089,52103,14
hunching,52219,52103,52219,116
sniffing,52407,52219,52407,188
rising,52408,52407,52408,1
walking,52409,52408,52409,1
sniffing,52410,52409,52410,1
trotting,52445,52410,52445,35
climbing,52525,52445,52525,80
walking,52554,52525,52554,29
sniffing,52718,52554,52718,164
rising,52719,52718,52719,1
sniffing,52780,52719,52780,61
left_turning,52845,52780,52845,65
running,52870,52845,52870,25
sniffing,52924,52870,52924,54
stepping,52935,52924,52935,11
climbing,52996,52935,52996,61
rising,53075,52996,53075,79
rearing,53163,53075,53163,88
grooming,53804,53163,53804,641
climbing,53848,53804,53848,44
right_turning,53862,53848,53862,14
stepping,53869,53862,53869,7
rising,53895,53869,53895,26
climbing,53931,53895,53931,36
sniffing,54104,53931,54104,173
rising,54137,54104,54137,33
climbing,54159,54137,54159,22
sniffing,54232,54159,54232,73
stepping,54233,54232,54233,1
sniffing,54263,54233,54263,30
right_turning,54302,54263,54302,39
sniffing,54307,54302,54307,5
left_turning,54308,54307,54308,1
trotting,54323,54308,54323,15
stepping,54324,54323,54324,1
walking,54325,54324,54325,1
stepping,54374,54325,54374,49
trotting,54439,54374,54439,65
left_turning,54440,54439,54440,1
trotting,54501,54440,54501,61
stepping,54550,54501,54550,49
trotting,54558,54550,54558,8
sniffing,54643,54558,54643,85
rising,54644,54643,54644,1
left_turning,54645,54644,54645,1
walking,54701,54645,54701,56
climbing,54708,54701,54708,7
rearing,54709,54708,54709,1
sniffing,54710,54709,54710,1
pausing,54711,54710,54711,1
sniffing,54758,54711,54758,47
climbing,54781,54758,54781,23
sniffing,54782,54781,54782,1
right_turning,54807,54782,54807,25
trotting,54826,54807,54826,19
sniffing,54827,54826,54827,1
rearing,54835,54827,54835,8
left_turning,54933,54835,54933,98
sniffing,55042,54933,55042,109
climbing,55114,55042,55114,72
sniffing,55146,55114,55146,32
left_turning,55186,55146,55186,40
walking,55187,55186,55187,1
left_turning,55190,55187,55190,3
trotting,55244,55190,55244,54
walking,55271,55244,55271,27
sniffing,55342,55271,55342,71
walking,55368,55342,55368,26
left_turning,55369,55368,55369,1
walking,55379,55369,55379,10
right_turning,55384,55379,55384,5
stepping,55507,55384,55507,123
walking,55551,55507,55551,44
sniffing,55552,55551,55552,1
climbing,55570,55552,55570,18
trotting,55600,55570,55600,30
rising,55631,55600,55631,31
climbing,55681,55631,55681,50
walking,55694,55681,55694,13
rising,55715,55694,55715,21
sniffing,55820,55715,55820,105
stepping,55847,55820,55847,27
walking,55852,55847,55852,5
rising,55938,55852,55938,86
sniffing,56008,55938,56008,70
rising,56062,56008,56062,54
sniffing,56063,56062,56063,1
trotting,56080,56063,56080,17
walking,56110,56080,56110,30
sniffing,56226,56110,56226,116
grooming,56280,56226,56280,54
left_turning,56304,56280,56304,24
running,56307,56304,56307,3
walking,56339,56307,56339,32
rising,56394,56339,56394,55
climbing,56415,56394,56415,21
rising,56416,56415,56416,1
jumping,56489,56416,56489,73
rising,56550,56489,56550,61
climbing,56575,56550,56575,25
rearing,56662,56575,56662,87
walking,56730,56662,56730,68
sniffing,56731,56730,56731,1
walking,56760,56731,56760,29
climbing,56814,56760,56814,54
running,56823,56814,56823,9
sniffing,56865,56823,56865,42
hunching,56898,56865,56898,33
sniffing,56899,56898,56899,1
hunching,56900,56899,56900,1
right_turning,56925,56900,56925,25
walking,57000,56925,57000,75
left_turning,57025,57000,57025,25
sniffing,57190,57025,57190,165
rising,57237,57190,57237,47
trotting,57285,57237,57285,48
sniffing,57347,57285,57347,62
walking,57348,57347,57348,1
sniffing,57411,57348,57411,63
rising,57465,57411,57465,54
stepping,57478,57465,57478,13
sniffing,57479,57478,57479,1
left_turning,57480,57479,57480,1
stepping,57494,57480,57494,14
trotting,57512,57494,57512,18
rising,57584,57512,57584,72
climbing,57681,57584,57681,97
sniffing,57682,57681,57682,1
right_turning,57705,57682,57705,23
hunching,57810,57705,57810,105
grooming,58013,57810,58013,203
rearing,58172,58013,58172,159
grooming,58437,58172,58437,265
left_turning,58546,58437,58546,109
sniffing,58589,58546,58589,43
rising,58611,58589,58611,22
climbing,58677,58611,58677,66
sniffing,58751,58677,58751,74
rising,58808,58751,58808,57
sniffing,58874,58808,58874,66
rearing,58921,58874,58921,47
trotting,58947,58921,58947,26
right_turning,58981,58947,58981,34
walking,59015,58981,59015,34
right_turning,59018,59015,59018,3
hunching,59019,59018,59019,1
right_turning,59046,59019,59046,27
walking,59055,59046,59055,9
rising,59056,59055,59056,1
rearing,59192,59056,59192,136
sniffing,59261,59192,59261,69
walking,59291,59261,59291,30
left_turning,59358,59291,59358,67
trotting,59373,59358,59373,15
walking,59398,59373,59398,25
sniffing,59399,59398,59399,1
climbing,59401,59399,59401,2
rearing,59435,59401,59435,34
climbing,59461,59435,59461,26
rearing,59490,59461,59490,29
hunching,59556,59490,59556,66
sniffing,59657,59556,59657,101
climbing,59666,59657,59666,9
sniffing,59699,59666,59699,33
rearing,59930,59699,59930,231
right_turning,59985,59930,59985,55
sniffing,59986,59985,59986,1
running,60006,59986,60006,20
trotting,60038,60006,60038,32
sniffing,60091,60038,60091,53
pausing,60092,60091,60092,1
sniffing,60165,60092,60165,73
left_turning,60192,60165,60192,27
rising,60258,60192,60258,66
hunching,60303,60258,60303,45
rearing,60329,60303,60329,26
climbing,60384,60329,60384,55
walking,60401,60384,60401,17
sniffing,60438,60401,60438,37
rising,60506,60438,60506,68
sniffing,60528,60506,60528,22
rising,60579,60528,60579,51
climbing,60628,60579,60628,49
walking,60636,60628,60636,8
stepping,60651,60636,60651,15
right_turning,60674,60651,60674,23
trotting,60695,60674,60695,21
walking,60712,60695,60712,17
sniffing,60765,60712,60765,53
rising,60828,60765,60828,63
climbing,60848,60828,60848,20
rearing,60913,60848,60913,65
grooming,61009,60913,61009,96
sniffing,61076,61009,61076,67
rising,61122,61076,61122,46
climbing,61140,61122,61140,18
rising,61186,61140,61186,46
climbing,61196,61186,61196,10
rearing,61279,61196,61279,83
left_turning,61320,61279,61320,41
walking,61335,61320,61335,15
sniffing,61336,61335,61336,1
left_turning,61337,61336,61337,1
sniffing,61398,61337,61398,61
rising,61464,61398,61464,66
sniffing,61528,61464,61528,64
rearing,61691,61528,61691,163
stepping,61708,61691,61708,17
sniffing,61718,61708,61718,10
rising,61767,61718,61767,49
left_turning,61815,61767,61815,48
sniffing,61839,61815,61839,24
walking,61840,61839,61840,1
right_turning,61858,61840,61858,18
trotting,61866,61858,61866,8
climbing,61913,61866,61913,47
sniffing,61998,61913,61998,85
left_turning,62020,61998,62020,22
sniffing,62021,62020,62021,1
rising,62123,62021,62123,102
sniffing,62178,62123,62178,55
trotting,62223,62178,62223,45
climbing,62250,62223,62250,27
trotting,62251,62250,62251,1
sniffing,62256,62251,62256,5
left_turning,62318,62256,62318,62
trotting,62339,62318,62339,21
walking,62350,62339,62350,11
trotting,62364,62350,62364,14
climbing,62454,62364,62454,90
sniffing,62455,62454,62455,1
climbing,62528,62455,62528,73
sniffing,62529,62528,62529,1
walking,62558,62529,62558,29
sniffing,62809,62558,62809,251
left_turning,62879,62809,62879,70
sniffing,63130,62879,63130,251
walking,63161,63130,63161,31
climbing,63217,63161,63217,56
grooming,63438,63217,63438,221
rearing,63439,63438,63439,1
climbing,63452,63439,63452,13
right_turning,63453,63452,63453,1
walking,63454,63453,63454,1
right_turning,63466,63454,63466,12
walking,63467,63466,63467,1
left_turning,63486,63467,63486,19
trotting,63499,63486,63499,13
sniffing,63553,63499,63553,54
climbing,63621,63553,63621,68
walking,63655,63621,63655,34
sniffing,63700,63655,63700,45
left_turning,63754,63700,63754,54
walking,63755,63754,63755,1
climbing,63785,63755,63785,30
left_turning,63786,63785,63786,1
stepping,63805,63786,63805,19
walking,63810,63805,63810,5
sniffing,63848,63810,63848,38
left_turning,63869,63848,63869,21
trotting,63904,63869,63904,35
rising,63905,63904,63905,1
climbing,63906,63905,63906,1
right_turning,63962,63906,63962,56
sniffing,63990,63962,63990,28
left_turning,64024,63990,64024,34
trotting,64070,64024,64070,46
walking,64087,64070,64087,17
climbing,64105,64087,64105,18
walking,64152,64105,64152,47
sniffing,64153,64152,64153,1
left_turning,64195,64153,64195,42
sniffing,64205,64195,64205,10
trotting,64251,64205,64251,46
sniffing,64388,64251,64388,137
rising,64420,64388,64420,32
grooming,64665,64420,64665,245
sniffing,64706,64665,64706,41
rising,64793,64706,64793,87
rearing,64835,64793,64835,42
walking,64870,64835,64870,35
sniffing,64974,64870,64974,104
walking,64977,64974,64977,3
sniffing,64979,64977,64979,2
rising,65023,64979,65023,44
climbing,65082,65023,65082,59
grooming,65083,65082,65083,1
left_turning,65125,65083,65125,42
sniffing,65351,65125,65351,226
rising,65352,65351,65352,1
climbing,65356,65352,65356,4
sniffing,65362,65356,65362,6
rising,65455,65362,65455,93
grooming,65456,65455,65456,1
sniffing,65518,65456,65518,62
walking,65571,65518,65571,53
sniffing,65572,65571,65572,1
rising,65607,65572,65607,35
sniffing,65635,65607,65635,28
left_turning,65658,65635,65658,23
walking,65659,65658,65659,1
rising,65759,65659,65759,100
grooming,66053,65759,66053,294
running,66063,66053,66063,10
sniffing,66143,66063,66143,80
rising,66184,66143,66184,41
walking,66219,66184,66219,35
trotting,66296,66219,66296,77
walking,66297,66296,66297,1
right_turning,66302,66297,66302,5
walking,66320,66302,66320,18
sniffing,66418,66320,66418,98
rearing,66560,66418,66560,142
stepping,66575,66560,66575,15
sniffing,66613,66575,66613,38
rising,66660,66613,66660,47
sniffing,66745,66660,66745,85
left_turning,66834,66745,66834,89
rising,66882,66834,66882,48
climbing,66947,66882,66947,65
sniffing,67083,66947,67083,136
rearing,67098,67083,67098,15
hunching,67154,67098,67154,56
sniffing,67242,67154,67242,88
climbing,67348,67242,67348,106
rearing,67457,67348,67457,109
stepping,67458,67457,67458,1
climbing,67485,67458,67485,27
right_turning,67502,67485,67502,17
rising,67503,67502,67503,1
climbing,67505,67503,67505,2
trotting,67569,67505,67569,64
stepping,67615,67569,67615,46
rising,67643,67615,67643,28
sniffing,67644,67643,67644,1
climbing,67700,67644,67700,56
rearing,67701,67700,67701,1
stepping,67749,67701,67749,48
walking,67775,67749,67775,26
left_turning,67776,67775,67776,1
sniffing,67777,67776,67777,1
rearing,67809,67777,67809,32
sniffing,68086,67809,68086,277
left_turning,68209,68086,68209,123
sniffing,68241,68209,68241,32
grooming,68621,68241,68621,380
sniffing,68674,68621,68674,53
climbing,68747,68674,68747,73
walking,68819,68747,68819,72
left_turning,68873,68819,68873,54
sniffing,68938,68873,68938,65
walking,68972,68938,68972,34
rising,68981,68972,68981,9
sniffing,68982,68981,68982,1
walking,69016,68982,69016,34
climbing,69031,69016,69031,15
walking,69061,69031,69061,30
rising,69072,69061,69072,11
sniffing,69073,69072,69073,1
rearing,69122,69073,69122,49
jumping,69154,69122,69154,32
left_turning,69247,69154,69247,93
trotting,69304,69247,69304,57
stepping,69339,69304,69339,35
sniffing,69548,69339,69548,209
left_turning,69630,69548,69630,82
climbing,69685,69630,69685,55
sniffing,69686,69685,69686,1
walking,69709,69686,69709,23
sniffing,69714,69709,69714,5
grooming,69715,69714,69715,1
sniffing,69785,69715,69785,70
rising,69853,69785,69853,68
climbing,69903,69853,69903,50
walking,69917,69903,69917,14
running,69957,69917,69957,40
walking,69982,69957,69982,25
jumping,70023,69982,70023,41
left_turning,70027,70023,70027,4
walking,70032,70027,70032,5
climbing,70070,70032,70070,38
walking,70071,70070,70071,1
rising,70073,70071,70073,2
climbing,70113,70073,70113,40
walking,70165,70113,70165,52
rising,70166,70165,70166,1
sniffing,70306,70166,70306,140
climbing,70363,70306,70363,57
rearing,70552,70363,70552,189
climbing,70670,70552,70670,118
sniffing,70671,70670,70671,1
left_turning,70691,70671,70691,20
rising,70733,70691,70733,42
sniffing,70737,70733,70737,4
rising,70777,70737,70777,40
sniffing,70778,70777,70778,1
left_turning,70818,70778,70818,40
running,70836,70818,70836,18
left_turning,70878,70836,70878,42
trotting,70910,70878,70910,32
sniffing,70915,70910,70915,5
rising,70945,70915,70945,30
sniffing,71041,70945,71041,96
walking,71077,71041,71077,36
sniffing,71078,71077,71078,1
stepping,71114,71078,71114,36
sniffing,71193,71114,71193,79
trotting,71232,71193,71232,39
walking,71240,71232,71240,8
climbing,71279,71240,71279,39
hunching,71320,71279,71320,41
sniffing,71397,71320,71397,77
climbing,71439,71397,71439,42
right_turning,71461,71439,71461,22
sniffing,71567,71461,71567,106
climbing,71608,71567,71608,41
grooming,71956,71608,71956,348
sniffing,71984,71956,71984,28
rising,72004,71984,72004,20
rearing,72072,72004,72072,68
grooming,72386,72072,72386,314
rising,72433,72386,72433,47
hunching,72487,72433,72487,54
climbing,72527,72487,72527,40
sniffing,72604,72527,72604,77
stepping,72641,72604,72641,37
sniffing,72782,72641,72782,141
trotting,72832,72782,72832,50
rising,72838,72832,72838,6
sniffing,73007,72838,73007,169
trotting,73033,73007,73033,26
sniffing,73034,73033,73034,1
left_turning,73126,73034,73126,92
walking,73176,73126,73176,50
sniffing,73214,73176,73214,38
rising,73258,73214,73258,44
climbing,73293,73258,73293,35
running,73299,73293,73299,6
sniffing,73342,73299,73342,43
rising,73387,73342,73387,45
climbing,73388,73387,73388,1
sniffing,73435,73388,73435,47
rising,73441,73435,73441,6
climbing,73456,73441,73456,15
walking,73477,73456,73477,21
rising,73478,73477,73478,1
climbing,73540,73478,73540,62
jumping,73547,73540,73547,7
sniffing,73565,73547,73565,18
right_turning,73592,73565,73592,27
walking,73636,73592,73636,44
sniffing,73669,73636,73669,33
rising,73671,73669,73671,2
climbing,73701,73671,73701,30
hunching,73853,73701,73853,152
sniffing,73854,73853,73854,1
left_turning,73912,73854,73912,58
hunching,73913,73912,73913,1
rearing,74034,73913,74034,121
sniffing,74035,74034,74035,1
climbing,74098,74035,74098,63
rising,74099,74098,74099,1
stepping,74149,74099,74149,50
rising,74154,74149,74154,5
climbing,74155,74154,74155,1
rising,74183,74155,74183,28
stepping,74199,74183,74199,16
walking,74222,74199,74222,23
climbing,74273,74222,74273,51
sniffing,74343,74273,74343,70
stepping,74372,74343,74372,29
walking,74412,74372,74412,40
trotting,74419,74412,74419,7
running,74427,74419,74427,8
rising,74449,74427,74449,22
climbing,74450,74449,74450,1
rearing,74567,74450,74567,117
rising,74620,74567,74620,53
sniffing,74643,74620,74643,23
walking,74653,74643,74653,10
sniffing,74710,74653,74710,57
walking,74728,74710,74728,18
rising,74766,74728,74766,38
sniffing,74836,74766,74836,70
left_turning,74837,74836,74837,1
walking,74858,74837,74858,21
climbing,74947,74858,74947,89
rising,74949,74947,74949,2
rearing,74961,74949,74961,12
walking,74997,74961,74997,36
sniffing,75041,74997,75041,44
left_turning,75049,75041,75049,8
walking,75054,75049,75054,5
sniffing,75079,75054,75079,25
climbing,75126,75079,75126,47
rearing,75127,75126,75127,1
sniffing,75128,75127,75128,1
right_turning,75162,75128,75162,34
sniffing,75205,75162,75205,43
rearing,75273,75205,75273,68
walking,75275,75273,75275,2
sniffing,75321,75275,75321,46
rising,75347,75321,75347,26
sniffing,75416,75347,75416,69
rearing,75508,75416,75508,92
walking,75554,75508,75554,46
sniffing,75681,75554,75681,127
hunching,75712,75681,75712,31
sniffing,75801,75712,75801,89
rising,75834,75801,75834,33
climbing,75906,75834,75906,72
walking,75928,75906,75928,22
right_turning,75940,75928,75940,12
sniffing,75984,75940,75984,44
walking,76034,75984,76034,50
rising,76035,76034,76035,1
sniffing,76099,76035,76099,64
walking,76135,76099,76135,36
left_turning,76198,76135,76198,63
sniffing,76311,76198,76311,113
climbing,76326,76311,76326,15
sniffing,76355,76326,76355,29
climbing,76374,76355,76374,19
rising,76396,76374,76396,22
left_turning,76397,76396,76397,1
walking,76410,76397,76410,13
sniffing,76431,76410,76431,21
climbing,76506,76431,76506,75
left_turning,76578,76506,76578,72
sniffing,76603,76578,76603,25
left_turning,76621,76603,76621,18
sniffing,76651,76621,76651,30
rising,76673,76651,76673,22
sniffing,76674,76673,76674,1
stepping,76705,76674,76705,31
sniffing,76761,76705,76761,56
right_turning,76777,76761,76777,16
sniffing,76778,76777,76778,1
rising,76829,76778,76829,51
climbing,76881,76829,76881,52
rearing,76994,76881,76994,113
hunching,77021,76994,77021,27
sniffing,77098,77021,77098,77
rising,77115,77098,77115,17
rearing,77116,77115,77116,1
walking,77117,77116,77117,1
right_turning,77136,77117,77136,19
sniffing,77137,77136,77137,1
walking,77146,77137,77146,9
climbing,77195,77146,77195,49
sniffing,77196,77195,77196,1
walking,77215,77196,77215,19
sniffing,77301,77215,77301,86
left_turning,77333,77301,77333,32
climbing,77334,77333,77334,1
walking,77368,77334,77368,34
climbing,77428,77368,77428,60
grooming,77649,77428,77649,221
walking,77666,77649,77666,17
trotting,77720,77666,77720,54
rising,77721,77720,77721,1
sniffing,77836,77721,77836,115
left_turning,77844,77836,77844,8
trotting,77851,77844,77851,7
left_turning,77855,77851,77855,4
sniffing,77913,77855,77913,58
right_turning,77941,77913,77941,28
sniffing,77942,77941,77942,1
walking,77971,77942,77971,29
climbing,77999,77971,77999,28
right_turning,78015,77999,78015,16
sniffing,78052,78015,78052,37
walking,78075,78052,78075,23
climbing,78121,78075,78121,46
walking,78145,78121,78145,24
sniffing,78284,78145,78284,139
walking,78293,78284,78293,9
sniffing,78344,78293,78344,51
stepping,78393,78344,78393,49
left_turning,78447,78393,78447,54
sniffing,78524,78447,78524,77
walking,78573,78524,78573,49
stepping,78636,78573,78636,63
sniffing,78702,78636,78702,66
rising,78755,78702,78755,53
sniffing,78756,78755,78756,1
walking,78800,78756,78800,44
sniffing,78858,78800,78858,58
left_turning,78917,78858,78917,59
climbing,79034,78917,79034,117
walking,79035,79034,79035,1
sniffing,79036,79035,79036,1
stepping,79045,79036,79045,9
sniffing,79086,79045,79086,41
left_turning,79137,79086,79137,51
trotting,79177,79137,79177,40
rising,79180,79177,79180,3
climbing,79241,79180,79241,61
walking,79261,79241,79261,20
sniffing,79351,79261,79351,90
trotting,79369,79351,79369,18
sniffing,79410,79369,79410,41
left_turning,79434,79410,79434,24
sniffing,79472,79434,79472,38
climbing,79473,79472,79473,1
hunching,79546,79473,79546,73
climbing,79556,79546,79556,10
walking,79589,79556,79589,33
rising,79613,79589,79613,24
sniffing,79614,79613,79614,1
rising,79651,79614,79651,37
climbing,79652,79651,79652,1
sniffing,79694,79652,79694,42
left_turning,79732,79694,79732,38
rising,79733,79732,79733,1
sniffing,79734,79733,79734,1
walking,79768,79734,79768,34
sniffing,79777,79768,79777,9
stepping,79787,79777,79787,10
sniffing,79812,79787,79812,25
stepping,79862,79812,79862,50
walking,79869,79862,79869,7
rising,79918,79869,79918,49
sniffing,79965,79918,79965,47
left_turning,79975,79965,79975,10
sniffing,80084,79975,80084,109
grooming,80165,80084,80165,81
rearing,80356,80165,80356,191
rising,80363,80356,80363,7
climbing,80420,80363,80420,57
sniffing,80474,80420,80474,54
rearing,80513,80474,80513,39
right_turning,80526,80513,80526,13
stepping,80527,80526,80527,1
sniffing,80550,80527,80550,23
hunching,80698,80550,80698,148
walking,80709,80698,80709,11
climbing,80741,80709,80741,32
sniffing,80939,80741,80939,198
climbing,80966,80939,80966,27
rising,80968,80966,80968,2
sniffing,80984,80968,80984,16
rising,81058,80984,81058,74
climbing,81137,81058,81137,79
grooming,81329,81137,81329,192
rearing,81484,81329,81484,155
grooming,81645,81484,81645,161
rising,81670,81645,81670,25
rearing,81753,81670,81753,83
sniffing,81818,81753,81818,65
climbing,81819,81818,81819,1
sniffing,81821,81819,81821,2
walking,81901,81821,81901,80
sniffing,81948,81901,81948,47
walking,81963,81948,81963,15
sniffing,82024,81963,82024,61
walking,82045,82024,82045,21
rising,82124,82045,82124,79
climbing,82199,82124,82199,75
sniffing,82280,82199,82280,81
rising,82328,82280,82328,48
right_turning,82356,82328,82356,28
stepping,82357,82356,82357,1
climbing,82395,82357,82395,38
left_turning,82503,82395,82503,108
rising,82540,82503,82540,37
sniffing,82621,82540,82621,81
grooming,82768,82621,82768,147
sniffing,82892,82768,82892,124
grooming,82893,82892,82893,1
rearing,82986,82893,82986,93
climbing,83020,82986,83020,34
sniffing,83021,83020,83021,1
walking,83050,83021,83050,29
sniffing,83066,83050,83066,16
rising,83081,83066,83081,15
walking,83123,83081,83123,42
right_turning,83127,83123,83127,4
sniffing,83217,83127,83217,90
stepping,83248,83217,83248,31
sniffing,83333,83248,83333,85
pausing,83334,83333,83334,1
sniffing,83335,83334,83335,1
climbing,83413,83335,83413,78
sniffing,83455,83413,83455,42
walking,83520,83455,83520,65
rising,83576,83520,83576,56
grooming,83913,83576,83913,337
hunching,83914,83913,83914,1
climbing,83949,83914,83949,35
right_turning,83966,83949,83966,17
walking,84040,83966,84040,74
sniffing,84104,84040,84104,64
trotting,84130,84104,84130,26
left_turning,84131,84130,84131,1
walking,84199,84131,84199,68
sniffing,84214,84199,84214,15
rearing,84313,84214,84313,99
sniffing,84415,84313,84415,102
rising,84416,84415,84416,1
rearing,84516,84416,84516,100
sniffing,84533,84516,84533,17
rearing,84534,84533,84534,1
grooming,84575,84534,84575,41
sniffing,84583,84575,84583,8
climbing,84607,84583,84607,24
rearing,84715,84607,84715,108
climbing,84773,84715,84773,58
walking,84802,84773,84802,29
rising,84844,84802,84844,42
right_turning,84855,84844,84855,11
running,84877,84855,84877,22
walking,84878,84877,84878,1
right_turning,84920,84878,84920,42
walking,84923,84920,84923,3
left_turning,84961,84923,84961,38
sniffing,85048,84961,85048,87
right_turning,85062,85048,85062,14
walking,85072,85062,85072,10
rearing,85179,85072,85179,107
climbing,85276,85179,85276,97
rising,85367,85276,85367,91
climbing,85379,85367,85379,12
walking,85394,85379,85394,15
stepping,85440,85394,85440,46
sniffing,85487,85440,85487,47
right_turning,85508,85487,85508,21
walking,85526,85508,85526,18
sniffing,85527,85526,85527,1
rising,85545,85527,85545,18
sniffing,85649,85545,85649,104
rearing,85687,85649,85687,38
sniffing,85722,85687,85722,35
climbing,85745,85722,85745,23
rearing,85779,85745,85779,34
right_turning,85796,85779,85796,17
sniffing,85840,85796,85840,44
right_turning,85866,85840,85866,26
left_turning,85886,85866,85886,20
walking,85887,85886,85887,1
sniffing,86032,85887,86032,145
stepping,86060,86032,86060,28
jumping,86061,86060,86061,1
right_turning,86075,86061,86075,14
trotting,86080,86075,86080,5
sniffing,86142,86080,86142,62
right_turning,86151,86142,86151,9
sniffing,86209,86151,86209,58
rearing,86210,86209,86210,1
sniffing,86211,86210,86211,1
rising,86319,86211,86319,108
climbing,86340,86319,86340,21
right_turning,86341,86340,86341,1
walking,86359,86341,86359,18
sniffing,86406,86359,86406,47
rising,86431,86406,86431,25
sniffing,86442,86431,86442,11
right_turning,86443,86442,86443,1
stepping,86473,86443,86473,30
hunching,86491,86473,86491,18
rising,86545,86491,86545,54
sniffing,86560,86545,86560,15
climbing,86608,86560,86608,48
right_turning,86642,86608,86642,34
sniffing,86643,86642,86643,1
climbing,86668,86643,86668,25
rising,86678,86668,86678,10
left_turning,86735,86678,86735,57
walking,86736,86735,86736,1
rearing,86746,86736,86746,10
climbing,86747,86746,86747,1
sniffing,86843,86747,86843,96
rising,86881,86843,86881,38
sniffing,86907,86881,86907,26
rearing,86975,86907,86975,68
climbing,86997,86975,86997,22
walking,87010,86997,87010,13
sniffing,87011,87010,87011,1
left_turning,87085,87011,87085,74
walking,87122,87085,87122,37
climbing,87161,87122,87161,39
sniffing,87197,87161,87197,36
hunching,87220,87197,87220,23
sniffing,87228,87220,87228,8
left_turning,87274,87228,87274,46
sniffing,87347,87274,87347,73
grooming,87549,87347,87549,202
climbing,87589,87549,87589,40
rising,87590,87589,87590,1
climbing,87685,87590,87685,95
rearing,87709,87685,87709,24
sniffing,87796,87709,87796,87
stepping,87839,87796,87839,43
left_turning,87871,87839,87871,32
sniffing,87975,87871,87975,104
rising,88113,87975,88113,138
right_turning,88145,88113,88145,32
climbing,88236,88145,88236,91
rising,88237,88236,88237,1
climbing,88238,88237,88238,1
left_turning,88312,88238,88312,74
trotting,88313,88312,88313,1
sniffing,88376,88313,88376,63
climbing,88394,88376,88394,18
grooming,88494,88394,88494,100
left_turning,88495,88494,88495,1
trotting,88507,88495,88507,12
sniffing,88566,88507,88566,59
left_turning,88636,88566,88636,70
rising,88683,88636,88683,47
sniffing,88698,88683,88698,15
walking,88744,88698,88744,46
climbing,88752,88744,88752,8
walking,88753,88752,88753,1
rising,88823,88753,88823,70
sniffing,88933,88823,88933,110
rising,88934,88933,88934,1
sniffing,88939,88934,88939,5
grooming,89174,88939,89174,235
sniffing,89242,89174,89242,68
walking,89289,89242,89289,47
sniffing,89313,89289,89313,24
rising,89383,89313,89383,70
rearing,89431,89383,89431,48
climbing,89432,89431,89432,1
grooming,89433,89432,89433,1
sniffing,89473,89433,89473,40
rising,89517,89473,89517,44
left_turning,89518,89517,89518,1
sniffing,89536,89518,89536,18
left_turning,89537,89536,89537,1
sniffing,89623,89537,89623,86
hunching,89688,89623,89688,65
left_turning,89757,89688,89757,69
walking,89782,89757,89782,25
stepping,89800,89782,89800,18
sniffing,89860,89800,89860,60
trotting,89901,89860,89901,41
rearing,89927,89901,89927,26
walking,89960,89927,89960,33
sniffing,90063,89960,90063,103
walking,90064,90063,90064,1
stepping,90071,90064,90071,7
sniffing,90091,90071,90091,20
running,90137,90091,90137,46
walking,90179,90137,90179,42
sniffing,90265,90179,90265,86
grooming,90266,90265,90266,1
rearing,90267,90266,90267,1
grooming,90483,90267,90483,216
climbing,90563,90483,90563,80
trotting,90596,90563,90596,33
rising,90611,90596,90611,15
climbing,90691,90611,90691,80
rearing,90751,90691,90751,60
grooming,90917,90751,90917,166
climbing,90956,90917,90956,39
sniffing,91041,90956,91041,85
walking,91068,91041,91068,27
rising,91088,91068,91088,20
rearing,91197,91088,91197,109
sniffing,91249,91197,91249,52
left_turning,91344,91249,91344,95
sniffing,91431,91344,91431,87
rearing,91432,91431,91432,1
grooming,91433,91432,91433,1
climbing,91476,91433,91476,43
hunching,91526,91476,91526,50
sniffing,91597,91526,91597,71
rising,91640,91597,91640,43
grooming,91641,91640,91641,1
rearing,91643,91641,91643,2
climbing,91681,91643,91681,38
walking,91716,91681,91716,35
hunching,91735,91716,91735,19
rising,91767,91735,91767,32
sniffing,91869,91767,91869,102
rising,91903,91869,91903,34
left_turning,91956,91903,91956,53
trotting,91962,91956,91962,6
rising,91986,91962,91986,24
climbing,92054,91986,92054,68
trotting,92089,92054,92089,35
rearing,92096,92089,92096,7
hunching,92305,92096,92305,209
climbing,92351,92305,92351,46
grooming,92352,92351,92352,1
climbing,92398,92352,92398,46
hunching,92526,92398,92526,128
grooming,92588,92526,92588,62
sniffing,92626,92588,92626,38
rising,92661,92626,92661,35
climbing,92742,92661,92742,81
hunching,92816,92742,92816,74
climbing,92853,92816,92853,37
sniffing,92869,92853,92869,16
walking,92889,92869,92889,20
rising,92923,92889,92923,34
left_turning,92936,92923,92936,13
walking,92966,92936,92966,30
rising,92993,92966,92993,27
rearing,93007,92993,93007,14
climbing,93024,93007,93024,17
rising,93039,93024,93039,15
climbing,93105,93039,93105,66
left_turning,93113,93105,93113,8
trotting,93132,93113,93132,19
left_turning,93186,93132,93186,54
stepping,93223,93186,93223,37
sniffing,93237,93223,93237,14
trotting,93262,93237,93262,25
sniffing,93299,93262,93299,37
hunching,93300,93299,93300,1
climbing,93334,93300,93334,34
sniffing,93461,93334,93461,127
left_turning,93484,93461,93484,23
trotting,93503,93484,93503,19
sniffing,93504,93503,93504,1
grooming,93505,93504,93505,1
rearing,93579,93505,93579,74
rising,93583,93579,93583,4
sniffing,93743,93583,93743,160
climbing,93797,93743,93797,54
rising,93816,93797,93816,19
walking,93817,93816,93817,1
sniffing,93818,93817,93818,1
rearing,93852,93818,93852,34
grooming,93884,93852,93884,32
hunching,93977,93884,93977,93
grooming,94166,93977,94166,189
rearing,94201,94166,94201,35
rising,94239,94201,94239,38
climbing,94240,94239,94240,1
rising,94265,94240,94265,25
rearing,94328,94265,94328,63
left_turning,94329,94328,94329,1
walking,94330,94329,94330,1
left_turning,94352,94330,94352,22
sniffing,94385,94352,94385,33
rising,94386,94385,94386,1
rearing,94437,94386,94437,51
sniffing,94458,94437,94458,21
climbing,94487,94458,94487,29
hunching,94488,94487,94488,1
sniffing,94512,94488,94512,24
stepping,94527,94512,94527,15
trotting,94561,94527,94561,34
right_turning,94562,94561,94562,1
left_turning,94612,94562,94612,50
sniffing,94613,94612,94613,1
climbing,94683,94613,94683,70
rising,94684,94683,94684,1
climbing,94746,94684,94746,62
walking,94780,94746,94780,34
trotting,94797,94780,94797,17
sniffing,94837,94797,94837,40
walking,94859,94837,94859,22
sniffing,94877,94859,94877,18
rising,94883,94877,94883,6
climbing,94884,94883,94884,1
hunching,94980,94884,94980,96
climbing,95006,94980,95006,26
rearing,95007,95006,95007,1
grooming,95068,95007,95068,61
sniffing,95149,95068,95149,81
walking,95169,95149,95169,20
sniffing,95257,95169,95257,88
rising,95269,95257,95269,12
climbing,95336,95269,95336,67
walking,95359,95336,95359,23
rising,95360,95359,95360,1
sniffing,95424,95360,95424,64
climbing,95521,95424,95521,97
rising,95522,95521,95522,1
grooming,96228,95522,96228,706
sniffing,96229,96228,96229,1
climbing,96230,96229,96230,1
walking,96250,96230,96250,20
sniffing,96267,96250,96267,17
left_turning,96284,96267,96284,17
walking,96321,96284,96321,37
sniffing,96322,96321,96322,1
climbing,96365,96322,96365,43
sniffing,96366,96365,96366,1
hunching,96414,96366,96414,48
right_turning,96441,96414,96441,27
trotting,96480,96441,96480,39
left_turning,96483,96480,96483,3
rising,96484,96483,96484,1
climbing,96508,96484,96508,24
walking,96531,96508,96531,23
sniffing,96532,96531,96532,1
trotting,96566,96532,96566,34
sniffing,96606,96566,96606,40
walking,96679,96606,96679,73
climbing,96720,96679,96720,41
right_turning,96751,96720,96751,31
left_turning,96754,96751,96754,3
sniffing,96755,96754,96755,1
stepping,96772,96755,96772,17
sniffing,96787,96772,96787,15
rearing,96888,96787,96888,101
rising,96889,96888,96889,1
sniffing,97054,96889,97054,165
right_turning,97083,97054,97083,29
trotting,97125,97083,97125,42
rising,97149,97125,97149,24
rearing,97258,97149,97258,109
climbing,97279,97258,97279,21
sniffing,97351,97279,97351,72
walking,97379,97351,97379,28
sniffing,97380,97379,97380,1
walking,97411,97380,97411,31
sniffing,97499,97411,97499,88
right_turning,97534,97499,97534,35
trotting,97545,97534,97545,11
walking,97591,97545,97591,46
left_turning,97612,97591,97612,21
trotting,97634,97612,97634,22
rising,97655,97634,97655,21
sniffing,97656,97655,97656,1
hunching,97660,97656,97660,4
climbing,97667,97660,97667,7
rearing,97723,97667,97723,56
climbing,97733,97723,97733,10
rearing,97790,97733,97790,57
sniffing,97877,97790,97877,87
rising,97878,97877,97878,1
rearing,97990,97878,97990,112
grooming,98129,97990,98129,139
sniffing,98130,98129,98130,1
climbing,98197,98130,98197,67
sniffing,98310,98197,98310,113
rising,98363,98310,98363,53
right_turning,98381,98363,98381,18
walking,98431,98381,98431,50
sniffing,98458,98431,98458,27
rearing,98534,98458,98534,76
sniffing,98535,98534,98535,1
rising,98598,98535,98598,63
climbing,98657,98598,98657,59
rearing,98685,98657,98685,28
rising,98691,98685,98691,6
sniffing,98733,98691,98733,42
climbing,98758,98733,98758,25
grooming,99026,98758,99026,268
climbing,99041,99026,99041,15
trotting,99080,99041,99080,39
sniffing,99143,99080,99143,63
rising,99231,99143,99231,88
climbing,99261,99231,99261,30
rising,99262,99261,99262,1
climbing,99272,99262,99272,10
rising,99314,99272,99314,42
sniffing,99352,99314,99352,38
rising,99455,99352,99455,103
climbing,99519,99455,99519,64
right_turning,99539,99519,99539,20
rearing,99540,99539,99540,1
walking,99586,99540,99586,46
rising,99627,99586,99627,41
sniffing,99714,99627,99714,87
left_turning,99813,99714,99813,99
sniffing,99822,99813,99822,9
rising,99826,99822,99826,4
climbing,99827,99826,99827,1
rearing,99952,99827,99952,125
climbing,100013,99952,100013,61
rising,100044,100013,100044,31
rearing,100058,100044,100058,14
climbing,100090,100058,100090,32
walking,100105,100090,100105,15
sniffing,100106,100105,100106,1
walking,100107,100106,100107,1
right_turning,100146,100107,100146,39
trotting,100160,100146,100160,14
walking,100198,100160,100198,38
sniffing,100284,100198,100284,86
rising,100285,100284,100285,1
left_turning,100349,100285,100349,64
sniffing,100389,100349,100389,40
climbing,100484,100389,100484,95
hunching,100581,100484,100581,97
sniffing,100582,100581,100582,1
trotting,100628,100582,100628,46
sniffing,100653,100628,100653,25
rearing,100689,100653,100689,36
rising,100734,100689,100734,45
sniffing,100757,100734,100757,23
rising,100828,100757,100828,71
right_turning,100858,100828,100858,30
walking,100889,100858,100889,31
sniffing,100966,100889,100966,77
rising,100967,100966,100967,1
climbing,101001,100967,101001,34
rising,101002,101001,101002,1
sniffing,101069,101002,101069,67
hunching,101078,101069,101078,9
sniffing,101118,101078,101118,40
rising,101169,101118,101169,51
climbing,101213,101169,101213,44
running,101252,101213,101252,39
rising,101262,101252,101262,10
rearing,101327,101262,101327,65
grooming,101328,101327,101328,1
hunching,101419,101328,101419,91
grooming,102331,101419,102331,912
rearing,102416,102331,102416,85
climbing,102497,102416,102497,81
sniffing,102535,102497,102535,38
grooming,102726,102535,102726,191
hunching,102863,102726,102863,137
rising,102877,102863,102877,14
climbing,102944,102877,102944,67
rearing,102976,102944,102976,32
grooming,102989,102976,102989,13
rearing,103079,102989,103079,90
sniffing,103080,103079,103080,1
stepping,103156,103080,103156,76
rising,103187,103156,103187,31
left_turning,103221,103187,103221,34
sniffing,103284,103221,103284,63
left_turning,103318,103284,103318,34
rising,103356,103318,103356,38
right_turning,103363,103356,103363,7
trotting,103399,103363,103399,36
rising,103455,103399,103455,56
rearing,103693,103455,103693,238
climbing,103817,103693,103817,124
rearing,104087,103817,104087,270
rising,104150,104087,104150,63
stepping,104180,104150,104180,30
left_turning,104245,104180,104245,65
sniffing,104250,104245,104250,5
rearing,104532,104250,104532,282
running,104556,104532,104556,24
sniffing,104586,104556,104586,30
hunching,104612,104586,104612,26
right_turning,104613,104612,104613,1
running,104644,104613,104644,31
sniffing,104645,104644,104645,1
rising,104646,104645,104646,1
sniffing,104647,104646,104647,1
walking,104676,104647,104676,29
sniffing,104697,104676,104697,21
walking,104765,104697,104765,68
sniffing,104800,104765,104800,35
rearing,104806,104800,104806,6
sniffing,104807,104806,104807,1
left_turning,104859,104807,104859,52
walking,104900,104859,104900,41
sniffing,104972,104900,104972,72
stepping,104973,104972,104973,1
sniffing,105068,104973,105068,95
rising,105069,105068,105069,1
sniffing,105119,105069,105119,50
pausing,105120,105119,105120,1
sniffing,105166,105120,105166,46
right_turning,105192,105166,105192,26
running,105216,105192,105216,24
rearing,105217,105216,105217,1
rising,105224,105217,105224,7
walking,105273,105224,105273,49
trotting,105297,105273,105297,24
sniffing,105311,105297,105311,14
rising,105319,105311,105319,8
climbing,105367,105319,105367,48
trotting,105414,105367,105414,47
sniffing,105455,105414,105455,41
stepping,105456,105455,105456,1
left_turning,105471,105456,105471,15
trotting,105472,105471,105472,1
walking,105487,105472,105487,15
rising,105490,105487,105490,3
sniffing,105491,105490,105491,1
grooming,105857,105491,105857,366
rising,105917,105857,105917,60
grooming,105918,105917,105918,1
rising,105919,105918,105919,1
sniffing,105991,105919,105991,72
left_turning,106018,105991,106018,27
sniffing,106071,106018,106071,53
walking,106143,106071,106143,72
left_turning,106182,106143,106182,39
walking,106223,106182,106223,41
sniffing,106254,106223,106254,31
left_turning,106276,106254,106276,22
sniffing,106322,106276,106322,46
walking,106326,106322,106326,4
trotting,106333,106326,106333,7
walking,106334,106333,106334,1
rising,106435,106334,106435,101
sniffing,106562,106435,106562,127
running,106586,106562,106586,24
walking,106587,106586,106587,1
left_turning,106588,106587,106588,1
sniffing,106589,106588,106589,1
rearing,106628,106589,106628,39
climbing,106728,106628,106728,100
rising,106738,106728,106738,10
sniffing,106782,106738,106782,44
pausing,106783,106782,106783,1
sniffing,106818,106783,106818,35
rising,106847,106818,106847,29
sniffing,106883,106847,106883,36
left_turning,106884,106883,106884,1
sniffing,106930,106884,106930,46
climbing,106967,106930,106967,37
running,106968,106967,106968,1
walking,106987,106968,106987,19
sniffing,107041,106987,107041,54
rearing,107058,107041,107058,17
sniffing,107059,107058,107059,1
rearing,107218,107059,107218,159
sniffing,107256,107218,107256,38
rising,107266,107256,107266,10
sniffing,107337,107266,107337,71
stepping,107365,107337,107365,28
rising,107449,107365,107449,84
climbing,107501,107449,107501,52
hunching,107557,107501,107557,56
rising,107613,107557,107613,56
sniffing,107680,107613,107680,67
left_turning,107681,107680,107681,1
rising,107740,107681,107740,59
stepping,107786,107740,107786,46
walking,107846,107786,107846,60
sniffing,108000,107846,108000,154
