revised_movement_label,segBoundary,segBoundary_start,segBoundary_end,length
sniffing,63,0,63,63
rising,107,63,107,44
walking,163,107,163,56
trotting,193,163,193,30
sniffing,223,193,223,30
rearing,252,223,252,29
climbing,320,252,320,68
stepping,350,320,350,30
trotting,351,350,351,1
sniffing,401,351,401,50
rising,406,401,406,5
sniffing,407,406,407,1
climbing,460,407,460,53
rising,461,460,461,1
climbing,472,461,472,11
sniffing,476,472,476,4
walking,526,476,526,50
rising,569,526,569,43
trotting,593,569,593,24
walking,621,593,621,28
climbing,657,621,657,36
sniffing,711,657,711,54
climbing,722,711,722,11
trotting,758,722,758,36
sniffing,765,758,765,7
left_turning,785,765,785,20
trotting,812,785,812,27
sniffing,896,812,896,84
rising,938,896,938,42
walking,939,938,939,1
rising,1085,939,1085,146
walking,1169,1085,1169,84
climbing,1209,1169,1209,40
sniffing,1366,1209,1366,157
right_turning,1381,1366,1381,15
stepping,1382,1381,1382,1
sniffing,1383,1382,1383,1
climbing,1436,1383,1436,53
sniffing,1552,1436,1552,116
hunching,1553,1552,1553,1
walking,1568,1553,1568,15
sniffing,1589,1568,1589,21
rearing,1646,1589,1646,57
hunching,1718,1646,1718,72
climbing,1755,1718,1755,37
left_turning,1784,1755,1784,29
walking,1839,1784,1839,55
trotting,1871,1839,1871,32
stepping,1907,1871,1907,36
climbing,1924,1907,1924,17
right_turning,1942,1924,1942,18
grooming,2086,1942,2086,144
sniffing,2087,2086,2087,1
trotting,2106,2087,2106,19
stepping,2114,2106,2114,8
rising,2115,2114,2115,1
sniffing,2185,2115,2185,70
walking,2186,2185,2186,1
stepping,2227,2186,2227,41
climbing,2255,2227,2255,28
left_turning,2282,2255,2282,27
sniffing,2360,2282,2360,78
walking,2405,2360,2405,45
climbing,2437,2405,2437,32
stepping,2486,2437,2486,49
walking,2518,2486,2518,32
left_turning,2566,2518,2566,48
trotting,2570,2566,2570,4
sniffing,2571,2570,2571,1
climbing,2615,2571,2615,44
left_turning,2634,2615,2634,19
walking,2652,2634,2652,18
sniffing,2712,2652,2712,60
walking,2733,2712,2733,21
sniffing,2749,2733,2749,16
rising,2798,2749,2798,49
sniffing,2811,2798,2811,13
left_turning,2812,2811,2812,1
trotting,2829,2812,2829,17
running,2852,2829,2852,23
sniffing,2896,2852,2896,44
rearing,2897,2896,2897,1
grooming,3561,2897,3561,664
sniffing,3562,3561,3562,1
rearing,3563,3562,3563,1
left_turning,3589,3563,3589,26
sniffing,3615,3589,3615,26
left_turning,3616,3615,3616,1
walking,3643,3616,3643,27
trotting,3662,3643,3662,19
walking,3665,3662,3665,3
trotting,3693,3665,3693,28
walking,3719,3693,3719,26
sniffing,3720,3719,3720,1
rising,3741,3720,3741,21
climbing,3793,3741,3793,52
rising,3794,3793,3794,1
walking,3815,3794,3815,21
rising,3835,3815,3835,20
right_turning,3840,3835,3840,5
sniffing,3869,3840,3869,29
running,3894,3869,3894,25
walking,3926,3894,3926,32
left_turning,3964,3926,3964,38
sniffing,3965,3964,3965,1
trotting,3985,3965,3985,20
rising,3986,3985,3986,1
walking,4013,3986,4013,27
sniffing,4063,4013,4063,50
rising,4140,4063,4140,77
walking,4201,4140,4201,61
trotting,4211,4201,4211,10
sniffing,4227,4211,4227,16
walking,4283,4227,4283,56
climbing,4301,4283,4301,18
trotting,4315,4301,4315,14
walking,4316,4315,4316,1
left_turning,4383,4316,4383,67
sniffing,4478,4383,4478,95
right_turning,4496,4478,4496,18
running,4530,4496,4530,34
trotting,4555,4530,4555,25
left_turning,4575,4555,4575,20
walking,4606,4575,4606,31
climbing,4644,4606,4644,38
sniffing,4697,4644,4697,53
rising,4741,4697,4741,44
climbing,4787,4741,4787,46
walking,4792,4787,4792,5
sniffing,4826,4792,4826,34
rearing,5087,4826,5087,261
rising,5088,5087,5088,1
left_turning,5131,5088,5131,43
walking,5132,5131,5132,1
rising,5138,5132,5138,6
grooming,5263,5138,5263,125
left_turning,5264,5263,5264,1
walking,5357,5264,5357,93
trotting,5360,5357,5360,3
sniffing,5361,5360,5361,1
walking,5378,5361,5378,17
sniffing,5379,5378,5379,1
rising,5482,5379,5482,103
sniffing,5555,5482,5555,73
rising,5574,5555,5574,19
sniffing,5598,5574,5598,24
climbing,5633,5598,5633,35
left_turning,5638,5633,5638,5
trotting,5672,5638,5672,34
sniffing,5689,5672,5689,17
hunching,5711,5689,5711,22
left_turning,5721,5711,5721,10
climbing,5761,5721,5761,40
rising,5762,5761,5762,1
sniffing,5765,5762,5765,3
walking,5766,5765,5766,1
sniffing,5811,5766,5811,45
stepping,5857,5811,5857,46
sniffing,5929,5857,5929,72
walking,5961,5929,5961,32
climbing,5983,5961,5983,22
sniffing,5984,5983,5984,1
climbing,6033,5984,6033,49
sniffing,6091,6033,6091,58
walking,6184,6091,6184,93
sniffing,6185,6184,6185,1
rising,6295,6185,6295,110
rearing,6409,6295,6409,114
grooming,6538,6409,6538,129
sniffing,6567,6538,6567,29
rising,6568,6567,6568,1
climbing,6600,6568,6600,32
trotting,6629,6600,6629,29
climbing,6647,6629,6647,18
hunching,6648,6647,6648,1
right_turning,6674,6648,6674,26
walking,6771,6674,6771,97
sniffing,6829,6771,6829,58
rising,6933,6829,6933,104
climbing,6977,6933,6977,44
right_turning,7001,6977,7001,24
sniffing,7115,7001,7115,114
rising,7131,7115,7131,16
walking,7179,7131,7179,48
sniffing,7190,7179,7190,11
climbing,7222,7190,7222,32
sniffing,7313,7222,7313,91
trotting,7320,7313,7320,7
climbing,7386,7320,7386,66
rearing,7387,7386,7387,1
hunching,7388,7387,7388,1
sniffing,7446,7388,7446,58
running,7455,7446,7455,9
walking,7456,7455,7456,1
sniffing,7521,7456,7521,65
left_turning,7578,7521,7578,57
climbing,7628,7578,7628,50
right_turning,7635,7628,7635,7
rising,7655,7635,7655,20
climbing,7695,7655,7695,40
right_turning,7743,7695,7743,48
hunching,7935,7743,7935,192
climbing,7953,7935,7953,18
right_turning,7960,7953,7960,7
walking,7976,7960,7976,16
rising,8041,7976,8041,65
climbing,8094,8041,8094,53
hunching,8095,8094,8095,1
right_turning,8098,8095,8098,3
trotting,8116,8098,8116,18
walking,8119,8116,8119,3
right_turning,8147,8119,8147,28
stepping,8156,8147,8156,9
walking,8173,8156,8173,17
trotting,8194,8173,8194,21
rising,8287,8194,8287,93
climbing,8330,8287,8330,43
rising,8387,8330,8387,57
trotting,8411,8387,8411,24
walking,8412,8411,8412,1
climbing,8451,8412,8451,39
walking,8456,8451,8456,5
sniffing,8457,8456,8457,1
walking,8486,8457,8486,29
sniffing,8587,8486,8587,101
climbing,8636,8587,8636,49
rising,8691,8636,8691,55
climbing,8717,8691,8717,26
rising,8815,8717,8815,98
climbing,8857,8815,8857,42
rearing,8873,8857,8873,16
left_turning,8874,8873,8874,1
rising,8919,8874,8919,45
climbing,8969,8919,8969,50
sniffing,8970,8969,8970,1
left_turning,8971,8970,8971,1
walking,9011,8971,9011,40
sniffing,9025,9011,9025,14
walking,9064,9025,9064,39
left_turning,9081,9064,9081,17
sniffing,9106,9081,9106,25
rising,9107,9106,9107,1
right_turning,9118,9107,9118,11
sniffing,9173,9118,9173,55
walking,9204,9173,9204,31
sniffing,9229,9204,9229,25
pausing,9230,9229,9230,1
sniffing,9231,9230,9231,1
climbing,9278,9231,9278,47
rising,9283,9278,9283,5
climbing,9335,9283,9335,52
rising,9357,9335,9357,22
climbing,9394,9357,9394,37
rising,9447,9394,9447,53
sniffing,9502,9447,9502,55
right_turning,9508,9502,9508,6
left_turning,9556,9508,9556,48
walking,9572,9556,9572,16
right_turning,9584,9572,9584,12
walking,9629,9584,9629,45
sniffing,9660,9629,9660,31
rising,9674,9660,9674,14
climbing,9721,9674,9721,47
trotting,9737,9721,9737,16
sniffing,9800,9737,9800,63
right_turning,9836,9800,9836,36
sniffing,9840,9836,9840,4
walking,9860,9840,9860,20
sniffing,9861,9860,9861,1
rising,9865,9861,9865,4
sniffing,9874,9865,9874,9
walking,9954,9874,9954,80
sniffing,10024,9954,10024,70
left_turning,10062,10024,10062,38
running,10099,10062,10099,37
sniffing,10225,10099,10225,126
right_turning,10232,10225,10232,7
walking,10255,10232,10255,23
sniffing,10298,10255,10298,43
hunching,10398,10298,10398,100
right_turning,10428,10398,10428,30
sniffing,10486,10428,10486,58
left_turning,10500,10486,10500,14
sniffing,10569,10500,10569,69
left_turning,10570,10569,10570,1
stepping,10585,10570,10585,15
rising,10628,10585,10628,43
climbing,10663,10628,10663,35
rising,10664,10663,10664,1
sniffing,10726,10664,10726,62
stepping,10741,10726,10741,15
walking,10806,10741,10806,65
sniffing,10868,10806,10868,62
trotting,10881,10868,10881,13
walking,10949,10881,10949,68
sniffing,10994,10949,10994,45
rising,10995,10994,10995,1
climbing,11063,10995,11063,68
walking,11083,11063,11083,20
rising,11129,11083,11129,46
left_turning,11131,11129,11131,2
walking,11235,11131,11235,104
sniffing,11285,11235,11285,50
trotting,11305,11285,11305,20
stepping,11341,11305,11341,36
walking,11353,11341,11353,12
sniffing,11370,11353,11370,17
climbing,11400,11370,11400,30
walking,11428,11400,11428,28
sniffing,11429,11428,11429,1
climbing,11471,11429,11471,42
right_turning,11496,11471,11496,25
walking,11530,11496,11530,34
climbing,11578,11530,11578,48
sniffing,11604,11578,11604,26
trotting,11649,11604,11649,45
walking,11695,11649,11695,46
sniffing,11784,11695,11784,89
climbing,11804,11784,11804,20
hunching,11845,11804,11845,41
rearing,11846,11845,11846,1
hunching,11876,11846,11876,30
right_turning,11877,11876,11877,1
trotting,11906,11877,11906,29
walking,11919,11906,11919,13
sniffing,11920,11919,11920,1
left_turning,11955,11920,11955,35
rising,11977,11955,11977,22
rearing,11995,11977,11995,18
walking,12021,11995,12021,26
sniffing,12063,12021,12063,42
climbing,12064,12063,12064,1
walking,12144,12064,12144,80
sniffing,12201,12144,12201,57
hunching,12283,12201,12283,82
sniffing,12328,12283,12328,45
climbing,12345,12328,12345,17
rising,12346,12345,12346,1
climbing,12347,12346,12347,1
sniffing,12410,12347,12410,63
rising,12453,12410,12453,43
walking,12454,12453,12454,1
climbing,12517,12454,12517,63
sniffing,12533,12517,12533,16
running,12552,12533,12552,19
walking,12620,12552,12620,68
sniffing,12621,12620,12621,1
rising,12622,12621,12622,1
climbing,12719,12622,12719,97
sniffing,12720,12719,12720,1
trotting,12736,12720,12736,16
walking,12746,12736,12746,10
stepping,12776,12746,12776,30
trotting,12806,12776,12806,30
climbing,12851,12806,12851,45
hunching,13021,12851,13021,170
walking,13022,13021,13022,1
sniffing,13023,13022,13023,1
stepping,13032,13023,13032,9
sniffing,13089,13032,13089,57
climbing,13099,13089,13099,10
sniffing,13100,13099,13100,1
rising,13138,13100,13138,38
climbing,13151,13138,13151,13
running,13166,13151,13166,15
stepping,13223,13166,13223,57
climbing,13292,13223,13292,69
walking,13298,13292,13298,6
sniffing,13354,13298,13354,56
right_turning,13368,13354,13368,14
trotting,13382,13368,13382,14
walking,13409,13382,13409,27
right_turning,13425,13409,13425,16
trotting,13442,13425,13442,17
running,13458,13442,13458,16
walking,13459,13458,13459,1
sniffing,13487,13459,13487,28
trotting,13511,13487,13511,24
walking,13527,13511,13527,16
sniffing,13554,13527,13554,27
climbing,13607,13554,13607,53
sniffing,13651,13607,13651,44
left_turning,13652,13651,13652,1
sniffing,13700,13652,13700,48
right_turning,13715,13700,13715,15
hunching,13776,13715,13776,61
right_turning,13788,13776,13788,12
trotting,13819,13788,13819,31
climbing,13865,13819,13865,46
right_turning,13899,13865,13899,34
walking,13900,13899,13900,1
sniffing,13916,13900,13916,16
left_turning,13939,13916,13939,23
sniffing,13995,13939,13995,56
walking,13996,13995,13996,1
climbing,14044,13996,14044,48
sniffing,14045,14044,14045,1
walking,14074,14045,14074,29
trotting,14091,14074,14091,17
walking,14118,14091,14118,27
sniffing,14119,14118,14119,1
right_turning,14153,14119,14153,34
sniffing,14157,14153,14157,4
walking,14197,14157,14197,40
sniffing,14198,14197,14198,1
rearing,14450,14198,14450,252
rising,14496,14450,14496,46
walking,14497,14496,14497,1
sniffing,14561,14497,14561,64
stepping,14595,14561,14595,34
sniffing,14620,14595,14620,25
trotting,14654,14620,14654,34
running,14668,14654,14668,14
trotting,14689,14668,14689,21
climbing,14735,14689,14735,46
sniffing,14799,14735,14799,64
rising,14821,14799,14821,22
sniffing,14835,14821,14835,14
rising,15088,14835,15088,253
sniffing,15112,15088,15112,24
climbing,15126,15112,15126,14
trotting,15169,15126,15169,43
sniffing,15170,15169,15170,1
grooming,15171,15170,15171,1
left_turning,15173,15171,15173,2
running,15202,15173,15202,29
walking,15244,15202,15244,42
rising,15245,15244,15245,1
sniffing,15275,15245,15275,30
left_turning,15329,15275,15329,54
walking,15340,15329,15340,11
sniffing,15341,15340,15341,1
walking,15382,15341,15382,41
rising,15396,15382,15396,14
sniffing,15464,15396,15464,68
pausing,15465,15464,15465,1
sniffing,15466,15465,15466,1
grooming,15602,15466,15602,136
walking,15617,15602,15617,15
sniffing,15662,15617,15662,45
walking,15712,15662,15712,50
left_turning,15716,15712,15716,4
trotting,15721,15716,15721,5
stepping,15767,15721,15767,46
sniffing,15786,15767,15786,19
hunching,15856,15786,15856,70
right_turning,15865,15856,15865,9
walking,15977,15865,15977,112
sniffing,16070,15977,16070,93
left_turning,16071,16070,16071,1
sniffing,16154,16071,16154,83
climbing,16155,16154,16155,1
walking,16182,16155,16182,27
sniffing,16183,16182,16183,1
rising,16216,16183,16216,33
rearing,16360,16216,16360,144
walking,16414,16360,16414,54
climbing,16438,16414,16438,24
trotting,16471,16438,16471,33
walking,16478,16471,16478,7
rising,16541,16478,16541,63
sniffing,16542,16541,16542,1
rising,16621,16542,16621,79
trotting,16635,16621,16635,14
stepping,16666,16635,16666,31
sniffing,16739,16666,16739,73
climbing,16742,16739,16742,3
walking,16743,16742,16743,1
climbing,16813,16743,16813,70
rising,16814,16813,16814,1
rearing,17018,16814,17018,204
left_turning,17019,17018,17019,1
climbing,17050,17019,17050,31
walking,17104,17050,17104,54
trotting,17119,17104,17119,15
sniffing,17216,17119,17216,97
rearing,17388,17216,17388,172
rising,17389,17388,17389,1
trotting,17416,17389,17416,27
walking,17539,17416,17539,123
sniffing,17552,17539,17552,13
rising,17590,17552,17590,38
climbing,17622,17590,17622,32
rearing,17688,17622,17688,66
sniffing,17689,17688,17689,1
walking,17736,17689,17736,47
stepping,17759,17736,17759,23
sniffing,17963,17759,17963,204
climbing,17996,17963,17996,33
sniffing,18126,17996,18126,130
trotting,18157,18126,18157,31
sniffing,18163,18157,18163,6
left_turning,18164,18163,18164,1
trotting,18166,18164,18166,2
running,18190,18166,18190,24
rising,18205,18190,18205,15
sniffing,18206,18205,18206,1
rising,18303,18206,18303,97
sniffing,18375,18303,18375,72
rising,18414,18375,18414,39
grooming,18622,18414,18622,208
walking,18687,18622,18687,65
right_turning,18701,18687,18701,14
walking,18756,18701,18756,55
left_turning,18778,18756,18778,22
walking,18806,18778,18806,28
sniffing,18857,18806,18857,51
right_turning,18878,18857,18878,21
trotting,18900,18878,18900,22
walking,18924,18900,18924,24
running,18947,18924,18947,23
sniffing,18956,18947,18956,9
walking,18957,18956,18957,1
climbing,19001,18957,19001,44
trotting,19031,19001,19031,30
sniffing,19142,19031,19142,111
left_turning,19143,19142,19143,1
sniffing,19165,19143,19165,22
walking,19185,19165,19185,20
rising,19186,19185,19186,1
climbing,19255,19186,19255,69
rising,19257,19255,19257,2
walking,19258,19257,19258,1
stepping,19295,19258,19295,37
sniffing,19307,19295,19307,12
stepping,19414,19307,19414,107
rearing,19473,19414,19473,59
sniffing,19476,19473,19476,3
rearing,19524,19476,19524,48
climbing,19595,19524,19595,71
grooming,19933,19595,19933,338
sniffing,19934,19933,19934,1
left_turning,19962,19934,19962,28
stepping,20017,19962,20017,55
sniffing,20018,20017,20018,1
rearing,20118,20018,20118,100
sniffing,20190,20118,20190,72
walking,20200,20190,20200,10
rising,20201,20200,20201,1
climbing,20202,20201,20202,1
sniffing,20362,20202,20362,160
left_turning,20390,20362,20390,28
walking,20414,20390,20414,24
rising,20436,20414,20436,22
sniffing,20437,20436,20437,1
rearing,20625,20437,20625,188
sniffing,20739,20625,20739,114
left_turning,20777,20739,20777,38
sniffing,20837,20777,20837,60
left_turning,20848,20837,20848,11
trotting,20889,20848,20889,41
sniffing,20916,20889,20916,27
walking,20929,20916,20929,13
sniffing,20935,20929,20935,6
rising,21023,20935,21023,88
climbing,21072,21023,21072,49
stepping,21105,21072,21105,33
sniffing,21222,21105,21222,117
walking,21254,21222,21254,32
sniffing,21302,21254,21302,48
right_turning,21328,21302,21328,26
trotting,21379,21328,21379,51
sniffing,21428,21379,21428,49
rising,21451,21428,21451,23
sniffing,21493,21451,21493,42
walking,21562,21493,21562,69
climbing,21630,21562,21630,68
rearing,21757,21630,21757,127
walking,21763,21757,21763,6
climbing,21822,21763,21822,59
stepping,21861,21822,21861,39
rising,21884,21861,21884,23
grooming,21885,21884,21885,1
right_turning,21916,21885,21916,31
running,21955,21916,21955,39
stepping,22063,21955,22063,108
walking,22084,22063,22084,21
sniffing,22123,22084,22123,39
right_turning,22152,22123,22152,29
running,22157,22152,22157,5
left_turning,22167,22157,22167,10
walking,22195,22167,22195,28
rising,22196,22195,22196,1
climbing,22265,22196,22265,69
grooming,22476,22265,22476,211
sniffing,22536,22476,22536,60
left_turning,22537,22536,22537,1
sniffing,22656,22537,22656,119
walking,22726,22656,22726,70
trotting,22757,22726,22757,31
left_turning,22774,22757,22774,17
walking,22806,22774,22806,32
sniffing,22869,22806,22869,63
trotting,22913,22869,22913,44
grooming,23103,22913,23103,190
hunching,23104,23103,23104,1
climbing,23105,23104,23105,1
walking,23106,23105,23106,1
left_turning,23107,23106,23107,1
walking,23150,23107,23150,43
climbing,23173,23150,23173,23
stepping,23174,23173,23174,1
walking,23182,23174,23182,8
sniffing,23297,23182,23297,115
rearing,23408,23297,23408,111
sniffing,23409,23408,23409,1
left_turning,23410,23409,23410,1
walking,23414,23410,23414,4
sniffing,23415,23414,23415,1
rising,23466,23415,23466,51
climbing,23491,23466,23491,25
rearing,23492,23491,23492,1
sniffing,23494,23492,23494,2
climbing,23516,23494,23516,22
rearing,23569,23516,23569,53
sniffing,23614,23569,23614,45
walking,23698,23614,23698,84
rising,23833,23698,23833,135
sniffing,23885,23833,23885,52
rearing,23886,23885,23886,1
left_turning,23908,23886,23908,22
walking,23940,23908,23940,32
rising,24064,23940,24064,124
sniffing,24149,24064,24149,85
climbing,24183,24149,24183,34
sniffing,24200,24183,24200,17
walking,24240,24200,24240,40
right_turning,24282,24240,24282,42
trotting,24312,24282,24312,30
left_turning,24344,24312,24344,32
rising,24431,24344,24431,87
climbing,24432,24431,24432,1
left_turning,24448,24432,24448,16
rising,24491,24448,24491,43
rearing,24492,24491,24492,1
left_turning,24511,24492,24511,19
walking,24580,24511,24580,69
sniffing,24581,24580,24581,1
walking,24598,24581,24598,17
sniffing,24673,24598,24673,75
stepping,24693,24673,24693,20
rising,24702,24693,24702,9
climbing,24782,24702,24782,80
sniffing,24783,24782,24783,1
rearing,24879,24783,24879,96
walking,24880,24879,24880,1
right_turning,24884,24880,24884,4
running,24930,24884,24930,46
sniffing,24931,24930,24931,1
left_turning,24955,24931,24955,24
sniffing,25013,24955,25013,58
right_turning,25028,25013,25028,15
running,25050,25028,25050,22
walking,25081,25050,25081,31
sniffing,25082,25081,25082,1
grooming,25353,25082,25353,271
pausing,25354,25353,25354,1
sniffing,25410,25354,25410,56
rearing,25411,25410,25411,1
rising,25448,25411,25448,37
walking,25490,25448,25490,42
climbing,25512,25490,25512,22
left_turning,25524,25512,25524,12
sniffing,25547,25524,25547,23
walking,25600,25547,25600,53
rising,25626,25600,25626,26
trotting,25650,25626,25650,24
sniffing,25690,25650,25690,40
climbing,25702,25690,25702,12
walking,25703,25702,25703,1
rising,25704,25703,25704,1
rearing,25813,25704,25813,109
rising,25893,25813,25893,80
grooming,25993,25893,25993,100
sniffing,26048,25993,26048,55
rising,26118,26048,26118,70
rearing,26291,26118,26291,173
grooming,26292,26291,26292,1
hunching,26361,26292,26361,69
climbing,26406,26361,26406,45
right_turning,26407,26406,26407,1
trotting,26439,26407,26439,32
sniffing,26440,26439,26440,1
rising,26542,26440,26542,102
walking,26570,26542,26570,28
trotting,26573,26570,26573,3
sniffing,26615,26573,26615,42
trotting,26644,26615,26644,29
climbing,26697,26644,26697,53
right_turning,26730,26697,26730,33
walking,26747,26730,26747,17
sniffing,26818,26747,26818,71
right_turning,26843,26818,26843,25
walking,26860,26843,26860,17
climbing,26971,26860,26971,111
sniffing,27048,26971,27048,77
walking,27068,27048,27068,20
sniffing,27139,27068,27139,71
stepping,27149,27139,27149,10
rising,27189,27149,27189,40
climbing,27221,27189,27221,32
rearing,27222,27221,27222,1
sniffing,27273,27222,27273,51
left_turning,27290,27273,27290,17
sniffing,27362,27290,27362,72
walking,27387,27362,27387,25
rising,27388,27387,27388,1
climbing,27395,27388,27395,7
walking,27406,27395,27406,11
left_turning,27432,27406,27432,26
sniffing,27433,27432,27433,1
rising,27464,27433,27464,31
climbing,27541,27464,27541,77
walking,27580,27541,27580,39
climbing,27621,27580,27621,41
rising,27720,27621,27720,99
left_turning,27726,27720,27726,6
sniffing,27745,27726,27745,19
climbing,27784,27745,27784,39
rearing,27785,27784,27785,1
walking,27786,27785,27786,1
left_turning,27841,27786,27841,55
sniffing,27868,27841,27868,27
grooming,28131,27868,28131,263
walking,28165,28131,28165,34
stepping,28170,28165,28170,5
sniffing,28209,28170,28209,39
rising,28216,28209,28216,7
trotting,28235,28216,28235,19
rising,28287,28235,28287,52
walking,28316,28287,28316,29
stepping,28340,28316,28340,24
sniffing,28417,28340,28417,77
walking,28418,28417,28418,1
rising,28419,28418,28419,1
sniffing,28465,28419,28465,46
walking,28519,28465,28519,54
left_turning,28559,28519,28559,40
sniffing,28617,28559,28617,58
walking,28651,28617,28651,34
sniffing,28669,28651,28669,18
right_turning,28670,28669,28670,1
trotting,28678,28670,28678,8
rising,28684,28678,28684,6
climbing,28747,28684,28747,63
sniffing,28828,28747,28828,81
walking,28840,28828,28840,12
sniffing,28851,28840,28851,11
left_turning,28876,28851,28876,25
walking,28887,28876,28887,11
left_turning,28888,28887,28888,1
sniffing,28931,28888,28931,43
running,28944,28931,28944,13
sniffing,29048,28944,29048,104
left_turning,29049,29048,29049,1
walking,29093,29049,29093,44
climbing,29118,29093,29118,25
rising,29140,29118,29140,22
sniffing,29141,29140,29141,1
left_turning,29149,29141,29149,8
sniffing,29166,29149,29166,17
trotting,29167,29166,29167,1
sniffing,29263,29167,29263,96
right_turning,29264,29263,29264,1
trotting,29290,29264,29290,26
walking,29343,29290,29343,53
left_turning,29400,29343,29400,57
right_turning,29433,29400,29433,33
sniffing,29474,29433,29474,41
running,29509,29474,29509,35
walking,29530,29509,29530,21
sniffing,29738,29530,29738,208
right_turning,29752,29738,29752,14
left_turning,29753,29752,29753,1
trotting,29795,29753,29795,42
sniffing,29822,29795,29822,27
climbing,29859,29822,29859,37
trotting,29878,29859,29878,19
sniffing,29920,29878,29920,42
rising,30001,29920,30001,81
climbing,30037,30001,30037,36
walking,30064,30037,30064,27
rearing,30096,30064,30096,32
climbing,30161,30096,30161,65
sniffing,30216,30161,30216,55
trotting,30233,30216,30233,17
stepping,30253,30233,30253,20
sniffing,30290,30253,30290,37
climbing,30320,30290,30320,30
sniffing,30369,30320,30369,49
stepping,30374,30369,30374,5
sniffing,30435,30374,30435,61
walking,30465,30435,30465,30
rising,30483,30465,30483,18
climbing,30509,30483,30509,26
walking,30546,30509,30546,37
sniffing,30560,30546,30560,14
right_turning,30596,30560,30596,36
trotting,30624,30596,30624,28
walking,30668,30624,30668,44
sniffing,30698,30668,30698,30
walking,30737,30698,30737,39
rising,30766,30737,30766,29
sniffing,30848,30766,30848,82
walking,30888,30848,30888,40
climbing,30889,30888,30889,1
sniffing,30996,30889,30996,107
climbing,31097,30996,31097,101
sniffing,31239,31097,31239,142
left_turning,31260,31239,31260,21
walking,31312,31260,31312,52
rising,31336,31312,31336,24
climbing,31351,31336,31351,15
right_turning,31377,31351,31377,26
trotting,31421,31377,31421,44
rising,31547,31421,31547,126
rearing,31630,31547,31630,83
walking,31673,31630,31673,43
sniffing,31758,31673,31758,85
walking,31769,31758,31769,11
running,31776,31769,31776,7
sniffing,31777,31776,31777,1
left_turning,31809,31777,31809,32
sniffing,31853,31809,31853,44
climbing,31903,31853,31903,50
rising,31934,31903,31934,31
sniffing,32047,31934,32047,113
walking,32048,32047,32048,1
trotting,32107,32048,32107,59
sniffing,32123,32107,32123,16
walking,32124,32123,32124,1
sniffing,32152,32124,32152,28
climbing,32202,32152,32202,50
sniffing,32257,32202,32257,55
walking,32258,32257,32258,1
stepping,32313,32258,32313,55
rearing,32393,32313,32393,80
sniffing,32444,32393,32444,51
rising,32491,32444,32491,47
climbing,32524,32491,32524,33
rearing,32563,32524,32563,39
grooming,32673,32563,32673,110
sniffing,32674,32673,32674,1
climbing,32765,32674,32765,91
trotting,32773,32765,32773,8
sniffing,32774,32773,32774,1
stepping,32786,32774,32786,12
walking,32829,32786,32829,43
running,32853,32829,32853,24
sniffing,32878,32853,32878,25
walking,32881,32878,32881,3
left_turning,32921,32881,32921,40
rising,32941,32921,32941,20
climbing,32979,32941,32979,38
sniffing,33017,32979,33017,38
left_turning,33039,33017,33039,22
stepping,33082,33039,33082,43
sniffing,33138,33082,33138,56
left_turning,33153,33138,33153,15
sniffing,33192,33153,33192,39
climbing,33260,33192,33260,68
rearing,33278,33260,33278,18
rising,33279,33278,33279,1
climbing,33280,33279,33280,1
right_turning,33320,33280,33320,40
sniffing,33321,33320,33321,1
climbing,33346,33321,33346,25
sniffing,33356,33346,33356,10
walking,33383,33356,33383,27
hunching,33480,33383,33480,97
sniffing,33559,33480,33559,79
right_turning,33568,33559,33568,9
sniffing,33677,33568,33677,109
stepping,33704,33677,33704,27
rising,33777,33704,33777,73
climbing,33778,33777,33778,1
sniffing,33844,33778,33844,66
hunching,33927,33844,33927,83
grooming,34118,33927,34118,191
walking,34128,34118,34128,10
left_turning,34129,34128,34129,1
walking,34157,34129,34157,28
sniffing,34197,34157,34197,40
walking,34216,34197,34216,19
sniffing,34348,34216,34348,132
rising,34361,34348,34361,13
left_turning,34421,34361,34421,60
rising,34441,34421,34441,20
climbing,34468,34441,34468,27
sniffing,34469,34468,34469,1
climbing,34523,34469,34523,54
sniffing,34524,34523,34524,1
walking,34564,34524,34564,40
right_turning,34574,34564,34574,10
stepping,34595,34574,34595,21
trotting,34599,34595,34599,4
sniffing,34690,34599,34690,91
rising,34766,34690,34766,76
left_turning,34797,34766,34797,31
sniffing,34834,34797,34834,37
left_turning,34835,34834,34835,1
walking,34908,34835,34908,73
sniffing,34936,34908,34936,28
climbing,35006,34936,35006,70
sniffing,35007,35006,35007,1
running,35047,35007,35047,40
stepping,35070,35047,35070,23
right_turning,35095,35070,35095,25
walking,35115,35095,35115,20
sniffing,35196,35115,35196,81
walking,35228,35196,35228,32
sniffing,35230,35228,35230,2
rising,35259,35230,35259,29
climbing,35315,35259,35315,56
rising,35316,35315,35316,1
climbing,35386,35316,35386,70
rising,35387,35386,35387,1
grooming,35442,35387,35442,55
rearing,35501,35442,35501,59
sniffing,35573,35501,35573,72
rising,35586,35573,35586,13
walking,35592,35586,35592,6
left_turning,35615,35592,35615,23
running,35627,35615,35627,12
stepping,35673,35627,35673,46
sniffing,35686,35673,35686,13
left_turning,35722,35686,35722,36
trotting,35741,35722,35741,19
rising,35782,35741,35782,41
left_turning,35821,35782,35821,39
walking,35832,35821,35832,11
climbing,35871,35832,35871,39
rising,35882,35871,35882,11
sniffing,35911,35882,35911,29
rising,36045,35911,36045,134
sniffing,36137,36045,36137,92
grooming,36430,36137,36430,293
sniffing,36548,36430,36548,118
right_turning,36571,36548,36571,23
stepping,36573,36571,36573,2
rising,36597,36573,36597,24
climbing,36620,36597,36620,23
hunching,36835,36620,36835,215
grooming,36836,36835,36836,1
rearing,36881,36836,36881,45
climbing,36927,36881,36927,46
sniffing,36976,36927,36976,49
grooming,36977,36976,36977,1
rearing,37038,36977,37038,61
trotting,37052,37038,37052,14
running,37069,37052,37069,17
trotting,37070,37069,37070,1
sniffing,37071,37070,37071,1
right_turning,37098,37071,37098,27
climbing,37111,37098,37111,13
right_turning,37141,37111,37141,30
walking,37174,37141,37174,33
stepping,37175,37174,37175,1
climbing,37206,37175,37206,31
grooming,37310,37206,37310,104
rearing,37463,37310,37463,153
grooming,37464,37463,37464,1
rearing,37482,37464,37482,18
jumping,37551,37482,37551,69
trotting,37574,37551,37574,23
sniffing,37575,37574,37575,1
left_turning,37576,37575,37576,1
walking,37577,37576,37577,1
sniffing,37578,37577,37578,1
right_turning,37598,37578,37598,20
hunching,37599,37598,37599,1
rearing,37612,37599,37612,13
climbing,37688,37612,37688,76
rising,37717,37688,37717,29
climbing,37718,37717,37718,1
right_turning,37721,37718,37721,3
climbing,37722,37721,37722,1
rising,37758,37722,37758,36
sniffing,37759,37758,37759,1
rising,37840,37759,37840,81
rearing,37878,37840,37878,38
sniffing,37887,37878,37887,9
walking,37924,37887,37924,37
rising,38012,37924,38012,88
sniffing,38072,38012,38072,60
left_turning,38073,38072,38073,1
running,38077,38073,38077,4
walking,38149,38077,38149,72
trotting,38154,38149,38154,5
rising,38197,38154,38197,43
rearing,38243,38197,38243,46
climbing,38248,38243,38248,5
rearing,38324,38248,38324,76
rising,38325,38324,38325,1
sniffing,38338,38325,38338,13
climbing,38372,38338,38372,34
running,38383,38372,38383,11
trotting,38418,38383,38418,35
walking,38443,38418,38443,25
rising,38499,38443,38499,56
climbing,38500,38499,38500,1
rising,38665,38500,38665,165
climbing,38778,38665,38778,113
right_turning,38821,38778,38821,43
sniffing,38897,38821,38897,76
rearing,39002,38897,39002,105
hunching,39003,39002,39003,1
rising,39028,39003,39028,25
right_turning,39055,39028,39055,27
sniffing,39056,39055,39056,1
climbing,39097,39056,39097,41
rising,39098,39097,39098,1
sniffing,39143,39098,39143,45
walking,39161,39143,39161,18
climbing,39213,39161,39213,52
rearing,39239,39213,39239,26
jumping,39303,39239,39303,64
rising,39330,39303,39330,27
climbing,39378,39330,39378,48
left_turning,39417,39378,39417,39
walking,39467,39417,39467,50
sniffing,39483,39467,39483,16
walking,39512,39483,39512,29
sniffing,39575,39512,39575,63
running,39606,39575,39606,31
walking,39607,39606,39607,1
rising,39632,39607,39632,25
climbing,39679,39632,39679,47
sniffing,39754,39679,39754,75
right_turning,39755,39754,39755,1
trotting,39779,39755,39779,24
left_turning,39780,39779,39780,1
sniffing,39808,39780,39808,28
left_turning,39809,39808,39809,1
sniffing,39984,39809,39984,175
walking,39985,39984,39985,1
running,39998,39985,39998,13
sniffing,40147,39998,40147,149
trotting,40164,40147,40164,17
sniffing,40192,40164,40192,28
rising,40266,40192,40266,74
climbing,40277,40266,40277,11
walking,40308,40277,40308,31
sniffing,40347,40308,40347,39
rising,40399,40347,40399,52
climbing,40444,40399,40444,45
sniffing,40496,40444,40496,52
climbing,40562,40496,40562,66
rising,40613,40562,40613,51
sniffing,40714,40613,40714,101
rearing,40770,40714,40770,56
left_turning,40771,40770,40771,1
sniffing,40772,40771,40772,1
walking,40798,40772,40798,26
sniffing,40962,40798,40962,164
walking,40985,40962,40985,23
rearing,41013,40985,41013,28
right_turning,41045,41013,41045,32
climbing,41052,41045,41052,7
walking,41127,41052,41127,75
climbing,41128,41127,41128,1
rearing,41264,41128,41264,136
walking,41320,41264,41320,56
rising,41348,41320,41348,28
right_turning,41359,41348,41359,11
rising,41439,41359,41439,80
rearing,41507,41439,41507,68
walking,41525,41507,41525,18
right_turning,41526,41525,41526,1
rising,41568,41526,41568,42
climbing,41602,41568,41602,34
rearing,41794,41602,41794,192
sniffing,41799,41794,41799,5
walking,41880,41799,41880,81
sniffing,42072,41880,42072,192
climbing,42102,42072,42102,30
right_turning,42136,42102,42136,34
rearing,42147,42136,42147,11
left_turning,42166,42147,42166,19
rising,42197,42166,42197,31
trotting,42223,42197,42223,26
walking,42266,42223,42266,43
right_turning,42270,42266,42270,4
walking,42324,42270,42324,54
climbing,42377,42324,42377,53
trotting,42382,42377,42382,5
sniffing,42402,42382,42402,20
walking,42436,42402,42436,34
climbing,42458,42436,42458,22
rearing,42459,42458,42459,1
climbing,42482,42459,42482,23
hunching,42601,42482,42601,119
grooming,42602,42601,42602,1
sniffing,42618,42602,42618,16
rising,42619,42618,42619,1
climbing,42682,42619,42682,63
rearing,42766,42682,42766,84
left_turning,42767,42766,42767,1
walking,42773,42767,42773,6
sniffing,42817,42773,42817,44
climbing,42822,42817,42822,5
left_turning,42850,42822,42850,28
walking,42851,42850,42851,1
sniffing,42936,42851,42936,85
climbing,42976,42936,42976,40
walking,42986,42976,42986,10
sniffing,43124,42986,43124,138
right_turning,43128,43124,43128,4
trotting,43139,43128,43139,11
walking,43161,43139,43161,22
climbing,43191,43161,43191,30
right_turning,43192,43191,43192,1
stepping,43226,43192,43226,34
walking,43262,43226,43262,36
running,43283,43262,43283,21
sniffing,43368,43283,43368,85
climbing,43401,43368,43401,33
walking,43443,43401,43443,42
rising,43482,43443,43482,39
climbing,43517,43482,43517,35
rising,43686,43517,43686,169
sniffing,43705,43686,43705,19
climbing,43791,43705,43791,86
right_turning,43821,43791,43821,30
sniffing,43822,43821,43822,1
walking,43840,43822,43840,18
sniffing,43876,43840,43876,36
left_turning,43955,43876,43955,79
rising,43974,43955,43974,19
left_turning,43981,43974,43981,7
trotting,44009,43981,44009,28
walking,44038,44009,44038,29
climbing,44064,44038,44064,26
right_turning,44084,44064,44084,20
walking,44085,44084,44085,1
stepping,44086,44085,44086,1
walking,44131,44086,44131,45
sniffing,44229,44131,44229,98
walking,44269,44229,44269,40
rising,44270,44269,44270,1
trotting,44287,44270,44287,17
sniffing,44338,44287,44338,51
grooming,44339,44338,44339,1
rearing,44372,44339,44372,33
walking,44433,44372,44433,61
sniffing,44449,44433,44449,16
climbing,44491,44449,44491,42
rearing,44539,44491,44539,48
sniffing,44540,44539,44540,1
stepping,44565,44540,44565,25
sniffing,44566,44565,44566,1
hunching,44602,44566,44602,36
walking,44680,44602,44680,78
rising,44726,44680,44726,46
climbing,44757,44726,44757,31
right_turning,44784,44757,44784,27
walking,44817,44784,44817,33
sniffing,44848,44817,44848,31
walking,44859,44848,44859,11
sniffing,44908,44859,44908,49
climbing,44976,44908,44976,68
right_turning,45003,44976,45003,27
walking,45014,45003,45014,11
left_turning,45015,45014,45015,1
rising,45071,45015,45071,56
climbing,45190,45071,45190,119
sniffing,45228,45190,45228,38
walking,45247,45228,45247,19
sniffing,45253,45247,45253,6
rising,45276,45253,45276,23
climbing,45324,45276,45324,48
rising,45403,45324,45403,79
sniffing,45434,45403,45434,31
stepping,45435,45434,45435,1
sniffing,45458,45435,45458,23
walking,45472,45458,45472,14
sniffing,45473,45472,45473,1
trotting,45474,45473,45474,1
sniffing,45475,45474,45475,1
grooming,45710,45475,45710,235
sniffing,45716,45710,45716,6
climbing,45763,45716,45763,47
rearing,45803,45763,45803,40
rising,45839,45803,45839,36
rearing,45876,45839,45876,37
rising,45914,45876,45914,38
climbing,45996,45914,45996,82
sniffing,45997,45996,45997,1
climbing,46018,45997,46018,21
left_turning,46019,46018,46019,1
sniffing,46043,46019,46043,24
walking,46071,46043,46071,28
left_turning,46081,46071,46081,10
stepping,46110,46081,46110,29
rising,46111,46110,46111,1
climbing,46153,46111,46153,42
stepping,46156,46153,46156,3
walking,46166,46156,46166,10
rising,46223,46166,46223,57
climbing,46282,46223,46282,59
right_turning,46302,46282,46302,20
trotting,46305,46302,46305,3
walking,46306,46305,46306,1
left_turning,46346,46306,46346,40
sniffing,46367,46346,46367,21
walking,46386,46367,46386,19
rising,46460,46386,46460,74
stepping,46467,46460,46467,7
rising,46594,46467,46594,127
left_turning,46617,46594,46617,23
walking,46673,46617,46673,56
stepping,46750,46673,46750,77
rising,46805,46750,46805,55
rearing,46845,46805,46845,40
climbing,46846,46845,46846,1
rearing,46885,46846,46885,39
sniffing,46886,46885,46886,1
stepping,46887,46886,46887,1
rising,46897,46887,46897,10
right_turning,46925,46897,46925,28
stepping,46959,46925,46959,34
climbing,46964,46959,46964,5
rearing,47010,46964,47010,46
rising,47039,47010,47039,29
hunching,47114,47039,47114,75
climbing,47133,47114,47133,19
sniffing,47151,47133,47151,18
climbing,47152,47151,47152,1
rearing,47194,47152,47194,42
sniffing,47234,47194,47234,40
walking,47261,47234,47261,27
right_turning,47264,47261,47264,3
stepping,47277,47264,47277,13
sniffing,47365,47277,47365,88
climbing,47423,47365,47423,58
rising,47518,47423,47518,95
sniffing,47519,47518,47519,1
rising,47573,47519,47573,54
sniffing,47574,47573,47574,1
left_turning,47582,47574,47582,8
running,47627,47582,47627,45
trotting,47647,47627,47647,20
sniffing,47653,47647,47653,6
left_turning,47729,47653,47729,76
sniffing,47792,47729,47792,63
walking,47820,47792,47820,28
climbing,47874,47820,47874,54
right_turning,47902,47874,47902,28
trotting,47921,47902,47921,19
sniffing,47922,47921,47922,1
climbing,47980,47922,47980,58
left_turning,47996,47980,47996,16
walking,48071,47996,48071,75
sniffing,48072,48071,48072,1
walking,48088,48072,48088,16
sniffing,48089,48088,48089,1
rearing,48109,48089,48109,20
hunching,48211,48109,48211,102
right_turning,48220,48211,48220,9
sniffing,48230,48220,48230,10
trotting,48238,48230,48238,8
sniffing,48239,48238,48239,1
climbing,48300,48239,48300,61
rearing,48345,48300,48345,45
climbing,48361,48345,48361,16
rearing,48444,48361,48444,83
rising,48501,48444,48501,57
climbing,48534,48501,48534,33
rising,48535,48534,48535,1
grooming,48809,48535,48809,274
rearing,48911,48809,48911,102
walking,48959,48911,48959,48
sniffing,49107,48959,49107,148
rising,49112,49107,49112,5
climbing,49152,49112,49152,40
grooming,49549,49152,49549,397
rearing,49570,49549,49570,21
sniffing,49571,49570,49571,1
right_turning,49580,49571,49580,9
trotting,49606,49580,49606,26
left_turning,49674,49606,49674,68
running,49675,49674,49675,1
climbing,49744,49675,49744,69
rising,49805,49744,49805,61
climbing,49816,49805,49816,11
walking,49830,49816,49830,14
rising,49834,49830,49834,4
walking,49835,49834,49835,1
climbing,49873,49835,49873,38
sniffing,49950,49873,49950,77
left_turning,49971,49950,49971,21
walking,49978,49971,49978,7
sniffing,50044,49978,50044,66
right_turning,50066,50044,50066,22
walking,50089,50066,50089,23
sniffing,50090,50089,50090,1
rearing,50280,50090,50280,190
sniffing,50341,50280,50341,61
walking,50359,50341,50359,18
sniffing,50405,50359,50405,46
walking,50456,50405,50456,51
stepping,50489,50456,50489,33
sniffing,50490,50489,50490,1
stepping,50555,50490,50555,65
trotting,50598,50555,50598,43
sniffing,50614,50598,50614,16
climbing,50654,50614,50654,40
running,50668,50654,50668,14
right_turning,50701,50668,50701,33
walking,50770,50701,50770,69
rising,50771,50770,50771,1
climbing,50837,50771,50837,66
walking,50838,50837,50838,1
trotting,50873,50838,50873,35
sniffing,50874,50873,50874,1
climbing,50916,50874,50916,42
left_turning,50985,50916,50985,69
walking,51016,50985,51016,31
left_turning,51017,51016,51017,1
walking,51023,51017,51023,6
sniffing,51024,51023,51024,1
grooming,51025,51024,51025,1
sniffing,51099,51025,51099,74
walking,51122,51099,51122,23
rising,51128,51122,51128,6
grooming,51129,51128,51129,1
left_turning,51130,51129,51130,1
stepping,51147,51130,51147,17
trotting,51164,51147,51164,17
sniffing,51183,51164,51183,19
walking,51261,51183,51261,78
sniffing,51262,51261,51262,1
walking,51322,51262,51322,60
trotting,51334,51322,51334,12
walking,51345,51334,51345,11
sniffing,51400,51345,51400,55
walking,51425,51400,51425,25
rising,51447,51425,51447,22
rearing,51466,51447,51466,19
sniffing,51467,51466,51467,1
climbing,51528,51467,51528,61
rising,51538,51528,51538,10
climbing,51558,51538,51558,20
sniffing,51656,51558,51656,98
walking,51670,51656,51670,14
sniffing,51716,51670,51716,46
rising,51731,51716,51731,15
climbing,51796,51731,51796,65
grooming,51797,51796,51797,1
sniffing,51878,51797,51878,81
rising,51927,51878,51927,49
climbing,51946,51927,51946,19
rising,51971,51946,51971,25
walking,51972,51971,51972,1
climbing,52048,51972,52048,76
rising,52081,52048,52081,33
left_turning,52084,52081,52084,3
walking,52085,52084,52085,1
climbing,52136,52085,52136,51
sniffing,52199,52136,52199,63
walking,52200,52199,52200,1
climbing,52225,52200,52225,25
left_turning,52259,52225,52259,34
walking,52275,52259,52275,16
sniffing,52314,52275,52314,39
grooming,52315,52314,52315,1
rising,52316,52315,52316,1
sniffing,52407,52316,52407,91
right_turning,52420,52407,52420,13
walking,52466,52420,52466,46
rising,52481,52466,52481,15
sniffing,52549,52481,52549,68
left_turning,52572,52549,52572,23
sniffing,52573,52572,52573,1
rising,52574,52573,52574,1
climbing,52608,52574,52608,34
stepping,52648,52608,52648,40
rising,52892,52648,52892,244
right_turning,52935,52892,52935,43
stepping,52959,52935,52959,24
trotting,53009,52959,53009,50
walking,53028,53009,53028,19
left_turning,53080,53028,53080,52
sniffing,53086,53080,53086,6
rising,53110,53086,53110,24
walking,53137,53110,53137,27
sniffing,53193,53137,53193,56
left_turning,53225,53193,53225,32
sniffing,53226,53225,53226,1
walking,53258,53226,53258,32
climbing,53306,53258,53306,48
sniffing,53370,53306,53370,64
trotting,53400,53370,53400,30
sniffing,53460,53400,53460,60
rising,53469,53460,53469,9
rearing,53479,53469,53479,10
walking,53492,53479,53492,13
sniffing,53541,53492,53541,49
left_turning,53627,53541,53627,86
rising,53693,53627,53693,66
sniffing,53827,53693,53827,134
rising,53904,53827,53904,77
sniffing,53939,53904,53939,35
right_turning,53957,53939,53957,18
walking,54010,53957,54010,53
rising,54024,54010,54024,14
right_turning,54026,54024,54026,2
running,54038,54026,54038,12
trotting,54039,54038,54039,1
hunching,54078,54039,54078,39
right_turning,54095,54078,54095,17
stepping,54126,54095,54126,31
rising,54150,54126,54150,24
sniffing,54151,54150,54151,1
climbing,54197,54151,54197,46
rising,54261,54197,54261,64
climbing,54292,54261,54292,31
rearing,54313,54292,54313,21
hunching,54323,54313,54323,10
sniffing,54482,54323,54482,159
rising,54528,54482,54528,46
sniffing,54693,54528,54693,165
climbing,54695,54693,54695,2
hunching,54711,54695,54711,16
sniffing,54754,54711,54754,43
climbing,54836,54754,54836,82
right_turning,54850,54836,54850,14
grooming,54851,54850,54851,1
rearing,54852,54851,54852,1
sniffing,54876,54852,54876,24
climbing,54881,54876,54881,5
rearing,54882,54881,54882,1
sniffing,54905,54882,54905,23
climbing,54966,54905,54966,61
hunching,54979,54966,54979,13
grooming,54980,54979,54980,1
rising,55153,54980,55153,173
sniffing,55168,55153,55168,15
walking,55193,55168,55193,25
running,55208,55193,55208,15
stepping,55263,55208,55263,55
sniffing,55324,55263,55324,61
right_turning,55340,55324,55340,16
rising,55341,55340,55341,1
climbing,55401,55341,55401,60
rising,55402,55401,55402,1
hunching,55476,55402,55476,74
sniffing,55512,55476,55512,36
hunching,55526,55512,55526,14
climbing,55597,55526,55597,71
sniffing,55634,55597,55634,37
left_turning,55635,55634,55635,1
walking,55750,55635,55750,115
stepping,55757,55750,55757,7
sniffing,55761,55757,55761,4
climbing,55829,55761,55829,68
rising,55982,55829,55982,153
sniffing,56044,55982,56044,62
grooming,56119,56044,56119,75
rearing,56207,56119,56207,88
grooming,56208,56207,56208,1
walking,56256,56208,56256,48
sniffing,56290,56256,56290,34
hunching,56363,56290,56363,73
sniffing,56466,56363,56466,103
grooming,56467,56466,56467,1
rearing,56735,56467,56735,268
walking,56763,56735,56763,28
rising,56838,56763,56838,75
sniffing,56839,56838,56839,1
climbing,56883,56839,56883,44
hunching,56986,56883,56986,103
sniffing,57047,56986,57047,61
walking,57048,57047,57048,1
stepping,57058,57048,57058,10
trotting,57096,57058,57096,38
walking,57109,57096,57109,13
stepping,57130,57109,57130,21
walking,57131,57130,57131,1
sniffing,57352,57131,57352,221
climbing,57387,57352,57387,35
hunching,57447,57387,57447,60
sniffing,57565,57447,57565,118
trotting,57621,57565,57621,56
rising,57734,57621,57734,113
sniffing,57869,57734,57869,135
rearing,57870,57869,57870,1
climbing,57918,57870,57918,48
right_turning,57935,57918,57935,17
walking,57936,57935,57936,1
sniffing,57937,57936,57937,1
rearing,57945,57937,57945,8
walking,57985,57945,57985,40
sniffing,58007,57985,58007,22
stepping,58039,58007,58039,32
rearing,58155,58039,58155,116
jumping,58193,58155,58193,38
grooming,58772,58193,58772,579
sniffing,58847,58772,58847,75
hunching,58959,58847,58959,112
climbing,59096,58959,59096,137
walking,59112,59096,59112,16
climbing,59127,59112,59127,15
sniffing,59192,59127,59192,65
rearing,59193,59192,59193,1
sniffing,59312,59193,59312,119
left_turning,59424,59312,59424,112
walking,59512,59424,59512,88
sniffing,59572,59512,59572,60
rising,59597,59572,59597,25
climbing,59641,59597,59641,44
sniffing,59681,59641,59681,40
left_turning,59682,59681,59682,1
rearing,59715,59682,59715,33
climbing,59716,59715,59716,1
walking,59717,59716,59717,1
climbing,59807,59717,59807,90
rising,59818,59807,59818,11
climbing,59880,59818,59880,62
stepping,59882,59880,59882,2
left_turning,59883,59882,59883,1
sniffing,59884,59883,59884,1
climbing,59914,59884,59914,30
walking,59915,59914,59915,1
left_turning,59987,59915,59987,72
walking,59988,59987,59988,1
left_turning,60052,59988,60052,64
walking,60087,60052,60087,35
rising,60130,60087,60130,43
sniffing,60175,60130,60175,45
walking,60184,60175,60184,9
trotting,60208,60184,60208,24
sniffing,60251,60208,60251,43
walking,60363,60251,60363,112
rising,60364,60363,60364,1
climbing,60409,60364,60409,45
right_turning,60437,60409,60437,28
trotting,60441,60437,60441,4
walking,60442,60441,60442,1
stepping,60487,60442,60487,45
sniffing,60562,60487,60562,75
rising,60645,60562,60645,83
stepping,60684,60645,60684,39
rearing,60834,60684,60834,150
climbing,60882,60834,60882,48
rising,60883,60882,60883,1
sniffing,60919,60883,60919,36
stepping,60950,60919,60950,31
sniffing,60986,60950,60986,36
left_turning,61029,60986,61029,43
sniffing,61110,61029,61110,81
right_turning,61172,61110,61172,62
left_turning,61173,61172,61173,1
trotting,61204,61173,61204,31
sniffing,61205,61204,61205,1
walking,61225,61205,61225,20
sniffing,61348,61225,61348,123
walking,61372,61348,61372,24
sniffing,61373,61372,61373,1
walking,61396,61373,61396,23
grooming,61817,61396,61817,421
rearing,61818,61817,61818,1
sniffing,61819,61818,61819,1
rising,61836,61819,61836,17
climbing,61910,61836,61910,74
rising,61912,61910,61912,2
grooming,62123,61912,62123,211
right_turning,62127,62123,62127,4
sniffing,62162,62127,62162,35
trotting,62215,62162,62215,53
grooming,62443,62215,62443,228
sniffing,62511,62443,62511,68
rearing,62551,62511,62551,40
walking,62585,62551,62585,34
rearing,62684,62585,62684,99
rising,62685,62684,62685,1
climbing,62747,62685,62747,62
rearing,62916,62747,62916,169
grooming,63120,62916,63120,204
sniffing,63173,63120,63173,53
left_turning,63223,63173,63223,50
stepping,63245,63223,63245,22
sniffing,63276,63245,63276,31
walking,63292,63276,63292,16
climbing,63315,63292,63315,23
walking,63336,63315,63336,21
sniffing,63337,63336,63337,1
walking,63367,63337,63367,30
sniffing,63368,63367,63368,1
rising,63434,63368,63434,66
climbing,63516,63434,63516,82
rearing,63630,63516,63630,114
climbing,63676,63630,63676,46
rising,63775,63676,63775,99
stepping,63776,63775,63776,1
walking,63805,63776,63805,29
trotting,63860,63805,63860,55
left_turning,63861,63860,63861,1
stepping,63900,63861,63900,39
sniffing,63916,63900,63916,16
rising,63961,63916,63961,45
walking,63962,63961,63962,1
sniffing,64014,63962,64014,52
hunching,64036,64014,64036,22
sniffing,64037,64036,64037,1
left_turning,64125,64037,64125,88
sniffing,64126,64125,64126,1
rising,64127,64126,64127,1
rearing,64260,64127,64260,133
hunching,64367,64260,64367,107
right_turning,64382,64367,64382,15
trotting,64404,64382,64404,22
walking,64458,64404,64458,54
climbing,64494,64458,64494,36
sniffing,64495,64494,64495,1
climbing,64496,64495,64496,1
rearing,64560,64496,64560,64
sniffing,64687,64560,64687,127
rising,64704,64687,64704,17
sniffing,64743,64704,64743,39
grooming,64744,64743,64744,1
rearing,64794,64744,64794,50
rising,64842,64794,64842,48
jumping,64905,64842,64905,63
running,64913,64905,64913,8
walking,64930,64913,64930,17
stepping,65040,64930,65040,110
walking,65041,65040,65041,1
stepping,65054,65041,65054,13
left_turning,65135,65054,65135,81
rising,65138,65135,65138,3
climbing,65139,65138,65139,1
right_turning,65151,65139,65151,12
stepping,65167,65151,65167,16
trotting,65222,65167,65222,55
sniffing,65262,65222,65262,40
rising,65263,65262,65263,1
sniffing,65393,65263,65393,130
rising,65424,65393,65424,31
sniffing,65425,65424,65425,1
rising,65453,65425,65453,28
climbing,65494,65453,65494,41
rising,65517,65494,65517,23
sniffing,65608,65517,65608,91
walking,65636,65608,65636,28
sniffing,65651,65636,65651,15
right_turning,65662,65651,65662,11
walking,65671,65662,65671,9
grooming,65672,65671,65672,1
rearing,65866,65672,65866,194
hunching,65947,65866,65947,81
rearing,66133,65947,66133,186
sniffing,66189,66133,66189,56
rising,66247,66189,66247,58
climbing,66335,66247,66335,88
sniffing,66361,66335,66361,26
rearing,66419,66361,66419,58
sniffing,66500,66419,66500,81
rising,66565,66500,66565,65
sniffing,66589,66565,66589,24
grooming,66702,66589,66702,113
sniffing,66703,66702,66703,1
rising,66755,66703,66755,52
hunching,66802,66755,66802,47
right_turning,66815,66802,66815,13
trotting,66842,66815,66842,27
stepping,66889,66842,66889,47
rising,66892,66889,66892,3
walking,66906,66892,66906,14
sniffing,66912,66906,66912,6
left_turning,66959,66912,66959,47
trotting,66972,66959,66972,13
walking,67014,66972,67014,42
sniffing,67093,67014,67093,79
rising,67156,67093,67156,63
stepping,67203,67156,67203,47
rising,67204,67203,67204,1
sniffing,67205,67204,67205,1
climbing,67226,67205,67226,21
rising,67320,67226,67320,94
sniffing,67405,67320,67405,85
climbing,67454,67405,67454,49
right_turning,67457,67454,67457,3
trotting,67471,67457,67471,14
walking,67514,67471,67514,43
stepping,67532,67514,67532,18
sniffing,67592,67532,67592,60
walking,67605,67592,67605,13
rising,67651,67605,67651,46
climbing,67664,67651,67664,13
right_turning,67697,67664,67697,33
walking,67759,67697,67759,62
right_turning,67778,67759,67778,19
running,67790,67778,67790,12
trotting,67820,67790,67820,30
sniffing,67829,67820,67829,9
stepping,67882,67829,67882,53
left_turning,67883,67882,67883,1
sniffing,67884,67883,67884,1
rearing,67888,67884,67888,4
climbing,67965,67888,67965,77
walking,68023,67965,68023,58
climbing,68049,68023,68049,26
right_turning,68102,68049,68102,53
walking,68118,68102,68118,16
sniffing,68119,68118,68119,1
rising,68139,68119,68139,20
sniffing,68191,68139,68191,52
rising,68210,68191,68210,19
sniffing,68216,68210,68216,6
climbing,68217,68216,68217,1
rearing,68236,68217,68236,19
rising,68237,68236,68237,1
sniffing,68265,68237,68265,28
rising,68309,68265,68309,44
right_turning,68320,68309,68320,11
trotting,68331,68320,68331,11
walking,68342,68331,68342,11
rising,68397,68342,68397,55
sniffing,68473,68397,68473,76
stepping,68493,68473,68493,20
walking,68557,68493,68557,64
trotting,68598,68557,68598,41
sniffing,68654,68598,68654,56
left_turning,68714,68654,68714,60
climbing,68715,68714,68715,1
rearing,68716,68715,68716,1
climbing,68772,68716,68772,56
rising,68789,68772,68789,17
climbing,68805,68789,68805,16
rising,68850,68805,68850,45
climbing,68851,68850,68851,1
sniffing,68875,68851,68875,24
right_turning,68883,68875,68883,8
climbing,68960,68883,68960,77
right_turning,69000,68960,69000,40
walking,69040,69000,69040,40
left_turning,69079,69040,69079,39
stepping,69080,69079,69080,1
walking,69082,69080,69082,2
stepping,69104,69082,69104,22
left_turning,69148,69104,69148,44
walking,69180,69148,69180,32
rising,69181,69180,69181,1
sniffing,69274,69181,69274,93
hunching,69329,69274,69329,55
climbing,69370,69329,69370,41
rising,69403,69370,69403,33
climbing,69446,69403,69446,43
hunching,69569,69446,69569,123
trotting,69591,69569,69591,22
stepping,69642,69591,69642,51
sniffing,69643,69642,69643,1
climbing,69698,69643,69698,55
rising,69764,69698,69764,66
rearing,69848,69764,69848,84
grooming,69986,69848,69986,138
sniffing,70069,69986,70069,83
rising,70096,70069,70096,27
sniffing,70161,70096,70161,65
rising,70258,70161,70258,97
sniffing,70259,70258,70259,1
climbing,70306,70259,70306,47
trotting,70313,70306,70313,7
sniffing,70333,70313,70333,20
climbing,70388,70333,70388,55
sniffing,70403,70388,70403,15
climbing,70435,70403,70435,32
rearing,70452,70435,70452,17
right_turning,70481,70452,70481,29
rearing,70546,70481,70546,65
sniffing,70623,70546,70623,77
walking,70629,70623,70629,6
left_turning,70645,70629,70645,16
sniffing,70785,70645,70785,140
rising,70786,70785,70786,1
climbing,70801,70786,70801,15
rising,70813,70801,70813,12
sniffing,70869,70813,70869,56
trotting,70916,70869,70916,47
stepping,70956,70916,70956,40
right_turning,70987,70956,70987,31
rising,70988,70987,70988,1
climbing,71019,70988,71019,31
right_turning,71045,71019,71045,26
sniffing,71046,71045,71046,1
climbing,71047,71046,71047,1
right_turning,71098,71047,71098,51
rising,71163,71098,71163,65
sniffing,71164,71163,71164,1
hunching,71280,71164,71280,116
rearing,71308,71280,71308,28
rising,71381,71308,71381,73
left_turning,71433,71381,71433,52
walking,71434,71433,71434,1
rising,71435,71434,71435,1
climbing,71492,71435,71492,57
rising,71552,71492,71552,60
sniffing,71553,71552,71553,1
rising,71567,71553,71567,14
climbing,71590,71567,71590,23
rising,71680,71590,71680,90
climbing,71718,71680,71718,38
hunching,71760,71718,71760,42
rearing,71761,71760,71761,1
rising,71813,71761,71813,52
climbing,71847,71813,71847,34
trotting,71874,71847,71874,27
sniffing,71877,71874,71877,3
rising,71878,71877,71878,1
walking,71889,71878,71889,11
sniffing,71890,71889,71890,1
rearing,71942,71890,71942,52
stepping,71943,71942,71943,1
rising,71953,71943,71953,10
right_turning,71987,71953,71987,34
walking,72033,71987,72033,46
stepping,72069,72033,72069,36
left_turning,72088,72069,72088,19
sniffing,72136,72088,72136,48
climbing,72138,72136,72138,2
grooming,72139,72138,72139,1
sniffing,72204,72139,72204,65
trotting,72227,72204,72227,23
walking,72240,72227,72240,13
trotting,72250,72240,72250,10
sniffing,72258,72250,72258,8
left_turning,72366,72258,72366,108
walking,72375,72366,72375,9
left_turning,72376,72375,72376,1
sniffing,72378,72376,72378,2
trotting,72411,72378,72411,33
walking,72412,72411,72412,1
stepping,72440,72412,72440,28
sniffing,72520,72440,72520,80
stepping,72534,72520,72534,14
walking,72541,72534,72541,7
sniffing,72839,72541,72839,298
left_turning,72902,72839,72902,63
sniffing,72904,72902,72904,2
walking,72967,72904,72967,63
sniffing,72968,72967,72968,1
stepping,72995,72968,72995,27
walking,72996,72995,72996,1
climbing,73075,72996,73075,79
sniffing,73115,73075,73115,40
walking,73129,73115,73129,14
left_turning,73211,73129,73211,82
running,73253,73211,73253,42
left_turning,73255,73253,73255,2
walking,73272,73255,73272,17
sniffing,73302,73272,73302,30
left_turning,73353,73302,73353,51
sniffing,73436,73353,73436,83
walking,73470,73436,73470,34
sniffing,73533,73470,73533,63
rearing,73542,73533,73542,9
sniffing,73606,73542,73606,64
right_turning,73607,73606,73607,1
stepping,73628,73607,73628,21
sniffing,73897,73628,73897,269
grooming,74206,73897,74206,309
sniffing,74337,74206,74337,131
rising,74338,74337,74338,1
sniffing,74351,74338,74351,13
climbing,74388,74351,74388,37
right_turning,74395,74388,74395,7
sniffing,74420,74395,74420,25
stepping,74421,74420,74421,1
rearing,74426,74421,74426,5
grooming,74473,74426,74473,47
climbing,74518,74473,74518,45
left_turning,74544,74518,74544,26
walking,74559,74544,74559,15
right_turning,74561,74559,74561,2
sniffing,74562,74561,74562,1
right_turning,74590,74562,74590,28
running,74595,74590,74595,5
walking,74621,74595,74621,26
sniffing,74622,74621,74622,1
left_turning,74684,74622,74684,62
walking,74729,74684,74729,45
sniffing,74778,74729,74778,49
rising,74779,74778,74779,1
sniffing,74859,74779,74859,80
right_turning,74901,74859,74901,42
sniffing,75079,74901,75079,178
rising,75080,75079,75080,1
climbing,75082,75080,75082,2
sniffing,75083,75082,75083,1
trotting,75115,75083,75115,32
rising,75176,75115,75176,61
climbing,75215,75176,75215,39
rearing,75262,75215,75262,47
rising,75517,75262,75517,255
sniffing,75518,75517,75518,1
rising,75519,75518,75519,1
walking,75546,75519,75546,27
sniffing,75675,75546,75675,129
left_turning,75776,75675,75776,101
trotting,75814,75776,75814,38
left_turning,75833,75814,75833,19
trotting,75853,75833,75853,20
climbing,75877,75853,75877,24
hunching,75933,75877,75933,56
climbing,75981,75933,75981,48
rearing,76044,75981,76044,63
right_turning,76117,76044,76117,73
running,76137,76117,76137,20
left_turning,76150,76137,76150,13
sniffing,76163,76150,76163,13
climbing,76215,76163,76215,52
walking,76270,76215,76270,55
rearing,76422,76270,76422,152
climbing,76474,76422,76474,52
sniffing,76481,76474,76481,7
rising,76497,76481,76497,16
sniffing,76529,76497,76529,32
right_turning,76578,76529,76578,49
walking,76583,76578,76583,5
sniffing,76678,76583,76678,95
rising,76703,76678,76703,25
climbing,76717,76703,76717,14
rising,76743,76717,76743,26
climbing,76772,76743,76772,29
right_turning,76799,76772,76799,27
walking,76813,76799,76813,14
sniffing,76814,76813,76814,1
trotting,76843,76814,76843,29
sniffing,76844,76843,76844,1
right_turning,76891,76844,76891,47
walking,76937,76891,76937,46
trotting,76938,76937,76938,1
hunching,76939,76938,76939,1
sniffing,76988,76939,76988,49
stepping,77009,76988,77009,21
rising,77048,77009,77048,39
climbing,77049,77048,77049,1
hunching,77112,77049,77112,63
rearing,77113,77112,77113,1
rising,77177,77113,77177,64
walking,77242,77177,77242,65
rising,77290,77242,77290,48
sniffing,77312,77290,77312,22
climbing,77357,77312,77357,45
rearing,77556,77357,77556,199
left_turning,77616,77556,77616,60
sniffing,77617,77616,77617,1
walking,77635,77617,77635,18
trotting,77663,77635,77663,28
sniffing,77664,77663,77664,1
climbing,77703,77664,77703,39
walking,77749,77703,77749,46
trotting,77787,77749,77787,38
sniffing,77788,77787,77788,1
walking,77856,77788,77856,68
climbing,77857,77856,77857,1
grooming,78186,77857,78186,329
sniffing,78204,78186,78204,18
right_turning,78244,78204,78244,40
sniffing,78282,78244,78282,38
right_turning,78294,78282,78294,12
walking,78310,78294,78310,16
stepping,78323,78310,78323,13
hunching,78324,78323,78324,1
trotting,78377,78324,78377,53
walking,78387,78377,78387,10
rearing,78409,78387,78409,22
left_turning,78453,78409,78453,44
rising,78454,78453,78454,1
sniffing,78612,78454,78612,158
rearing,78625,78612,78625,13
sniffing,78648,78625,78648,23
rearing,78687,78648,78687,39
sniffing,78688,78687,78688,1
walking,78689,78688,78689,1
climbing,78747,78689,78747,58
rearing,78980,78747,78980,233
left_turning,79014,78980,79014,34
walking,79015,79014,79015,1
stepping,79019,79015,79019,4
rising,79044,79019,79044,25
walking,79074,79044,79074,30
left_turning,79109,79074,79109,35
walking,79146,79109,79146,37
climbing,79210,79146,79210,64
walking,79225,79210,79225,15
sniffing,79238,79225,79238,13
stepping,79241,79238,79241,3
walking,79316,79241,79316,75
stepping,79329,79316,79329,13
sniffing,79349,79329,79349,20
left_turning,79371,79349,79371,22
rising,79389,79371,79389,18
climbing,79438,79389,79438,49
walking,79457,79438,79457,19
rising,79469,79457,79469,12
hunching,79516,79469,79516,47
climbing,79557,79516,79557,41
hunching,79605,79557,79605,48
right_turning,79628,79605,79628,23
walking,79638,79628,79638,10
stepping,79721,79638,79721,83
sniffing,79760,79721,79760,39
climbing,79792,79760,79792,32
sniffing,79793,79792,79793,1
left_turning,79808,79793,79808,15
trotting,79824,79808,79824,16
sniffing,79835,79824,79835,11
trotting,79866,79835,79866,31
sniffing,79951,79866,79951,85
climbing,79973,79951,79973,22
trotting,79974,79973,79974,1
left_turning,80012,79974,80012,38
rising,80037,80012,80037,25
climbing,80085,80037,80085,48
sniffing,80118,80085,80118,33
rising,80134,80118,80134,16
sniffing,80161,80134,80161,27
climbing,80237,80161,80237,76
right_turning,80261,80237,80261,24
walking,80307,80261,80307,46
sniffing,80308,80307,80308,1
rising,80358,80308,80358,50
climbing,80359,80358,80359,1
rising,80382,80359,80382,23
climbing,80383,80382,80383,1
left_turning,80395,80383,80395,12
trotting,80429,80395,80429,34
sniffing,80569,80429,80569,140
climbing,80632,80569,80632,63
rising,80633,80632,80633,1
climbing,80665,80633,80665,32
grooming,80730,80665,80730,65
rearing,80787,80730,80787,57
sniffing,80825,80787,80825,38
trotting,80845,80825,80845,20
walking,80881,80845,80881,36
left_turning,80913,80881,80913,32
rising,80979,80913,80979,66
sniffing,81043,80979,81043,64
left_turning,81044,81043,81044,1
walking,81073,81044,81073,29
sniffing,81150,81073,81150,77
rising,81237,81150,81237,87
left_turning,81286,81237,81286,49
walking,81328,81286,81328,42
rising,81333,81328,81333,5
climbing,81361,81333,81361,28
walking,81378,81361,81378,17
sniffing,81477,81378,81477,99
right_turning,81481,81477,81481,4
walking,81520,81481,81520,39
sniffing,81631,81520,81631,111
rising,81658,81631,81658,27
hunching,81659,81658,81659,1
sniffing,81701,81659,81701,42
climbing,81732,81701,81732,31
walking,81770,81732,81770,38
climbing,81797,81770,81797,27
rising,81798,81797,81798,1
climbing,81858,81798,81858,60
grooming,81883,81858,81883,25
sniffing,81884,81883,81884,1
right_turning,81887,81884,81887,3
running,81909,81887,81909,22
sniffing,81943,81909,81943,34
climbing,81991,81943,81991,48
rising,82072,81991,82072,81
climbing,82073,82072,82073,1
sniffing,82149,82073,82149,76
rearing,82179,82149,82179,30
walking,82203,82179,82203,24
climbing,82219,82203,82219,16
trotting,82220,82219,82220,1
climbing,82252,82220,82252,32
walking,82280,82252,82280,28
left_turning,82328,82280,82328,48
walking,82333,82328,82333,5
climbing,82392,82333,82392,59
grooming,82753,82392,82753,361
rearing,82754,82753,82754,1
rising,82755,82754,82755,1
grooming,82792,82755,82792,37
rising,82823,82792,82823,31
climbing,82896,82823,82896,73
walking,82916,82896,82916,20
sniffing,83086,82916,83086,170
grooming,83436,83086,83436,350
rearing,83437,83436,83437,1
grooming,83575,83437,83575,138
sniffing,83583,83575,83583,8
rising,83606,83583,83606,23
trotting,83607,83606,83607,1
sniffing,83631,83607,83631,24
rising,83640,83631,83640,9
sniffing,83681,83640,83681,41
trotting,83682,83681,83682,1
sniffing,83743,83682,83743,61
rising,83798,83743,83798,55
sniffing,83828,83798,83828,30
grooming,83829,83828,83829,1
sniffing,83830,83829,83830,1
climbing,83934,83830,83934,104
right_turning,83970,83934,83970,36
running,83999,83970,83999,29
sniffing,84004,83999,84004,5
hunching,84101,84004,84101,97
grooming,84102,84101,84102,1
rearing,84151,84102,84151,49
sniffing,84284,84151,84284,133
rising,84295,84284,84295,11
sniffing,84387,84295,84387,92
rising,84388,84387,84388,1
left_turning,84407,84388,84407,19
rising,84464,84407,84464,57
rearing,84466,84464,84466,2
rising,84468,84466,84468,2
sniffing,84537,84468,84537,69
rising,84556,84537,84556,19
walking,84593,84556,84593,37
sniffing,84678,84593,84678,85
right_turning,84689,84678,84689,11
trotting,84704,84689,84704,15
rearing,84839,84704,84839,135
hunching,84929,84839,84929,90
right_turning,84932,84929,84932,3
walking,84971,84932,84971,39
right_turning,85026,84971,85026,55
walking,85027,85026,85027,1
sniffing,85123,85027,85123,96
rising,85124,85123,85124,1
climbing,85167,85124,85167,43
rearing,85278,85167,85278,111
stepping,85286,85278,85286,8
walking,85318,85286,85318,32
right_turning,85319,85318,85319,1
rising,85396,85319,85396,77
rearing,85492,85396,85492,96
sniffing,85560,85492,85560,68
grooming,85561,85560,85561,1
sniffing,85588,85561,85588,27
running,85616,85588,85616,28
sniffing,85803,85616,85803,187
grooming,86089,85803,86089,286
rearing,86225,86089,86225,136
climbing,86226,86225,86226,1
stepping,86256,86226,86256,30
rising,86336,86256,86336,80
climbing,86423,86336,86423,87
walking,86424,86423,86424,1
sniffing,86460,86424,86460,36
left_turning,86461,86460,86461,1
sniffing,86462,86461,86462,1
left_turning,86478,86462,86478,16
sniffing,86522,86478,86522,44
left_turning,86532,86522,86532,10
walking,86555,86532,86555,23
rising,86556,86555,86556,1
climbing,86570,86556,86570,14
running,86602,86570,86602,32
left_turning,86633,86602,86633,31
walking,86637,86633,86637,4
sniffing,86711,86637,86711,74
climbing,86744,86711,86744,33
rising,86750,86744,86750,6
climbing,86786,86750,86786,36
rearing,86963,86786,86963,177
sniffing,87029,86963,87029,66
trotting,87067,87029,87067,38
running,87076,87067,87076,9
sniffing,87178,87076,87178,102
rising,87206,87178,87206,28
hunching,87256,87206,87256,50
sniffing,87428,87256,87428,172
rising,87472,87428,87472,44
sniffing,87509,87472,87509,37
left_turning,87538,87509,87538,29
sniffing,87561,87538,87561,23
grooming,87562,87561,87562,1
sniffing,87618,87562,87618,56
rising,87635,87618,87635,17
climbing,87740,87635,87740,105
rising,87778,87740,87778,38
climbing,87788,87778,87788,10
sniffing,87805,87788,87805,17
climbing,87869,87805,87869,64
rising,87976,87869,87976,107
climbing,88021,87976,88021,45
rising,88038,88021,88038,17
trotting,88041,88038,88041,3
rising,88050,88041,88050,9
right_turning,88086,88050,88086,36
sniffing,88150,88086,88150,64
walking,88176,88150,88176,26
sniffing,88227,88176,88227,51
trotting,88261,88227,88261,34
sniffing,88322,88261,88322,61
climbing,88398,88322,88398,76
sniffing,88433,88398,88433,35
climbing,88487,88433,88487,54
rising,88488,88487,88488,1
pausing,89017,88488,89017,529
sniffing,89018,89017,89018,1
rising,89019,89018,89019,1
left_turning,89037,89019,89037,18
rising,89049,89037,89049,12
sniffing,89050,89049,89050,1
rearing,89113,89050,89113,63
left_turning,89137,89113,89137,24
walking,89172,89137,89172,35
stepping,89195,89172,89195,23
rearing,89199,89195,89199,4
rising,89228,89199,89228,29
climbing,89276,89228,89276,48
sniffing,89333,89276,89333,57
walking,89368,89333,89368,35
sniffing,89369,89368,89369,1
rearing,89416,89369,89416,47
rising,89503,89416,89503,87
climbing,89551,89503,89551,48
sniffing,89616,89551,89616,65
pausing,89709,89616,89709,93
sniffing,89771,89709,89771,62
rising,89821,89771,89821,50
climbing,89869,89821,89869,48
rising,89870,89869,89870,1
climbing,89942,89870,89942,72
rising,90028,89942,90028,86
hunching,90292,90028,90292,264
rising,90293,90292,90293,1
right_turning,90313,90293,90313,20
rising,90323,90313,90323,10
walking,90324,90323,90324,1
right_turning,90349,90324,90349,25
walking,90385,90349,90385,36
rising,90396,90385,90396,11
sniffing,90407,90396,90407,11
left_turning,90408,90407,90408,1
sniffing,90409,90408,90409,1
right_turning,90422,90409,90422,13
walking,90442,90422,90442,20
sniffing,90572,90442,90572,130
running,90598,90572,90598,26
walking,90663,90598,90663,65
left_turning,90731,90663,90731,68
walking,90744,90731,90744,13
stepping,90745,90744,90745,1
rising,90775,90745,90775,30
sniffing,90922,90775,90922,147
stepping,90957,90922,90957,35
climbing,91002,90957,91002,45
walking,91056,91002,91056,54
sniffing,91152,91056,91152,96
grooming,91832,91152,91832,680
sniffing,91851,91832,91851,19
right_turning,91877,91851,91877,26
trotting,91892,91877,91892,15
walking,91900,91892,91900,8
stepping,91901,91900,91901,1
hunching,91902,91901,91902,1
grooming,91917,91902,91917,15
rearing,92133,91917,92133,216
sniffing,92193,92133,92193,60
walking,92233,92193,92233,40
stepping,92258,92233,92258,25
walking,92292,92258,92292,34
sniffing,92389,92292,92389,97
walking,92430,92389,92430,41
sniffing,92544,92430,92544,114
walking,92589,92544,92589,45
sniffing,92590,92589,92590,1
climbing,92604,92590,92604,14
right_turning,92635,92604,92635,31
walking,92670,92635,92670,35
right_turning,92682,92670,92682,12
sniffing,92862,92682,92862,180
trotting,92872,92862,92872,10
sniffing,92995,92872,92995,123
rising,93054,92995,93054,59
sniffing,93057,93054,93057,3
rising,93100,93057,93100,43
sniffing,93126,93100,93126,26
walking,93169,93126,93169,43
left_turning,93186,93169,93186,17
sniffing,93380,93186,93380,194
pausing,93827,93380,93827,447
sniffing,93881,93827,93881,54
left_turning,94004,93881,94004,123
sniffing,94005,94004,94005,1
walking,94048,94005,94048,43
sniffing,94049,94048,94049,1
right_turning,94095,94049,94095,46
running,94124,94095,94124,29
sniffing,94125,94124,94125,1
climbing,94126,94125,94126,1
sniffing,94205,94126,94205,79
right_turning,94261,94205,94261,56
walking,94262,94261,94262,1
rising,94285,94262,94285,23
grooming,94365,94285,94365,80
rearing,94384,94365,94384,19
rising,94439,94384,94439,55
climbing,94520,94439,94520,81
sniffing,94521,94520,94521,1
rising,94603,94521,94603,82
climbing,94620,94603,94620,17
rising,94632,94620,94632,12
left_turning,94654,94632,94654,22
sniffing,94655,94654,94655,1
climbing,94709,94655,94709,54
right_turning,94742,94709,94742,33
rising,94773,94742,94773,31
walking,94809,94773,94809,36
rising,94857,94809,94857,48
walking,94898,94857,94898,41
climbing,94939,94898,94939,41
walking,94941,94939,94941,2
stepping,94947,94941,94947,6
walking,94958,94947,94958,11
rising,94968,94958,94968,10
rearing,95059,94968,95059,91
hunching,95132,95059,95132,73
sniffing,95222,95132,95222,90
walking,95225,95222,95225,3
sniffing,95284,95225,95284,59
rearing,95285,95284,95285,1
rising,95313,95285,95313,28
climbing,95339,95313,95339,26
rising,95374,95339,95374,35
sniffing,95389,95374,95389,15
climbing,95431,95389,95431,42
walking,95457,95431,95457,26
stepping,95458,95457,95458,1
walking,95483,95458,95483,25
stepping,95484,95483,95484,1
sniffing,95524,95484,95524,40
rearing,95535,95524,95535,11
sniffing,95550,95535,95550,15
left_turning,95551,95550,95551,1
rearing,95552,95551,95552,1
grooming,95553,95552,95553,1
sniffing,95557,95553,95557,4
walking,95593,95557,95593,36
rising,95594,95593,95594,1
climbing,95630,95594,95630,36
sniffing,95667,95630,95667,37
rising,95715,95667,95715,48
right_turning,95725,95715,95725,10
trotting,95763,95725,95763,38
walking,95793,95763,95793,30
rearing,95873,95793,95873,80
climbing,95926,95873,95926,53
rearing,95927,95926,95927,1
rising,95953,95927,95953,26
sniffing,95991,95953,95991,38
rising,96005,95991,96005,14
climbing,96006,96005,96006,1
running,96028,96006,96028,22
rising,96041,96028,96041,13
hunching,96067,96041,96067,26
climbing,96142,96067,96142,75
rearing,96299,96142,96299,157
hunching,96388,96299,96388,89
rearing,96478,96388,96478,90
rising,96506,96478,96506,28
sniffing,96582,96506,96582,76
right_turning,96595,96582,96595,13
stepping,96670,96595,96670,75
sniffing,96711,96670,96711,41
walking,96728,96711,96728,17
sniffing,96775,96728,96775,47
rearing,96776,96775,96776,1
hunching,96815,96776,96815,39
sniffing,96844,96815,96844,29
climbing,96856,96844,96856,12
walking,96906,96856,96906,50
running,96940,96906,96940,34
sniffing,96962,96940,96962,22
right_turning,96984,96962,96984,22
walking,97009,96984,97009,25
stepping,97053,97009,97053,44
left_turning,97109,97053,97109,56
rearing,97210,97109,97210,101
climbing,97232,97210,97232,22
right_turning,97240,97232,97240,8
trotting,97320,97240,97320,80
walking,97375,97320,97375,55
sniffing,97450,97375,97450,75
rising,97479,97450,97479,29
climbing,97517,97479,97517,38
sniffing,97561,97517,97561,44
pausing,97778,97561,97778,217
sniffing,97813,97778,97813,35
right_turning,97821,97813,97821,8
walking,97843,97821,97843,22
stepping,97857,97843,97857,14
sniffing,97859,97857,97859,2
right_turning,97876,97859,97876,17
sniffing,97877,97876,97877,1
hunching,97925,97877,97925,48
climbing,97983,97925,97983,58
left_turning,98043,97983,98043,60
running,98081,98043,98081,38
rearing,98082,98081,98082,1
sniffing,98195,98082,98195,113
pausing,98355,98195,98355,160
right_turning,98356,98355,98356,1
sniffing,98357,98356,98357,1
climbing,98406,98357,98406,49
rising,98407,98406,98407,1
climbing,98532,98407,98532,125
walking,98549,98532,98549,17
sniffing,98582,98549,98582,33
trotting,98585,98582,98585,3
sniffing,98619,98585,98619,34
rising,98646,98619,98646,27
rearing,98647,98646,98647,1
walking,98667,98647,98667,20
sniffing,98702,98667,98702,35
walking,98718,98702,98718,16
sniffing,99066,98718,99066,348
left_turning,99078,99066,99078,12
walking,99100,99078,99100,22
sniffing,99129,99100,99129,29
grooming,99130,99129,99130,1
sniffing,99160,99130,99160,30
rearing,99209,99160,99209,49
sniffing,99296,99209,99296,87
grooming,99297,99296,99297,1
walking,99319,99297,99319,22
climbing,99320,99319,99320,1
grooming,99333,99320,99333,13
rearing,99388,99333,99388,55
grooming,99514,99388,99514,126
right_turning,99533,99514,99533,19
rising,99570,99533,99570,37
sniffing,99578,99570,99578,8
climbing,99594,99578,99594,16
hunching,99608,99594,99608,14
climbing,99672,99608,99672,64
rising,99781,99672,99781,109
climbing,99827,99781,99827,46
rising,99861,99827,99861,34
rearing,99894,99861,99894,33
sniffing,99958,99894,99958,64
rising,100009,99958,100009,51
climbing,100319,100009,100319,310
grooming,100389,100319,100389,70
rearing,100472,100389,100472,83
rising,100495,100472,100495,23
rearing,100528,100495,100528,33
grooming,100887,100528,100887,359
right_turning,100914,100887,100914,27
trotting,100959,100914,100959,45
rising,100960,100959,100960,1
sniffing,101108,100960,101108,148
rising,101146,101108,101146,38
grooming,101457,101146,101457,311
sniffing,101458,101457,101458,1
left_turning,101485,101458,101485,27
running,101509,101485,101509,24
sniffing,101510,101509,101510,1
rising,101522,101510,101522,12
walking,101523,101522,101523,1
sniffing,101529,101523,101529,6
rising,101530,101529,101530,1
hunching,101689,101530,101689,159
grooming,102248,101689,102248,559
sniffing,102306,102248,102306,58
rising,102352,102306,102352,46
walking,102419,102352,102419,67
sniffing,102420,102419,102420,1
trotting,102439,102420,102439,19
sniffing,102537,102439,102537,98
climbing,102589,102537,102589,52
rising,102603,102589,102603,14
sniffing,102663,102603,102663,60
rising,102673,102663,102673,10
climbing,102678,102673,102678,5
left_turning,102724,102678,102724,46
sniffing,102731,102724,102731,7
left_turning,102744,102731,102744,13
sniffing,102755,102744,102755,11
trotting,102789,102755,102789,34
rising,102865,102789,102865,76
sniffing,102883,102865,102883,18
climbing,102938,102883,102938,55
sniffing,102939,102938,102939,1
stepping,102940,102939,102940,1
hunching,103051,102940,103051,111
sniffing,103179,103051,103179,128
walking,103222,103179,103222,43
stepping,103281,103222,103281,59
sniffing,103282,103281,103282,1
left_turning,103283,103282,103283,1
sniffing,103341,103283,103341,58
rearing,103448,103341,103448,107
walking,103508,103448,103508,60
trotting,103511,103508,103511,3
sniffing,103512,103511,103512,1
rising,103578,103512,103578,66
climbing,103602,103578,103602,24
hunching,103682,103602,103682,80
grooming,103995,103682,103995,313
sniffing,103996,103995,103996,1
climbing,104045,103996,104045,49
rearing,104123,104045,104123,78
rising,104136,104123,104136,13
climbing,104210,104136,104210,74
rising,104212,104210,104212,2
walking,104271,104212,104271,59
rising,104276,104271,104276,5
climbing,104333,104276,104333,57
right_turning,104358,104333,104358,25
sniffing,104371,104358,104371,13
climbing,104402,104371,104402,31
walking,104444,104402,104444,42
rising,104493,104444,104493,49
climbing,104546,104493,104546,53
right_turning,104576,104546,104576,30
rising,104577,104576,104577,1
sniffing,104632,104577,104632,55
rising,104711,104632,104711,79
sniffing,104712,104711,104712,1
trotting,104754,104712,104754,42
rising,104861,104754,104861,107
climbing,104908,104861,104908,47
rising,105034,104908,105034,126
rearing,105234,105034,105234,200
hunching,105235,105234,105235,1
rising,105273,105235,105273,38
climbing,105309,105273,105309,36
rising,105345,105309,105345,36
sniffing,105346,105345,105346,1
rising,105408,105346,105408,62
climbing,105460,105408,105460,52
rising,105520,105460,105520,60
climbing,105538,105520,105538,18
walking,105549,105538,105549,11
left_turning,105681,105549,105681,132
right_turning,105691,105681,105691,10
left_turning,105700,105691,105700,9
trotting,105731,105700,105731,31
walking,105732,105731,105732,1
left_turning,105771,105732,105771,39
walking,105811,105771,105811,40
sniffing,105848,105811,105848,37
grooming,105958,105848,105958,110
sniffing,106032,105958,106032,74
trotting,106034,106032,106034,2
sniffing,106048,106034,106048,14
rising,106070,106048,106070,22
climbing,106101,106070,106101,31
walking,106193,106101,106193,92
sniffing,106224,106193,106224,31
left_turning,106286,106224,106286,62
sniffing,106356,106286,106356,70
rising,106372,106356,106372,16
climbing,106373,106372,106373,1
right_turning,106392,106373,106392,19
walking,106408,106392,106408,16
rising,106464,106408,106464,56
climbing,106486,106464,106486,22
sniffing,106487,106486,106487,1
left_turning,106514,106487,106514,27
grooming,106664,106514,106664,150
right_turning,106698,106664,106698,34
trotting,106704,106698,106704,6
rising,106830,106704,106830,126
sniffing,106878,106830,106878,48
grooming,107031,106878,107031,153
rearing,107087,107031,107087,56
grooming,107088,107087,107088,1
climbing,107184,107088,107184,96
grooming,107185,107184,107185,1
left_turning,107244,107185,107244,59
walking,107291,107244,107291,47
sniffing,107393,107291,107393,102
pausing,107394,107393,107394,1
sniffing,107470,107394,107470,76
climbing,107530,107470,107530,60
rising,107610,107530,107610,80
climbing,107611,107610,107611,1
rearing,107749,107611,107749,138
grooming,107811,107749,107811,62
sniffing,107864,107811,107864,53
rearing,107874,107864,107874,10
rising,108000,107874,108000,126
