revised_movement_label,segBoundary,segBoundary_start,segBoundary_end,length
sniffing,41,0,41,41
climbing,69,41,69,28
rearing,355,69,355,286
sniffing,356,355,356,1
rising,358,356,358,2
rearing,521,358,521,163
rising,623,521,623,102
sniffing,625,623,625,2
walking,626,625,626,1
climbing,643,626,643,17
sniffing,791,643,791,148
climbing,852,791,852,61
right_turning,867,852,867,15
walking,868,867,868,1
left_turning,869,868,869,1
walking,886,869,886,17
trotting,900,886,900,14
walking,934,900,934,34
sniffing,969,934,969,35
grooming,1016,969,1016,47
rearing,1017,1016,1017,1
hunching,1188,1017,1188,171
right_turning,1189,1188,1189,1
stepping,1215,1189,1215,26
climbing,1273,1215,1273,58
sniffing,1319,1273,1319,46
rising,1320,1319,1320,1
rearing,1433,1320,1433,113
sniffing,1455,1433,1455,22
rearing,1456,1455,1456,1
grooming,1473,1456,1473,17
sniffing,1517,1473,1517,44
rising,1595,1517,1595,78
climbing,1681,1595,1681,86
walking,1727,1681,1727,46
stepping,1765,1727,1765,38
climbing,1807,1765,1807,42
walking,1864,1807,1864,57
trotting,1872,1864,1872,8
sniffing,1948,1872,1948,76
grooming,2077,1948,2077,129
walking,2138,2077,2138,61
stepping,2174,2138,2174,36
walking,2216,2174,2216,42
rising,2217,2216,2217,1
sniffing,2254,2217,2254,37
rising,2354,2254,2354,100
walking,2404,2354,2404,50
right_turning,2411,2404,2411,7
trotting,2412,2411,2412,1
sniffing,2413,2412,2413,1
left_turning,2427,2413,2427,14
walking,2433,2427,2433,6
trotting,2451,2433,2451,18
rising,2486,2451,2486,35
sniffing,2487,2486,2487,1
walking,2507,2487,2507,20
rising,2563,2507,2563,56
sniffing,2585,2563,2585,22
climbing,2605,2585,2605,20
walking,2637,2605,2637,32
sniffing,2721,2637,2721,84
right_turning,2739,2721,2739,18
walking,2812,2739,2812,73
climbing,2840,2812,2840,28
running,2876,2840,2876,36
sniffing,2935,2876,2935,59
walking,2952,2935,2952,17
trotting,2954,2952,2954,2
left_turning,2955,2954,2955,1
running,2961,2955,2961,6
stepping,2978,2961,2978,17
sniffing,2986,2978,2986,8
rearing,2987,2986,2987,1
climbing,3015,2987,3015,28
rearing,3017,3015,3017,2
rising,3047,3017,3047,30
right_turning,3069,3047,3069,22
walking,3113,3069,3113,44
sniffing,3173,3113,3173,60
walking,3203,3173,3203,30
sniffing,3230,3203,3230,27
walking,3236,3230,3236,6
rising,3249,3236,3249,13
right_turning,3269,3249,3269,20
sniffing,3326,3269,3326,57
rising,3395,3326,3395,69
sniffing,3436,3395,3436,41
walking,3437,3436,3437,1
climbing,3488,3437,3488,51
left_turning,3516,3488,3516,28
walking,3547,3516,3547,31
trotting,3572,3547,3572,25
walking,3596,3572,3596,24
trotting,3635,3596,3635,39
walking,3697,3635,3697,62
sniffing,3763,3697,3763,66
trotting,3790,3763,3790,27
walking,3806,3790,3806,16
running,3849,3806,3849,43
left_turning,3859,3849,3859,10
running,3873,3859,3873,14
walking,3897,3873,3897,24
climbing,3933,3897,3933,36
rising,3934,3933,3934,1
climbing,3966,3934,3966,32
left_turning,3967,3966,3967,1
walking,4051,3967,4051,84
climbing,4117,4051,4117,66
left_turning,4143,4117,4143,26
walking,4170,4143,4170,27
left_turning,4216,4170,4216,46
stepping,4258,4216,4258,42
rising,4340,4258,4340,82
walking,4384,4340,4384,44
trotting,4426,4384,4426,42
sniffing,4505,4426,4505,79
trotting,4521,4505,4521,16
sniffing,4555,4521,4555,34
climbing,4575,4555,4575,20
walking,4598,4575,4598,23
trotting,4638,4598,4638,40
walking,4706,4638,4706,68
trotting,4722,4706,4722,16
walking,4723,4722,4723,1
stepping,4781,4723,4781,58
climbing,4796,4781,4796,15
sniffing,4842,4796,4842,46
walking,4923,4842,4923,81
trotting,4971,4923,4971,48
sniffing,5034,4971,5034,63
walking,5059,5034,5059,25
sniffing,5075,5059,5075,16
rising,5124,5075,5124,49
left_turning,5166,5124,5166,42
sniffing,5246,5166,5246,80
walking,5258,5246,5258,12
sniffing,5259,5258,5259,1
climbing,5318,5259,5318,59
rising,5340,5318,5340,22
climbing,5341,5340,5341,1
sniffing,5366,5341,5366,25
hunching,5414,5366,5414,48
sniffing,5428,5414,5428,14
walking,5464,5428,5464,36
climbing,5513,5464,5513,49
left_turning,5588,5513,5588,75
running,5611,5588,5611,23
walking,5646,5611,5646,35
left_turning,5675,5646,5675,29
walking,5676,5675,5676,1
sniffing,5728,5676,5728,52
left_turning,5781,5728,5781,53
walking,5789,5781,5789,8
left_turning,5827,5789,5827,38
sniffing,5828,5827,5828,1
right_turning,5838,5828,5838,10
rising,5854,5838,5854,16
sniffing,5938,5854,5938,84
rising,5950,5938,5950,12
climbing,5988,5950,5988,38
sniffing,6082,5988,6082,94
climbing,6094,6082,6094,12
hunching,6144,6094,6144,50
climbing,6178,6144,6178,34
sniffing,6184,6178,6184,6
rising,6185,6184,6185,1
trotting,6210,6185,6210,25
walking,6223,6210,6223,13
sniffing,6275,6223,6275,52
climbing,6339,6275,6339,64
sniffing,6340,6339,6340,1
left_turning,6412,6340,6412,72
sniffing,6471,6412,6471,59
left_turning,6492,6471,6492,21
walking,6514,6492,6514,22
rearing,6515,6514,6515,1
stepping,6531,6515,6531,16
walking,6549,6531,6549,18
sniffing,6583,6549,6583,34
climbing,6642,6583,6642,59
trotting,6645,6642,6645,3
climbing,6672,6645,6672,27
left_turning,6703,6672,6703,31
walking,6730,6703,6730,27
sniffing,6780,6730,6780,50
left_turning,6823,6780,6823,43
sniffing,6925,6823,6925,102
left_turning,6926,6925,6926,1
sniffing,7007,6926,7007,81
climbing,7051,7007,7051,44
running,7074,7051,7074,23
sniffing,7075,7074,7075,1
grooming,7298,7075,7298,223
hunching,7299,7298,7299,1
climbing,7318,7299,7318,19
sniffing,7331,7318,7331,13
walking,7332,7331,7332,1
sniffing,7406,7332,7406,74
climbing,7449,7406,7449,43
sniffing,7505,7449,7505,56
trotting,7507,7505,7507,2
left_turning,7518,7507,7518,11
walking,7519,7518,7519,1
sniffing,7601,7519,7601,82
walking,7660,7601,7660,59
sniffing,7691,7660,7691,31
walking,7745,7691,7745,54
sniffing,7816,7745,7816,71
rising,7817,7816,7817,1
sniffing,7881,7817,7881,64
left_turning,7965,7881,7965,84
running,7995,7965,7995,30
walking,8007,7995,8007,12
sniffing,8151,8007,8151,144
running,8192,8151,8192,41
trotting,8197,8192,8197,5
left_turning,8221,8197,8221,24
sniffing,8238,8221,8238,17
walking,8239,8238,8239,1
trotting,8259,8239,8259,20
walking,8278,8259,8278,19
left_turning,8316,8278,8316,38
trotting,8341,8316,8341,25
rising,8369,8341,8369,28
walking,8411,8369,8411,42
sniffing,8463,8411,8463,52
climbing,8506,8463,8506,43
rising,8522,8506,8522,16
climbing,8570,8522,8570,48
rising,8638,8570,8638,68
sniffing,8721,8638,8721,83
walking,8738,8721,8738,17
sniffing,8747,8738,8747,9
climbing,8779,8747,8779,32
walking,8801,8779,8801,22
climbing,8828,8801,8828,27
right_turning,8859,8828,8859,31
walking,8896,8859,8896,37
left_turning,8897,8896,8897,1
sniffing,8905,8897,8905,8
walking,8930,8905,8930,25
sniffing,8967,8930,8967,37
rising,8968,8967,8968,1
walking,8975,8968,8975,7
sniffing,9093,8975,9093,118
right_turning,9094,9093,9094,1
walking,9098,9094,9098,4
climbing,9172,9098,9172,74
left_turning,9205,9172,9205,33
walking,9249,9205,9249,44
rising,9342,9249,9342,93
sniffing,9343,9342,9343,1
rising,9351,9343,9351,8
stepping,9389,9351,9389,38
sniffing,9405,9389,9405,16
climbing,9437,9405,9437,32
right_turning,9445,9437,9445,8
stepping,9491,9445,9491,46
trotting,9492,9491,9492,1
sniffing,9513,9492,9513,21
rising,9522,9513,9522,9
climbing,9566,9522,9566,44
sniffing,9567,9566,9567,1
trotting,9606,9567,9606,39
walking,9669,9606,9669,63
right_turning,9690,9669,9690,21
walking,9698,9690,9698,8
sniffing,9832,9698,9832,134
right_turning,9868,9832,9868,36
running,9901,9868,9901,33
walking,9902,9901,9902,1
right_turning,9903,9902,9903,1
left_turning,9953,9903,9953,50
sniffing,10024,9953,10024,71
right_turning,10025,10024,10025,1
running,10030,10025,10030,5
walking,10060,10030,10060,30
rising,10061,10060,10061,1
climbing,10110,10061,10110,49
sniffing,10219,10110,10219,109
trotting,10234,10219,10234,15
rising,10235,10234,10235,1
sniffing,10362,10235,10362,127
rearing,10363,10362,10363,1
grooming,10448,10363,10448,85
sniffing,10461,10448,10461,13
trotting,10487,10461,10487,26
walking,10488,10487,10488,1
left_turning,10493,10488,10493,5
trotting,10515,10493,10515,22
walking,10522,10515,10522,7
right_turning,10529,10522,10529,7
walking,10530,10529,10530,1
rising,10618,10530,10618,88
sniffing,10664,10618,10664,46
left_turning,10673,10664,10673,9
walking,10710,10673,10710,37
stepping,10738,10710,10738,28
rising,10739,10738,10739,1
climbing,10833,10739,10833,94
walking,10855,10833,10855,22
sniffing,10856,10855,10856,1
climbing,10902,10856,10902,46
sniffing,10903,10902,10903,1
hunching,10904,10903,10904,1
grooming,12112,10904,12112,1208
sniffing,12113,12112,12113,1
stepping,12140,12113,12140,27
walking,12189,12140,12189,49
right_turning,12192,12189,12192,3
trotting,12218,12192,12218,26
rising,12286,12218,12286,68
climbing,12402,12286,12402,116
rising,12466,12402,12466,64
grooming,12765,12466,12765,299
sniffing,12766,12765,12766,1
trotting,12790,12766,12790,24
sniffing,12793,12790,12793,3
climbing,12827,12793,12827,34
right_turning,12828,12827,12828,1
walking,12829,12828,12829,1
climbing,12862,12829,12862,33
sniffing,12905,12862,12905,43
rising,12906,12905,12906,1
sniffing,12911,12906,12911,5
rising,12912,12911,12912,1
climbing,12933,12912,12933,21
rising,13002,12933,13002,69
sniffing,13003,13002,13003,1
walking,13027,13003,13027,24
stepping,13028,13027,13028,1
sniffing,13029,13028,13029,1
walking,13065,13029,13065,36
climbing,13118,13065,13118,53
right_turning,13119,13118,13119,1
trotting,13149,13119,13149,30
running,13196,13149,13196,47
sniffing,13197,13196,13197,1
trotting,13237,13197,13237,40
walking,13290,13237,13290,53
hunching,13296,13290,13296,6
climbing,13319,13296,13319,23
sniffing,13368,13319,13368,49
left_turning,13400,13368,13400,32
right_turning,13401,13400,13401,1
climbing,13491,13401,13491,90
sniffing,13569,13491,13569,78
climbing,13613,13569,13613,44
hunching,13638,13613,13638,25
right_turning,13685,13638,13685,47
sniffing,13777,13685,13777,92
stepping,13789,13777,13789,12
rising,13799,13789,13799,10
sniffing,13821,13799,13821,22
stepping,13843,13821,13843,22
walking,13863,13843,13863,20
climbing,13864,13863,13864,1
sniffing,13878,13864,13878,14
climbing,13898,13878,13898,20
sniffing,13954,13898,13954,56
rising,14203,13954,14203,249
climbing,14265,14203,14265,62
hunching,14348,14265,14348,83
left_turning,14354,14348,14354,6
sniffing,14355,14354,14355,1
climbing,14437,14355,14437,82
rising,14523,14437,14523,86
climbing,14608,14523,14608,85
walking,14648,14608,14648,40
sniffing,14717,14648,14717,69
walking,14781,14717,14781,64
climbing,14843,14781,14843,62
sniffing,14856,14843,14856,13
pausing,14857,14856,14857,1
sniffing,14867,14857,14867,10
walking,14868,14867,14868,1
sniffing,14963,14868,14963,95
rising,15073,14963,15073,110
walking,15111,15073,15111,38
sniffing,15112,15111,15112,1
left_turning,15149,15112,15149,37
right_turning,15165,15149,15165,16
sniffing,15285,15165,15285,120
climbing,15318,15285,15318,33
sniffing,15401,15318,15401,83
rising,15526,15401,15526,125
grooming,15664,15526,15664,138
rearing,15665,15664,15665,1
grooming,15871,15665,15871,206
hunching,15872,15871,15872,1
sniffing,15950,15872,15950,78
rearing,15966,15950,15966,16
grooming,16197,15966,16197,231
sniffing,16272,16197,16272,75
walking,16355,16272,16355,83
climbing,16377,16355,16377,22
rising,16378,16377,16378,1
climbing,16423,16378,16423,45
stepping,16447,16423,16447,24
walking,16465,16447,16465,18
sniffing,16466,16465,16466,1
walking,16477,16466,16477,11
sniffing,16513,16477,16513,36
rising,16657,16513,16657,144
sniffing,16667,16657,16667,10
hunching,16728,16667,16728,61
right_turning,16779,16728,16779,51
sniffing,16807,16779,16807,28
walking,16866,16807,16866,59
trotting,16943,16866,16943,77
sniffing,16944,16943,16944,1
right_turning,16974,16944,16974,30
stepping,16988,16974,16988,14
trotting,16989,16988,16989,1
walking,17024,16989,17024,35
right_turning,17051,17024,17051,27
walking,17052,17051,17052,1
sniffing,17162,17052,17162,110
walking,17206,17162,17206,44
rising,17239,17206,17239,33
sniffing,17240,17239,17240,1
walking,17275,17240,17275,35
sniffing,17363,17275,17363,88
climbing,17450,17363,17450,87
walking,17489,17450,17489,39
rising,17602,17489,17602,113
sniffing,17639,17602,17639,37
walking,17710,17639,17710,71
trotting,17746,17710,17746,36
sniffing,17747,17746,17747,1
rearing,17748,17747,17748,1
climbing,17845,17748,17845,97
hunching,17864,17845,17864,19
grooming,17931,17864,17931,67
sniffing,17932,17931,17932,1
left_turning,17943,17932,17943,11
walking,18016,17943,18016,73
sniffing,18032,18016,18032,16
left_turning,18053,18032,18053,21
walking,18083,18053,18083,30
rising,18165,18083,18165,82
hunching,18180,18165,18180,15
right_turning,18214,18180,18214,34
sniffing,18289,18214,18289,75
left_turning,18320,18289,18320,31
walking,18334,18320,18334,14
right_turning,18340,18334,18340,6
sniffing,18359,18340,18359,19
walking,18360,18359,18360,1
stepping,18361,18360,18361,1
walking,18424,18361,18424,63
climbing,18482,18424,18482,58
sniffing,18483,18482,18483,1
rearing,18737,18483,18737,254
walking,18738,18737,18738,1
running,18754,18738,18754,16
sniffing,18755,18754,18755,1
rising,18786,18755,18786,31
climbing,18825,18786,18825,39
hunching,19124,18825,19124,299
right_turning,19135,19124,19135,11
left_turning,19144,19135,19144,9
sniffing,19192,19144,19192,48
trotting,19222,19192,19222,30
rising,19230,19222,19230,8
sniffing,19251,19230,19251,21
walking,19292,19251,19292,41
sniffing,19344,19292,19344,52
rising,19345,19344,19345,1
climbing,19349,19345,19349,4
sniffing,19356,19349,19356,7
hunching,19626,19356,19626,270
climbing,19706,19626,19706,80
sniffing,19752,19706,19752,46
climbing,19805,19752,19805,53
running,19821,19805,19821,16
walking,19842,19821,19842,21
sniffing,19917,19842,19917,75
rising,19918,19917,19918,1
left_turning,19951,19918,19951,33
trotting,19976,19951,19976,25
stepping,19977,19976,19977,1
sniffing,20057,19977,20057,80
left_turning,20102,20057,20102,45
walking,20112,20102,20112,10
right_turning,20123,20112,20123,11
rearing,20278,20123,20278,155
grooming,20279,20278,20279,1
walking,20281,20279,20281,2
stepping,20282,20281,20282,1
sniffing,20442,20282,20442,160
climbing,20443,20442,20443,1
walking,20466,20443,20466,23
sniffing,20639,20466,20639,173
left_turning,20699,20639,20699,60
walking,20708,20699,20708,9
climbing,20751,20708,20751,43
left_turning,20752,20751,20752,1
running,20772,20752,20772,20
trotting,20839,20772,20839,67
walking,20855,20839,20855,16
rising,20882,20855,20882,27
rearing,20883,20882,20883,1
rising,20895,20883,20895,12
climbing,20970,20895,20970,75
rearing,21051,20970,21051,81
left_turning,21079,21051,21079,28
stepping,21099,21079,21099,20
walking,21124,21099,21124,25
rising,21177,21124,21177,53
climbing,21225,21177,21225,48
trotting,21230,21225,21230,5
sniffing,21245,21230,21245,15
rearing,21387,21245,21387,142
sniffing,21442,21387,21442,55
right_turning,21477,21442,21477,35
sniffing,21478,21477,21478,1
climbing,21518,21478,21518,40
rising,21519,21518,21519,1
rearing,21545,21519,21545,26
sniffing,21546,21545,21546,1
hunching,21582,21546,21582,36
rising,21644,21582,21644,62
climbing,21687,21644,21687,43
sniffing,21795,21687,21795,108
trotting,21800,21795,21800,5
sniffing,21861,21800,21861,61
rising,21865,21861,21865,4
climbing,21912,21865,21912,47
right_turning,21915,21912,21915,3
walking,21916,21915,21916,1
sniffing,21938,21916,21938,22
climbing,22055,21938,22055,117
sniffing,22063,22055,22063,8
rising,22095,22063,22095,32
walking,22118,22095,22118,23
sniffing,22206,22118,22206,88
stepping,22223,22206,22223,17
right_turning,22240,22223,22240,17
sniffing,22290,22240,22290,50
left_turning,22291,22290,22291,1
walking,22309,22291,22309,18
sniffing,22372,22309,22372,63
trotting,22413,22372,22413,41
walking,22416,22413,22416,3
sniffing,22427,22416,22427,11
right_turning,22444,22427,22444,17
trotting,22469,22444,22469,25
walking,22484,22469,22484,15
right_turning,22508,22484,22508,24
trotting,22554,22508,22554,46
walking,22577,22554,22577,23
trotting,22596,22577,22596,19
sniffing,22597,22596,22597,1
climbing,22620,22597,22620,23
running,22642,22620,22642,22
walking,22681,22642,22681,39
rising,22692,22681,22692,11
climbing,22785,22692,22785,93
running,22809,22785,22809,24
left_turning,22830,22809,22830,21
sniffing,22904,22830,22904,74
rising,22912,22904,22912,8
trotting,22963,22912,22963,51
sniffing,22983,22963,22983,20
climbing,22999,22983,22999,16
sniffing,23000,22999,23000,1
walking,23023,23000,23023,23
sniffing,23024,23023,23024,1
climbing,23025,23024,23025,1
sniffing,23027,23025,23027,2
grooming,23192,23027,23192,165
rising,23240,23192,23240,48
climbing,23327,23240,23327,87
sniffing,23339,23327,23339,12
climbing,23400,23339,23400,61
sniffing,23417,23400,23417,17
rising,23418,23417,23418,1
climbing,23521,23418,23521,103
left_turning,23527,23521,23527,6
climbing,23615,23527,23615,88
sniffing,23635,23615,23635,20
rising,23643,23635,23643,8
climbing,23703,23643,23703,60
walking,23731,23703,23731,28
stepping,23753,23731,23753,22
walking,23781,23753,23781,28
rising,23882,23781,23882,101
climbing,24015,23882,24015,133
walking,24042,24015,24042,27
left_turning,24043,24042,24043,1
sniffing,24122,24043,24122,79
right_turning,24158,24122,24158,36
stepping,24170,24158,24170,12
climbing,24248,24170,24248,78
walking,24320,24248,24320,72
sniffing,24336,24320,24336,16
left_turning,24337,24336,24337,1
trotting,24344,24337,24344,7
rising,24390,24344,24390,46
walking,24439,24390,24439,49
stepping,24470,24439,24470,31
sniffing,24478,24470,24478,8
stepping,24498,24478,24498,20
sniffing,24520,24498,24520,22
hunching,24838,24520,24838,318
sniffing,24839,24838,24839,1
right_turning,24848,24839,24848,9
trotting,24867,24848,24867,19
sniffing,24954,24867,24954,87
rising,24979,24954,24979,25
climbing,24994,24979,24994,15
walking,25031,24994,25031,37
sniffing,25095,25031,25095,64
left_turning,25123,25095,25123,28
sniffing,25124,25123,25124,1
rising,25237,25124,25237,113
grooming,25442,25237,25442,205
sniffing,25443,25442,25443,1
rearing,25456,25443,25456,13
trotting,25457,25456,25457,1
sniffing,25559,25457,25559,102
hunching,25611,25559,25611,52
rising,25612,25611,25612,1
grooming,25740,25612,25740,128
walking,25784,25740,25784,44
trotting,25817,25784,25817,33
rising,25818,25817,25818,1
sniffing,25819,25818,25819,1
walking,25829,25819,25829,10
sniffing,25883,25829,25883,54
climbing,25910,25883,25910,27
sniffing,25977,25910,25977,67
walking,25996,25977,25996,19
trotting,26044,25996,26044,48
stepping,26058,26044,26058,14
left_turning,26095,26058,26095,37
running,26150,26095,26150,55
sniffing,26214,26150,26214,64
climbing,26282,26214,26282,68
rising,26283,26282,26283,1
climbing,26306,26283,26306,23
right_turning,26307,26306,26307,1
trotting,26337,26307,26337,30
running,26373,26337,26373,36
sniffing,26374,26373,26374,1
left_turning,26375,26374,26375,1
walking,26414,26375,26414,39
right_turning,26440,26414,26440,26
stepping,26493,26440,26493,53
sniffing,26570,26493,26570,77
climbing,26596,26570,26596,26
left_turning,26637,26596,26637,41
walking,26658,26637,26658,21
sniffing,26739,26658,26739,81
walking,26790,26739,26790,51
right_turning,26813,26790,26813,23
trotting,26814,26813,26814,1
sniffing,26852,26814,26852,38
rising,26860,26852,26860,8
climbing,26864,26860,26864,4
sniffing,26917,26864,26917,53
left_turning,26947,26917,26947,30
sniffing,26950,26947,26950,3
stepping,26991,26950,26991,41
walking,26992,26991,26992,1
sniffing,27081,26992,27081,89
walking,27085,27081,27085,4
sniffing,27138,27085,27138,53
left_turning,27175,27138,27175,37
sniffing,27176,27175,27176,1
right_turning,27198,27176,27198,22
walking,27237,27198,27237,39
climbing,27257,27237,27257,20
walking,27258,27257,27258,1
sniffing,27314,27258,27314,56
walking,27340,27314,27340,26
running,27362,27340,27362,22
walking,27407,27362,27407,45
rising,27442,27407,27442,35
walking,27470,27442,27470,28
sniffing,27524,27470,27524,54
climbing,27529,27524,27529,5
hunching,27585,27529,27585,56
sniffing,27788,27585,27788,203
stepping,27834,27788,27834,46
climbing,27875,27834,27875,41
right_turning,27917,27875,27917,42
trotting,27961,27917,27961,44
jumping,28012,27961,28012,51
trotting,28019,28012,28019,7
sniffing,28072,28019,28072,53
rearing,28073,28072,28073,1
climbing,28107,28073,28107,34
running,28130,28107,28130,23
sniffing,28194,28130,28194,64
left_turning,28216,28194,28216,22
walking,28270,28216,28270,54
stepping,28280,28270,28280,10
sniffing,28293,28280,28293,13
left_turning,28319,28293,28319,26
walking,28320,28319,28320,1
climbing,28321,28320,28321,1
hunching,28456,28321,28456,135
rearing,28549,28456,28549,93
trotting,28584,28549,28584,35
stepping,28585,28584,28585,1
walking,28590,28585,28590,5
climbing,28641,28590,28641,51
stepping,28646,28641,28646,5
sniffing,28663,28646,28663,17
running,28703,28663,28703,40
trotting,28749,28703,28749,46
walking,28776,28749,28776,27
sniffing,28777,28776,28777,1
left_turning,28832,28777,28832,55
trotting,28836,28832,28836,4
sniffing,28847,28836,28847,11
climbing,28931,28847,28931,84
walking,28949,28931,28949,18
sniffing,29028,28949,29028,79
climbing,29073,29028,29073,45
hunching,29098,29073,29098,25
sniffing,29152,29098,29152,54
climbing,29247,29152,29247,95
sniffing,29298,29247,29298,51
right_turning,29330,29298,29330,32
walking,29363,29330,29363,33
sniffing,29437,29363,29437,74
rising,29461,29437,29461,24
sniffing,29495,29461,29495,34
grooming,29602,29495,29602,107
left_turning,29712,29602,29712,110
sniffing,29713,29712,29713,1
walking,29748,29713,29748,35
stepping,29759,29748,29759,11
sniffing,29912,29759,29912,153
left_turning,29939,29912,29939,27
sniffing,29992,29939,29992,53
climbing,30039,29992,30039,47
right_turning,30041,30039,30041,2
climbing,30070,30041,30070,29
trotting,30093,30070,30093,23
sniffing,30143,30093,30143,50
rising,30192,30143,30192,49
sniffing,30282,30192,30282,90
right_turning,30286,30282,30286,4
walking,30303,30286,30303,17
climbing,30362,30303,30362,59
sniffing,30479,30362,30479,117
rearing,30586,30479,30586,107
climbing,30645,30586,30645,59
rising,30713,30645,30713,68
left_turning,30719,30713,30719,6
rising,30731,30719,30731,12
running,30771,30731,30771,40
walking,30785,30771,30785,14
sniffing,30811,30785,30811,26
rising,30968,30811,30968,157
sniffing,31009,30968,31009,41
right_turning,31010,31009,31010,1
left_turning,31039,31010,31039,29
sniffing,31125,31039,31125,86
rising,31126,31125,31126,1
climbing,31192,31126,31192,66
rising,31316,31192,31316,124
climbing,31358,31316,31358,42
right_turning,31366,31358,31366,8
walking,31370,31366,31370,4
sniffing,31443,31370,31443,73
walking,31498,31443,31498,55
sniffing,31538,31498,31538,40
right_turning,31552,31538,31552,14
trotting,31555,31552,31555,3
left_turning,31577,31555,31577,22
sniffing,31694,31577,31694,117
walking,31705,31694,31705,11
sniffing,31736,31705,31736,31
rising,31805,31736,31805,69
left_turning,31836,31805,31836,31
walking,31843,31836,31843,7
sniffing,31935,31843,31935,92
walking,31978,31935,31978,43
sniffing,32037,31978,32037,59
walking,32055,32037,32055,18
left_turning,32071,32055,32071,16
walking,32132,32071,32132,61
sniffing,32133,32132,32133,1
walking,32194,32133,32194,61
rearing,32260,32194,32260,66
rising,32324,32260,32324,64
climbing,32370,32324,32370,46
sniffing,32371,32370,32371,1
right_turning,32379,32371,32379,8
walking,32412,32379,32412,33
rising,32413,32412,32413,1
rearing,32610,32413,32610,197
sniffing,32713,32610,32713,103
climbing,32720,32713,32720,7
right_turning,32736,32720,32736,16
trotting,32803,32736,32803,67
rising,32855,32803,32855,52
walking,32912,32855,32912,57
sniffing,32913,32912,32913,1
stepping,32944,32913,32944,31
right_turning,32970,32944,32970,26
sniffing,33140,32970,33140,170
walking,33141,33140,33141,1
sniffing,33209,33141,33209,68
left_turning,33245,33209,33245,36
running,33258,33245,33258,13
walking,33316,33258,33316,58
climbing,33367,33316,33367,51
sniffing,33446,33367,33446,79
climbing,33570,33446,33570,124
sniffing,33640,33570,33640,70
stepping,33695,33640,33695,55
sniffing,33786,33695,33786,91
right_turning,33808,33786,33808,22
grooming,33900,33808,33900,92
sniffing,33984,33900,33984,84
climbing,33985,33984,33985,1
right_turning,34012,33985,34012,27
left_turning,34013,34012,34013,1
stepping,34059,34013,34059,46
sniffing,34093,34059,34093,34
left_turning,34094,34093,34094,1
sniffing,34153,34094,34153,59
rising,34168,34153,34168,15
climbing,34263,34168,34263,95
walking,34283,34263,34283,20
sniffing,34284,34283,34284,1
walking,34328,34284,34328,44
sniffing,34338,34328,34338,10
left_turning,34379,34338,34379,41
stepping,34431,34379,34431,52
sniffing,34533,34431,34533,102
left_turning,34534,34533,34534,1
rising,34584,34534,34584,50
sniffing,34642,34584,34642,58
left_turning,34643,34642,34643,1
sniffing,34718,34643,34718,75
climbing,34741,34718,34741,23
walking,34771,34741,34771,30
climbing,34781,34771,34781,10
walking,34831,34781,34831,50
trotting,34888,34831,34888,57
sniffing,34921,34888,34921,33
climbing,34934,34921,34934,13
rising,34970,34934,34970,36
climbing,35061,34970,35061,91
trotting,35089,35061,35089,28
sniffing,35183,35089,35183,94
left_turning,35227,35183,35227,44
sniffing,35361,35227,35361,134
rising,35416,35361,35416,55
rearing,35565,35416,35565,149
sniffing,35628,35565,35628,63
trotting,35683,35628,35683,55
sniffing,35730,35683,35730,47
pausing,35731,35730,35731,1
rearing,35732,35731,35732,1
rising,35733,35732,35733,1
climbing,35814,35733,35814,81
sniffing,35888,35814,35888,74
stepping,35908,35888,35908,20
sniffing,35909,35908,35909,1
rearing,36003,35909,36003,94
sniffing,36004,36003,36004,1
walking,36046,36004,36046,42
trotting,36069,36046,36069,23
stepping,36093,36069,36093,24
sniffing,36181,36093,36181,88
rising,36221,36181,36221,40
climbing,36236,36221,36236,15
hunching,36237,36236,36237,1
right_turning,36255,36237,36255,18
rearing,36307,36255,36307,52
sniffing,36322,36307,36322,15
grooming,36353,36322,36353,31
hunching,36391,36353,36391,38
climbing,36438,36391,36438,47
walking,36449,36438,36449,11
sniffing,36492,36449,36492,43
rising,36523,36492,36523,31
hunching,36628,36523,36628,105
walking,36670,36628,36670,42
rising,36717,36670,36717,47
walking,36718,36717,36718,1
sniffing,36790,36718,36790,72
rising,36800,36790,36800,10
sniffing,36819,36800,36819,19
rising,36820,36819,36820,1
walking,36821,36820,36821,1
stepping,36839,36821,36839,18
walking,36862,36839,36862,23
stepping,36894,36862,36894,32
walking,36929,36894,36929,35
stepping,36973,36929,36973,44
running,36989,36973,36989,16
trotting,37005,36989,37005,16
walking,37008,37005,37008,3
sniffing,37049,37008,37049,41
walking,37079,37049,37079,30
rising,37093,37079,37093,14
climbing,37154,37093,37154,61
rearing,37232,37154,37232,78
sniffing,37268,37232,37268,36
right_turning,37295,37268,37295,27
walking,37296,37295,37296,1
sniffing,37325,37296,37325,29
hunching,37464,37325,37464,139
rising,37484,37464,37484,20
sniffing,37570,37484,37570,86
rising,37646,37570,37646,76
left_turning,37677,37646,37677,31
trotting,37705,37677,37705,28
sniffing,37706,37705,37706,1
climbing,37775,37706,37775,69
rising,37821,37775,37821,46
climbing,37840,37821,37840,19
walking,37878,37840,37878,38
rearing,37879,37878,37879,1
trotting,37933,37879,37933,54
walking,38014,37933,38014,81
sniffing,38041,38014,38041,27
walking,38109,38041,38109,68
left_turning,38128,38109,38128,19
sniffing,38201,38128,38201,73
left_turning,38217,38201,38217,16
sniffing,38268,38217,38268,51
rising,38269,38268,38269,1
sniffing,38298,38269,38298,29
left_turning,38393,38298,38393,95
walking,38414,38393,38414,21
sniffing,38455,38414,38455,41
left_turning,38458,38455,38458,3
sniffing,38559,38458,38559,101
running,38569,38559,38569,10
sniffing,38571,38569,38571,2
rising,38572,38571,38572,1
sniffing,38615,38572,38615,43
left_turning,38743,38615,38743,128
walking,38813,38743,38813,70
climbing,38814,38813,38814,1
walking,38827,38814,38827,13
climbing,38828,38827,38828,1
walking,38866,38828,38866,38
rising,38932,38866,38932,66
sniffing,38971,38932,38971,39
stepping,38996,38971,38996,25
climbing,39046,38996,39046,50
rising,39061,39046,39061,15
trotting,39077,39061,39077,16
sniffing,39105,39077,39105,28
grooming,39440,39105,39440,335
hunching,39540,39440,39540,100
grooming,39680,39540,39680,140
walking,39725,39680,39725,45
sniffing,39726,39725,39726,1
hunching,39859,39726,39859,133
sniffing,39860,39859,39860,1
right_turning,39931,39860,39931,71
walking,40029,39931,40029,98
rising,40049,40029,40049,20
rearing,40160,40049,40160,111
walking,40189,40160,40189,29
sniffing,40244,40189,40244,55
jumping,40275,40244,40275,31
trotting,40284,40275,40284,9
sniffing,40316,40284,40316,32
left_turning,40317,40316,40317,1
walking,40362,40317,40362,45
sniffing,40453,40362,40453,91
climbing,40490,40453,40490,37
sniffing,40656,40490,40656,166
left_turning,40672,40656,40672,16
sniffing,40718,40672,40718,46
walking,40752,40718,40752,34
rearing,40861,40752,40861,109
sniffing,40862,40861,40862,1
left_turning,40866,40862,40866,4
sniffing,40882,40866,40882,16
rising,40914,40882,40914,32
sniffing,40915,40914,40915,1
rising,40950,40915,40950,35
sniffing,40951,40950,40951,1
rising,40952,40951,40952,1
left_turning,40964,40952,40964,12
sniffing,40986,40964,40986,22
walking,40987,40986,40987,1
sniffing,41051,40987,41051,64
climbing,41124,41051,41124,73
trotting,41163,41124,41163,39
walking,41175,41163,41175,12
left_turning,41176,41175,41176,1
climbing,41201,41176,41201,25
running,41203,41201,41203,2
sniffing,41204,41203,41204,1
right_turning,41205,41204,41205,1
sniffing,41232,41205,41232,27
rising,41233,41232,41233,1
right_turning,41248,41233,41248,15
sniffing,41325,41248,41325,77
hunching,41369,41325,41369,44
grooming,41570,41369,41570,201
rising,41604,41570,41604,34
sniffing,41664,41604,41664,60
rising,41674,41664,41674,10
sniffing,41722,41674,41722,48
rising,41735,41722,41735,13
climbing,41770,41735,41770,35
sniffing,41816,41770,41816,46
hunching,41899,41816,41899,83
climbing,41950,41899,41950,51
left_turning,41969,41950,41969,19
sniffing,42029,41969,42029,60
walking,42082,42029,42082,53
sniffing,42107,42082,42107,25
climbing,42174,42107,42174,67
sniffing,42236,42174,42236,62
rising,42287,42236,42287,51
left_turning,42349,42287,42349,62
walking,42353,42349,42353,4
sniffing,42420,42353,42420,67
walking,42441,42420,42441,21
rising,42484,42441,42484,43
rearing,42492,42484,42492,8
trotting,42537,42492,42537,45
sniffing,42559,42537,42559,22
left_turning,42560,42559,42560,1
walking,42600,42560,42600,40
climbing,42633,42600,42633,33
walking,42673,42633,42673,40
rising,42674,42673,42674,1
hunching,42683,42674,42683,9
climbing,42689,42683,42689,6
sniffing,42690,42689,42690,1
trotting,42702,42690,42702,12
sniffing,42758,42702,42758,56
rising,42811,42758,42811,53
trotting,42835,42811,42835,24
walking,42836,42835,42836,1
sniffing,42914,42836,42914,78
rearing,43054,42914,43054,140
grooming,43154,43054,43154,100
sniffing,43190,43154,43190,36
rising,43261,43190,43261,71
climbing,43307,43261,43307,46
hunching,43410,43307,43410,103
rising,43411,43410,43411,1
rearing,43440,43411,43440,29
sniffing,43469,43440,43469,29
rearing,43480,43469,43480,11
sniffing,43610,43480,43610,130
rising,43611,43610,43611,1
sniffing,43700,43611,43700,89
rising,43767,43700,43767,67
walking,43792,43767,43792,25
sniffing,43804,43792,43804,12
climbing,43826,43804,43826,22
walking,43836,43826,43836,10
climbing,43855,43836,43855,19
sniffing,43931,43855,43931,76
rising,43969,43931,43969,38
walking,43970,43969,43970,1
rising,43971,43970,43971,1
climbing,44023,43971,44023,52
walking,44061,44023,44061,38
trotting,44062,44061,44062,1
left_turning,44107,44062,44107,45
walking,44122,44107,44122,15
climbing,44180,44122,44180,58
sniffing,44269,44180,44269,89
rising,44292,44269,44292,23
climbing,44366,44292,44366,74
stepping,44423,44366,44423,57
sniffing,44594,44423,44594,171
rising,44599,44594,44599,5
climbing,44667,44599,44667,68
trotting,44684,44667,44684,17
stepping,44685,44684,44685,1
hunching,44753,44685,44753,68
right_turning,44755,44753,44755,2
walking,44784,44755,44784,29
rising,44855,44784,44855,71
walking,44856,44855,44856,1
trotting,44897,44856,44897,41
stepping,44921,44897,44921,24
running,44976,44921,44976,55
stepping,44992,44976,44992,16
walking,45044,44992,45044,52
trotting,45066,45044,45066,22
left_turning,45071,45066,45071,5
running,45072,45071,45072,1
sniffing,45135,45072,45135,63
climbing,45155,45135,45155,20
rising,45162,45155,45162,7
climbing,45174,45162,45174,12
grooming,45175,45174,45175,1
sniffing,45413,45175,45413,238
walking,45437,45413,45437,24
sniffing,45528,45437,45528,91
left_turning,45654,45528,45654,126
sniffing,45685,45654,45685,31
climbing,45747,45685,45747,62
right_turning,45781,45747,45781,34
rising,45827,45781,45827,46
left_turning,45828,45827,45828,1
sniffing,45893,45828,45893,65
rising,45921,45893,45921,28
climbing,45999,45921,45999,78
rearing,46014,45999,46014,15
sniffing,46033,46014,46033,19
rising,46071,46033,46071,38
grooming,46072,46071,46072,1
rising,46074,46072,46074,2
sniffing,46075,46074,46075,1
walking,46146,46075,46146,71
rising,46198,46146,46198,52
walking,46204,46198,46204,6
climbing,46263,46204,46263,59
walking,46293,46263,46293,30
sniffing,46294,46293,46294,1
trotting,46321,46294,46321,27
walking,46326,46321,46326,5
running,46338,46326,46338,12
trotting,46376,46338,46376,38
sniffing,46389,46376,46389,13
stepping,46446,46389,46446,57
trotting,46460,46446,46460,14
rising,46553,46460,46553,93
sniffing,46654,46553,46654,101
left_turning,46659,46654,46659,5
sniffing,46718,46659,46718,59
rising,46760,46718,46760,42
climbing,46837,46760,46837,77
sniffing,46838,46837,46838,1
trotting,46857,46838,46857,19
sniffing,46870,46857,46870,13
rising,46939,46870,46939,69
sniffing,46967,46939,46967,28
rising,47040,46967,47040,73
jumping,47137,47040,47137,97
sniffing,47199,47137,47199,62
climbing,47211,47199,47211,12
rising,47260,47211,47260,49
sniffing,47425,47260,47425,165
left_turning,47450,47425,47450,25
sniffing,47451,47450,47451,1
rising,47529,47451,47529,78
climbing,47591,47529,47591,62
rising,47714,47591,47714,123
rearing,47806,47714,47806,92
trotting,47840,47806,47840,34
sniffing,47841,47840,47841,1
rising,47920,47841,47920,79
walking,47932,47920,47932,12
stepping,47944,47932,47944,12
climbing,47947,47944,47947,3
rearing,48010,47947,48010,63
rising,48017,48010,48017,7
rearing,48075,48017,48075,58
rising,48120,48075,48120,45
walking,48163,48120,48163,43
rising,48210,48163,48210,47
walking,48260,48210,48260,50
climbing,48319,48260,48319,59
rising,48348,48319,48348,29
climbing,48438,48348,48438,90
left_turning,48502,48438,48502,64
sniffing,48590,48502,48590,88
pausing,48638,48590,48638,48
sniffing,48668,48638,48668,30
walking,48701,48668,48701,33
hunching,48809,48701,48809,108
grooming,48858,48809,48858,49
sniffing,48892,48858,48892,34
left_turning,48903,48892,48903,11
rising,48907,48903,48907,4
sniffing,48979,48907,48979,72
climbing,48986,48979,48986,7
hunching,49131,48986,49131,145
climbing,49208,49131,49208,77
running,49238,49208,49238,30
left_turning,49239,49238,49239,1
sniffing,49240,49239,49240,1
rising,49275,49240,49275,35
climbing,49304,49275,49304,29
right_turning,49354,49304,49354,50
trotting,49370,49354,49370,16
rearing,49417,49370,49417,47
rising,49543,49417,49543,126
sniffing,49647,49543,49647,104
walking,49693,49647,49693,46
left_turning,49694,49693,49694,1
sniffing,49696,49694,49696,2
hunching,49806,49696,49806,110
walking,49832,49806,49832,26
rising,49858,49832,49858,26
climbing,49878,49858,49878,20
sniffing,49913,49878,49913,35
left_turning,49939,49913,49939,26
sniffing,49987,49939,49987,48
walking,50034,49987,50034,47
sniffing,50067,50034,50067,33
left_turning,50078,50067,50078,11
rising,50115,50078,50115,37
climbing,50139,50115,50139,24
left_turning,50160,50139,50160,21
walking,50202,50160,50202,42
left_turning,50233,50202,50233,31
walking,50292,50233,50292,59
sniffing,50297,50292,50297,5
walking,50299,50297,50299,2
stepping,50302,50299,50302,3
left_turning,50353,50302,50353,51
walking,50399,50353,50399,46
climbing,50420,50399,50420,21
grooming,50445,50420,50445,25
hunching,50464,50445,50464,19
climbing,50465,50464,50465,1
right_turning,50484,50465,50484,19
trotting,50503,50484,50503,19
sniffing,50545,50503,50545,42
walking,50623,50545,50623,78
sniffing,50651,50623,50651,28
left_turning,50652,50651,50652,1
trotting,50679,50652,50679,27
left_turning,50737,50679,50737,58
rising,50738,50737,50738,1
climbing,50767,50738,50767,29
rising,50779,50767,50779,12
grooming,50998,50779,50998,219
left_turning,51017,50998,51017,19
sniffing,51061,51017,51061,44
pausing,51141,51061,51141,80
walking,51160,51141,51160,19
sniffing,51289,51160,51289,129
rising,51323,51289,51323,34
climbing,51383,51323,51383,60
sniffing,51384,51383,51384,1
running,51417,51384,51417,33
right_turning,51437,51417,51437,20
walking,51485,51437,51485,48
climbing,51486,51485,51486,1
rearing,51487,51486,51487,1
climbing,51551,51487,51551,64
walking,51584,51551,51584,33
rising,51615,51584,51615,31
climbing,51684,51615,51684,69
walking,51765,51684,51765,81
left_turning,51809,51765,51809,44
sniffing,51887,51809,51887,78
climbing,51936,51887,51936,49
left_turning,51939,51936,51939,3
trotting,51954,51939,51954,15
sniffing,52047,51954,52047,93
climbing,52053,52047,52053,6
grooming,52054,52053,52054,1
rearing,52145,52054,52145,91
sniffing,52224,52145,52224,79
trotting,52255,52224,52255,31
sniffing,52354,52255,52354,99
trotting,52390,52354,52390,36
sniffing,52391,52390,52391,1
climbing,52456,52391,52456,65
walking,52480,52456,52480,24
left_turning,52562,52480,52562,82
walking,52565,52562,52565,3
rising,52566,52565,52566,1
sniffing,52605,52566,52605,39
rising,52651,52605,52651,46
climbing,52693,52651,52693,42
running,52730,52693,52730,37
left_turning,52815,52730,52815,85
sniffing,52894,52815,52894,79
left_turning,52906,52894,52906,12
walking,52947,52906,52947,41
climbing,52984,52947,52984,37
sniffing,53008,52984,53008,24
rising,53040,53008,53040,32
rearing,53131,53040,53131,91
climbing,53193,53131,53193,62
rising,53209,53193,53209,16
rearing,53210,53209,53210,1
left_turning,53222,53210,53222,12
walking,53237,53222,53237,15
left_turning,53262,53237,53262,25
sniffing,53349,53262,53349,87
rearing,53350,53349,53350,1
sniffing,53351,53350,53351,1
stepping,53367,53351,53367,16
sniffing,53392,53367,53392,25
left_turning,53396,53392,53396,4
sniffing,53415,53396,53415,19
climbing,53428,53415,53428,13
hunching,53431,53428,53431,3
sniffing,53541,53431,53541,110
left_turning,53628,53541,53628,87
sniffing,53644,53628,53644,16
stepping,53653,53644,53653,9
rising,53670,53653,53670,17
rearing,53680,53670,53680,10
sniffing,53794,53680,53794,114
left_turning,53795,53794,53795,1
trotting,53815,53795,53815,20
walking,53827,53815,53827,12
sniffing,53876,53827,53876,49
rising,53902,53876,53902,26
walking,53920,53902,53920,18
sniffing,53975,53920,53975,55
rearing,53976,53975,53976,1
sniffing,54067,53976,54067,91
climbing,54096,54067,54096,29
sniffing,54110,54096,54110,14
left_turning,54153,54110,54153,43
sniffing,54154,54153,54154,1
walking,54159,54154,54159,5
stepping,54183,54159,54183,24
sniffing,54269,54183,54269,86
grooming,54347,54269,54347,78
rearing,54444,54347,54444,97
walking,54452,54444,54452,8
sniffing,54499,54452,54499,47
walking,54500,54499,54500,1
sniffing,54517,54500,54517,17
left_turning,54518,54517,54518,1
sniffing,54575,54518,54575,57
left_turning,54610,54575,54610,35
walking,54675,54610,54675,65
left_turning,54707,54675,54707,32
sniffing,54859,54707,54859,152
climbing,54906,54859,54906,47
walking,54959,54906,54959,53
sniffing,54960,54959,54960,1
climbing,54997,54960,54997,37
rearing,55114,54997,55114,117
walking,55132,55114,55132,18
sniffing,55217,55132,55217,85
stepping,55266,55217,55266,49
walking,55322,55266,55322,56
rising,55323,55322,55323,1
climbing,55360,55323,55360,37
rising,55405,55360,55405,45
walking,55441,55405,55441,36
rearing,55442,55441,55442,1
sniffing,55451,55442,55451,9
hunching,55462,55451,55462,11
sniffing,55670,55462,55670,208
right_turning,55675,55670,55675,5
left_turning,55969,55675,55969,294
sniffing,56027,55969,56027,58
pausing,56028,56027,56028,1
walking,56029,56028,56029,1
sniffing,56042,56029,56042,13
left_turning,56046,56042,56046,4
walking,56047,56046,56047,1
left_turning,56048,56047,56048,1
sniffing,56083,56048,56083,35
right_turning,56131,56083,56131,48
running,56160,56131,56160,29
left_turning,56219,56160,56219,59
walking,56226,56219,56226,7
sniffing,56245,56226,56245,19
left_turning,56246,56245,56246,1
sniffing,56353,56246,56353,107
walking,56382,56353,56382,29
climbing,56407,56382,56407,25
right_turning,56433,56407,56433,26
climbing,56469,56433,56469,36
sniffing,56470,56469,56470,1
trotting,56507,56470,56507,37
rearing,56603,56507,56603,96
running,56634,56603,56634,31
stepping,56662,56634,56662,28
sniffing,56668,56662,56668,6
walking,56692,56668,56692,24
sniffing,56752,56692,56752,60
rising,56753,56752,56753,1
rearing,56773,56753,56773,20
climbing,56833,56773,56833,60
walking,56874,56833,56874,41
climbing,56916,56874,56916,42
grooming,56927,56916,56927,11
climbing,56991,56927,56991,64
walking,56998,56991,56998,7
left_turning,57046,56998,57046,48
walking,57065,57046,57065,19
sniffing,57086,57065,57086,21
rising,57087,57086,57087,1
left_turning,57164,57087,57164,77
trotting,57213,57164,57213,49
sniffing,57218,57213,57218,5
walking,57219,57218,57219,1
sniffing,57247,57219,57247,28
climbing,57276,57247,57276,29
rising,57385,57276,57385,109
climbing,57454,57385,57454,69
rising,57455,57454,57455,1
stepping,57526,57455,57526,71
sniffing,57527,57526,57527,1
stepping,57528,57527,57528,1
sniffing,57684,57528,57684,156
stepping,57712,57684,57712,28
right_turning,57729,57712,57729,17
sniffing,57730,57729,57730,1
rising,57734,57730,57734,4
walking,57761,57734,57761,27
climbing,57824,57761,57824,63
sniffing,57867,57824,57867,43
climbing,57902,57867,57902,35
sniffing,57997,57902,57997,95
walking,58062,57997,58062,65
sniffing,58063,58062,58063,1
rising,58306,58063,58306,243
climbing,58336,58306,58336,30
walking,58357,58336,58357,21
rising,58359,58357,58359,2
sniffing,58399,58359,58399,40
left_turning,58440,58399,58440,41
trotting,58498,58440,58498,58
sniffing,58544,58498,58544,46
walking,58580,58544,58580,36
rising,58678,58580,58678,98
grooming,58760,58678,58760,82
hunching,58769,58760,58769,9
right_turning,58786,58769,58786,17
trotting,58816,58786,58816,30
grooming,58817,58816,58817,1
rearing,58818,58817,58818,1
rising,58877,58818,58877,59
climbing,58883,58877,58883,6
sniffing,58929,58883,58929,46
right_turning,58952,58929,58952,23
rising,58997,58952,58997,45
sniffing,59040,58997,59040,43
rising,59119,59040,59119,79
climbing,59139,59119,59139,20
grooming,59140,59139,59140,1
rearing,59141,59140,59141,1
rising,59195,59141,59195,54
running,59220,59195,59220,25
walking,59282,59220,59282,62
left_turning,59367,59282,59367,85
sniffing,59427,59367,59427,60
rising,59453,59427,59453,26
left_turning,59457,59453,59457,4
sniffing,59459,59457,59459,2
rising,59499,59459,59499,40
jumping,59513,59499,59513,14
grooming,59785,59513,59785,272
hunching,59786,59785,59786,1
sniffing,59798,59786,59798,12
rising,59851,59798,59851,53
climbing,59918,59851,59918,67
rearing,60018,59918,60018,100
walking,60058,60018,60058,40
rising,60135,60058,60135,77
left_turning,60136,60135,60136,1
hunching,60241,60136,60241,105
rearing,60282,60241,60282,41
climbing,60339,60282,60339,57
stepping,60361,60339,60361,22
walking,60372,60361,60372,11
rearing,60373,60372,60373,1
hunching,60519,60373,60519,146
walking,60574,60519,60574,55
stepping,60590,60574,60590,16
climbing,60640,60590,60640,50
rearing,60801,60640,60801,161
climbing,60892,60801,60892,91
sniffing,60976,60892,60976,84
grooming,61295,60976,61295,319
rearing,61306,61295,61306,11
rising,61445,61306,61445,139
climbing,61472,61445,61472,27
rising,61521,61472,61521,49
sniffing,61591,61521,61591,70
rearing,61615,61591,61615,24
rising,61634,61615,61634,19
left_turning,61697,61634,61697,63
sniffing,61714,61697,61714,17
left_turning,61715,61714,61715,1
trotting,61752,61715,61752,37
sniffing,61792,61752,61792,40
running,61801,61792,61801,9
sniffing,61852,61801,61852,51
climbing,61940,61852,61940,88
rising,61941,61940,61941,1
climbing,61944,61941,61944,3
sniffing,62044,61944,62044,100
rising,62045,62044,62045,1
sniffing,62134,62045,62134,89
rising,62144,62134,62144,10
walking,62145,62144,62145,1
stepping,62181,62145,62181,36
rising,62182,62181,62182,1
climbing,62207,62182,62207,25
trotting,62255,62207,62255,48
walking,62286,62255,62286,31
rearing,62362,62286,62362,76
rising,62377,62362,62377,15
climbing,62391,62377,62391,14
walking,62404,62391,62404,13
sniffing,62470,62404,62470,66
right_turning,62503,62470,62503,33
walking,62556,62503,62556,53
trotting,62591,62556,62591,35
sniffing,62703,62591,62703,112
rising,62741,62703,62741,38
climbing,62744,62741,62744,3
rearing,62745,62744,62745,1
walking,62750,62745,62750,5
left_turning,62754,62750,62754,4
sniffing,62837,62754,62837,83
rising,62902,62837,62902,65
climbing,62961,62902,62961,59
rising,62976,62961,62976,15
rearing,63110,62976,63110,134
right_turning,63121,63110,63121,11
walking,63122,63121,63122,1
sniffing,63244,63122,63244,122
walking,63251,63244,63251,7
sniffing,63252,63251,63252,1
rising,63328,63252,63328,76
rearing,63404,63328,63404,76
rising,63416,63404,63416,12
sniffing,63417,63416,63417,1
rising,63418,63417,63418,1
trotting,63459,63418,63459,41
walking,63468,63459,63468,9
sniffing,63489,63468,63489,21
stepping,63509,63489,63509,20
trotting,63510,63509,63510,1
sniffing,63620,63510,63620,110
left_turning,63628,63620,63628,8
trotting,63659,63628,63659,31
walking,63676,63659,63676,17
sniffing,63677,63676,63677,1
grooming,63805,63677,63805,128
rearing,63806,63805,63806,1
grooming,63910,63806,63910,104
rising,63911,63910,63911,1
hunching,63990,63911,63990,79
jumping,64029,63990,64029,39
right_turning,64046,64029,64046,17
rising,64049,64046,64049,3
climbing,64106,64049,64106,57
trotting,64143,64106,64143,37
rising,64180,64143,64180,37
sniffing,64187,64180,64187,7
rising,64228,64187,64228,41
sniffing,64229,64228,64229,1
rising,64289,64229,64289,60
walking,64327,64289,64327,38
sniffing,64381,64327,64381,54
running,64402,64381,64402,21
walking,64425,64402,64425,23
rearing,64430,64425,64430,5
sniffing,64502,64430,64502,72
walking,64574,64502,64574,72
sniffing,64677,64574,64677,103
walking,64697,64677,64697,20
grooming,64738,64697,64738,41
left_turning,64810,64738,64810,72
walking,64828,64810,64828,18
sniffing,64831,64828,64831,3
left_turning,64851,64831,64851,20
sniffing,64852,64851,64852,1
rising,64954,64852,64954,102
climbing,65016,64954,65016,62
rearing,65131,65016,65131,115
sniffing,65164,65131,65164,33
climbing,65320,65164,65320,156
rising,65343,65320,65343,23
rearing,65365,65343,65365,22
rising,65366,65365,65366,1
rearing,65367,65366,65367,1
sniffing,65423,65367,65423,56
climbing,65493,65423,65493,70
rearing,65603,65493,65603,110
hunching,65711,65603,65711,108
sniffing,65775,65711,65775,64
left_turning,65796,65775,65796,21
stepping,65807,65796,65807,11
sniffing,65833,65807,65833,26
grooming,65834,65833,65834,1
sniffing,65835,65834,65835,1
rising,65836,65835,65836,1
left_turning,65870,65836,65870,34
sniffing,65872,65870,65872,2
walking,65905,65872,65905,33
sniffing,65906,65905,65906,1
left_turning,65953,65906,65953,47
walking,65960,65953,65960,7
sniffing,66016,65960,66016,56
walking,66041,66016,66041,25
trotting,66068,66041,66068,27
sniffing,66069,66068,66069,1
walking,66106,66069,66106,37
rising,66107,66106,66107,1
climbing,66161,66107,66161,54
sniffing,66190,66161,66190,29
rising,66229,66190,66229,39
climbing,66284,66229,66284,55
stepping,66408,66284,66408,124
sniffing,66444,66408,66444,36
left_turning,66486,66444,66486,42
walking,66497,66486,66497,11
sniffing,66527,66497,66527,30
walking,66543,66527,66543,16
climbing,66588,66543,66588,45
walking,66617,66588,66617,29
sniffing,66673,66617,66673,56
climbing,66758,66673,66758,85
rising,66793,66758,66793,35
sniffing,66794,66793,66794,1
rearing,66863,66794,66863,69
sniffing,66999,66863,66999,136
left_turning,67047,66999,67047,48
sniffing,67105,67047,67105,58
left_turning,67155,67105,67155,50
walking,67226,67155,67226,71
sniffing,67323,67226,67323,97
stepping,67373,67323,67373,50
sniffing,67420,67373,67420,47
rising,67506,67420,67506,86
walking,67552,67506,67552,46
sniffing,67639,67552,67639,87
rising,67665,67639,67665,26
grooming,67770,67665,67770,105
rising,67808,67770,67808,38
stepping,67828,67808,67828,20
walking,67858,67828,67858,30
sniffing,67984,67858,67984,126
running,68003,67984,68003,19
sniffing,68004,68003,68004,1
left_turning,68033,68004,68033,29
walking,68059,68033,68059,26
rising,68060,68059,68060,1
sniffing,68122,68060,68122,62
right_turning,68162,68122,68162,40
running,68191,68162,68191,29
sniffing,68219,68191,68219,28
rising,68325,68219,68325,106
left_turning,68368,68325,68368,43
hunching,68401,68368,68401,33
climbing,68466,68401,68466,65
rising,68511,68466,68511,45
left_turning,68523,68511,68523,12
walking,68564,68523,68564,41
sniffing,68565,68564,68565,1
rising,68594,68565,68594,29
rearing,68595,68594,68595,1
climbing,68641,68595,68641,46
hunching,68642,68641,68642,1
sniffing,68643,68642,68643,1
rising,68644,68643,68644,1
sniffing,68678,68644,68678,34
left_turning,68702,68678,68702,24
sniffing,68767,68702,68767,65
rising,68791,68767,68791,24
sniffing,68849,68791,68849,58
rising,68859,68849,68859,10
climbing,68933,68859,68933,74
rising,68960,68933,68960,27
climbing,68987,68960,68987,27
sniffing,69127,68987,69127,140
rearing,69167,69127,69167,40
climbing,69175,69167,69175,8
rearing,69259,69175,69259,84
rising,69295,69259,69295,36
sniffing,69324,69295,69324,29
right_turning,69325,69324,69325,1
stepping,69374,69325,69374,49
rising,69375,69374,69375,1
climbing,69416,69375,69416,41
trotting,69450,69416,69450,34
sniffing,69451,69450,69451,1
rising,69452,69451,69452,1
climbing,69461,69452,69461,9
hunching,69476,69461,69476,15
climbing,69521,69476,69521,45
rising,69539,69521,69539,18
sniffing,69565,69539,69565,26
rising,69566,69565,69566,1
right_turning,69579,69566,69579,13
walking,69606,69579,69606,27
rearing,69607,69606,69607,1
sniffing,69608,69607,69608,1
left_turning,69672,69608,69672,64
sniffing,69691,69672,69691,19
climbing,69738,69691,69738,47
sniffing,69867,69738,69867,129
walking,69900,69867,69900,33
sniffing,69961,69900,69961,61
rising,69983,69961,69983,22
climbing,70067,69983,70067,84
walking,70078,70067,70078,11
climbing,70103,70078,70103,25
walking,70119,70103,70119,16
climbing,70183,70119,70183,64
walking,70226,70183,70226,43
sniffing,70245,70226,70245,19
walking,70271,70245,70271,26
sniffing,70335,70271,70335,64
rising,70336,70335,70336,1
sniffing,70397,70336,70397,61
grooming,70597,70397,70597,200
sniffing,70606,70597,70606,9
trotting,70635,70606,70635,29
walking,70667,70635,70667,32
trotting,70687,70667,70687,20
running,70688,70687,70688,1
walking,70693,70688,70693,5
rising,70739,70693,70739,46
rearing,70809,70739,70809,70
rising,70810,70809,70810,1
climbing,70839,70810,70839,29
rearing,70840,70839,70840,1
grooming,70841,70840,70841,1
rearing,70857,70841,70857,16
sniffing,70858,70857,70858,1
left_turning,70865,70858,70865,7
walking,70900,70865,70900,35
left_turning,70901,70900,70901,1
sniffing,70933,70901,70933,32
walking,70940,70933,70940,7
rising,70948,70940,70948,8
sniffing,71067,70948,71067,119
hunching,71072,71067,71072,5
sniffing,71144,71072,71144,72
trotting,71170,71144,71170,26
walking,71205,71170,71205,35
sniffing,71245,71205,71245,40
rising,71278,71245,71278,33
sniffing,71391,71278,71391,113
climbing,71412,71391,71412,21
walking,71444,71412,71444,32
rising,71445,71444,71445,1
sniffing,71446,71445,71446,1
left_turning,71473,71446,71473,27
sniffing,71563,71473,71563,90
rising,71593,71563,71593,30
climbing,71642,71593,71642,49
hunching,71749,71642,71749,107
grooming,71750,71749,71750,1
rearing,71885,71750,71885,135
climbing,71896,71885,71896,11
walking,71926,71896,71926,30
sniffing,72009,71926,72009,83
right_turning,72015,72009,72015,6
sniffing,72060,72015,72060,45
left_turning,72100,72060,72100,40
stepping,72108,72100,72108,8
sniffing,72164,72108,72164,56
right_turning,72171,72164,72171,7
walking,72181,72171,72181,10
left_turning,72211,72181,72211,30
walking,72231,72211,72231,20
sniffing,72290,72231,72290,59
stepping,72325,72290,72325,35
left_turning,72495,72325,72495,170
walking,72521,72495,72521,26
rising,72522,72521,72522,1
sniffing,72568,72522,72568,46
left_turning,72588,72568,72588,20
trotting,72611,72588,72611,23
walking,72643,72611,72643,32
sniffing,72664,72643,72664,21
climbing,72705,72664,72705,41
sniffing,72799,72705,72799,94
rearing,72810,72799,72810,11
left_turning,72847,72810,72847,37
sniffing,72937,72847,72937,90
grooming,72938,72937,72938,1
rearing,73001,72938,73001,63
climbing,73031,73001,73031,30
grooming,73032,73031,73032,1
sniffing,73075,73032,73075,43
left_turning,73100,73075,73100,25
running,73143,73100,73143,43
sniffing,73144,73143,73144,1
stepping,73149,73144,73149,5
climbing,73206,73149,73206,57
grooming,73362,73206,73362,156
rearing,73501,73362,73501,139
hunching,73546,73501,73546,45
right_turning,73566,73546,73566,20
trotting,73582,73566,73582,16
rising,73583,73582,73583,1
climbing,73643,73583,73643,60
hunching,73696,73643,73696,53
grooming,73697,73696,73697,1
sniffing,73698,73697,73698,1
left_turning,73699,73698,73699,1
walking,73778,73699,73778,79
running,73803,73778,73803,25
rising,73814,73803,73814,11
climbing,73844,73814,73844,30
walking,73891,73844,73891,47
sniffing,73946,73891,73946,55
left_turning,73947,73946,73947,1
walking,73966,73947,73966,19
climbing,74023,73966,74023,57
rising,74046,74023,74046,23
running,74065,74046,74065,19
sniffing,74066,74065,74066,1
right_turning,74069,74066,74069,3
walking,74105,74069,74105,36
trotting,74117,74105,74117,12
sniffing,74176,74117,74176,59
walking,74177,74176,74177,1
left_turning,74201,74177,74201,24
walking,74210,74201,74210,9
left_turning,74230,74210,74230,20
walking,74231,74230,74231,1
rising,74248,74231,74248,17
rearing,74267,74248,74267,19
sniffing,74468,74267,74468,201
left_turning,74503,74468,74503,35
climbing,74512,74503,74512,9
rising,74637,74512,74637,125
running,74651,74637,74651,14
rising,74663,74651,74663,12
rearing,74730,74663,74730,67
climbing,74757,74730,74757,27
trotting,74773,74757,74773,16
rising,74834,74773,74834,61
left_turning,74861,74834,74861,27
right_turning,74862,74861,74862,1
trotting,74910,74862,74910,48
left_turning,74939,74910,74939,29
trotting,74957,74939,74957,18
left_turning,74970,74957,74970,13
sniffing,74971,74970,74971,1
hunching,74972,74971,74972,1
climbing,74995,74972,74995,23
right_turning,75013,74995,75013,18
stepping,75042,75013,75042,29
walking,75083,75042,75083,41
right_turning,75098,75083,75098,15
walking,75130,75098,75130,32
sniffing,75131,75130,75131,1
rising,75203,75131,75203,72
climbing,75204,75203,75204,1
trotting,75220,75204,75220,16
stepping,75224,75220,75224,4
sniffing,75235,75224,75235,11
right_turning,75248,75235,75248,13
walking,75262,75248,75262,14
stepping,75295,75262,75295,33
sniffing,75356,75295,75356,61
rising,75373,75356,75373,17
rearing,75405,75373,75405,32
grooming,75718,75405,75718,313
rearing,75732,75718,75732,14
sniffing,75787,75732,75787,55
left_turning,75788,75787,75788,1
rising,75832,75788,75832,44
hunching,75840,75832,75840,8
grooming,75841,75840,75841,1
rising,75851,75841,75851,10
climbing,75859,75851,75859,8
walking,75860,75859,75860,1
climbing,75902,75860,75902,42
hunching,75944,75902,75944,42
walking,75987,75944,75987,43
trotting,76000,75987,76000,13
walking,76034,76000,76034,34
rearing,76089,76034,76089,55
climbing,76093,76089,76093,4
rising,76119,76093,76119,26
left_turning,76120,76119,76120,1
walking,76133,76120,76133,13
climbing,76221,76133,76221,88
left_turning,76295,76221,76295,74
right_turning,76298,76295,76298,3
rising,76315,76298,76315,17
sniffing,76316,76315,76316,1
walking,76347,76316,76347,31
stepping,76348,76347,76348,1
rising,76390,76348,76390,42
climbing,76435,76390,76435,45
walking,76509,76435,76509,74
climbing,76568,76509,76568,59
rearing,76569,76568,76569,1
climbing,76581,76569,76581,12
walking,76616,76581,76616,35
grooming,77295,76616,77295,679
right_turning,77296,77295,77296,1
trotting,77330,77296,77330,34
rising,77358,77330,77358,28
climbing,77460,77358,77460,102
left_turning,77513,77460,77513,53
walking,77531,77513,77531,18
sniffing,77563,77531,77563,32
walking,77573,77563,77573,10
sniffing,77578,77573,77578,5
stepping,77614,77578,77614,36
sniffing,77654,77614,77654,40
rising,77655,77654,77655,1
hunching,77662,77655,77662,7
sniffing,77733,77662,77733,71
left_turning,77745,77733,77745,12
stepping,77785,77745,77785,40
trotting,77792,77785,77792,7
sniffing,77793,77792,77793,1
walking,77819,77793,77819,26
left_turning,77820,77819,77820,1
walking,77845,77820,77845,25
left_turning,77846,77845,77846,1
running,77874,77846,77874,28
sniffing,77875,77874,77875,1
right_turning,77880,77875,77880,5
trotting,77881,77880,77881,1
right_turning,77882,77881,77882,1
stepping,77933,77882,77933,51
rising,77934,77933,77934,1
climbing,78016,77934,78016,82
rising,78017,78016,78017,1
left_turning,78071,78017,78071,54
running,78099,78071,78099,28
trotting,78103,78099,78103,4
sniffing,78124,78103,78124,21
walking,78141,78124,78141,17
left_turning,78174,78141,78174,33
sniffing,78175,78174,78175,1
walking,78185,78175,78185,10
stepping,78211,78185,78211,26
rising,78216,78211,78216,5
sniffing,78327,78216,78327,111
trotting,78361,78327,78361,34
walking,78368,78361,78368,7
rearing,78369,78368,78369,1
grooming,78574,78369,78574,205
rearing,78612,78574,78612,38
hunching,78797,78612,78797,185
sniffing,78871,78797,78871,74
left_turning,78872,78871,78872,1
running,78885,78872,78885,13
sniffing,78908,78885,78908,23
stepping,78935,78908,78935,27
sniffing,78994,78935,78994,59
rising,79046,78994,79046,52
walking,79080,79046,79080,34
climbing,79127,79080,79127,47
rearing,79287,79127,79287,160
climbing,79294,79287,79294,7
sniffing,79379,79294,79379,85
running,79398,79379,79398,19
sniffing,79487,79398,79487,89
walking,79550,79487,79550,63
sniffing,79561,79550,79561,11
left_turning,79572,79561,79572,11
trotting,79589,79572,79589,17
sniffing,79590,79589,79590,1
rising,79626,79590,79626,36
climbing,79635,79626,79635,9
rearing,79677,79635,79677,42
rising,79754,79677,79754,77
climbing,79791,79754,79791,37
hunching,79792,79791,79792,1
climbing,79807,79792,79807,15
rising,79931,79807,79931,124
sniffing,80050,79931,80050,119
climbing,80139,80050,80139,89
rising,80211,80139,80211,72
sniffing,80214,80211,80214,3
stepping,80253,80214,80253,39
climbing,80308,80253,80308,55
rising,80340,80308,80340,32
sniffing,80341,80340,80341,1
rising,80342,80341,80342,1
climbing,80407,80342,80407,65
rising,80421,80407,80421,14
walking,80441,80421,80441,20
rearing,80493,80441,80493,52
sniffing,80533,80493,80533,40
rising,80552,80533,80552,19
sniffing,80681,80552,80681,129
left_turning,80750,80681,80750,69
sniffing,80751,80750,80751,1
left_turning,80755,80751,80755,4
sniffing,80812,80755,80812,57
climbing,80871,80812,80871,59
trotting,80931,80871,80931,60
walking,80951,80931,80951,20
sniffing,81012,80951,81012,61
climbing,81016,81012,81016,4
walking,81036,81016,81036,20
sniffing,81066,81036,81066,30
left_turning,81076,81066,81076,10
running,81090,81076,81090,14
trotting,81129,81090,81129,39
stepping,81150,81129,81150,21
walking,81197,81150,81197,47
sniffing,81198,81197,81198,1
climbing,81250,81198,81250,52
rising,81252,81250,81252,2
climbing,81284,81252,81284,32
rearing,81469,81284,81469,185
grooming,81470,81469,81470,1
climbing,81486,81470,81486,16
rearing,81537,81486,81537,51
right_turning,81551,81537,81551,14
walking,81553,81551,81553,2
sniffing,81561,81553,81561,8
rising,81614,81561,81614,53
right_turning,81634,81614,81634,20
walking,81689,81634,81689,55
climbing,81713,81689,81713,24
rising,81725,81713,81725,12
climbing,81780,81725,81780,55
running,81819,81780,81819,39
sniffing,81820,81819,81820,1
hunching,81925,81820,81925,105
climbing,81960,81925,81960,35
rising,82029,81960,82029,69
grooming,82030,82029,82030,1
climbing,82046,82030,82046,16
rearing,82079,82046,82079,33
hunching,82136,82079,82136,57
sniffing,82137,82136,82137,1
walking,82158,82137,82158,21
rising,82217,82158,82217,59
climbing,82273,82217,82273,56
grooming,82390,82273,82390,117
hunching,82391,82390,82391,1
grooming,82707,82391,82707,316
rearing,82714,82707,82714,7
walking,82746,82714,82746,32
running,82773,82746,82773,27
walking,82817,82773,82817,44
sniffing,82838,82817,82838,21
walking,82869,82838,82869,31
climbing,82870,82869,82870,1
rising,82879,82870,82879,9
sniffing,82934,82879,82934,55
grooming,82935,82934,82935,1
right_turning,82983,82935,82983,48
running,82992,82983,82992,9
trotting,83014,82992,83014,22
sniffing,83028,83014,83028,14
right_turning,83049,83028,83049,21
stepping,83070,83049,83070,21
right_turning,83104,83070,83104,34
walking,83121,83104,83121,17
rising,83238,83121,83238,117
rearing,83239,83238,83239,1
sniffing,83299,83239,83299,60
rising,83301,83299,83301,2
sniffing,83432,83301,83432,131
rearing,83546,83432,83546,114
grooming,83696,83546,83696,150
rearing,83723,83696,83723,27
rising,83781,83723,83781,58
sniffing,83782,83781,83782,1
rearing,83783,83782,83783,1
climbing,83841,83783,83841,58
rearing,83920,83841,83920,79
grooming,83921,83920,83921,1
climbing,83968,83921,83968,47
grooming,83969,83968,83969,1
sniffing,83970,83969,83970,1
right_turning,84003,83970,84003,33
sniffing,84018,84003,84018,15
right_turning,84036,84018,84036,18
trotting,84037,84036,84037,1
stepping,84038,84037,84038,1
walking,84096,84038,84096,58
rearing,84156,84096,84156,60
hunching,84211,84156,84211,55
rearing,84212,84211,84212,1
sniffing,84346,84212,84346,134
right_turning,84351,84346,84351,5
walking,84374,84351,84374,23
left_turning,84375,84374,84375,1
sniffing,84376,84375,84376,1
left_turning,84436,84376,84436,60
stepping,84437,84436,84437,1
walking,84490,84437,84490,53
sniffing,84541,84490,84541,51
left_turning,84591,84541,84591,50
sniffing,84609,84591,84609,18
stepping,84627,84609,84627,18
rising,84698,84627,84698,71
rearing,84763,84698,84763,65
rising,84781,84763,84781,18
climbing,84819,84781,84819,38
rearing,84821,84819,84821,2
right_turning,84848,84821,84848,27
running,84869,84848,84869,21
walking,84881,84869,84881,12
hunching,84983,84881,84983,102
left_turning,85033,84983,85033,50
walking,85073,85033,85073,40
stepping,85122,85073,85122,49
walking,85201,85122,85201,79
sniffing,85272,85201,85272,71
left_turning,85294,85272,85294,22
sniffing,85295,85294,85295,1
walking,85339,85295,85339,44
climbing,85412,85339,85412,73
rising,85458,85412,85458,46
walking,85461,85458,85461,3
sniffing,85463,85461,85463,2
trotting,85466,85463,85466,3
left_turning,85467,85466,85467,1
trotting,85487,85467,85487,20
stepping,85544,85487,85544,57
rising,85611,85544,85611,67
sniffing,85674,85611,85674,63
climbing,85675,85674,85675,1
right_turning,85690,85675,85690,15
walking,85693,85690,85693,3
running,85722,85693,85722,29
sniffing,85786,85722,85786,64
rising,85821,85786,85821,35
left_turning,85843,85821,85843,22
walking,85844,85843,85844,1
rising,85924,85844,85924,80
sniffing,85925,85924,85925,1
walking,86000,85925,86000,75
sniffing,86128,86000,86128,128
left_turning,86139,86128,86139,11
rising,86150,86139,86150,11
climbing,86151,86150,86151,1
sniffing,86270,86151,86270,119
walking,86320,86270,86320,50
left_turning,86386,86320,86386,66
sniffing,86423,86386,86423,37
pausing,86750,86423,86750,327
sniffing,86859,86750,86859,109
trotting,86860,86859,86860,1
sniffing,86918,86860,86918,58
walking,86930,86918,86930,12
rising,86951,86930,86951,21
sniffing,86952,86951,86952,1
walking,87001,86952,87001,49
sniffing,87074,87001,87074,73
walking,87117,87074,87117,43
rising,87152,87117,87152,35
climbing,87220,87152,87220,68
sniffing,87225,87220,87225,5
rising,87226,87225,87226,1
climbing,87281,87226,87281,55
sniffing,87369,87281,87369,88
walking,87416,87369,87416,47
rising,87460,87416,87460,44
sniffing,87474,87460,87474,14
left_turning,87475,87474,87475,1
trotting,87499,87475,87499,24
rising,87500,87499,87500,1
sniffing,87522,87500,87522,22
walking,87552,87522,87552,30
left_turning,87614,87552,87614,62
walking,87666,87614,87666,52
trotting,87688,87666,87688,22
rising,87713,87688,87713,25
grooming,87883,87713,87883,170
sniffing,87969,87883,87969,86
rising,87985,87969,87985,16
climbing,88003,87985,88003,18
walking,88084,88003,88084,81
sniffing,88162,88084,88162,78
rising,88208,88162,88208,46
rearing,88209,88208,88209,1
climbing,88276,88209,88276,67
walking,88277,88276,88277,1
sniffing,88288,88277,88288,11
right_turning,88289,88288,88289,1
rising,88372,88289,88372,83
sniffing,88373,88372,88373,1
rising,88390,88373,88390,17
climbing,88441,88390,88441,51
rising,88488,88441,88488,47
climbing,88529,88488,88529,41
walking,88543,88529,88543,14
sniffing,88600,88543,88600,57
rising,88610,88600,88610,10
sniffing,88649,88610,88649,39
rising,88658,88649,88658,9
climbing,88707,88658,88707,49
sniffing,88708,88707,88708,1
rising,88746,88708,88746,38
climbing,88773,88746,88773,27
rising,88774,88773,88774,1
climbing,88783,88774,88783,9
walking,88800,88783,88800,17
sniffing,88861,88800,88861,61
walking,88902,88861,88902,41
climbing,88964,88902,88964,62
rearing,88965,88964,88965,1
sniffing,89028,88965,89028,63
walking,89057,89028,89057,29
sniffing,89102,89057,89102,45
walking,89149,89102,89149,47
sniffing,89150,89149,89150,1
rearing,89151,89150,89151,1
right_turning,89169,89151,89169,18
rising,89214,89169,89214,45
climbing,89259,89214,89259,45
sniffing,89362,89259,89362,103
hunching,89471,89362,89471,109
rising,89542,89471,89542,71
climbing,89588,89542,89588,46
trotting,89600,89588,89600,12
walking,89601,89600,89601,1
sniffing,89711,89601,89711,110
walking,89750,89711,89750,39
rearing,89751,89750,89751,1
grooming,89752,89751,89752,1
climbing,89797,89752,89797,45
trotting,89832,89797,89832,35
rising,89916,89832,89916,84
climbing,89928,89916,89928,12
sniffing,89929,89928,89929,1
grooming,90024,89929,90024,95
climbing,90043,90024,90043,19
right_turning,90061,90043,90061,18
walking,90067,90061,90067,6
sniffing,90108,90067,90108,41
rising,90148,90108,90148,40
sniffing,90195,90148,90195,47
right_turning,90230,90195,90230,35
jumping,90251,90230,90251,21
walking,90300,90251,90300,49
rising,90315,90300,90315,15
grooming,90356,90315,90356,41
sniffing,90386,90356,90386,30
pausing,90473,90386,90473,87
sniffing,90479,90473,90479,6
left_turning,90493,90479,90493,14
climbing,90505,90493,90505,12
walking,90586,90505,90586,81
rising,90595,90586,90595,9
rearing,90824,90595,90824,229
climbing,90904,90824,90904,80
rising,90916,90904,90916,12
sniffing,91107,90916,91107,191
rearing,91108,91107,91108,1
grooming,91200,91108,91200,92
hunching,91322,91200,91322,122
grooming,91323,91322,91323,1
hunching,91324,91323,91324,1
climbing,91406,91324,91406,82
sniffing,91498,91406,91498,92
left_turning,91499,91498,91499,1
sniffing,91500,91499,91500,1
left_turning,91531,91500,91531,31
sniffing,91532,91531,91532,1
rising,91593,91532,91593,61
right_turning,91605,91593,91605,12
running,91630,91605,91630,25
walking,91631,91630,91631,1
stepping,91662,91631,91662,31
walking,91692,91662,91692,30
rising,91751,91692,91751,59
rearing,91871,91751,91871,120
rising,91872,91871,91872,1
sniffing,91912,91872,91912,40
jumping,91913,91912,91913,1
sniffing,91964,91913,91964,51
grooming,91980,91964,91980,16
climbing,91997,91980,91997,17
rising,92033,91997,92033,36
sniffing,92091,92033,92091,58
walking,92124,92091,92124,33
sniffing,92184,92124,92184,60
running,92206,92184,92206,22
right_turning,92243,92206,92243,37
running,92244,92243,92244,1
sniffing,92248,92244,92248,4
climbing,92326,92248,92326,78
left_turning,92356,92326,92356,30
rising,92382,92356,92382,26
sniffing,92383,92382,92383,1
left_turning,92418,92383,92418,35
sniffing,92597,92418,92597,179
hunching,92696,92597,92696,99
sniffing,92855,92696,92855,159
climbing,92867,92855,92867,12
sniffing,92868,92867,92868,1
rising,92921,92868,92921,53
climbing,92926,92921,92926,5
trotting,92967,92926,92967,41
walking,92968,92967,92968,1
climbing,93032,92968,93032,64
hunching,93068,93032,93068,36
rearing,93255,93068,93255,187
rising,93273,93255,93273,18
rearing,93322,93273,93322,49
left_turning,93378,93322,93378,56
climbing,93379,93378,93379,1
rising,93413,93379,93413,34
climbing,93475,93413,93475,62
left_turning,93556,93475,93556,81
walking,93589,93556,93589,33
sniffing,93730,93589,93730,141
left_turning,93751,93730,93751,21
rising,93758,93751,93758,7
sniffing,93805,93758,93805,47
walking,93814,93805,93814,9
sniffing,93815,93814,93815,1
rearing,93826,93815,93826,11
climbing,93870,93826,93870,44
sniffing,93919,93870,93919,49
right_turning,93977,93919,93977,58
left_turning,93978,93977,93978,1
walking,94011,93978,94011,33
right_turning,94028,94011,94028,17
sniffing,94114,94028,94114,86
right_turning,94155,94114,94155,41
grooming,94157,94155,94157,2
sniffing,94227,94157,94227,70
climbing,94295,94227,94295,68
right_turning,94324,94295,94324,29
running,94350,94324,94350,26
walking,94419,94350,94419,69
left_turning,94471,94419,94471,52
sniffing,94508,94471,94508,37
left_turning,94524,94508,94524,16
sniffing,94535,94524,94535,11
rearing,94597,94535,94597,62
climbing,94605,94597,94605,8
right_turning,94615,94605,94615,10
sniffing,94677,94615,94677,62
rising,94701,94677,94701,24
sniffing,94726,94701,94726,25
right_turning,94730,94726,94730,4
sniffing,94731,94730,94731,1
stepping,94732,94731,94732,1
rising,94789,94732,94789,57
rearing,94828,94789,94828,39
rising,94855,94828,94855,27
climbing,94893,94855,94893,38
sniffing,94897,94893,94897,4
left_turning,94903,94897,94903,6
sniffing,94937,94903,94937,34
climbing,94981,94937,94981,44
right_turning,94999,94981,94999,18
trotting,95022,94999,95022,23
sniffing,95023,95022,95023,1
rising,95030,95023,95030,7
rearing,95095,95030,95095,65
rising,95123,95095,95123,28
rearing,95176,95123,95176,53
right_turning,95178,95176,95178,2
sniffing,95244,95178,95244,66
left_turning,95343,95244,95343,99
sniffing,95344,95343,95344,1
trotting,95385,95344,95385,41
sniffing,95386,95385,95386,1
left_turning,95387,95386,95387,1
sniffing,95388,95387,95388,1
rising,95457,95388,95457,69
sniffing,95458,95457,95458,1
climbing,95505,95458,95505,47
hunching,95506,95505,95506,1
sniffing,95530,95506,95530,24
walking,95531,95530,95531,1
left_turning,95579,95531,95579,48
sniffing,95580,95579,95580,1
rising,95592,95580,95592,12
left_turning,95757,95592,95757,165
walking,95778,95757,95778,21
sniffing,95793,95778,95793,15
left_turning,95794,95793,95794,1
sniffing,95857,95794,95857,63
rising,95876,95857,95876,19
sniffing,95935,95876,95935,59
rising,96015,95935,96015,80
left_turning,96056,96015,96056,41
sniffing,96103,96056,96103,47
left_turning,96104,96103,96104,1
sniffing,96105,96104,96105,1
right_turning,96128,96105,96128,23
stepping,96129,96128,96129,1
rising,96130,96129,96130,1
sniffing,96338,96130,96338,208
trotting,96351,96338,96351,13
rising,96393,96351,96393,42
climbing,96466,96393,96466,73
rearing,96521,96466,96521,55
rising,96539,96521,96539,18
climbing,96596,96539,96596,57
sniffing,96644,96596,96644,48
stepping,96674,96644,96674,30
right_turning,96675,96674,96675,1
walking,96702,96675,96702,27
rising,96708,96702,96708,6
sniffing,96768,96708,96768,60
rising,96774,96768,96774,6
walking,96837,96774,96837,63
left_turning,96966,96837,96966,129
sniffing,96986,96966,96986,20
left_turning,96996,96986,96996,10
walking,97003,96996,97003,7
sniffing,97028,97003,97028,25
grooming,97029,97028,97029,1
hunching,97030,97029,97030,1
right_turning,97032,97030,97032,2
rearing,97111,97032,97111,79
rising,97151,97111,97151,40
climbing,97155,97151,97155,4
rearing,97277,97155,97277,122
rising,97303,97277,97303,26
climbing,97362,97303,97362,59
rising,97564,97362,97564,202
climbing,97627,97564,97627,63
right_turning,97641,97627,97641,14
trotting,97676,97641,97676,35
sniffing,97768,97676,97768,92
rising,97812,97768,97812,44
climbing,97813,97812,97813,1
rising,97822,97813,97822,9
left_turning,97824,97822,97824,2
walking,97825,97824,97825,1
rising,97849,97825,97849,24
trotting,97898,97849,97898,49
walking,97988,97898,97988,90
sniffing,98190,97988,98190,202
climbing,98261,98190,98261,71
grooming,98386,98261,98386,125
rearing,98527,98386,98527,141
climbing,98576,98527,98576,49
rearing,98678,98576,98678,102
rising,98679,98678,98679,1
walking,98746,98679,98746,67
left_turning,98760,98746,98760,14
walking,98794,98760,98794,34
sniffing,98938,98794,98938,144
left_turning,98985,98938,98985,47
walking,98997,98985,98997,12
rising,99040,98997,99040,43
climbing,99041,99040,99041,1
sniffing,99101,99041,99101,60
rearing,99180,99101,99180,79
right_turning,99223,99180,99223,43
sniffing,99269,99223,99269,46
left_turning,99320,99269,99320,51
sniffing,99475,99320,99475,155
walking,99489,99475,99489,14
climbing,99550,99489,99550,61
sniffing,99593,99550,99593,43
climbing,99657,99593,99657,64
sniffing,99707,99657,99707,50
rising,99736,99707,99736,29
sniffing,99744,99736,99744,8
pausing,99745,99744,99745,1
sniffing,99746,99745,99746,1
rising,99747,99746,99747,1
sniffing,99748,99747,99748,1
pausing,99749,99748,99749,1
sniffing,99816,99749,99816,67
running,99860,99816,99860,44
sniffing,99861,99860,99861,1
walking,99928,99861,99928,67
sniffing,99948,99928,99948,20
climbing,99967,99948,99967,19
rising,100024,99967,100024,57
sniffing,100117,100024,100117,93
walking,100118,100117,100118,1
sniffing,100210,100118,100210,92
walking,100244,100210,100244,34
sniffing,100276,100244,100276,32
walking,100341,100276,100341,65
sniffing,100439,100341,100439,98
stepping,100440,100439,100440,1
right_turning,100487,100440,100487,47
trotting,100524,100487,100524,37
stepping,100525,100524,100525,1
walking,100560,100525,100560,35
sniffing,100583,100560,100583,23
walking,100619,100583,100619,36
sniffing,100635,100619,100635,16
rising,100638,100635,100638,3
left_turning,100708,100638,100708,70
rising,100784,100708,100784,76
sniffing,100844,100784,100844,60
climbing,100845,100844,100845,1
sniffing,100861,100845,100861,16
right_turning,100883,100861,100883,22
stepping,100909,100883,100909,26
walking,100986,100909,100986,77
stepping,101014,100986,101014,28
sniffing,101076,101014,101076,62
walking,101101,101076,101101,25
sniffing,101119,101101,101119,18
rising,101202,101119,101202,83
sniffing,101256,101202,101256,54
left_turning,101298,101256,101298,42
sniffing,101317,101298,101317,19
trotting,101333,101317,101333,16
sniffing,101334,101333,101334,1
walking,101368,101334,101368,34
sniffing,101542,101368,101542,174
walking,101609,101542,101609,67
sniffing,101672,101609,101672,63
rising,101674,101672,101674,2
walking,101735,101674,101735,61
sniffing,101833,101735,101833,98
grooming,102210,101833,102210,377
rearing,102211,102210,102211,1
walking,102228,102211,102228,17
sniffing,102257,102228,102257,29
right_turning,102281,102257,102281,24
running,102306,102281,102306,25
sniffing,102353,102306,102353,47
left_turning,102399,102353,102399,46
sniffing,102512,102399,102512,113
rising,102533,102512,102533,21
hunching,102686,102533,102686,153
rising,102796,102686,102796,110
left_turning,102854,102796,102854,58
right_turning,102881,102854,102881,27
walking,102933,102881,102933,52
sniffing,102934,102933,102934,1
walking,102943,102934,102943,9
right_turning,102974,102943,102974,31
walking,102982,102974,102982,8
sniffing,103050,102982,103050,68
stepping,103123,103050,103123,73
walking,103156,103123,103156,33
rising,103157,103156,103157,1
sniffing,103200,103157,103200,43
grooming,103266,103200,103266,66
hunching,103334,103266,103334,68
climbing,103397,103334,103397,63
hunching,103400,103397,103400,3
grooming,103401,103400,103401,1
sniffing,103418,103401,103418,17
rising,103541,103418,103541,123
sniffing,103586,103541,103586,45
left_turning,103591,103586,103591,5
walking,103619,103591,103619,28
sniffing,103620,103619,103620,1
stepping,103731,103620,103731,111
trotting,103777,103731,103777,46
sniffing,103781,103777,103781,4
rising,103827,103781,103827,46
walking,103854,103827,103854,27
sniffing,103888,103854,103888,34
climbing,103929,103888,103929,41
sniffing,103987,103929,103987,58
rising,104020,103987,104020,33
walking,104029,104020,104029,9
sniffing,104101,104029,104101,72
rising,104122,104101,104122,21
climbing,104138,104122,104138,16
running,104184,104138,104184,46
stepping,104198,104184,104198,14
rising,104199,104198,104199,1
hunching,104313,104199,104313,114
rising,104487,104313,104487,174
sniffing,104569,104487,104569,82
rising,104570,104569,104570,1
rearing,104605,104570,104605,35
rising,104606,104605,104606,1
left_turning,104673,104606,104673,67
sniffing,104748,104673,104748,75
rising,104770,104748,104770,22
right_turning,104776,104770,104776,6
stepping,104818,104776,104818,42
sniffing,104856,104818,104856,38
grooming,104857,104856,104857,1
hunching,104898,104857,104898,41
rising,104938,104898,104938,40
right_turning,104968,104938,104968,30
walking,105004,104968,105004,36
climbing,105028,105004,105028,24
rising,105121,105028,105121,93
climbing,105139,105121,105139,18
sniffing,105152,105139,105152,13
climbing,105217,105152,105217,65
rising,105218,105217,105218,1
climbing,105297,105218,105297,79
sniffing,105361,105297,105361,64
rising,105398,105361,105398,37
left_turning,105415,105398,105415,17
climbing,105422,105415,105422,7
rising,105433,105422,105433,11
sniffing,105503,105433,105503,70
left_turning,105546,105503,105546,43
walking,105621,105546,105621,75
rising,105622,105621,105622,1
sniffing,105698,105622,105698,76
running,105726,105698,105726,28
sniffing,105972,105726,105972,246
grooming,106006,105972,106006,34
right_turning,106014,106006,106014,8
trotting,106047,106014,106047,33
walking,106064,106047,106064,17
right_turning,106087,106064,106087,23
running,106106,106087,106106,19
climbing,106175,106106,106175,69
right_turning,106195,106175,106195,20
grooming,106196,106195,106196,1
sniffing,106198,106196,106198,2
rising,106199,106198,106199,1
left_turning,106212,106199,106212,13
sniffing,106218,106212,106218,6
climbing,106269,106218,106269,51
rising,106274,106269,106274,5
climbing,106275,106274,106275,1
right_turning,106301,106275,106301,26
rising,106336,106301,106336,35
sniffing,106360,106336,106360,24
grooming,106361,106360,106361,1
climbing,106397,106361,106397,36
rearing,106485,106397,106485,88
rising,106509,106485,106509,24
sniffing,106565,106509,106565,56
walking,106566,106565,106566,1
climbing,106634,106566,106634,68
rearing,106731,106634,106731,97
grooming,106922,106731,106922,191
rearing,106953,106922,106953,31
hunching,106954,106953,106954,1
climbing,106955,106954,106955,1
sniffing,107054,106955,107054,99
climbing,107117,107054,107117,63
rearing,107127,107117,107127,10
sniffing,107137,107127,107137,10
left_turning,107192,107137,107192,55
running,107221,107192,107221,29
left_turning,107262,107221,107262,41
sniffing,107310,107262,107310,48
walking,107342,107310,107342,32
rising,107405,107342,107405,63
sniffing,107406,107405,107406,1
rising,107407,107406,107407,1
sniffing,107408,107407,107408,1
rising,107485,107408,107485,77
sniffing,107486,107485,107486,1
grooming,107487,107486,107487,1
rising,107580,107487,107580,93
sniffing,107602,107580,107602,22
rising,107631,107602,107631,29
climbing,107632,107631,107632,1
grooming,107633,107632,107633,1
rearing,107791,107633,107791,158
climbing,107836,107791,107836,45
grooming,108000,107836,108000,164
