revised_movement_label,segBoundary,segBoundary_start,segBoundary_end,length
sniffing,125,0,125,125
climbing,180,125,180,55
sniffing,250,180,250,70
rearing,251,250,251,1
hunching,314,251,314,63
grooming,329,314,329,15
rearing,330,329,330,1
hunching,403,330,403,73
left_turning,404,403,404,1
sniffing,429,404,429,25
running,470,429,470,41
walking,471,470,471,1
sniffing,500,471,500,29
left_turning,508,500,508,8
rearing,567,508,567,59
climbing,602,567,602,35
walking,655,602,655,53
sniffing,701,655,701,46
rising,730,701,730,29
left_turning,746,730,746,16
stepping,757,746,757,11
rising,780,757,780,23
climbing,836,780,836,56
trotting,852,836,852,16
sniffing,927,852,927,75
right_turning,928,927,928,1
walking,931,928,931,3
trotting,981,931,981,50
rising,1037,981,1037,56
trotting,1046,1037,1046,9
rising,1056,1046,1056,10
trotting,1072,1056,1072,16
walking,1107,1072,1107,35
rising,1108,1107,1108,1
left_turning,1121,1108,1121,13
walking,1151,1121,1151,30
sniffing,1202,1151,1202,51
rising,1300,1202,1300,98
walking,1346,1300,1346,46
sniffing,1383,1346,1383,37
grooming,1657,1383,1657,274
right_turning,1712,1657,1712,55
stepping,1782,1712,1782,70
climbing,1839,1782,1839,57
sniffing,1873,1839,1873,34
left_turning,1895,1873,1895,22
sniffing,1896,1895,1896,1
climbing,1901,1896,1901,5
sniffing,1931,1901,1931,30
left_turning,2065,1931,2065,134
sniffing,2084,2065,2084,19
climbing,2106,2084,2106,22
walking,2121,2106,2121,15
sniffing,2210,2121,2210,89
climbing,2249,2210,2249,39
sniffing,2250,2249,2250,1
rising,2319,2250,2319,69
walking,2373,2319,2373,54
sniffing,2426,2373,2426,53
climbing,2474,2426,2474,48
trotting,2500,2474,2500,26
rising,2607,2500,2607,107
climbing,2666,2607,2666,59
walking,2692,2666,2692,26
sniffing,2706,2692,2706,14
rising,2707,2706,2707,1
left_turning,2770,2707,2770,63
walking,2776,2770,2776,6
stepping,2839,2776,2839,63
rising,2840,2839,2840,1
trotting,2888,2840,2888,48
running,2907,2888,2907,19
walking,2971,2907,2971,64
rising,3053,2971,3053,82
pausing,3054,3053,3054,1
sniffing,3072,3054,3072,18
rising,3073,3072,3073,1
left_turning,3151,3073,3151,78
running,3158,3151,3158,7
walking,3159,3158,3159,1
right_turning,3172,3159,3172,13
walking,3211,3172,3211,39
rising,3313,3211,3313,102
climbing,3351,3313,3351,38
sniffing,3352,3351,3352,1
walking,3353,3352,3353,1
sniffing,3354,3353,3354,1
rising,3403,3354,3403,49
sniffing,3519,3403,3519,116
stepping,3588,3519,3588,69
rising,3665,3588,3665,77
stepping,3728,3665,3728,63
sniffing,3780,3728,3780,52
climbing,3822,3780,3822,42
sniffing,3952,3822,3952,130
walking,3968,3952,3968,16
left_turning,4004,3968,4004,36
trotting,4049,4004,4049,45
walking,4115,4049,4115,66
sniffing,4218,4115,4218,103
walking,4238,4218,4238,20
left_turning,4239,4238,4239,1
walking,4247,4239,4247,8
running,4289,4247,4289,42
stepping,4294,4289,4294,5
sniffing,4295,4294,4295,1
rising,4296,4295,4296,1
sniffing,4299,4296,4299,3
left_turning,4319,4299,4319,20
running,4330,4319,4330,11
left_turning,4364,4330,4364,34
sniffing,4365,4364,4365,1
walking,4417,4365,4417,52
stepping,4432,4417,4432,15
sniffing,4457,4432,4457,25
rising,4501,4457,4501,44
walking,4512,4501,4512,11
sniffing,4513,4512,4513,1
rearing,4790,4513,4790,277
hunching,4939,4790,4939,149
right_turning,4961,4939,4961,22
walking,4969,4961,4969,8
sniffing,5017,4969,5017,48
walking,5028,5017,5028,11
sniffing,5087,5028,5087,59
left_turning,5096,5087,5096,9
running,5131,5096,5131,35
rising,5220,5131,5220,89
right_turning,5256,5220,5256,36
sniffing,5276,5256,5276,20
left_turning,5308,5276,5308,32
walking,5369,5308,5369,61
stepping,5375,5369,5375,6
sniffing,5490,5375,5490,115
right_turning,5518,5490,5518,28
sniffing,5541,5518,5541,23
rising,5596,5541,5596,55
sniffing,5597,5596,5597,1
climbing,5677,5597,5677,80
walking,5713,5677,5713,36
sniffing,5747,5713,5747,34
walking,5815,5747,5815,68
climbing,5846,5815,5846,31
walking,5847,5846,5847,1
sniffing,5848,5847,5848,1
grooming,6128,5848,6128,280
right_turning,6170,6128,6170,42
walking,6243,6170,6243,73
climbing,6307,6243,6307,64
sniffing,6338,6307,6338,31
climbing,6374,6338,6374,36
sniffing,6619,6374,6619,245
walking,6644,6619,6644,25
sniffing,6734,6644,6734,90
rising,6781,6734,6781,47
left_turning,6816,6781,6816,35
sniffing,6874,6816,6874,58
rising,6875,6874,6875,1
climbing,6906,6875,6906,31
walking,6945,6906,6945,39
climbing,6988,6945,6988,43
sniffing,7138,6988,7138,150
stepping,7151,7138,7151,13
climbing,7173,7151,7173,22
left_turning,7202,7173,7202,29
sniffing,7269,7202,7269,67
rearing,7398,7269,7398,129
sniffing,7452,7398,7452,54
rising,7805,7452,7805,353
climbing,7848,7805,7848,43
sniffing,7915,7848,7915,67
rising,7978,7915,7978,63
climbing,8004,7978,8004,26
right_turning,8037,8004,8037,33
sniffing,8075,8037,8075,38
left_turning,8076,8075,8076,1
walking,8104,8076,8104,28
sniffing,8236,8104,8236,132
rising,8261,8236,8261,25
climbing,8318,8261,8318,57
right_turning,8326,8318,8326,8
walking,8327,8326,8327,1
climbing,8370,8327,8370,43
sniffing,8520,8370,8520,150
pausing,8521,8520,8521,1
sniffing,8652,8521,8652,131
grooming,8653,8652,8653,1
climbing,8678,8653,8678,25
stepping,8745,8678,8745,67
sniffing,8779,8745,8779,34
rising,8822,8779,8822,43
climbing,8916,8822,8916,94
running,8939,8916,8939,23
sniffing,8960,8939,8960,21
walking,8968,8960,8968,8
sniffing,9050,8968,9050,82
pausing,9051,9050,9051,1
sniffing,9150,9051,9150,99
rising,9156,9150,9156,6
sniffing,9191,9156,9191,35
climbing,9256,9191,9256,65
rising,9317,9256,9317,61
sniffing,9371,9317,9371,54
left_turning,9372,9371,9372,1
walking,9386,9372,9386,14
running,9415,9386,9415,29
sniffing,9493,9415,9493,78
hunching,9608,9493,9608,115
trotting,9632,9608,9632,24
sniffing,9716,9632,9716,84
walking,9743,9716,9743,27
climbing,9779,9743,9779,36
walking,9785,9779,9785,6
rising,9865,9785,9865,80
sniffing,9866,9865,9866,1
rising,9949,9866,9949,83
climbing,9992,9949,9992,43
sniffing,10224,9992,10224,232
hunching,10337,10224,10337,113
sniffing,10338,10337,10338,1
climbing,10376,10338,10376,38
rearing,10377,10376,10377,1
sniffing,10397,10377,10397,20
walking,10426,10397,10426,29
rising,10487,10426,10487,61
stepping,10488,10487,10488,1
walking,10511,10488,10511,23
rising,10512,10511,10512,1
sniffing,10513,10512,10513,1
climbing,10559,10513,10559,46
sniffing,10573,10559,10573,14
climbing,10627,10573,10627,54
sniffing,10685,10627,10685,58
walking,10706,10685,10706,21
rising,10781,10706,10781,75
climbing,10835,10781,10835,54
sniffing,10850,10835,10850,15
right_turning,10886,10850,10886,36
left_turning,10912,10886,10912,26
trotting,10927,10912,10927,15
walking,11001,10927,11001,74
sniffing,11002,11001,11002,1
trotting,11014,11002,11014,12
right_turning,11037,11014,11037,23
sniffing,11069,11037,11069,32
rising,11141,11069,11141,72
rearing,11332,11141,11332,191
grooming,11333,11332,11333,1
climbing,11376,11333,11376,43
right_turning,11423,11376,11423,47
left_turning,11449,11423,11449,26
trotting,11472,11449,11472,23
climbing,11531,11472,11531,59
walking,11532,11531,11532,1
sniffing,11533,11532,11533,1
climbing,11545,11533,11545,12
sniffing,11589,11545,11589,44
rising,11590,11589,11590,1
walking,11646,11590,11646,56
left_turning,11703,11646,11703,57
walking,11744,11703,11744,41
sniffing,11855,11744,11855,111
running,11877,11855,11877,22
sniffing,11923,11877,11923,46
left_turning,11934,11923,11934,11
trotting,11966,11934,11966,32
running,11967,11966,11967,1
walking,11973,11967,11973,6
sniffing,12026,11973,12026,53
hunching,12032,12026,12032,6
walking,12117,12032,12117,85
sniffing,12118,12117,12118,1
climbing,12165,12118,12165,47
sniffing,12242,12165,12242,77
walking,12299,12242,12299,57
left_turning,12347,12299,12347,48
sniffing,12352,12347,12352,5
hunching,12353,12352,12353,1
climbing,12388,12353,12388,35
rising,12427,12388,12427,39
sniffing,12527,12427,12527,100
rearing,12663,12527,12663,136
rising,12788,12663,12788,125
walking,12807,12788,12807,19
left_turning,12808,12807,12808,1
walking,12859,12808,12859,51
sniffing,12887,12859,12887,28
rising,12946,12887,12946,59
trotting,12987,12946,12987,41
climbing,13001,12987,13001,14
running,13006,13001,13006,5
climbing,13042,13006,13042,36
walking,13065,13042,13065,23
sniffing,13173,13065,13173,108
walking,13174,13173,13174,1
trotting,13219,13174,13219,45
running,13259,13219,13259,40
walking,13263,13259,13263,4
rising,13280,13263,13280,17
sniffing,13325,13280,13325,45
hunching,13383,13325,13383,58
right_turning,13384,13383,13384,1
stepping,13413,13384,13413,29
sniffing,13448,13413,13448,35
rising,13464,13448,13464,16
rearing,13465,13464,13465,1
grooming,13700,13465,13700,235
climbing,13753,13700,13753,53
walking,13767,13753,13767,14
sniffing,13789,13767,13789,22
right_turning,13790,13789,13790,1
left_turning,13796,13790,13796,6
walking,13805,13796,13805,9
climbing,13864,13805,13864,59
right_turning,13882,13864,13882,18
stepping,13912,13882,13912,30
left_turning,13976,13912,13976,64
stepping,14006,13976,14006,30
climbing,14054,14006,14054,48
right_turning,14088,14054,14088,34
walking,14154,14088,14154,66
rising,14174,14154,14174,20
climbing,14215,14174,14215,41
rising,14216,14215,14216,1
sniffing,14279,14216,14279,63
climbing,14312,14279,14312,33
walking,14334,14312,14334,22
sniffing,14400,14334,14400,66
climbing,14437,14400,14437,37
sniffing,14525,14437,14525,88
trotting,14536,14525,14536,11
walking,14603,14536,14603,67
left_turning,14661,14603,14661,58
trotting,14712,14661,14712,51
stepping,14729,14712,14729,17
right_turning,14741,14729,14741,12
walking,14742,14741,14742,1
sniffing,14789,14742,14789,47
walking,14795,14789,14795,6
left_turning,14798,14795,14798,3
sniffing,14812,14798,14812,14
rising,14813,14812,14813,1
climbing,14885,14813,14885,72
trotting,14916,14885,14916,31
sniffing,14933,14916,14933,17
hunching,15050,14933,15050,117
sniffing,15078,15050,15078,28
left_turning,15130,15078,15130,52
walking,15144,15130,15144,14
stepping,15184,15144,15184,40
trotting,15208,15184,15208,24
rising,15239,15208,15239,31
climbing,15263,15239,15263,24
trotting,15353,15263,15353,90
walking,15444,15353,15444,91
climbing,15470,15444,15470,26
walking,15519,15470,15519,49
sniffing,15536,15519,15536,17
climbing,15631,15536,15631,95
sniffing,15683,15631,15683,52
rising,15703,15683,15703,20
sniffing,15756,15703,15756,53
climbing,15800,15756,15800,44
sniffing,15810,15800,15810,10
rising,15845,15810,15845,35
walking,15912,15845,15912,67
sniffing,15992,15912,15992,80
hunching,16103,15992,16103,111
walking,16148,16103,16148,45
sniffing,16166,16148,16166,18
left_turning,16178,16166,16178,12
sniffing,16228,16178,16228,50
right_turning,16244,16228,16244,16
stepping,16245,16244,16245,1
walking,16265,16245,16265,20
sniffing,16303,16265,16303,38
rising,16347,16303,16347,44
sniffing,16363,16347,16363,16
grooming,16491,16363,16491,128
walking,16544,16491,16544,53
left_turning,16579,16544,16579,35
walking,16581,16579,16581,2
rising,16582,16581,16582,1
sniffing,16610,16582,16610,28
climbing,16656,16610,16656,46
sniffing,16887,16656,16887,231
climbing,16976,16887,16976,89
trotting,16999,16976,16999,23
stepping,17000,16999,17000,1
walking,17034,17000,17034,34
sniffing,17046,17034,17046,12
climbing,17071,17046,17071,25
walking,17105,17071,17105,34
sniffing,17155,17105,17155,50
rising,17156,17155,17156,1
climbing,17195,17156,17195,39
sniffing,17312,17195,17312,117
climbing,17332,17312,17332,20
right_turning,17351,17332,17351,19
sniffing,17355,17351,17355,4
walking,17383,17355,17383,28
left_turning,17384,17383,17384,1
sniffing,17421,17384,17421,37
rising,17443,17421,17443,22
sniffing,17652,17443,17652,209
trotting,17688,17652,17688,36
running,17718,17688,17718,30
walking,17751,17718,17751,33
sniffing,17792,17751,17792,41
walking,17829,17792,17829,37
sniffing,17911,17829,17911,82
rearing,17912,17911,17912,1
climbing,17958,17912,17958,46
walking,17970,17958,17970,12
rising,17992,17970,17992,22
stepping,18008,17992,18008,16
walking,18011,18008,18011,3
sniffing,18047,18011,18047,36
walking,18072,18047,18072,25
rising,18162,18072,18162,90
left_turning,18176,18162,18176,14
trotting,18197,18176,18197,21
climbing,18286,18197,18286,89
rearing,18287,18286,18287,1
walking,18311,18287,18311,24
sniffing,18348,18311,18348,37
walking,18368,18348,18368,20
rising,18420,18368,18420,52
sniffing,18425,18420,18425,5
left_turning,18442,18425,18442,17
walking,18465,18442,18465,23
left_turning,18466,18465,18466,1
sniffing,18542,18466,18542,76
rearing,18543,18542,18543,1
hunching,18544,18543,18544,1
sniffing,18548,18544,18548,4
left_turning,18667,18548,18667,119
stepping,18684,18667,18684,17
walking,18697,18684,18697,13
sniffing,18729,18697,18729,32
rearing,18861,18729,18861,132
sniffing,18884,18861,18884,23
climbing,18925,18884,18925,41
rising,18926,18925,18926,1
climbing,18939,18926,18939,13
sniffing,18964,18939,18964,25
walking,18965,18964,18965,1
sniffing,18987,18965,18987,22
left_turning,18992,18987,18992,5
sniffing,19007,18992,19007,15
rising,19064,19007,19064,57
climbing,19100,19064,19100,36
sniffing,19178,19100,19178,78
rearing,19179,19178,19179,1
grooming,19180,19179,19180,1
stepping,19219,19180,19219,39
sniffing,19275,19219,19275,56
left_turning,19292,19275,19292,17
sniffing,19293,19292,19293,1
walking,19296,19293,19296,3
sniffing,19409,19296,19409,113
climbing,19437,19409,19437,28
walking,19477,19437,19477,40
left_turning,19524,19477,19524,47
trotting,19537,19524,19537,13
walking,19555,19537,19555,18
grooming,20075,19555,20075,520
right_turning,20093,20075,20093,18
sniffing,20181,20093,20181,88
walking,20218,20181,20218,37
sniffing,20307,20218,20307,89
stepping,20342,20307,20342,35
walking,20377,20342,20377,35
sniffing,20411,20377,20411,34
walking,20481,20411,20481,70
sniffing,20534,20481,20534,53
climbing,20630,20534,20630,96
sniffing,20642,20630,20642,12
right_turning,20662,20642,20662,20
running,20702,20662,20702,40
sniffing,20703,20702,20703,1
climbing,20741,20703,20741,38
walking,20759,20741,20759,18
rising,20760,20759,20760,1
climbing,20831,20760,20831,71
sniffing,20896,20831,20896,65
walking,20964,20896,20964,68
climbing,20976,20964,20976,12
hunching,21302,20976,21302,326
climbing,21423,21302,21423,121
rearing,21499,21423,21499,76
running,21548,21499,21548,49
stepping,21586,21548,21586,38
sniffing,21634,21586,21634,48
rising,21635,21634,21635,1
sniffing,21661,21635,21661,26
walking,21697,21661,21697,36
sniffing,21720,21697,21720,23
rising,21721,21720,21721,1
sniffing,21757,21721,21757,36
climbing,21765,21757,21765,8
rising,21766,21765,21766,1
sniffing,21823,21766,21823,57
rising,21844,21823,21844,21
climbing,21885,21844,21885,41
rising,21913,21885,21913,28
left_turning,21950,21913,21950,37
rearing,22026,21950,22026,76
sniffing,22112,22026,22112,86
rising,22144,22112,22144,32
climbing,22188,22144,22188,44
rising,22227,22188,22227,39
climbing,22291,22227,22291,64
rising,22321,22291,22321,30
sniffing,22322,22321,22322,1
rising,22323,22322,22323,1
climbing,22357,22323,22357,34
rearing,22358,22357,22358,1
rising,22394,22358,22394,36
climbing,22455,22394,22455,61
rising,22481,22455,22481,26
climbing,22536,22481,22536,55
stepping,22552,22536,22552,16
sniffing,22578,22552,22578,26
rising,22579,22578,22579,1
hunching,22684,22579,22684,105
sniffing,22685,22684,22685,1
left_turning,22719,22685,22719,34
walking,22752,22719,22752,33
sniffing,22753,22752,22753,1
left_turning,22758,22753,22758,5
sniffing,22773,22758,22773,15
rising,22829,22773,22829,56
sniffing,22830,22829,22830,1
hunching,22831,22830,22831,1
climbing,22875,22831,22875,44
rising,22892,22875,22892,17
climbing,22900,22892,22900,8
right_turning,22902,22900,22902,2
running,22924,22902,22924,22
left_turning,22981,22924,22981,57
sniffing,22986,22981,22986,5
rising,23058,22986,23058,72
sniffing,23074,23058,23074,16
running,23081,23074,23081,7
walking,23138,23081,23138,57
right_turning,23173,23138,23173,35
walking,23192,23173,23192,19
climbing,23193,23192,23193,1
sniffing,23202,23193,23202,9
climbing,23223,23202,23223,21
sniffing,23247,23223,23247,24
rising,23286,23247,23286,39
walking,23369,23286,23369,83
rising,23423,23369,23423,54
sniffing,23457,23423,23457,34
trotting,23479,23457,23479,22
walking,23533,23479,23533,54
sniffing,23552,23533,23552,19
right_turning,23560,23552,23560,8
running,23572,23560,23572,12
sniffing,23581,23572,23581,9
right_turning,23597,23581,23597,16
stepping,23616,23597,23616,19
walking,23657,23616,23657,41
left_turning,23662,23657,23662,5
running,23669,23662,23669,7
walking,23722,23669,23722,53
climbing,23848,23722,23848,126
sniffing,23849,23848,23849,1
left_turning,23867,23849,23867,18
rising,23928,23867,23928,61
hunching,23932,23928,23932,4
rising,23945,23932,23945,13
climbing,23993,23945,23993,48
walking,23996,23993,23996,3
sniffing,24072,23996,24072,76
walking,24079,24072,24079,7
sniffing,24140,24079,24140,61
rising,24207,24140,24207,67
sniffing,24302,24207,24302,95
walking,24313,24302,24313,11
sniffing,24392,24313,24392,79
rising,24467,24392,24467,75
rearing,24468,24467,24468,1
rising,24576,24468,24576,108
climbing,24625,24576,24625,49
stepping,24666,24625,24666,41
sniffing,24716,24666,24716,50
left_turning,24761,24716,24761,45
rising,24838,24761,24838,77
sniffing,24890,24838,24890,52
climbing,24937,24890,24937,47
walking,24988,24937,24988,51
sniffing,25001,24988,25001,13
walking,25040,25001,25040,39
sniffing,25041,25040,25041,1
rising,25077,25041,25077,36
trotting,25125,25077,25125,48
sniffing,25156,25125,25156,31
right_turning,25157,25156,25157,1
left_turning,25241,25157,25241,84
stepping,25252,25241,25252,11
sniffing,25253,25252,25253,1
trotting,25293,25253,25293,40
walking,25368,25293,25368,75
sniffing,25446,25368,25446,78
right_turning,25460,25446,25460,14
walking,25478,25460,25478,18
sniffing,25564,25478,25564,86
walking,25642,25564,25642,78
sniffing,25646,25642,25646,4
left_turning,25710,25646,25710,64
walking,25734,25710,25734,24
trotting,25756,25734,25756,22
sniffing,26010,25756,26010,254
left_turning,26032,26010,26032,22
sniffing,26057,26032,26057,25
rising,26058,26057,26058,1
climbing,26093,26058,26093,35
sniffing,26094,26093,26094,1
climbing,26123,26094,26123,29
trotting,26157,26123,26157,34
sniffing,26194,26157,26194,37
walking,26232,26194,26232,38
left_turning,26268,26232,26268,36
rising,26274,26268,26274,6
climbing,26335,26274,26335,61
sniffing,26336,26335,26336,1
walking,26383,26336,26383,47
sniffing,26496,26383,26496,113
rising,26497,26496,26497,1
climbing,26561,26497,26561,64
trotting,26581,26561,26581,20
left_turning,26582,26581,26582,1
sniffing,26623,26582,26623,41
trotting,26666,26623,26666,43
sniffing,26701,26666,26701,35
climbing,26750,26701,26750,49
walking,26812,26750,26812,62
left_turning,26852,26812,26852,40
walking,26924,26852,26924,72
rising,26990,26924,26990,66
right_turning,27044,26990,27044,54
walking,27054,27044,27054,10
rising,27080,27054,27080,26
climbing,27110,27080,27110,30
sniffing,27111,27110,27111,1
right_turning,27135,27111,27135,24
walking,27136,27135,27136,1
climbing,27215,27136,27215,79
rising,27216,27215,27216,1
rearing,27217,27216,27217,1
rising,27218,27217,27218,1
sniffing,27219,27218,27219,1
hunching,27280,27219,27280,61
rising,27281,27280,27281,1
stepping,27282,27281,27282,1
rising,27382,27282,27382,100
rearing,27407,27382,27407,25
trotting,27440,27407,27440,33
sniffing,27479,27440,27479,39
walking,27488,27479,27488,9
trotting,27508,27488,27508,20
sniffing,27546,27508,27546,38
trotting,27563,27546,27563,17
climbing,27584,27563,27584,21
running,27612,27584,27612,28
rising,27712,27612,27712,100
climbing,27742,27712,27742,30
trotting,27761,27742,27761,19
rising,27768,27761,27768,7
trotting,27776,27768,27776,8
stepping,27822,27776,27822,46
right_turning,27840,27822,27840,18
walking,27856,27840,27856,16
climbing,27986,27856,27986,130
walking,28015,27986,28015,29
running,28050,28015,28050,35
rising,28099,28050,28099,49
climbing,28126,28099,28126,27
rising,28186,28126,28186,60
walking,28217,28186,28217,31
climbing,28262,28217,28262,45
sniffing,28383,28262,28383,121
rising,28421,28383,28421,38
left_turning,28422,28421,28422,1
walking,28423,28422,28423,1
left_turning,28431,28423,28431,8
running,28472,28431,28472,41
rising,28473,28472,28473,1
climbing,28510,28473,28510,37
hunching,28616,28510,28616,106
climbing,28617,28616,28617,1
hunching,28690,28617,28690,73
walking,28707,28690,28707,17
climbing,28781,28707,28781,74
left_turning,28802,28781,28802,21
stepping,28821,28802,28821,19
walking,28851,28821,28851,30
sniffing,28860,28851,28860,9
walking,28890,28860,28890,30
climbing,28895,28890,28895,5
sniffing,28923,28895,28923,28
trotting,28968,28923,28968,45
stepping,29026,28968,29026,58
sniffing,29050,29026,29050,24
climbing,29101,29050,29101,51
sniffing,29171,29101,29171,70
walking,29181,29171,29181,10
rising,29210,29181,29210,29
sniffing,29266,29210,29266,56
left_turning,29267,29266,29267,1
walking,29295,29267,29295,28
running,29326,29295,29326,31
rising,29357,29326,29357,31
running,29380,29357,29380,23
stepping,29478,29380,29478,98
sniffing,29543,29478,29543,65
right_turning,29584,29543,29584,41
stepping,29585,29584,29585,1
sniffing,29641,29585,29641,56
left_turning,29644,29641,29644,3
sniffing,29661,29644,29661,17
right_turning,29662,29661,29662,1
left_turning,29680,29662,29680,18
right_turning,29697,29680,29697,17
trotting,29738,29697,29738,41
walking,29768,29738,29768,30
sniffing,29769,29768,29769,1
left_turning,29846,29769,29846,77
sniffing,29910,29846,29910,64
climbing,29936,29910,29936,26
hunching,29989,29936,29989,53
climbing,30034,29989,30034,45
walking,30053,30034,30053,19
sniffing,30054,30053,30054,1
climbing,30073,30054,30073,19
rising,30074,30073,30074,1
climbing,30130,30074,30130,56
sniffing,30240,30130,30240,110
walking,30257,30240,30257,17
sniffing,30281,30257,30281,24
climbing,30299,30281,30299,18
rearing,30300,30299,30300,1
rising,30399,30300,30399,99
climbing,30457,30399,30457,58
sniffing,30544,30457,30544,87
stepping,30545,30544,30545,1
rising,30546,30545,30546,1
climbing,30606,30546,30606,60
left_turning,30607,30606,30607,1
walking,30608,30607,30608,1
stepping,30637,30608,30637,29
climbing,30676,30637,30676,39
running,30717,30676,30717,41
trotting,30729,30717,30729,12
left_turning,30769,30729,30769,40
sniffing,30828,30769,30828,59
hunching,30954,30828,30954,126
stepping,30983,30954,30983,29
trotting,31019,30983,31019,36
running,31058,31019,31058,39
sniffing,31059,31058,31059,1
left_turning,31060,31059,31060,1
sniffing,31096,31060,31096,36
right_turning,31115,31096,31115,19
walking,31116,31115,31116,1
left_turning,31117,31116,31117,1
sniffing,31269,31117,31269,152
left_turning,31270,31269,31270,1
sniffing,31271,31270,31271,1
walking,31303,31271,31303,32
climbing,31316,31303,31316,13
right_turning,31328,31316,31328,12
walking,31344,31328,31344,16
stepping,31365,31344,31365,21
sniffing,31366,31365,31366,1
right_turning,31373,31366,31373,7
walking,31399,31373,31399,26
running,31407,31399,31407,8
walking,31448,31407,31448,41
trotting,31449,31448,31449,1
stepping,31489,31449,31489,40
sniffing,31492,31489,31492,3
walking,31544,31492,31544,52
rising,31593,31544,31593,49
sniffing,31666,31593,31666,73
walking,31697,31666,31697,31
left_turning,31737,31697,31737,40
sniffing,31775,31737,31775,38
walking,31792,31775,31792,17
sniffing,31840,31792,31840,48
left_turning,31863,31840,31863,23
stepping,31915,31863,31915,52
left_turning,31916,31915,31916,1
sniffing,31917,31916,31917,1
rising,31927,31917,31927,10
rearing,32058,31927,32058,131
rising,32059,32058,32059,1
left_turning,32062,32059,32062,3
sniffing,32135,32062,32135,73
walking,32136,32135,32136,1
sniffing,32143,32136,32143,7
left_turning,32188,32143,32188,45
sniffing,32204,32188,32204,16
left_turning,32244,32204,32244,40
sniffing,32259,32244,32259,15
climbing,32292,32259,32292,33
sniffing,32296,32292,32296,4
rearing,32366,32296,32366,70
rising,32475,32366,32475,109
sniffing,32476,32475,32476,1
climbing,32495,32476,32495,19
walking,32496,32495,32496,1
climbing,32620,32496,32620,124
sniffing,32645,32620,32645,25
walking,32673,32645,32673,28
climbing,32704,32673,32704,31
grooming,32984,32704,32984,280
rearing,33071,32984,33071,87
sniffing,33127,33071,33127,56
left_turning,33128,33127,33128,1
stepping,33129,33128,33129,1
sniffing,33196,33129,33196,67
right_turning,33218,33196,33218,22
walking,33230,33218,33230,12
rising,33290,33230,33290,60
climbing,33298,33290,33298,8
right_turning,33328,33298,33328,30
left_turning,33374,33328,33374,46
jumping,33409,33374,33409,35
rising,33451,33409,33451,42
sniffing,33536,33451,33536,85
left_turning,33572,33536,33572,36
sniffing,33654,33572,33654,82
rising,33655,33654,33655,1
sniffing,33656,33655,33656,1
left_turning,33735,33656,33735,79
trotting,33746,33735,33746,11
stepping,33803,33746,33803,57
hunching,33919,33803,33919,116
climbing,34073,33919,34073,154
rising,34074,34073,34074,1
right_turning,34090,34074,34090,16
rising,34215,34090,34215,125
rearing,34364,34215,34364,149
hunching,34503,34364,34503,139
rising,34504,34503,34504,1
left_turning,34505,34504,34505,1
rising,34520,34505,34520,15
sniffing,34609,34520,34609,89
climbing,34659,34609,34659,50
right_turning,34688,34659,34688,29
hunching,34692,34688,34692,4
rearing,34739,34692,34739,47
sniffing,34790,34739,34790,51
left_turning,34814,34790,34814,24
walking,34844,34814,34844,30
sniffing,34907,34844,34907,63
rising,34935,34907,34935,28
sniffing,34984,34935,34984,49
grooming,34985,34984,34985,1
hunching,35048,34985,35048,63
rising,35061,35048,35061,13
sniffing,35121,35061,35121,60
walking,35164,35121,35164,43
right_turning,35194,35164,35194,30
sniffing,35195,35194,35195,1
rising,35200,35195,35200,5
climbing,35239,35200,35239,39
trotting,35277,35239,35277,38
sniffing,35355,35277,35355,78
trotting,35367,35355,35367,12
walking,35399,35367,35399,32
running,35422,35399,35422,23
sniffing,35476,35422,35476,54
rising,35504,35476,35504,28
climbing,35576,35504,35576,72
running,35600,35576,35600,24
right_turning,35614,35600,35614,14
walking,35709,35614,35709,95
stepping,35780,35709,35780,71
hunching,35781,35780,35781,1
sniffing,35814,35781,35814,33
walking,35815,35814,35815,1
sniffing,35910,35815,35910,95
rising,35969,35910,35969,59
climbing,36030,35969,36030,61
trotting,36068,36030,36068,38
sniffing,36085,36068,36085,17
left_turning,36114,36085,36114,29
trotting,36134,36114,36134,20
walking,36138,36134,36138,4
climbing,36197,36138,36197,59
left_turning,36223,36197,36223,26
walking,36262,36223,36262,39
rearing,36439,36262,36439,177
sniffing,36440,36439,36440,1
left_turning,36584,36440,36584,144
walking,36594,36584,36594,10
rising,36628,36594,36628,34
climbing,36642,36628,36642,14
hunching,36746,36642,36746,104
rising,36755,36746,36755,9
sniffing,36756,36755,36756,1
rising,36764,36756,36764,8
climbing,36788,36764,36788,24
left_turning,36813,36788,36813,25
sniffing,36819,36813,36819,6
walking,36891,36819,36891,72
left_turning,36920,36891,36920,29
trotting,36955,36920,36955,35
walking,36956,36955,36956,1
sniffing,36995,36956,36995,39
left_turning,37045,36995,37045,50
sniffing,37121,37045,37121,76
rising,37122,37121,37122,1
walking,37123,37122,37123,1
stepping,37148,37123,37148,25
rising,37167,37148,37167,19
climbing,37174,37167,37174,7
sniffing,37206,37174,37206,32
hunching,37254,37206,37254,48
walking,37266,37254,37266,12
left_turning,37311,37266,37311,45
walking,37327,37311,37327,16
trotting,37349,37327,37349,22
walking,37389,37349,37389,40
rising,37480,37389,37480,91
climbing,37541,37480,37541,61
walking,37542,37541,37542,1
rising,37544,37542,37544,2
left_turning,37568,37544,37568,24
walking,37586,37568,37586,18
grooming,37587,37586,37587,1
hunching,37726,37587,37726,139
sniffing,37857,37726,37857,131
rising,37858,37857,37858,1
climbing,37897,37858,37897,39
rising,37913,37897,37913,16
climbing,37954,37913,37954,41
running,37992,37954,37992,38
walking,38019,37992,38019,27
climbing,38075,38019,38075,56
rising,38087,38075,38087,12
left_turning,38124,38087,38124,37
rising,38125,38124,38125,1
walking,38126,38125,38126,1
sniffing,38138,38126,38138,12
grooming,39045,38138,39045,907
rearing,39075,39045,39075,30
sniffing,39133,39075,39133,58
hunching,39217,39133,39217,84
rising,39218,39217,39218,1
rearing,39219,39218,39219,1
sniffing,39258,39219,39258,39
left_turning,39282,39258,39282,24
sniffing,39416,39282,39416,134
walking,39440,39416,39440,24
climbing,39464,39440,39464,24
hunching,39557,39464,39557,93
rearing,39558,39557,39558,1
climbing,39596,39558,39596,38
rising,39631,39596,39631,35
climbing,39693,39631,39693,62
sniffing,39694,39693,39694,1
walking,39695,39694,39695,1
sniffing,39772,39695,39772,77
jumping,39826,39772,39826,54
rising,39834,39826,39834,8
sniffing,39852,39834,39852,18
rising,39867,39852,39867,15
walking,39868,39867,39868,1
sniffing,39907,39868,39907,39
rising,40005,39907,40005,98
sniffing,40006,40005,40006,1
rising,40064,40006,40064,58
climbing,40079,40064,40079,15
rearing,40117,40079,40117,38
right_turning,40132,40117,40132,15
grooming,40144,40132,40144,12
hunching,40201,40144,40201,57
climbing,40249,40201,40249,48
sniffing,40292,40249,40292,43
left_turning,40312,40292,40312,20
walking,40336,40312,40336,24
trotting,40378,40336,40378,42
sniffing,40449,40378,40449,71
rising,40450,40449,40450,1
climbing,40495,40450,40495,45
hunching,40509,40495,40509,14
sniffing,40510,40509,40510,1
climbing,40606,40510,40606,96
right_turning,40637,40606,40637,31
trotting,40638,40637,40638,1
walking,40685,40638,40685,47
climbing,40699,40685,40699,14
right_turning,40731,40699,40731,32
climbing,40770,40731,40770,39
rising,40771,40770,40771,1
climbing,40816,40771,40816,45
hunching,40818,40816,40818,2
rising,40854,40818,40854,36
climbing,40874,40854,40874,20
sniffing,40875,40874,40875,1
running,40899,40875,40899,24
stepping,40939,40899,40939,40
climbing,40952,40939,40952,13
walking,40970,40952,40970,18
rising,41038,40970,41038,68
sniffing,41039,41038,41039,1
walking,41064,41039,41064,25
sniffing,41123,41064,41123,59
walking,41133,41123,41133,10
rising,41135,41133,41135,2
climbing,41152,41135,41152,17
sniffing,41153,41152,41153,1
stepping,41186,41153,41186,33
walking,41237,41186,41237,51
rising,41266,41237,41266,29
sniffing,41368,41266,41368,102
rearing,41464,41368,41464,96
grooming,41912,41464,41912,448
rising,41913,41912,41913,1
climbing,41945,41913,41945,32
hunching,41955,41945,41955,10
rising,42013,41955,42013,58
climbing,42075,42013,42075,62
right_turning,42117,42075,42117,42
walking,42120,42117,42120,3
rising,42132,42120,42132,12
climbing,42133,42132,42133,1
sniffing,42206,42133,42206,73
left_turning,42227,42206,42227,21
sniffing,42310,42227,42310,83
climbing,42311,42310,42311,1
right_turning,42312,42311,42312,1
trotting,42328,42312,42328,16
sniffing,42399,42328,42399,71
grooming,42400,42399,42400,1
rearing,42484,42400,42484,84
sniffing,42485,42484,42485,1
walking,42503,42485,42503,18
sniffing,42547,42503,42547,44
walking,42625,42547,42625,78
sniffing,42626,42625,42626,1
stepping,42656,42626,42656,30
sniffing,42657,42656,42657,1
hunching,42691,42657,42691,34
grooming,42692,42691,42692,1
hunching,42793,42692,42793,101
rearing,42794,42793,42794,1
left_turning,42852,42794,42852,58
rising,42928,42852,42928,76
climbing,42969,42928,42969,41
sniffing,43031,42969,43031,62
walking,43066,43031,43066,35
sniffing,43119,43066,43119,53
walking,43200,43119,43200,81
sniffing,43201,43200,43201,1
walking,43235,43201,43235,34
sniffing,43268,43235,43268,33
walking,43305,43268,43305,37
left_turning,43392,43305,43392,87
sniffing,43435,43392,43435,43
climbing,43510,43435,43510,75
grooming,43685,43510,43685,175
right_turning,43736,43685,43736,51
trotting,43773,43736,43773,37
walking,43804,43773,43804,31
sniffing,43810,43804,43810,6
hunching,43860,43810,43860,50
stepping,43897,43860,43897,37
sniffing,43928,43897,43928,31
walking,43969,43928,43969,41
rising,43975,43969,43975,6
climbing,44064,43975,44064,89
hunching,44065,44064,44065,1
sniffing,44102,44065,44102,37
climbing,44103,44102,44103,1
right_turning,44117,44103,44117,14
hunching,44260,44117,44260,143
rearing,44423,44260,44423,163
sniffing,44438,44423,44438,15
rising,44460,44438,44460,22
sniffing,44462,44460,44462,2
right_turning,44483,44462,44483,21
walking,44525,44483,44525,42
climbing,44582,44525,44582,57
left_turning,44606,44582,44606,24
sniffing,44620,44606,44620,14
rising,44656,44620,44656,36
walking,44685,44656,44685,29
sniffing,44737,44685,44737,52
rising,44759,44737,44759,22
grooming,44802,44759,44802,43
walking,44839,44802,44839,37
sniffing,44902,44839,44902,63
left_turning,44944,44902,44944,42
walking,44988,44944,44988,44
sniffing,45073,44988,45073,85
left_turning,45116,45073,45116,43
trotting,45138,45116,45138,22
walking,45165,45138,45165,27
rising,45188,45165,45188,23
sniffing,45189,45188,45189,1
left_turning,45190,45189,45190,1
trotting,45230,45190,45230,40
left_turning,45231,45230,45231,1
walking,45247,45231,45247,16
sniffing,45280,45247,45280,33
trotting,45310,45280,45310,30
rising,45388,45310,45388,78
hunching,45640,45388,45640,252
rearing,45896,45640,45896,256
climbing,45973,45896,45973,77
sniffing,45997,45973,45997,24
climbing,46065,45997,46065,68
sniffing,46069,46065,46069,4
walking,46102,46069,46102,33
sniffing,46172,46102,46172,70
climbing,46175,46172,46175,3
sniffing,46176,46175,46176,1
left_turning,46177,46176,46177,1
rising,46381,46177,46381,204
sniffing,46387,46381,46387,6
left_turning,46449,46387,46449,62
trotting,46497,46449,46497,48
sniffing,46517,46497,46517,20
left_turning,46518,46517,46518,1
sniffing,46549,46518,46549,31
rising,46581,46549,46581,32
left_turning,46582,46581,46582,1
right_turning,46595,46582,46595,13
stepping,46645,46595,46645,50
sniffing,46734,46645,46734,89
left_turning,46769,46734,46769,35
sniffing,46770,46769,46770,1
left_turning,46788,46770,46788,18
walking,46803,46788,46803,15
sniffing,46827,46803,46827,24
rising,46887,46827,46887,60
climbing,46898,46887,46898,11
sniffing,46910,46898,46910,12
right_turning,46935,46910,46935,25
trotting,46940,46935,46940,5
sniffing,47032,46940,47032,92
left_turning,47130,47032,47130,98
walking,47131,47130,47131,1
left_turning,47132,47131,47132,1
stepping,47133,47132,47133,1
rising,47146,47133,47146,13
left_turning,47191,47146,47191,45
running,47211,47191,47211,20
sniffing,47318,47211,47318,107
rising,47399,47318,47399,81
rearing,47614,47399,47614,215
walking,47631,47614,47631,17
trotting,47668,47631,47668,37
sniffing,47746,47668,47746,78
jumping,47826,47746,47826,80
grooming,48100,47826,48100,274
hunching,48101,48100,48101,1
walking,48102,48101,48102,1
sniffing,48194,48102,48194,92
stepping,48195,48194,48195,1
walking,48214,48195,48214,19
sniffing,48215,48214,48215,1
trotting,48230,48215,48230,15
sniffing,48311,48230,48311,81
walking,48353,48311,48353,42
running,48356,48353,48356,3
sniffing,48415,48356,48415,59
grooming,49058,48415,49058,643
left_turning,49119,49058,49119,61
rising,49131,49119,49131,12
walking,49156,49131,49156,25
climbing,49198,49156,49198,42
sniffing,49267,49198,49267,69
trotting,49287,49267,49287,20
climbing,49339,49287,49339,52
walking,49382,49339,49382,43
rising,49411,49382,49411,29
rearing,49422,49411,49422,11
sniffing,49423,49422,49423,1
trotting,49424,49423,49424,1
sniffing,49522,49424,49522,98
stepping,49535,49522,49535,13
walking,49542,49535,49542,7
sniffing,49566,49542,49566,24
rising,49569,49566,49569,3
sniffing,49647,49569,49647,78
left_turning,49669,49647,49669,22
walking,49680,49669,49680,11
left_turning,49740,49680,49740,60
rising,49763,49740,49763,23
climbing,49794,49763,49794,31
trotting,49812,49794,49812,18
walking,49813,49812,49813,1
sniffing,49827,49813,49827,14
left_turning,49848,49827,49848,21
trotting,49851,49848,49851,3
sniffing,49925,49851,49925,74
climbing,49986,49925,49986,61
right_turning,50004,49986,50004,18
walking,50034,50004,50034,30
hunching,50085,50034,50085,51
rising,50108,50085,50108,23
sniffing,50128,50108,50128,20
rising,50129,50128,50129,1
climbing,50150,50129,50150,21
walking,50197,50150,50197,47
sniffing,50207,50197,50207,10
walking,50239,50207,50239,32
sniffing,50240,50239,50240,1
walking,50263,50240,50263,23
trotting,50299,50263,50299,36
walking,50322,50299,50322,23
rising,50450,50322,50450,128
sniffing,50512,50450,50512,62
left_turning,50523,50512,50523,11
sniffing,50620,50523,50620,97
climbing,50662,50620,50662,42
trotting,50689,50662,50689,27
sniffing,50776,50689,50776,87
walking,50785,50776,50785,9
trotting,50799,50785,50799,14
rising,50805,50799,50805,6
climbing,50806,50805,50806,1
right_turning,50816,50806,50816,10
walking,50817,50816,50817,1
sniffing,50876,50817,50876,59
climbing,50910,50876,50910,34
sniffing,50965,50910,50965,55
walking,51048,50965,51048,83
rising,51081,51048,51081,33
climbing,51099,51081,51099,18
walking,51100,51099,51100,1
rising,51101,51100,51101,1
walking,51134,51101,51134,33
sniffing,51139,51134,51139,5
rising,51175,51139,51175,36
hunching,51258,51175,51258,83
sniffing,51271,51258,51271,13
rising,51274,51271,51274,3
sniffing,51367,51274,51367,93
rearing,51368,51367,51368,1
rising,51459,51368,51459,91
climbing,51479,51459,51479,20
sniffing,51528,51479,51528,49
trotting,51539,51528,51539,11
running,51540,51539,51540,1
sniffing,51658,51540,51658,118
left_turning,51671,51658,51671,13
trotting,51680,51671,51680,9
walking,51723,51680,51723,43
rearing,51757,51723,51757,34
grooming,51792,51757,51792,35
climbing,51818,51792,51818,26
rising,51819,51818,51819,1
climbing,51887,51819,51887,68
rising,51955,51887,51955,68
climbing,52009,51955,52009,54
walking,52021,52009,52021,12
sniffing,52110,52021,52110,89
left_turning,52151,52110,52151,41
trotting,52199,52151,52199,48
sniffing,52223,52199,52223,24
walking,52264,52223,52264,41
left_turning,52333,52264,52333,69
walking,52334,52333,52334,1
climbing,52371,52334,52371,37
rearing,52415,52371,52415,44
sniffing,52467,52415,52467,52
right_turning,52489,52467,52489,22
trotting,52518,52489,52518,29
walking,52539,52518,52539,21
sniffing,52586,52539,52586,47
rising,52658,52586,52658,72
climbing,52689,52658,52689,31
trotting,52705,52689,52705,16
sniffing,52706,52705,52706,1
walking,52707,52706,52707,1
right_turning,52722,52707,52722,15
sniffing,52723,52722,52723,1
rising,52732,52723,52732,9
climbing,52743,52732,52743,11
trotting,52748,52743,52748,5
walking,52821,52748,52821,73
climbing,52831,52821,52831,10
trotting,52858,52831,52858,27
walking,52905,52858,52905,47
climbing,52992,52905,52992,87
rising,53036,52992,53036,44
walking,53044,53036,53044,8
rising,53068,53044,53068,24
climbing,53127,53068,53127,59
rising,53128,53127,53128,1
climbing,53138,53128,53138,10
rising,53139,53138,53139,1
left_turning,53140,53139,53140,1
sniffing,53155,53140,53155,15
rising,53156,53155,53156,1
sniffing,53321,53156,53321,165
rising,53322,53321,53322,1
rearing,53352,53322,53352,30
grooming,53910,53352,53910,558
sniffing,53911,53910,53911,1
walking,53912,53911,53912,1
rising,53964,53912,53964,52
grooming,53986,53964,53986,22
left_turning,53987,53986,53987,1
walking,54057,53987,54057,70
left_turning,54058,54057,54058,1
sniffing,54119,54058,54119,61
stepping,54186,54119,54186,67
walking,54224,54186,54224,38
trotting,54230,54224,54230,6
left_turning,54233,54230,54233,3
walking,54277,54233,54277,44
left_turning,54316,54277,54316,39
sniffing,54328,54316,54328,12
right_turning,54342,54328,54342,14
running,54351,54342,54351,9
left_turning,54362,54351,54362,11
walking,54409,54362,54409,47
sniffing,54410,54409,54410,1
rising,54411,54410,54411,1
walking,54431,54411,54431,20
sniffing,54470,54431,54470,39
rising,54548,54470,54548,78
hunching,54647,54548,54647,99
grooming,54648,54647,54648,1
rearing,54680,54648,54680,32
rising,54704,54680,54704,24
climbing,54708,54704,54708,4
stepping,54734,54708,54734,26
walking,54783,54734,54783,49
left_turning,54784,54783,54784,1
walking,54809,54784,54809,25
rising,54810,54809,54810,1
climbing,54881,54810,54881,71
rising,54883,54881,54883,2
sniffing,54914,54883,54914,31
walking,54937,54914,54937,23
sniffing,54961,54937,54961,24
left_turning,54968,54961,54968,7
walking,55034,54968,55034,66
climbing,55130,55034,55130,96
running,55156,55130,55156,26
walking,55183,55156,55183,27
sniffing,55230,55183,55230,47
trotting,55265,55230,55265,35
left_turning,55267,55265,55267,2
walking,55282,55267,55282,15
trotting,55316,55282,55316,34
hunching,55402,55316,55402,86
right_turning,55403,55402,55403,1
walking,55418,55403,55418,15
left_turning,55449,55418,55449,31
running,55476,55449,55476,27
sniffing,55477,55476,55477,1
left_turning,55512,55477,55512,35
sniffing,55556,55512,55556,44
stepping,55567,55556,55567,11
rearing,55629,55567,55629,62
climbing,55674,55629,55674,45
rearing,55728,55674,55728,54
rising,55804,55728,55804,76
climbing,55831,55804,55831,27
rising,55887,55831,55887,56
walking,55930,55887,55930,43
sniffing,55963,55930,55963,33
walking,56020,55963,56020,57
sniffing,56027,56020,56027,7
walking,56099,56027,56099,72
climbing,56137,56099,56137,38
right_turning,56149,56137,56149,12
sniffing,56199,56149,56199,50
climbing,56200,56199,56200,1
rearing,56256,56200,56256,56
grooming,56257,56256,56257,1
rising,56297,56257,56297,40
walking,56332,56297,56332,35
rising,56333,56332,56333,1
sniffing,56342,56333,56342,9
rising,56376,56342,56376,34
sniffing,56434,56376,56434,58
walking,56451,56434,56451,17
rising,56491,56451,56491,40
sniffing,56543,56491,56543,52
walking,56576,56543,56576,33
sniffing,56577,56576,56577,1
walking,56619,56577,56619,42
rising,56620,56619,56620,1
walking,56707,56620,56707,87
sniffing,56708,56707,56708,1
climbing,56727,56708,56727,19
rising,56764,56727,56764,37
walking,56790,56764,56790,26
sniffing,56818,56790,56818,28
right_turning,56819,56818,56819,1
walking,56851,56819,56851,32
stepping,56865,56851,56865,14
right_turning,56886,56865,56886,21
rearing,56981,56886,56981,95
sniffing,57025,56981,57025,44
climbing,57041,57025,57041,16
trotting,57084,57041,57084,43
rising,57086,57084,57086,2
stepping,57124,57086,57124,38
rearing,57222,57124,57222,98
climbing,57237,57222,57237,15
hunching,57301,57237,57301,64
sniffing,57381,57301,57381,80
left_turning,57387,57381,57387,6
sniffing,57388,57387,57388,1
rising,57389,57388,57389,1
climbing,57411,57389,57411,22
running,57442,57411,57442,31
trotting,57454,57442,57454,12
walking,57455,57454,57455,1
climbing,57517,57455,57517,62
right_turning,57559,57517,57559,42
climbing,57560,57559,57560,1
right_turning,57589,57560,57589,29
running,57590,57589,57590,1
walking,57600,57590,57600,10
rising,57790,57600,57790,190
climbing,57829,57790,57829,39
hunching,57855,57829,57855,26
walking,57919,57855,57919,64
stepping,57928,57919,57928,9
rising,57929,57928,57929,1
climbing,57981,57929,57981,52
rising,57982,57981,57982,1
climbing,57987,57982,57987,5
running,58012,57987,58012,25
rising,58082,58012,58082,70
rearing,58089,58082,58089,7
right_turning,58090,58089,58090,1
running,58116,58090,58116,26
rising,58131,58116,58131,15
sniffing,58137,58131,58137,6
climbing,58182,58137,58182,45
rising,58214,58182,58214,32
sniffing,58215,58214,58215,1
rising,58243,58215,58243,28
climbing,58286,58243,58286,43
rearing,58309,58286,58309,23
sniffing,58323,58309,58323,14
walking,58348,58323,58348,25
rising,58349,58348,58349,1
climbing,58378,58349,58378,29
rearing,58438,58378,58438,60
right_turning,58490,58438,58490,52
sniffing,58530,58490,58530,40
rising,58531,58530,58531,1
climbing,58617,58531,58617,86
rearing,58752,58617,58752,135
trotting,58781,58752,58781,29
sniffing,58795,58781,58795,14
rising,58816,58795,58816,21
sniffing,58882,58816,58882,66
rising,58911,58882,58911,29
climbing,58960,58911,58960,49
walking,58961,58960,58961,1
rising,58971,58961,58971,10
sniffing,59000,58971,59000,29
climbing,59088,59000,59088,88
walking,59136,59088,59136,48
rising,59176,59136,59176,40
climbing,59216,59176,59216,40
rising,59217,59216,59217,1
sniffing,59267,59217,59267,50
trotting,59308,59267,59308,41
sniffing,59374,59308,59374,66
stepping,59402,59374,59402,28
hunching,59487,59402,59487,85
climbing,59493,59487,59493,6
rising,59503,59493,59503,10
climbing,59583,59503,59583,80
rearing,59774,59583,59774,191
grooming,59775,59774,59775,1
rearing,59940,59775,59940,165
climbing,59954,59940,59954,14
walking,59966,59954,59966,12
climbing,59986,59966,59986,20
rearing,60015,59986,60015,29
climbing,60087,60015,60087,72
rearing,60142,60087,60142,55
sniffing,60190,60142,60190,48
climbing,60273,60190,60273,83
rearing,60274,60273,60274,1
climbing,60293,60274,60293,19
rearing,60367,60293,60367,74
sniffing,60403,60367,60403,36
right_turning,60413,60403,60413,10
stepping,60414,60413,60414,1
sniffing,60436,60414,60436,22
walking,60487,60436,60487,51
sniffing,60521,60487,60521,34
climbing,60522,60521,60522,1
rising,60530,60522,60530,8
climbing,60607,60530,60607,77
rearing,60631,60607,60631,24
rising,60637,60631,60637,6
walking,60677,60637,60677,40
left_turning,60725,60677,60725,48
walking,60733,60725,60733,8
sniffing,60790,60733,60790,57
rising,60800,60790,60800,10
hunching,60888,60800,60888,88
climbing,60890,60888,60890,2
left_turning,60891,60890,60891,1
trotting,60919,60891,60919,28
walking,60933,60919,60933,14
climbing,60973,60933,60973,40
sniffing,60974,60973,60974,1
walking,61005,60974,61005,31
left_turning,61072,61005,61072,67
right_turning,61096,61072,61096,24
sniffing,61149,61096,61149,53
climbing,61179,61149,61179,30
grooming,61180,61179,61180,1
sniffing,61228,61180,61228,48
climbing,61240,61228,61240,12
walking,61290,61240,61290,50
sniffing,61396,61290,61396,106
right_turning,61413,61396,61413,17
walking,61426,61413,61426,13
rising,61469,61426,61469,43
rearing,61518,61469,61518,49
sniffing,61519,61518,61519,1
climbing,61595,61519,61595,76
right_turning,61596,61595,61596,1
sniffing,61623,61596,61623,27
rising,61657,61623,61657,34
left_turning,61667,61657,61667,10
walking,61702,61667,61702,35
sniffing,61717,61702,61717,15
rising,61718,61717,61718,1
climbing,61792,61718,61792,74
walking,61793,61792,61793,1
trotting,61858,61793,61858,65
rising,61859,61858,61859,1
rearing,61915,61859,61915,56
climbing,61916,61915,61916,1
right_turning,61962,61916,61962,46
walking,62025,61962,62025,63
sniffing,62065,62025,62065,40
walking,62066,62065,62066,1
stepping,62070,62066,62070,4
rearing,62127,62070,62127,57
grooming,62191,62127,62191,64
climbing,62192,62191,62192,1
sniffing,62193,62192,62193,1
left_turning,62261,62193,62261,68
sniffing,62262,62261,62262,1
left_turning,62263,62262,62263,1
trotting,62315,62263,62315,52
left_turning,62316,62315,62316,1
sniffing,62325,62316,62325,9
climbing,62351,62325,62351,26
grooming,62412,62351,62412,61
left_turning,62413,62412,62413,1
walking,62452,62413,62452,39
left_turning,62517,62452,62517,65
sniffing,62518,62517,62518,1
running,62583,62518,62583,65
trotting,62623,62583,62623,40
left_turning,62624,62623,62624,1
walking,62653,62624,62653,29
sniffing,62679,62653,62679,26
walking,62711,62679,62711,32
climbing,62770,62711,62770,59
stepping,62790,62770,62790,20
sniffing,62816,62790,62816,26
walking,62861,62816,62861,45
trotting,62904,62861,62904,43
sniffing,63040,62904,63040,136
rearing,63091,63040,63091,51
climbing,63122,63091,63122,31
rising,63140,63122,63140,18
walking,63170,63140,63170,30
sniffing,63267,63170,63267,97
rising,63275,63267,63275,8
sniffing,63276,63275,63276,1
rising,63353,63276,63353,77
rearing,63354,63353,63354,1
rising,63420,63354,63420,66
climbing,63483,63420,63483,63
sniffing,63484,63483,63484,1
stepping,63495,63484,63495,11
sniffing,63582,63495,63582,87
stepping,63583,63582,63583,1
walking,63584,63583,63584,1
sniffing,63625,63584,63625,41
left_turning,63664,63625,63664,39
walking,63684,63664,63684,20
climbing,63812,63684,63812,128
hunching,63854,63812,63854,42
grooming,64135,63854,64135,281
rearing,64136,64135,64136,1
left_turning,64161,64136,64161,25
walking,64203,64161,64203,42
sniffing,64357,64203,64357,154
rising,64388,64357,64388,31
right_turning,64431,64388,64431,43
sniffing,64516,64431,64516,85
grooming,64579,64516,64579,63
sniffing,64605,64579,64605,26
rising,64626,64605,64626,21
walking,64661,64626,64661,35
right_turning,64701,64661,64701,40
sniffing,64817,64701,64817,116
walking,64943,64817,64943,126
left_turning,65028,64943,65028,85
trotting,65051,65028,65051,23
hunching,65080,65051,65080,29
grooming,65425,65080,65425,345
rearing,65530,65425,65530,105
sniffing,65543,65530,65543,13
left_turning,65544,65543,65544,1
walking,65545,65544,65545,1
sniffing,65546,65545,65546,1
stepping,65584,65546,65584,38
rising,65619,65584,65619,35
left_turning,65649,65619,65649,30
trotting,65686,65649,65686,37
walking,65738,65686,65738,52
trotting,65811,65738,65811,73
sniffing,65852,65811,65852,41
rising,65885,65852,65885,33
rearing,65965,65885,65965,80
rising,65999,65965,65999,34
climbing,66046,65999,66046,47
right_turning,66065,66046,66065,19
stepping,66066,66065,66066,1
sniffing,66084,66066,66084,18
rising,66085,66084,66085,1
climbing,66154,66085,66154,69
rearing,66155,66154,66155,1
sniffing,66156,66155,66156,1
walking,66197,66156,66197,41
climbing,66198,66197,66198,1
rearing,66407,66198,66407,209
left_turning,66408,66407,66408,1
sniffing,66483,66408,66483,75
rising,66518,66483,66518,35
sniffing,66632,66518,66632,114
stepping,66669,66632,66669,37
sniffing,66901,66669,66901,232
left_turning,66929,66901,66929,28
sniffing,66930,66929,66930,1
climbing,66967,66930,66967,37
sniffing,66968,66967,66968,1
rising,67013,66968,67013,45
climbing,67090,67013,67090,77
trotting,67116,67090,67116,26
rising,67144,67116,67144,28
climbing,67231,67144,67231,87
rearing,67314,67231,67314,83
trotting,67325,67314,67325,11
sniffing,67435,67325,67435,110
climbing,67474,67435,67474,39
walking,67490,67474,67490,16
sniffing,67622,67490,67622,132
right_turning,67629,67622,67629,7
climbing,67636,67629,67636,7
walking,67637,67636,67637,1
trotting,67642,67637,67642,5
rising,67713,67642,67713,71
walking,67764,67713,67764,51
left_turning,67814,67764,67814,50
sniffing,67857,67814,67857,43
grooming,67944,67857,67944,87
sniffing,68060,67944,68060,116
walking,68109,68060,68109,49
rearing,68110,68109,68110,1
climbing,68138,68110,68138,28
hunching,68139,68138,68139,1
rearing,68206,68139,68206,67
rising,68207,68206,68207,1
rearing,68302,68207,68302,95
grooming,68364,68302,68364,62
hunching,68398,68364,68398,34
grooming,68403,68398,68403,5
sniffing,68406,68403,68406,3
walking,68407,68406,68407,1
sniffing,68408,68407,68408,1
running,68433,68408,68433,25
climbing,68474,68433,68474,41
sniffing,68563,68474,68563,89
right_turning,68577,68563,68577,14
running,68599,68577,68599,22
walking,68600,68599,68600,1
sniffing,68613,68600,68613,13
right_turning,68664,68613,68664,51
walking,68722,68664,68722,58
climbing,68762,68722,68762,40
right_turning,68763,68762,68763,1
climbing,68897,68763,68897,134
sniffing,68902,68897,68902,5
walking,68903,68902,68903,1
sniffing,69004,68903,69004,101
rising,69079,69004,69079,75
hunching,69107,69079,69107,28
sniffing,69141,69107,69141,34
right_turning,69153,69141,69153,12
sniffing,69173,69153,69173,20
rearing,69286,69173,69286,113
climbing,69309,69286,69309,23
sniffing,69312,69309,69312,3
left_turning,69329,69312,69329,17
sniffing,69345,69329,69345,16
rising,69346,69345,69346,1
climbing,69385,69346,69385,39
sniffing,69451,69385,69451,66
rising,69462,69451,69462,11
left_turning,69475,69462,69475,13
sniffing,69476,69475,69476,1
rising,69522,69476,69522,46
sniffing,69523,69522,69523,1
rising,69524,69523,69524,1
climbing,69533,69524,69533,9
rearing,69665,69533,69665,132
rising,69708,69665,69708,43
sniffing,69763,69708,69763,55
left_turning,69822,69763,69822,59
stepping,69864,69822,69864,42
walking,69865,69864,69865,1
rising,69900,69865,69900,35
sniffing,69983,69900,69983,83
stepping,70053,69983,70053,70
sniffing,70107,70053,70107,54
rising,70197,70107,70197,90
sniffing,70247,70197,70247,50
rising,70299,70247,70299,52
sniffing,70316,70299,70316,17
left_turning,70353,70316,70353,37
sniffing,70361,70353,70361,8
climbing,70368,70361,70368,7
walking,70396,70368,70396,28
stepping,70470,70396,70470,74
sniffing,70530,70470,70530,60
walking,70566,70530,70566,36
trotting,70567,70566,70567,1
rising,70589,70567,70589,22
climbing,70671,70589,70671,82
sniffing,70719,70671,70719,48
rising,70720,70719,70720,1
stepping,70752,70720,70752,32
sniffing,70878,70752,70878,126
rearing,70965,70878,70965,87
sniffing,71018,70965,71018,53
walking,71060,71018,71060,42
sniffing,71217,71060,71217,157
climbing,71270,71217,71270,53
hunching,71337,71270,71337,67
climbing,71338,71337,71338,1
hunching,71425,71338,71425,87
sniffing,71426,71425,71426,1
stepping,71443,71426,71443,17
walking,71444,71443,71444,1
right_turning,71471,71444,71471,27
left_turning,71503,71471,71503,32
walking,71533,71503,71533,30
rising,71611,71533,71611,78
climbing,71676,71611,71676,65
running,71684,71676,71684,8
left_turning,71730,71684,71730,46
trotting,71753,71730,71753,23
sniffing,71786,71753,71786,33
climbing,71793,71786,71793,7
sniffing,71873,71793,71873,80
right_turning,71903,71873,71903,30
walking,71915,71903,71915,12
trotting,71935,71915,71935,20
sniffing,72020,71935,72020,85
walking,72021,72020,72021,1
sniffing,72022,72021,72022,1
right_turning,72064,72022,72064,42
stepping,72114,72064,72114,50
sniffing,72115,72114,72115,1
walking,72151,72115,72151,36
sniffing,72152,72151,72152,1
walking,72153,72152,72153,1
sniffing,72235,72153,72235,82
walking,72261,72235,72261,26
rising,72330,72261,72330,69
walking,72364,72330,72364,34
left_turning,72428,72364,72428,64
walking,72443,72428,72443,15
rearing,72475,72443,72475,32
sniffing,72540,72475,72540,65
walking,72560,72540,72560,20
sniffing,72593,72560,72593,33
rearing,72620,72593,72620,27
right_turning,72639,72620,72639,19
sniffing,72665,72639,72665,26
rising,72680,72665,72680,15
sniffing,72968,72680,72968,288
right_turning,72996,72968,72996,28
climbing,72997,72996,72997,1
walking,73002,72997,73002,5
climbing,73074,73002,73074,72
left_turning,73094,73074,73094,20
sniffing,73113,73094,73113,19
rising,73152,73113,73152,39
right_turning,73188,73152,73188,36
walking,73213,73188,73213,25
sniffing,73278,73213,73278,65
grooming,73389,73278,73389,111
sniffing,73390,73389,73390,1
stepping,73413,73390,73413,23
sniffing,73414,73413,73414,1
trotting,73439,73414,73439,25
walking,73448,73439,73448,9
climbing,73514,73448,73514,66
grooming,73739,73514,73739,225
rearing,73787,73739,73787,48
walking,73826,73787,73826,39
left_turning,73881,73826,73881,55
walking,73883,73881,73883,2
rising,73884,73883,73884,1
walking,73928,73884,73928,44
sniffing,73965,73928,73965,37
hunching,74014,73965,74014,49
climbing,74035,74014,74035,21
rising,74040,74035,74040,5
left_turning,74041,74040,74041,1
sniffing,74050,74041,74050,9
left_turning,74051,74050,74051,1
walking,74087,74051,74087,36
climbing,74111,74087,74111,24
rising,74115,74111,74115,4
climbing,74164,74115,74164,49
left_turning,74191,74164,74191,27
sniffing,74233,74191,74233,42
walking,74262,74233,74262,29
climbing,74282,74262,74282,20
sniffing,74354,74282,74354,72
rearing,74571,74354,74571,217
climbing,74573,74571,74573,2
rising,74574,74573,74574,1
climbing,74625,74574,74625,51
sniffing,74649,74625,74649,24
rising,74671,74649,74671,22
left_turning,74751,74671,74751,80
sniffing,74752,74751,74752,1
rising,74753,74752,74753,1
rearing,74754,74753,74754,1
rising,74774,74754,74774,20
climbing,74817,74774,74817,43
walking,74841,74817,74841,24
sniffing,74842,74841,74842,1
climbing,74875,74842,74875,33
trotting,74877,74875,74877,2
climbing,74937,74877,74937,60
rearing,74938,74937,74938,1
jumping,74995,74938,74995,57
walking,75007,74995,75007,12
right_turning,75040,75007,75040,33
walking,75058,75040,75058,18
rising,75071,75058,75071,13
climbing,75083,75071,75083,12
trotting,75110,75083,75110,27
walking,75150,75110,75150,40
right_turning,75151,75150,75151,1
sniffing,75220,75151,75220,69
trotting,75240,75220,75240,20
climbing,75271,75240,75271,31
walking,75329,75271,75329,58
rising,75383,75329,75383,54
rearing,75384,75383,75384,1
grooming,75385,75384,75385,1
trotting,75418,75385,75418,33
walking,75447,75418,75447,29
right_turning,75453,75447,75453,6
trotting,75486,75453,75486,33
walking,75540,75486,75540,54
sniffing,75541,75540,75541,1
climbing,75547,75541,75547,6
sniffing,75569,75547,75569,22
stepping,75584,75569,75584,15
sniffing,75669,75584,75669,85
climbing,75689,75669,75689,20
rising,75693,75689,75693,4
climbing,75760,75693,75760,67
grooming,75982,75760,75982,222
sniffing,76072,75982,76072,90
stepping,76075,76072,76075,3
left_turning,76122,76075,76122,47
sniffing,76159,76122,76159,37
climbing,76208,76159,76208,49
hunching,76248,76208,76248,40
sniffing,76278,76248,76278,30
rising,76292,76278,76292,14
climbing,76342,76292,76342,50
grooming,76458,76342,76458,116
hunching,76505,76458,76505,47
trotting,76541,76505,76541,36
walking,76610,76541,76610,69
climbing,76611,76610,76611,1
grooming,76696,76611,76696,85
hunching,76755,76696,76755,59
sniffing,76841,76755,76841,86
grooming,76863,76841,76863,22
sniffing,76864,76863,76864,1
grooming,76865,76864,76865,1
sniffing,76904,76865,76904,39
walking,76960,76904,76960,56
climbing,76971,76960,76971,11
sniffing,77001,76971,77001,30
running,77036,77001,77036,35
sniffing,77060,77036,77060,24
rising,77070,77060,77070,10
climbing,77071,77070,77071,1
stepping,77089,77071,77089,18
walking,77105,77089,77105,16
stepping,77140,77105,77140,35
sniffing,77147,77140,77147,7
left_turning,77259,77147,77259,112
trotting,77281,77259,77281,22
rising,77326,77281,77326,45
climbing,77374,77326,77374,48
right_turning,77387,77374,77387,13
walking,77389,77387,77389,2
rising,77418,77389,77418,29
grooming,77606,77418,77606,188
sniffing,77662,77606,77662,56
trotting,77687,77662,77687,25
right_turning,77719,77687,77719,32
walking,77751,77719,77751,32
trotting,77763,77751,77763,12
walking,77778,77763,77778,15
sniffing,77898,77778,77898,120
trotting,77927,77898,77927,29
running,77943,77927,77943,16
sniffing,77944,77943,77944,1
rising,77947,77944,77947,3
sniffing,78066,77947,78066,119
rising,78127,78066,78127,61
rearing,78128,78127,78128,1
rising,78213,78128,78213,85
rearing,78214,78213,78214,1
climbing,78276,78214,78276,62
rearing,78304,78276,78304,28
walking,78317,78304,78317,13
sniffing,78409,78317,78409,92
rising,78439,78409,78439,30
walking,78464,78439,78464,25
trotting,78502,78464,78502,38
rising,78503,78502,78503,1
climbing,78572,78503,78572,69
walking,78618,78572,78618,46
rearing,78750,78618,78750,132
sniffing,78756,78750,78756,6
rearing,78775,78756,78775,19
sniffing,78806,78775,78806,31
walking,78890,78806,78890,84
climbing,78961,78890,78961,71
rearing,78979,78961,78979,18
sniffing,79038,78979,79038,59
stepping,79067,79038,79067,29
walking,79087,79067,79087,20
rising,79138,79087,79138,51
walking,79159,79138,79159,21
climbing,79292,79159,79292,133
sniffing,79306,79292,79306,14
walking,79355,79306,79355,49
rising,79356,79355,79356,1
sniffing,79357,79356,79357,1
right_turning,79384,79357,79384,27
walking,79390,79384,79390,6
rearing,79515,79390,79515,125
walking,79558,79515,79558,43
sniffing,79684,79558,79684,126
walking,79690,79684,79690,6
climbing,79722,79690,79722,32
trotting,79741,79722,79741,19
stepping,79776,79741,79776,35
walking,79801,79776,79801,25
trotting,79816,79801,79816,15
walking,79819,79816,79819,3
sniffing,79897,79819,79897,78
rising,79966,79897,79966,69
climbing,80051,79966,80051,85
left_turning,80110,80051,80110,59
sniffing,80166,80110,80166,56
rising,80204,80166,80204,38
sniffing,80288,80204,80288,84
rearing,80289,80288,80289,1
rising,80297,80289,80297,8
left_turning,80298,80297,80298,1
rising,80299,80298,80299,1
climbing,80300,80299,80300,1
trotting,80341,80300,80341,41
sniffing,80342,80341,80342,1
stepping,80404,80342,80404,62
rising,80405,80404,80405,1
walking,80489,80405,80489,84
left_turning,80505,80489,80505,16
trotting,80560,80505,80560,55
sniffing,80561,80560,80561,1
walking,80581,80561,80581,20
trotting,80604,80581,80604,23
sniffing,80605,80604,80605,1
pausing,80755,80605,80755,150
sniffing,80775,80755,80775,20
climbing,80825,80775,80825,50
sniffing,80884,80825,80884,59
grooming,80907,80884,80907,23
sniffing,80940,80907,80940,33
walking,80969,80940,80969,29
sniffing,80982,80969,80982,13
stepping,81007,80982,81007,25
sniffing,81082,81007,81082,75
climbing,81121,81082,81121,39
sniffing,81187,81121,81187,66
rising,81188,81187,81188,1
right_turning,81210,81188,81210,22
walking,81234,81210,81234,24
sniffing,81252,81234,81252,18
rising,81278,81252,81278,26
climbing,81279,81278,81279,1
rising,81316,81279,81316,37
climbing,81349,81316,81349,33
sniffing,81355,81349,81355,6
walking,81421,81355,81421,66
sniffing,81422,81421,81422,1
climbing,81439,81422,81439,17
sniffing,81515,81439,81515,76
left_turning,81516,81515,81516,1
right_turning,81537,81516,81537,21
sniffing,81612,81537,81612,75
left_turning,81669,81612,81669,57
walking,81685,81669,81685,16
sniffing,81771,81685,81771,86
climbing,81831,81771,81831,60
rising,81857,81831,81857,26
climbing,81913,81857,81913,56
sniffing,81914,81913,81914,1
walking,81921,81914,81921,7
sniffing,82003,81921,82003,82
trotting,82032,82003,82032,29
sniffing,82112,82032,82112,80
walking,82113,82112,82113,1
rising,82114,82113,82114,1
left_turning,82190,82114,82190,76
sniffing,82233,82190,82233,43
rising,82244,82233,82244,11
climbing,82307,82244,82307,63
right_turning,82337,82307,82337,30
sniffing,82431,82337,82431,94
rising,82432,82431,82432,1
right_turning,82444,82432,82444,12
rising,82475,82444,82475,31
hunching,82576,82475,82576,101
walking,82638,82576,82638,62
sniffing,82720,82638,82720,82
trotting,82751,82720,82751,31
sniffing,82800,82751,82800,49
hunching,82830,82800,82830,30
trotting,82846,82830,82846,16
sniffing,82926,82846,82926,80
right_turning,82954,82926,82954,28
sniffing,82964,82954,82964,10
left_turning,82965,82964,82965,1
sniffing,83007,82965,83007,42
walking,83022,83007,83022,15
sniffing,83023,83022,83023,1
right_turning,83024,83023,83024,1
sniffing,83071,83024,83071,47
rearing,83075,83071,83075,4
climbing,83145,83075,83145,70
hunching,83224,83145,83224,79
rising,83295,83224,83295,71
rearing,83311,83295,83311,16
left_turning,83396,83311,83396,85
walking,83440,83396,83440,44
sniffing,83520,83440,83520,80
climbing,83521,83520,83521,1
rearing,83535,83521,83535,14
walking,83542,83535,83542,7
sniffing,83598,83542,83598,56
left_turning,83640,83598,83640,42
walking,83677,83640,83677,37
stepping,83740,83677,83740,63
walking,83768,83740,83768,28
rising,83796,83768,83796,28
sniffing,83843,83796,83843,47
rising,83844,83843,83844,1
climbing,83851,83844,83851,7
grooming,84041,83851,84041,190
climbing,84102,84041,84102,61
walking,84191,84102,84191,89
climbing,84268,84191,84268,77
rising,84296,84268,84296,28
rearing,84297,84296,84297,1
rising,84344,84297,84344,47
climbing,84345,84344,84345,1
stepping,84346,84345,84346,1
left_turning,84376,84346,84376,30
sniffing,84468,84376,84468,92
stepping,84472,84468,84472,4
left_turning,84539,84472,84539,67
walking,84580,84539,84580,41
sniffing,84596,84580,84596,16
grooming,84597,84596,84597,1
rearing,84728,84597,84728,131
climbing,84802,84728,84802,74
rising,84803,84802,84803,1
climbing,84871,84803,84871,68
rearing,84988,84871,84988,117
climbing,85046,84988,85046,58
sniffing,85167,85046,85167,121
left_turning,85223,85167,85223,56
walking,85288,85223,85288,65
left_turning,85410,85288,85410,122
rearing,85526,85410,85526,116
climbing,85537,85526,85537,11
sniffing,85548,85537,85548,11
left_turning,85549,85548,85549,1
sniffing,85611,85549,85611,62
trotting,85629,85611,85629,18
sniffing,85732,85629,85732,103
rising,85781,85732,85781,49
left_turning,85798,85781,85798,17
sniffing,85841,85798,85841,43
stepping,85861,85841,85861,20
walking,85887,85861,85887,26
running,85892,85887,85892,5
walking,85933,85892,85933,41
rearing,85967,85933,85967,34
right_turning,86007,85967,86007,40
rising,86008,86007,86008,1
sniffing,86009,86008,86009,1
hunching,86010,86009,86010,1
sniffing,86045,86010,86045,35
rising,86081,86045,86081,36
climbing,86111,86081,86111,30
trotting,86127,86111,86127,16
sniffing,86128,86127,86128,1
rearing,86211,86128,86211,83
rising,86235,86211,86235,24
climbing,86276,86235,86276,41
sniffing,86277,86276,86277,1
right_turning,86296,86277,86296,19
sniffing,86447,86296,86447,151
walking,86488,86447,86488,41
sniffing,86523,86488,86523,35
rising,86528,86523,86528,5
climbing,86596,86528,86596,68
rearing,86631,86596,86631,35
climbing,86660,86631,86660,29
sniffing,86685,86660,86685,25
climbing,86723,86685,86723,38
sniffing,86724,86723,86724,1
walking,86776,86724,86776,52
rearing,86960,86776,86960,184
grooming,87209,86960,87209,249
climbing,87288,87209,87288,79
right_turning,87307,87288,87307,19
running,87335,87307,87335,28
rising,87342,87335,87342,7
climbing,87434,87342,87434,92
right_turning,87435,87434,87435,1
trotting,87464,87435,87464,29
rising,87508,87464,87508,44
sniffing,87533,87508,87533,25
grooming,87758,87533,87758,225
sniffing,87809,87758,87809,51
climbing,87851,87809,87851,42
sniffing,87963,87851,87963,112
grooming,88288,87963,88288,325
rearing,88321,88288,88321,33
rising,88382,88321,88382,61
rearing,88383,88382,88383,1
walking,88391,88383,88391,8
stepping,88451,88391,88451,60
walking,88477,88451,88477,26
climbing,88512,88477,88512,35
rearing,88517,88512,88517,5
climbing,88557,88517,88557,40
rising,88558,88557,88558,1
walking,88559,88558,88559,1
climbing,88599,88559,88599,40
hunching,88819,88599,88819,220
climbing,88851,88819,88851,32
hunching,88931,88851,88931,80
climbing,88958,88931,88958,27
walking,88982,88958,88982,24
climbing,89025,88982,89025,43
sniffing,89193,89025,89193,168
rising,89224,89193,89224,31
sniffing,89331,89224,89331,107
climbing,89342,89331,89342,11
sniffing,89419,89342,89419,77
rising,89460,89419,89460,41
climbing,89497,89460,89497,37
hunching,89631,89497,89631,134
rearing,89632,89631,89632,1
running,89642,89632,89642,10
walking,89650,89642,89650,8
climbing,89693,89650,89693,43
rearing,89694,89693,89694,1
climbing,89718,89694,89718,24
rearing,89769,89718,89769,51
climbing,89838,89769,89838,69
walking,89842,89838,89842,4
left_turning,89864,89842,89864,22
rising,89865,89864,89865,1
sniffing,89885,89865,89885,20
walking,89930,89885,89930,45
rising,89981,89930,89981,51
hunching,89982,89981,89982,1
sniffing,89983,89982,89983,1
rising,89988,89983,89988,5
sniffing,90092,89988,90092,104
rearing,90145,90092,90145,53
rising,90193,90145,90193,48
sniffing,90213,90193,90213,20
climbing,90276,90213,90276,63
sniffing,90338,90276,90338,62
rising,90358,90338,90358,20
rearing,90359,90358,90359,1
grooming,90368,90359,90368,9
rearing,90497,90368,90497,129
trotting,90525,90497,90525,28
sniffing,90615,90525,90615,90
stepping,90616,90615,90616,1
climbing,90708,90616,90708,92
sniffing,90709,90708,90709,1
rearing,90815,90709,90815,106
sniffing,90851,90815,90851,36
left_turning,90886,90851,90886,35
trotting,90913,90886,90913,27
sniffing,91013,90913,91013,100
rising,91014,91013,91014,1
hunching,91015,91014,91015,1
sniffing,91057,91015,91057,42
rising,91088,91057,91088,31
sniffing,91114,91088,91114,26
rising,91140,91114,91140,26
right_turning,91151,91140,91151,11
walking,91168,91151,91168,17
sniffing,91222,91168,91222,54
rising,91261,91222,91261,39
sniffing,91287,91261,91287,26
rising,91305,91287,91305,18
right_turning,91309,91305,91309,4
running,91339,91309,91339,30
walking,91340,91339,91340,1
rising,91354,91340,91354,14
rearing,91522,91354,91522,168
sniffing,91535,91522,91535,13
rearing,91600,91535,91600,65
stepping,91603,91600,91603,3
sniffing,91604,91603,91604,1
rising,91645,91604,91645,41
climbing,91649,91645,91649,4
rising,91700,91649,91700,51
climbing,91753,91700,91753,53
rising,91779,91753,91779,26
climbing,91795,91779,91795,16
walking,91871,91795,91871,76
climbing,91888,91871,91888,17
rising,91909,91888,91909,21
trotting,91910,91909,91910,1
sniffing,91942,91910,91942,32
stepping,91957,91942,91957,15
climbing,92010,91957,92010,53
walking,92032,92010,92032,22
left_turning,92047,92032,92047,15
trotting,92081,92047,92081,34
stepping,92150,92081,92150,69
sniffing,92215,92150,92215,65
rising,92293,92215,92293,78
climbing,92333,92293,92333,40
walking,92350,92333,92350,17
left_turning,92358,92350,92358,8
rising,92359,92358,92359,1
climbing,92424,92359,92424,65
grooming,92854,92424,92854,430
walking,92861,92854,92861,7
stepping,92879,92861,92879,18
left_turning,92940,92879,92940,61
trotting,92969,92940,92969,29
sniffing,93071,92969,93071,102
rising,93130,93071,93130,59
rearing,93131,93130,93131,1
walking,93186,93131,93186,55
climbing,93187,93186,93187,1
hunching,93264,93187,93264,77
rearing,93326,93264,93326,62
grooming,93327,93326,93327,1
climbing,93375,93327,93375,48
hunching,93376,93375,93376,1
right_turning,93407,93376,93407,31
left_turning,93443,93407,93443,36
stepping,93472,93443,93472,29
sniffing,93480,93472,93480,8
rising,93482,93480,93482,2
sniffing,93511,93482,93511,29
left_turning,93600,93511,93600,89
sniffing,93627,93600,93627,27
walking,93691,93627,93691,64
rising,93728,93691,93728,37
climbing,93815,93728,93815,87
sniffing,93924,93815,93924,109
left_turning,93994,93924,93994,70
sniffing,94031,93994,94031,37
climbing,94084,94031,94084,53
walking,94123,94084,94123,39
sniffing,94141,94123,94141,18
walking,94224,94141,94224,83
sniffing,94426,94224,94426,202
grooming,94427,94426,94427,1
sniffing,94438,94427,94438,11
rising,94471,94438,94471,33
sniffing,94599,94471,94599,128
climbing,94600,94599,94600,1
trotting,94650,94600,94650,50
rising,94651,94650,94651,1
left_turning,94665,94651,94665,14
sniffing,94817,94665,94817,152
walking,94844,94817,94844,27
trotting,94875,94844,94875,31
walking,94912,94875,94912,37
stepping,94955,94912,94955,43
left_turning,94987,94955,94987,32
rising,95041,94987,95041,54
climbing,95055,95041,95055,14
rearing,95074,95055,95074,19
walking,95112,95074,95112,38
sniffing,95113,95112,95113,1
rearing,95229,95113,95229,116
sniffing,95280,95229,95280,51
pausing,95494,95280,95494,214
sniffing,95570,95494,95570,76
rising,95599,95570,95599,29
climbing,95640,95599,95640,41
sniffing,95663,95640,95663,23
left_turning,95676,95663,95676,13
rearing,95734,95676,95734,58
walking,95735,95734,95735,1
climbing,95795,95735,95795,60
right_turning,95801,95795,95801,6
walking,95829,95801,95829,28
left_turning,95835,95829,95835,6
stepping,95887,95835,95887,52
climbing,95892,95887,95892,5
sniffing,95893,95892,95893,1
right_turning,95907,95893,95907,14
sniffing,95961,95907,95961,54
walking,95968,95961,95968,7
sniffing,96058,95968,96058,90
grooming,96272,96058,96272,214
rearing,96324,96272,96324,52
sniffing,96325,96324,96325,1
rising,96338,96325,96338,13
climbing,96393,96338,96393,55
sniffing,96508,96393,96508,115
hunching,96610,96508,96610,102
grooming,96611,96610,96611,1
hunching,96765,96611,96765,154
grooming,96766,96765,96766,1
rearing,96796,96766,96796,30
sniffing,96848,96796,96848,52
right_turning,96868,96848,96868,20
walking,96869,96868,96869,1
sniffing,96930,96869,96930,61
grooming,96931,96930,96931,1
sniffing,97029,96931,97029,98
hunching,97059,97029,97059,30
grooming,97315,97059,97315,256
sniffing,97324,97315,97324,9
rearing,97434,97324,97434,110
rising,97460,97434,97460,26
climbing,97478,97460,97478,18
sniffing,97529,97478,97529,51
left_turning,97622,97529,97622,93
walking,97654,97622,97654,32
rising,97687,97654,97687,33
climbing,97731,97687,97731,44
rearing,97811,97731,97811,80
sniffing,97871,97811,97871,60
stepping,97872,97871,97872,1
walking,97919,97872,97919,47
left_turning,97957,97919,97957,38
walking,97958,97957,97958,1
stepping,98015,97958,98015,57
rising,98027,98015,98027,12
sniffing,98073,98027,98073,46
right_turning,98098,98073,98098,25
running,98114,98098,98114,16
left_turning,98143,98114,98143,29
walking,98240,98143,98240,97
sniffing,98287,98240,98287,47
hunching,98288,98287,98288,1
grooming,98615,98288,98615,327
sniffing,98654,98615,98654,39
climbing,98686,98654,98686,32
rising,98716,98686,98716,30
right_turning,98761,98716,98761,45
left_turning,98781,98761,98781,20
walking,98831,98781,98831,50
rearing,98876,98831,98876,45
sniffing,98877,98876,98877,1
rearing,98984,98877,98984,107
left_turning,98999,98984,98999,15
walking,99066,98999,99066,67
sniffing,99084,99066,99084,18
walking,99085,99084,99085,1
sniffing,99110,99085,99110,25
stepping,99123,99110,99123,13
right_turning,99143,99123,99143,20
sniffing,99226,99143,99226,83
rising,99358,99226,99358,132
sniffing,99371,99358,99371,13
left_turning,99447,99371,99447,76
rising,99482,99447,99482,35
sniffing,99496,99482,99496,14
walking,99556,99496,99556,60
sniffing,99557,99556,99557,1
climbing,99558,99557,99558,1
grooming,99669,99558,99669,111
sniffing,99670,99669,99670,1
rearing,99727,99670,99727,57
rising,99744,99727,99744,17
walking,99770,99744,99770,26
rearing,99838,99770,99838,68
right_turning,99841,99838,99841,3
sniffing,99908,99841,99908,67
grooming,99913,99908,99913,5
sniffing,99914,99913,99914,1
rising,99915,99914,99915,1
sniffing,100012,99915,100012,97
climbing,100034,100012,100034,22
walking,100035,100034,100035,1
sniffing,100120,100035,100120,85
left_turning,100208,100120,100208,88
sniffing,100256,100208,100256,48
stepping,100272,100256,100272,16
rearing,100289,100272,100289,17
rising,100326,100289,100326,37
climbing,100347,100326,100347,21
right_turning,100367,100347,100367,20
sniffing,100419,100367,100419,52
grooming,100431,100419,100431,12
right_turning,100454,100431,100454,23
sniffing,100538,100454,100538,84
stepping,100563,100538,100563,25
sniffing,100642,100563,100642,79
walking,100643,100642,100643,1
sniffing,100758,100643,100758,115
rising,100857,100758,100857,99
climbing,100968,100857,100968,111
grooming,101003,100968,101003,35
climbing,101063,101003,101063,60
rearing,101087,101063,101087,24
hunching,101189,101087,101189,102
sniffing,101191,101189,101191,2
hunching,101207,101191,101207,16
rising,101208,101207,101208,1
rearing,101209,101208,101209,1
left_turning,101226,101209,101226,17
walking,101293,101226,101293,67
sniffing,101358,101293,101358,65
left_turning,101383,101358,101383,25
running,101403,101383,101403,20
sniffing,101454,101403,101454,51
rising,101494,101454,101494,40
climbing,101561,101494,101561,67
rising,101562,101561,101562,1
climbing,101582,101562,101582,20
rising,101583,101582,101583,1
sniffing,101685,101583,101685,102
rising,101752,101685,101752,67
sniffing,101798,101752,101798,46
walking,101840,101798,101840,42
left_turning,101871,101840,101871,31
sniffing,101944,101871,101944,73
grooming,101945,101944,101945,1
sniffing,102043,101945,102043,98
rising,102059,102043,102059,16
rearing,102072,102059,102072,13
sniffing,102104,102072,102104,32
rising,102105,102104,102105,1
left_turning,102106,102105,102106,1
trotting,102141,102106,102141,35
walking,102146,102141,102146,5
rising,102165,102146,102165,19
sniffing,102227,102165,102227,62
rearing,102318,102227,102318,91
left_turning,102343,102318,102343,25
sniffing,102389,102343,102389,46
left_turning,102465,102389,102465,76
sniffing,102466,102465,102466,1
rising,102467,102466,102467,1
climbing,102542,102467,102542,75
grooming,103040,102542,103040,498
rearing,103104,103040,103104,64
sniffing,103190,103104,103190,86
rising,103191,103190,103191,1
climbing,103294,103191,103294,103
right_turning,103326,103294,103326,32
sniffing,103357,103326,103357,31
walking,103400,103357,103400,43
sniffing,103451,103400,103451,51
rising,103484,103451,103484,33
walking,103485,103484,103485,1
rising,103486,103485,103486,1
climbing,103551,103486,103551,65
grooming,103660,103551,103660,109
sniffing,103767,103660,103767,107
stepping,103831,103767,103831,64
sniffing,103977,103831,103977,146
rising,104059,103977,104059,82
sniffing,104097,104059,104097,38
right_turning,104133,104097,104133,36
sniffing,104140,104133,104140,7
walking,104165,104140,104165,25
trotting,104185,104165,104185,20
walking,104230,104185,104230,45
sniffing,104305,104230,104305,75
right_turning,104306,104305,104306,1
walking,104379,104306,104379,73
left_turning,104423,104379,104423,44
sniffing,104493,104423,104493,70
walking,104534,104493,104534,41
sniffing,104535,104534,104535,1
left_turning,104556,104535,104556,21
walking,104565,104556,104565,9
sniffing,104634,104565,104634,69
grooming,104635,104634,104635,1
rising,104711,104635,104711,76
sniffing,104841,104711,104841,130
rearing,104842,104841,104842,1
sniffing,104843,104842,104843,1
right_turning,104844,104843,104844,1
stepping,104861,104844,104861,17
sniffing,104871,104861,104871,10
trotting,104881,104871,104881,10
walking,104914,104881,104914,33
sniffing,104993,104914,104993,79
rising,104994,104993,104994,1
sniffing,105064,104994,105064,70
rising,105076,105064,105076,12
right_turning,105091,105076,105091,15
climbing,105115,105091,105115,24
sniffing,105157,105115,105157,42
rising,105188,105157,105188,31
hunching,105213,105188,105213,25
climbing,105282,105213,105282,69
rearing,105306,105282,105306,24
grooming,105482,105306,105482,176
climbing,105559,105482,105559,77
walking,105572,105559,105572,13
sniffing,105573,105572,105573,1
rising,105574,105573,105574,1
climbing,105663,105574,105663,89
sniffing,105684,105663,105684,21
walking,105730,105684,105730,46
left_turning,105749,105730,105749,19
walking,105769,105749,105769,20
sniffing,105854,105769,105854,85
rising,105855,105854,105855,1
climbing,105937,105855,105937,82
rising,105938,105937,105938,1
climbing,105992,105938,105992,54
walking,106037,105992,106037,45
sniffing,106038,106037,106038,1
grooming,106435,106038,106435,397
sniffing,106459,106435,106459,24
rearing,106643,106459,106643,184
rising,106723,106643,106723,80
sniffing,106753,106723,106753,30
climbing,106763,106753,106763,10
rearing,106855,106763,106855,92
climbing,106926,106855,106926,71
grooming,107125,106926,107125,199
climbing,107126,107125,107126,1
sniffing,107127,107126,107127,1
pausing,107128,107127,107128,1
sniffing,107181,107128,107181,53
walking,107208,107181,107208,27
stepping,107222,107208,107222,14
climbing,107478,107222,107478,256
grooming,107771,107478,107771,293
climbing,107857,107771,107857,86
rising,107871,107857,107871,14
sniffing,107872,107871,107872,1
rising,107934,107872,107934,62
left_turning,107951,107934,107951,17
sniffing,107987,107951,107987,36
rising,108000,107987,108000,13
