revised_movement_label,segBoundary,segBoundary_start,segBoundary_end,length
sniffing,15,0,15,15
left_turning,56,15,56,41
stepping,104,56,104,48
sniffing,175,104,175,71
stepping,216,175,216,41
sniffing,248,216,248,32
rising,252,248,252,4
walking,304,252,304,52
grooming,305,304,305,1
walking,325,305,325,20
rising,407,325,407,82
sniffing,476,407,476,69
rising,512,476,512,36
climbing,565,512,565,53
sniffing,683,565,683,118
walking,726,683,726,43
sniffing,818,726,818,92
stepping,852,818,852,34
rising,866,852,866,14
left_turning,893,866,893,27
stepping,978,893,978,85
rising,1013,978,1013,35
sniffing,1105,1013,1105,92
rising,1106,1105,1106,1
walking,1172,1106,1172,66
trotting,1173,1172,1173,1
walking,1213,1173,1213,40
left_turning,1287,1213,1287,74
sniffing,1300,1287,1300,13
rearing,1301,1300,1301,1
stepping,1313,1301,1313,12
walking,1355,1313,1355,42
stepping,1397,1355,1397,42
sniffing,1496,1397,1496,99
stepping,1540,1496,1540,44
walking,1573,1540,1573,33
rising,1582,1573,1582,9
left_turning,1613,1582,1613,31
running,1622,1613,1622,9
trotting,1632,1622,1632,10
walking,1668,1632,1668,36
stepping,1691,1668,1691,23
grooming,1770,1691,1770,79
hunching,1780,1770,1780,10
sniffing,1785,1780,1785,5
rising,1805,1785,1805,20
stepping,1951,1805,1951,146
walking,1952,1951,1952,1
sniffing,2100,1952,2100,148
stepping,2123,2100,2123,23
walking,2124,2123,2124,1
rising,2170,2124,2170,46
hunching,2194,2170,2194,24
rearing,2269,2194,2269,75
climbing,2310,2269,2310,41
rearing,2371,2310,2371,61
rising,2386,2371,2386,15
grooming,2459,2386,2459,73
walking,2500,2459,2500,41
sniffing,2554,2500,2554,54
stepping,2596,2554,2596,42
walking,2652,2596,2652,56
rising,2653,2652,2653,1
stepping,2709,2653,2709,56
sniffing,2770,2709,2770,61
rising,2830,2770,2830,60
rearing,2831,2830,2831,1
grooming,2894,2831,2894,63
sniffing,2924,2894,2924,30
rising,2939,2924,2939,15
sniffing,3024,2939,3024,85
rising,3071,3024,3071,47
left_turning,3099,3071,3099,28
walking,3113,3099,3113,14
trotting,3125,3113,3125,12
walking,3178,3125,3178,53
sniffing,3188,3178,3188,10
rising,3189,3188,3189,1
rearing,3190,3189,3190,1
sniffing,3192,3190,3192,2
walking,3247,3192,3247,55
sniffing,3315,3247,3315,68
stepping,3359,3315,3359,44
walking,3360,3359,3360,1
trotting,3388,3360,3388,28
stepping,3389,3388,3389,1
rising,3417,3389,3417,28
sniffing,3418,3417,3418,1
rising,3457,3418,3457,39
grooming,3484,3457,3484,27
rearing,3485,3484,3485,1
grooming,3615,3485,3615,130
stepping,3618,3615,3618,3
rearing,3673,3618,3673,55
rising,3674,3673,3674,1
right_turning,3687,3674,3687,13
sniffing,3688,3687,3688,1
stepping,3727,3688,3727,39
running,3757,3727,3757,30
left_turning,3820,3757,3820,63
walking,3828,3820,3828,8
stepping,3848,3828,3848,20
sniffing,3988,3848,3988,140
stepping,4065,3988,4065,77
right_turning,4113,4065,4113,48
stepping,4137,4113,4137,24
grooming,4157,4137,4157,20
sniffing,4236,4157,4236,79
grooming,4269,4236,4269,33
scratching,4270,4269,4270,1
right_turning,4273,4270,4273,3
rising,4335,4273,4335,62
rearing,4390,4335,4390,55
grooming,4663,4390,4663,273
rearing,4701,4663,4701,38
left_turning,4785,4701,4785,84
stepping,4806,4785,4806,21
walking,4812,4806,4812,6
rearing,4854,4812,4854,42
rising,4935,4854,4935,81
walking,5017,4935,5017,82
sniffing,5018,5017,5018,1
walking,5019,5018,5019,1
stepping,5135,5019,5135,116
sniffing,5136,5135,5136,1
rearing,5166,5136,5166,30
running,5206,5166,5206,40
walking,5207,5206,5207,1
running,5219,5207,5219,12
walking,5224,5219,5224,5
stepping,5253,5224,5253,29
left_turning,5257,5253,5257,4
walking,5299,5257,5299,42
sniffing,5344,5299,5344,45
rearing,5345,5344,5345,1
hunching,5384,5345,5384,39
rising,5402,5384,5402,18
rearing,5403,5402,5403,1
grooming,5487,5403,5487,84
hunching,5541,5487,5541,54
grooming,5562,5541,5562,21
rising,5637,5562,5637,75
grooming,5934,5637,5934,297
hunching,5953,5934,5953,19
rising,5954,5953,5954,1
stepping,6023,5954,6023,69
sniffing,6037,6023,6037,14
stepping,6041,6037,6041,4
sniffing,6160,6041,6160,119
rising,6185,6160,6185,25
climbing,6208,6185,6208,23
rearing,6314,6208,6314,106
left_turning,6321,6314,6321,7
sniffing,6330,6321,6330,9
climbing,6364,6330,6364,34
walking,6365,6364,6365,1
sniffing,6394,6365,6394,29
stepping,6399,6394,6399,5
walking,6445,6399,6445,46
stepping,6473,6445,6473,28
walking,6530,6473,6530,57
rising,6552,6530,6552,22
grooming,6562,6552,6562,10
sniffing,6612,6562,6612,50
walking,6630,6612,6630,18
trotting,6682,6630,6682,52
running,6691,6682,6691,9
stepping,6724,6691,6724,33
sniffing,6746,6724,6746,22
running,6758,6746,6758,12
walking,6855,6758,6855,97
stepping,6875,6855,6875,20
rising,6900,6875,6900,25
rearing,6989,6900,6989,89
rising,7005,6989,7005,16
rearing,7006,7005,7006,1
sniffing,7007,7006,7007,1
rearing,7026,7007,7026,19
hunching,7069,7026,7069,43
rising,7106,7069,7106,37
sniffing,7107,7106,7107,1
grooming,7226,7107,7226,119
sniffing,7292,7226,7292,66
walking,7295,7292,7295,3
trotting,7324,7295,7324,29
walking,7335,7324,7335,11
running,7368,7335,7368,33
walking,7428,7368,7428,60
sniffing,7492,7428,7492,64
climbing,7534,7492,7534,42
grooming,7564,7534,7564,30
climbing,7585,7564,7585,21
left_turning,7610,7585,7610,25
walking,7644,7610,7644,34
sniffing,7679,7644,7679,35
stepping,7726,7679,7726,47
sniffing,7727,7726,7727,1
stepping,7740,7727,7740,13
rising,7765,7740,7765,25
climbing,7803,7765,7803,38
grooming,7977,7803,7977,174
sniffing,8081,7977,8081,104
rising,8096,8081,8096,15
trotting,8138,8096,8138,42
stepping,8162,8138,8162,24
rising,8176,8162,8176,14
sniffing,8177,8176,8177,1
hunching,8179,8177,8179,2
stepping,8209,8179,8209,30
rising,8256,8209,8256,47
sniffing,8257,8256,8257,1
stepping,8287,8257,8287,30
rising,8397,8287,8397,110
rearing,8409,8397,8409,12
sniffing,8522,8409,8522,113
rearing,8581,8522,8581,59
sniffing,8674,8581,8674,93
stepping,8710,8674,8710,36
sniffing,8850,8710,8850,140
grooming,8851,8850,8851,1
sniffing,9201,8851,9201,350
rearing,9264,9201,9264,63
grooming,9453,9264,9453,189
sniffing,9454,9453,9454,1
grooming,9466,9454,9466,12
stepping,9480,9466,9480,14
sniffing,9520,9480,9520,40
stepping,9579,9520,9579,59
sniffing,9745,9579,9745,166
rising,9781,9745,9781,36
grooming,9868,9781,9868,87
trotting,9894,9868,9894,26
sniffing,9968,9894,9968,74
climbing,9984,9968,9984,16
rearing,9985,9984,9985,1
grooming,10073,9985,10073,88
rearing,10107,10073,10107,34
grooming,10223,10107,10223,116
hunching,10241,10223,10241,18
grooming,10249,10241,10249,8
stepping,10296,10249,10296,47
right_turning,10297,10296,10297,1
walking,10327,10297,10327,30
sniffing,10392,10327,10392,65
rising,10393,10392,10393,1
grooming,10394,10393,10394,1
left_turning,10425,10394,10425,31
walking,10482,10425,10482,57
sniffing,10570,10482,10570,88
left_turning,10571,10570,10571,1
walking,10710,10571,10710,139
rising,10711,10710,10711,1
hunching,10717,10711,10717,6
rearing,10805,10717,10805,88
rising,10806,10805,10806,1
walking,10868,10806,10868,62
running,10873,10868,10873,5
sniffing,10876,10873,10876,3
grooming,10897,10876,10897,21
sniffing,11028,10897,11028,131
hunching,11088,11028,11088,60
grooming,11089,11088,11089,1
walking,11157,11089,11157,68
running,11164,11157,11164,7
walking,11230,11164,11230,66
sniffing,11281,11230,11281,51
stepping,11320,11281,11320,39
walking,11399,11320,11399,79
trotting,11400,11399,11400,1
stepping,11440,11400,11440,40
sniffing,11477,11440,11477,37
rearing,11606,11477,11606,129
grooming,11742,11606,11742,136
sniffing,11763,11742,11763,21
walking,11803,11763,11803,40
stepping,11824,11803,11824,21
sniffing,11954,11824,11954,130
grooming,12054,11954,12054,100
left_turning,12061,12054,12061,7
sniffing,12091,12061,12091,30
walking,12142,12091,12142,51
rising,12159,12142,12159,17
running,12201,12159,12201,42
grooming,12202,12201,12202,1
rearing,12282,12202,12282,80
hunching,12286,12282,12286,4
sniffing,12287,12286,12287,1
stepping,12304,12287,12304,17
walking,12305,12304,12305,1
running,12344,12305,12344,39
walking,12348,12344,12348,4
trotting,12406,12348,12406,58
sniffing,12413,12406,12413,7
walking,12480,12413,12480,67
rising,12481,12480,12481,1
walking,12604,12481,12604,123
grooming,12686,12604,12686,82
rising,12722,12686,12722,36
left_turning,12723,12722,12723,1
walking,12750,12723,12750,27
right_turning,12798,12750,12798,48
sniffing,12954,12798,12954,156
rising,12974,12954,12974,20
left_turning,13009,12974,13009,35
rising,13023,13009,13023,14
grooming,13032,13023,13032,9
running,13054,13032,13054,22
sniffing,13055,13054,13055,1
left_turning,13098,13055,13098,43
stepping,13143,13098,13143,45
sniffing,13343,13143,13343,200
walking,13366,13343,13366,23
trotting,13386,13366,13386,20
sniffing,13387,13386,13387,1
hunching,13437,13387,13437,50
grooming,13483,13437,13483,46
climbing,13520,13483,13520,37
left_turning,13525,13520,13525,5
grooming,13584,13525,13584,59
rising,13590,13584,13590,6
sniffing,13646,13590,13646,56
stepping,13668,13646,13668,22
sniffing,13697,13668,13697,29
rising,13726,13697,13726,29
stepping,13753,13726,13753,27
sniffing,13754,13753,13754,1
stepping,13815,13754,13815,61
rising,13833,13815,13833,18
sniffing,13928,13833,13928,95
left_turning,13989,13928,13989,61
trotting,14027,13989,14027,38
stepping,14069,14027,14069,42
walking,14087,14069,14087,18
sniffing,14154,14087,14154,67
left_turning,14168,14154,14168,14
running,14169,14168,14169,1
sniffing,14303,14169,14303,134
grooming,14593,14303,14593,290
climbing,14642,14593,14642,49
stepping,14705,14642,14705,63
walking,14715,14705,14715,10
rising,14838,14715,14838,123
left_turning,14867,14838,14867,29
walking,14889,14867,14889,22
sniffing,15050,14889,15050,161
stepping,15051,15050,15051,1
rising,15085,15051,15085,34
grooming,15174,15085,15174,89
rising,15200,15174,15200,26
grooming,15302,15200,15302,102
running,15352,15302,15352,50
walking,15415,15352,15415,63
stepping,15471,15415,15471,56
sniffing,15472,15471,15472,1
walking,15549,15472,15549,77
sniffing,15562,15549,15562,13
walking,15597,15562,15597,35
stepping,15611,15597,15611,14
sniffing,15636,15611,15636,25
grooming,15819,15636,15819,183
rising,15837,15819,15837,18
rearing,15937,15837,15937,100
grooming,16042,15937,16042,105
rising,16062,16042,16062,20
left_turning,16126,16062,16126,64
trotting,16130,16126,16130,4
sniffing,16174,16130,16174,44
grooming,16291,16174,16291,117
rising,16312,16291,16312,21
sniffing,16422,16312,16422,110
climbing,16463,16422,16463,41
rearing,16533,16463,16533,70
climbing,16608,16533,16608,75
left_turning,16634,16608,16634,26
walking,16718,16634,16718,84
running,16719,16718,16719,1
grooming,16748,16719,16748,29
trotting,16795,16748,16795,47
walking,16846,16795,16846,51
rising,16899,16846,16899,53
walking,16988,16899,16988,89
sniffing,16996,16988,16996,8
stepping,17038,16996,17038,42
sniffing,17039,17038,17039,1
grooming,17053,17039,17053,14
left_turning,17057,17053,17057,4
grooming,17071,17057,17071,14
walking,17137,17071,17137,66
stepping,17168,17137,17168,31
rising,17179,17168,17179,11
sniffing,17185,17179,17185,6
left_turning,17213,17185,17213,28
running,17244,17213,17244,31
walking,17261,17244,17261,17
stepping,17291,17261,17291,30
walking,17332,17291,17332,41
stepping,17374,17332,17374,42
sniffing,17392,17374,17392,18
grooming,17481,17392,17481,89
rising,17482,17481,17482,1
climbing,17560,17482,17560,78
rearing,17561,17560,17561,1
climbing,17615,17561,17615,54
right_turning,17637,17615,17637,22
trotting,17675,17637,17675,38
walking,17760,17675,17760,85
sniffing,17809,17760,17809,49
left_turning,17817,17809,17817,8
walking,17888,17817,17888,71
running,17909,17888,17909,21
trotting,17933,17909,17933,24
running,17934,17933,17934,1
stepping,17947,17934,17947,13
grooming,18168,17947,18168,221
rearing,18226,18168,18226,58
rising,18278,18226,18278,52
sniffing,18279,18278,18279,1
rearing,18280,18279,18280,1
right_turning,18281,18280,18281,1
walking,18296,18281,18296,15
sniffing,18326,18296,18326,30
rising,18335,18326,18335,9
grooming,18547,18335,18547,212
rising,18548,18547,18548,1
sniffing,18549,18548,18549,1
right_turning,18560,18549,18560,11
sniffing,18649,18560,18649,89
stepping,18689,18649,18689,40
rising,18778,18689,18778,89
climbing,18874,18778,18874,96
walking,18920,18874,18920,46
rising,18947,18920,18947,27
stepping,18995,18947,18995,48
hunching,19021,18995,19021,26
rearing,19183,19021,19183,162
rising,19374,19183,19374,191
hunching,19414,19374,19414,40
stepping,19443,19414,19443,29
sniffing,19470,19443,19470,27
grooming,19600,19470,19600,130
climbing,19632,19600,19632,32
grooming,19633,19632,19633,1
sniffing,19767,19633,19767,134
climbing,19853,19767,19853,86
right_turning,19911,19853,19911,58
walking,19912,19911,19912,1
trotting,19939,19912,19939,27
grooming,20021,19939,20021,82
rearing,20056,20021,20056,35
climbing,20090,20056,20090,34
grooming,20221,20090,20221,131
right_turning,20222,20221,20222,1
rising,20223,20222,20223,1
grooming,20224,20223,20224,1
rising,20251,20224,20251,27
stepping,20276,20251,20276,25
grooming,20277,20276,20277,1
sniffing,20347,20277,20347,70
grooming,20441,20347,20441,94
hunching,20522,20441,20522,81
grooming,20567,20522,20567,45
hunching,20628,20567,20628,61
grooming,20629,20628,20629,1
rising,20697,20629,20697,68
climbing,20710,20697,20710,13
walking,20711,20710,20711,1
sniffing,20782,20711,20782,71
right_turning,20783,20782,20783,1
walking,20831,20783,20831,48
grooming,20972,20831,20972,141
stepping,20990,20972,20990,18
walking,21008,20990,21008,18
trotting,21046,21008,21046,38
walking,21076,21046,21076,30
stepping,21127,21076,21127,51
climbing,21207,21127,21207,80
sniffing,21213,21207,21213,6
rising,21269,21213,21269,56
climbing,21289,21269,21289,20
left_turning,21291,21289,21291,2
trotting,21313,21291,21313,22
walking,21351,21313,21351,38
climbing,21405,21351,21405,54
sniffing,21482,21405,21482,77
stepping,21527,21482,21527,45
sniffing,21532,21527,21532,5
grooming,21714,21532,21714,182
stepping,21774,21714,21774,60
rising,21804,21774,21804,30
climbing,21822,21804,21822,18
grooming,21919,21822,21919,97
climbing,21920,21919,21920,1
trotting,21960,21920,21960,40
running,22000,21960,22000,40
sniffing,22002,22000,22002,2
walking,22056,22002,22056,54
stepping,22057,22056,22057,1
left_turning,22142,22057,22142,85
rising,22224,22142,22224,82
sniffing,22225,22224,22225,1
trotting,22237,22225,22237,12
walking,22323,22237,22323,86
rising,22372,22323,22372,49
hunching,22391,22372,22391,19
grooming,22392,22391,22392,1
rearing,22393,22392,22393,1
grooming,22553,22393,22553,160
left_turning,22635,22553,22635,82
grooming,22683,22635,22683,48
rearing,22749,22683,22749,66
grooming,22750,22749,22750,1
stepping,22797,22750,22797,47
walking,22800,22797,22800,3
rising,22829,22800,22829,29
left_turning,22841,22829,22841,12
scratching,22842,22841,22842,1
left_turning,22848,22842,22848,6
sniffing,22888,22848,22888,40
rearing,22930,22888,22930,42
climbing,23087,22930,23087,157
walking,23127,23087,23127,40
sniffing,23143,23127,23143,16
left_turning,23162,23143,23162,19
grooming,23314,23162,23314,152
stepping,23324,23314,23324,10
rising,23405,23324,23405,81
climbing,23490,23405,23490,85
grooming,23563,23490,23563,73
stepping,23564,23563,23564,1
sniffing,23565,23564,23565,1
stepping,23643,23565,23643,78
sniffing,23680,23643,23680,37
walking,23716,23680,23716,36
sniffing,23717,23716,23717,1
rising,23732,23717,23732,15
stepping,23755,23732,23755,23
walking,23817,23755,23817,62
grooming,23912,23817,23912,95
rearing,23913,23912,23913,1
grooming,23914,23913,23914,1
stepping,23915,23914,23915,1
grooming,23916,23915,23916,1
hunching,23917,23916,23917,1
left_turning,23918,23917,23918,1
grooming,23958,23918,23958,40
hunching,24095,23958,24095,137
rearing,24159,24095,24159,64
sniffing,24181,24159,24181,22
grooming,24332,24181,24332,151
hunching,24337,24332,24337,5
right_turning,24373,24337,24373,36
sniffing,24479,24373,24479,106
rising,24495,24479,24495,16
walking,24548,24495,24548,53
stepping,24565,24548,24565,17
climbing,24636,24565,24636,71
right_turning,24683,24636,24683,47
sniffing,24714,24683,24714,31
stepping,24715,24714,24715,1
grooming,24716,24715,24716,1
hunching,24747,24716,24747,31
grooming,24748,24747,24748,1
scratching,24749,24748,24749,1
sniffing,24830,24749,24830,81
walking,24894,24830,24894,64
sniffing,24987,24894,24987,93
rising,24992,24987,24992,5
grooming,25166,24992,25166,174
left_turning,25211,25166,25211,45
walking,25260,25211,25260,49
sniffing,25330,25260,25330,70
stepping,25368,25330,25368,38
climbing,25459,25368,25459,91
grooming,25460,25459,25460,1
rearing,25461,25460,25461,1
grooming,25462,25461,25462,1
rearing,25510,25462,25510,48
grooming,25611,25510,25611,101
climbing,25656,25611,25656,45
sniffing,25939,25656,25939,283
rising,25940,25939,25940,1
climbing,25953,25940,25953,13
grooming,25954,25953,25954,1
walking,26006,25954,26006,52
rising,26056,26006,26056,50
walking,26103,26056,26103,47
sniffing,26232,26103,26232,129
walking,26233,26232,26233,1
stepping,26264,26233,26264,31
sniffing,26332,26264,26332,68
running,26354,26332,26354,22
walking,26396,26354,26396,42
running,26414,26396,26414,18
trotting,26474,26414,26474,60
walking,26539,26474,26539,65
grooming,26617,26539,26617,78
rearing,26618,26617,26618,1
sniffing,26668,26618,26668,50
rising,26690,26668,26690,22
rearing,26712,26690,26712,22
grooming,26713,26712,26713,1
trotting,26763,26713,26763,50
sniffing,26764,26763,26764,1
rising,26807,26764,26807,43
stepping,26812,26807,26812,5
sniffing,26937,26812,26937,125
hunching,27063,26937,27063,126
left_turning,27139,27063,27139,76
hunching,27213,27139,27213,74
grooming,27228,27213,27228,15
scratching,27229,27228,27229,1
grooming,27405,27229,27405,176
left_turning,27417,27405,27417,12
walking,27421,27417,27421,4
grooming,27422,27421,27422,1
walking,27460,27422,27460,38
stepping,27484,27460,27484,24
sniffing,27569,27484,27569,85
grooming,27804,27569,27804,235
rising,27827,27804,27827,23
sniffing,27857,27827,27857,30
walking,27937,27857,27937,80
running,27955,27937,27955,18
walking,27995,27955,27995,40
rising,28044,27995,28044,49
rearing,28088,28044,28088,44
sniffing,28104,28088,28104,16
rising,28143,28104,28143,39
climbing,28179,28143,28179,36
rearing,28187,28179,28187,8
sniffing,28255,28187,28255,68
rearing,28256,28255,28256,1
hunching,28257,28256,28257,1
rearing,28372,28257,28372,115
grooming,28430,28372,28430,58
rearing,28546,28430,28546,116
grooming,28547,28546,28547,1
left_turning,28559,28547,28559,12
grooming,28733,28559,28733,174
walking,28758,28733,28758,25
sniffing,28759,28758,28759,1
stepping,28792,28759,28792,33
rising,28812,28792,28812,20
rearing,28854,28812,28854,42
rising,28855,28854,28855,1
climbing,28885,28855,28885,30
walking,28901,28885,28901,16
sniffing,28948,28901,28948,47
left_turning,28992,28948,28992,44
walking,29067,28992,29067,75
sniffing,29091,29067,29091,24
trotting,29092,29091,29092,1
grooming,29360,29092,29360,268
climbing,29401,29360,29401,41
sniffing,29413,29401,29413,12
stepping,29452,29413,29452,39
walking,29453,29452,29453,1
rising,29499,29453,29499,46
sniffing,29662,29499,29662,163
walking,29687,29662,29687,25
stepping,29710,29687,29710,23
sniffing,29795,29710,29795,85
climbing,29896,29795,29896,101
stepping,29932,29896,29932,36
sniffing,30073,29932,30073,141
grooming,30314,30073,30314,241
stepping,30345,30314,30345,31
sniffing,30346,30345,30346,1
climbing,30395,30346,30395,49
walking,30414,30395,30414,19
stepping,30473,30414,30473,59
rearing,30480,30473,30480,7
stepping,30532,30480,30532,52
sniffing,30644,30532,30644,112
walking,30687,30644,30687,43
sniffing,30729,30687,30729,42
rising,30772,30729,30772,43
rearing,30829,30772,30829,57
sniffing,30889,30829,30889,60
walking,30924,30889,30924,35
sniffing,30976,30924,30976,52
walking,30977,30976,30977,1
sniffing,31100,30977,31100,123
rising,31141,31100,31141,41
hunching,31216,31141,31216,75
grooming,31361,31216,31361,145
walking,31434,31361,31434,73
right_turning,31457,31434,31457,23
running,31478,31457,31478,21
trotting,31491,31478,31491,13
rising,31518,31491,31518,27
climbing,31565,31518,31565,47
left_turning,31591,31565,31591,26
trotting,31634,31591,31634,43
climbing,31635,31634,31635,1
grooming,31636,31635,31636,1
stepping,31650,31636,31650,14
sniffing,31651,31650,31651,1
rising,31663,31651,31663,12
grooming,31800,31663,31800,137
left_turning,31801,31800,31801,1
trotting,31820,31801,31820,19
sniffing,31830,31820,31830,10
grooming,31831,31830,31831,1
running,31866,31831,31866,35
walking,31908,31866,31908,42
sniffing,31925,31908,31925,17
left_turning,31957,31925,31957,32
trotting,31991,31957,31991,34
walking,32039,31991,32039,48
sniffing,32247,32039,32247,208
walking,32284,32247,32284,37
right_turning,32303,32284,32303,19
walking,32376,32303,32376,73
stepping,32410,32376,32410,34
sniffing,32497,32410,32497,87
rearing,32562,32497,32562,65
grooming,32631,32562,32631,69
sniffing,32648,32631,32648,17
grooming,32658,32648,32658,10
trotting,32681,32658,32681,23
stepping,32689,32681,32689,8
rearing,32740,32689,32740,51
grooming,32741,32740,32741,1
trotting,32744,32741,32744,3
running,32745,32744,32745,1
stepping,32798,32745,32798,53
sniffing,32833,32798,32833,35
stepping,32860,32833,32860,27
sniffing,32886,32860,32886,26
stepping,32933,32886,32933,47
sniffing,32966,32933,32966,33
trotting,32985,32966,32985,19
sniffing,32998,32985,32998,13
rising,33038,32998,33038,40
hunching,33039,33038,33039,1
grooming,33123,33039,33123,84
hunching,33124,33123,33124,1
grooming,33125,33124,33125,1
rearing,33309,33125,33309,184
hunching,33338,33309,33338,29
rearing,33511,33338,33511,173
left_turning,33512,33511,33512,1
rising,33536,33512,33536,24
grooming,33537,33536,33537,1
stepping,33538,33537,33538,1
running,33566,33538,33566,28
grooming,33567,33566,33567,1
climbing,33641,33567,33641,74
grooming,33681,33641,33681,40
walking,33698,33681,33698,17
sniffing,33703,33698,33703,5
rising,33711,33703,33711,8
grooming,33904,33711,33904,193
rising,33923,33904,33923,19
walking,34021,33923,34021,98
climbing,34056,34021,34056,35
sniffing,34145,34056,34145,89
grooming,34262,34145,34262,117
trotting,34291,34262,34291,29
sniffing,34426,34291,34426,135
hunching,34459,34426,34459,33
rising,34484,34459,34484,25
left_turning,34502,34484,34502,18
walking,34533,34502,34533,31
rising,34599,34533,34599,66
left_turning,34613,34599,34613,14
trotting,34662,34613,34662,49
sniffing,34686,34662,34686,24
walking,34727,34686,34727,41
sniffing,34816,34727,34816,89
rising,34860,34816,34860,44
stepping,34895,34860,34895,35
walking,34917,34895,34917,22
sniffing,34922,34917,34922,5
right_turning,34975,34922,34975,53
trotting,34983,34975,34983,8
rising,34998,34983,34998,15
climbing,35078,34998,35078,80
walking,35102,35078,35102,24
sniffing,35361,35102,35361,259
walking,35400,35361,35400,39
stepping,35434,35400,35434,34
sniffing,35450,35434,35450,16
left_turning,35466,35450,35466,16
grooming,35467,35466,35467,1
left_turning,35566,35467,35566,99
grooming,35567,35566,35567,1
sniffing,35678,35567,35678,111
rising,35682,35678,35682,4
rearing,35753,35682,35753,71
hunching,35760,35753,35760,7
grooming,35993,35760,35993,233
rearing,36041,35993,36041,48
hunching,36136,36041,36136,95
rising,36145,36136,36145,9
grooming,36146,36145,36146,1
hunching,36273,36146,36273,127
sniffing,36383,36273,36383,110
right_turning,36390,36383,36390,7
sniffing,36467,36390,36467,77
stepping,36574,36467,36574,107
climbing,36582,36574,36582,8
running,36604,36582,36604,22
trotting,36612,36604,36612,8
sniffing,36665,36612,36665,53
grooming,36783,36665,36783,118
right_turning,36806,36783,36806,23
walking,36878,36806,36878,72
sniffing,36879,36878,36879,1
trotting,36937,36879,36937,58
walking,36956,36937,36956,19
sniffing,36983,36956,36983,27
stepping,36984,36983,36984,1
sniffing,37025,36984,37025,41
walking,37065,37025,37065,40
right_turning,37088,37065,37088,23
trotting,37095,37088,37095,7
rising,37229,37095,37229,134
climbing,37342,37229,37342,113
walking,37359,37342,37359,17
stepping,37392,37359,37392,33
sniffing,37559,37392,37559,167
left_turning,37622,37559,37622,63
grooming,37763,37622,37763,141
rearing,37834,37763,37834,71
stepping,37838,37834,37838,4
sniffing,37839,37838,37839,1
grooming,38131,37839,38131,292
right_turning,38160,38131,38160,29
sniffing,38233,38160,38233,73
walking,38282,38233,38282,49
stepping,38336,38282,38336,54
sniffing,38358,38336,38358,22
left_turning,38393,38358,38393,35
walking,38438,38393,38438,45
sniffing,38439,38438,38439,1
rearing,38472,38439,38472,33
sniffing,38473,38472,38473,1
stepping,38474,38473,38474,1
rising,38489,38474,38489,15
walking,38518,38489,38518,29
sniffing,38599,38518,38599,81
right_turning,38627,38599,38627,28
running,38628,38627,38628,1
trotting,38685,38628,38685,57
walking,38686,38685,38686,1
sniffing,38687,38686,38687,1
climbing,38748,38687,38748,61
trotting,38752,38748,38752,4
running,38755,38752,38755,3
stepping,38795,38755,38795,40
sniffing,38907,38795,38907,112
rising,38908,38907,38908,1
sniffing,38930,38908,38930,22
running,38937,38930,38937,7
walking,39054,38937,39054,117
rising,39102,39054,39102,48
sniffing,39235,39102,39235,133
rising,39268,39235,39268,33
rearing,39269,39268,39269,1
grooming,39438,39269,39438,169
right_turning,39472,39438,39472,34
stepping,39482,39472,39482,10
rising,39483,39482,39483,1
climbing,39573,39483,39573,90
rearing,39618,39573,39618,45
sniffing,39619,39618,39619,1
right_turning,39651,39619,39651,32
stepping,39670,39651,39670,19
right_turning,39694,39670,39694,24
trotting,39695,39694,39695,1
stepping,39726,39695,39726,31
sniffing,39932,39726,39932,206
grooming,39933,39932,39933,1
hunching,39934,39933,39934,1
grooming,40118,39934,40118,184
rearing,40119,40118,40119,1
grooming,40265,40119,40265,146
rearing,40266,40265,40266,1
climbing,40368,40266,40368,102
rising,40423,40368,40423,55
stepping,40474,40423,40474,51
sniffing,40555,40474,40555,81
stepping,40606,40555,40606,51
walking,40642,40606,40642,36
rising,40644,40642,40644,2
grooming,40645,40644,40645,1
rearing,40675,40645,40675,30
sniffing,40768,40675,40768,93
walking,40805,40768,40805,37
trotting,40821,40805,40821,16
grooming,41000,40821,41000,179
sniffing,41001,41000,41001,1
walking,41086,41001,41086,85
right_turning,41107,41086,41107,21
walking,41195,41107,41195,88
trotting,41202,41195,41202,7
stepping,41232,41202,41232,30
climbing,41284,41232,41284,52
trotting,41319,41284,41319,35
running,41348,41319,41348,29
sniffing,41435,41348,41435,87
rising,41438,41435,41438,3
walking,41466,41438,41466,28
stepping,41508,41466,41508,42
left_turning,41560,41508,41560,52
walking,41562,41560,41562,2
sniffing,41563,41562,41563,1
left_turning,41618,41563,41618,55
sniffing,41661,41618,41661,43
grooming,41824,41661,41824,163
right_turning,41858,41824,41858,34
rising,41867,41858,41867,9
left_turning,41926,41867,41926,59
grooming,41927,41926,41927,1
hunching,41946,41927,41946,19
grooming,42048,41946,42048,102
rearing,42049,42048,42049,1
grooming,42098,42049,42098,49
hunching,42244,42098,42244,146
grooming,42245,42244,42245,1
hunching,42269,42245,42269,24
grooming,42270,42269,42270,1
sniffing,42328,42270,42328,58
right_turning,42329,42328,42329,1
sniffing,42330,42329,42330,1
grooming,42331,42330,42331,1
hunching,42332,42331,42332,1
grooming,42333,42332,42333,1
rearing,42411,42333,42411,78
climbing,42416,42411,42416,5
sniffing,42492,42416,42492,76
grooming,42495,42492,42495,3
hunching,42700,42495,42700,205
grooming,42769,42700,42769,69
rising,42782,42769,42782,13
climbing,42891,42782,42891,109
stepping,42907,42891,42907,16
sniffing,42960,42907,42960,53
left_turning,43011,42960,43011,51
stepping,43054,43011,43054,43
sniffing,43090,43054,43090,36
grooming,43141,43090,43141,51
running,43160,43141,43160,19
climbing,43223,43160,43223,63
running,43261,43223,43261,38
walking,43262,43261,43262,1
rising,43275,43262,43275,13
stepping,43326,43275,43326,51
sniffing,43442,43326,43442,116
left_turning,43445,43442,43445,3
sniffing,43543,43445,43543,98
stepping,43598,43543,43598,55
walking,43685,43598,43685,87
trotting,43744,43685,43744,59
walking,43759,43744,43759,15
grooming,43760,43759,43760,1
sniffing,43858,43760,43858,98
climbing,43859,43858,43859,1
grooming,43872,43859,43872,13
hunching,43920,43872,43920,48
rearing,43921,43920,43921,1
rising,43943,43921,43943,22
grooming,44029,43943,44029,86
rising,44036,44029,44036,7
climbing,44060,44036,44060,24
rising,44061,44060,44061,1
climbing,44092,44061,44092,31
left_turning,44120,44092,44120,28
walking,44159,44120,44159,39
sniffing,44385,44159,44385,226
trotting,44432,44385,44432,47
sniffing,44481,44432,44481,49
grooming,44596,44481,44596,115
hunching,44661,44596,44661,65
rearing,44689,44661,44689,28
grooming,44757,44689,44757,68
stepping,44792,44757,44792,35
rising,44861,44792,44861,69
rearing,44862,44861,44862,1
walking,44881,44862,44881,19
rising,44963,44881,44963,82
grooming,45070,44963,45070,107
sniffing,45171,45070,45171,101
rising,45178,45171,45178,7
climbing,45210,45178,45210,32
grooming,45266,45210,45266,56
scratching,45267,45266,45267,1
grooming,45307,45267,45307,40
sniffing,45346,45307,45346,39
left_turning,45417,45346,45417,71
walking,45483,45417,45483,66
stepping,45519,45483,45519,36
sniffing,45520,45519,45520,1
grooming,45975,45520,45975,455
walking,45999,45975,45999,24
climbing,46000,45999,46000,1
stepping,46064,46000,46064,64
sniffing,46126,46064,46126,62
hunching,46127,46126,46127,1
left_turning,46128,46127,46128,1
grooming,46129,46128,46129,1
hunching,46142,46129,46142,13
grooming,46178,46142,46178,36
walking,46325,46178,46325,147
sniffing,46388,46325,46388,63
climbing,46429,46388,46429,41
grooming,46733,46429,46733,304
sniffing,46867,46733,46867,134
grooming,46985,46867,46985,118
rising,47050,46985,47050,65
sniffing,47129,47050,47129,79
stepping,47166,47129,47166,37
sniffing,47274,47166,47274,108
grooming,47543,47274,47543,269
left_turning,47664,47543,47664,121
walking,47724,47664,47724,60
running,47755,47724,47755,31
walking,47841,47755,47841,86
sniffing,47959,47841,47959,118
rising,48034,47959,48034,75
grooming,48295,48034,48295,261
running,48324,48295,48324,29
right_turning,48381,48324,48381,57
sniffing,48447,48381,48447,66
stepping,48486,48447,48486,39
walking,48508,48486,48508,22
stepping,48509,48508,48509,1
walking,48618,48509,48618,109
sniffing,48619,48618,48619,1
rearing,48628,48619,48628,9
rising,48629,48628,48629,1
climbing,48659,48629,48659,30
rearing,48675,48659,48675,16
climbing,48851,48675,48851,176
grooming,48945,48851,48945,94
walking,48958,48945,48958,13
sniffing,49108,48958,49108,150
left_turning,49137,49108,49137,29
stepping,49183,49137,49183,46
walking,49184,49183,49184,1
running,49208,49184,49208,24
trotting,49229,49208,49229,21
sniffing,49303,49229,49303,74
grooming,49304,49303,49304,1
rearing,49335,49304,49335,31
climbing,49429,49335,49429,94
left_turning,49453,49429,49453,24
grooming,49454,49453,49454,1
stepping,49478,49454,49478,24
sniffing,49700,49478,49700,222
walking,49760,49700,49760,60
stepping,49771,49760,49771,11
walking,49775,49771,49775,4
sniffing,49846,49775,49846,71
walking,49917,49846,49917,71
stepping,49918,49917,49918,1
walking,50050,49918,50050,132
sniffing,50083,50050,50083,33
stepping,50124,50083,50124,41
walking,50133,50124,50133,9
stepping,50160,50133,50160,27
climbing,50172,50160,50172,12
rearing,50212,50172,50212,40
hunching,50241,50212,50241,29
grooming,51165,50241,51165,924
hunching,51294,51165,51294,129
left_turning,51295,51294,51295,1
walking,51303,51295,51303,8
sniffing,51304,51303,51304,1
rising,51313,51304,51313,9
hunching,51359,51313,51359,46
grooming,51410,51359,51410,51
sniffing,51438,51410,51438,28
rearing,51532,51438,51532,94
rising,51533,51532,51533,1
left_turning,51573,51533,51573,40
trotting,51585,51573,51585,12
walking,51649,51585,51649,64
stepping,51687,51649,51687,38
sniffing,51688,51687,51688,1
grooming,51752,51688,51752,64
walking,51756,51752,51756,4
sniffing,51768,51756,51768,12
grooming,51769,51768,51769,1
rearing,51770,51769,51770,1
walking,51881,51770,51881,111
stepping,51906,51881,51906,25
grooming,51932,51906,51932,26
sniffing,52005,51932,52005,73
rising,52006,52005,52006,1
left_turning,52024,52006,52024,18
stepping,52029,52024,52029,5
walking,52030,52029,52030,1
sniffing,52139,52030,52139,109
left_turning,52185,52139,52185,46
grooming,52186,52185,52186,1
hunching,52287,52186,52287,101
rearing,52356,52287,52356,69
grooming,52357,52356,52357,1
rearing,52445,52357,52445,88
grooming,52461,52445,52461,16
walking,52498,52461,52498,37
rearing,52508,52498,52508,10
climbing,52592,52508,52592,84
walking,52600,52592,52600,8
rearing,52681,52600,52681,81
climbing,52703,52681,52703,22
sniffing,52805,52703,52805,102
rising,52811,52805,52811,6
climbing,52874,52811,52874,63
grooming,53239,52874,53239,365
rearing,53265,53239,53265,26
grooming,53403,53265,53403,138
sniffing,53404,53403,53404,1
rising,53405,53404,53405,1
grooming,53406,53405,53406,1
sniffing,53407,53406,53407,1
climbing,53488,53407,53488,81
sniffing,53580,53488,53580,92
walking,53632,53580,53632,52
sniffing,53677,53632,53677,45
trotting,53700,53677,53700,23
sniffing,53728,53700,53728,28
walking,53733,53728,53733,5
stepping,53734,53733,53734,1
right_turning,53739,53734,53739,5
left_turning,53803,53739,53803,64
rearing,53815,53803,53815,12
rising,53858,53815,53858,43
climbing,53859,53858,53859,1
left_turning,53875,53859,53875,16
trotting,53913,53875,53913,38
running,53946,53913,53946,33
sniffing,54130,53946,54130,184
stepping,54145,54130,54145,15
rearing,54200,54145,54200,55
climbing,54294,54200,54294,94
trotting,54309,54294,54309,15
sniffing,54338,54309,54338,29
right_turning,54345,54338,54345,7
sniffing,54426,54345,54426,81
trotting,54481,54426,54481,55
walking,54540,54481,54540,59
stepping,54596,54540,54596,56
trotting,54633,54596,54633,37
walking,54730,54633,54730,97
sniffing,54780,54730,54780,50
right_turning,54793,54780,54793,13
sniffing,54846,54793,54846,53
rising,54899,54846,54899,53
left_turning,54950,54899,54950,51
sniffing,54985,54950,54985,35
stepping,55020,54985,55020,35
sniffing,55183,55020,55183,163
rearing,55190,55183,55190,7
left_turning,55223,55190,55223,33
climbing,55308,55223,55308,85
rearing,55361,55308,55361,53
climbing,55416,55361,55416,55
grooming,55417,55416,55417,1
hunching,55419,55417,55419,2
grooming,55420,55419,55420,1
rearing,55437,55420,55437,17
hunching,55438,55437,55438,1
grooming,55486,55438,55486,48
hunching,55537,55486,55537,51
sniffing,55609,55537,55609,72
rising,55626,55609,55626,17
hunching,55650,55626,55650,24
rearing,55651,55650,55651,1
climbing,55731,55651,55731,80
trotting,55766,55731,55766,35
walking,55776,55766,55776,10
trotting,55795,55776,55795,19
rising,55796,55795,55796,1
grooming,55866,55796,55866,70
sniffing,56065,55866,56065,199
stepping,56066,56065,56066,1
sniffing,56067,56066,56067,1
walking,56068,56067,56068,1
stepping,56069,56068,56069,1
walking,56111,56069,56111,42
trotting,56151,56111,56151,40
sniffing,56416,56151,56416,265
stepping,56426,56416,56426,10
walking,56427,56426,56427,1
right_turning,56450,56427,56450,23
sniffing,56504,56450,56504,54
rising,56526,56504,56526,22
climbing,56573,56526,56573,47
right_turning,56595,56573,56595,22
walking,56641,56595,56641,46
trotting,56699,56641,56699,58
stepping,56773,56699,56773,74
sniffing,56876,56773,56876,103
stepping,56932,56876,56932,56
walking,56981,56932,56981,49
rearing,57081,56981,57081,100
hunching,57095,57081,57095,14
grooming,57096,57095,57096,1
walking,57097,57096,57097,1
sniffing,57146,57097,57146,49
grooming,57249,57146,57249,103
rising,57318,57249,57318,69
rearing,57321,57318,57321,3
left_turning,57355,57321,57355,34
stepping,57361,57355,57361,6
sniffing,57437,57361,57437,76
stepping,57521,57437,57521,84
sniffing,57522,57521,57522,1
rising,57523,57522,57523,1
climbing,57612,57523,57612,89
grooming,57674,57612,57674,62
running,57675,57674,57675,1
trotting,57679,57675,57679,4
walking,57728,57679,57728,49
sniffing,58020,57728,58020,292
left_turning,58055,58020,58055,35
walking,58124,58055,58124,69
right_turning,58132,58124,58132,8
sniffing,58133,58132,58133,1
grooming,58134,58133,58134,1
walking,58135,58134,58135,1
sniffing,58269,58135,58269,134
stepping,58324,58269,58324,55
sniffing,58364,58324,58364,40
walking,58369,58364,58369,5
hunching,58393,58369,58393,24
grooming,58420,58393,58420,27
climbing,58524,58420,58524,104
running,58556,58524,58556,32
walking,58605,58556,58605,49
rearing,58606,58605,58606,1
climbing,58674,58606,58674,68
rising,58678,58674,58678,4
rearing,58679,58678,58679,1
trotting,58683,58679,58683,4
stepping,58720,58683,58720,37
sniffing,58721,58720,58721,1
stepping,58722,58721,58722,1
sniffing,58723,58722,58723,1
stepping,58736,58723,58736,13
grooming,58999,58736,58999,263
rearing,59113,58999,59113,114
hunching,59203,59113,59203,90
rearing,59286,59203,59286,83
grooming,59416,59286,59416,130
stepping,59450,59416,59450,34
rearing,59533,59450,59533,83
walking,59538,59533,59538,5
sniffing,59574,59538,59574,36
trotting,59604,59574,59604,30
sniffing,59674,59604,59674,70
stepping,59714,59674,59714,40
rising,59754,59714,59754,40
climbing,59781,59754,59781,27
trotting,59802,59781,59802,21
sniffing,59851,59802,59851,49
stepping,59919,59851,59919,68
rising,59973,59919,59973,54
rearing,60016,59973,60016,43
rising,60049,60016,60049,33
sniffing,60099,60049,60099,50
right_turning,60127,60099,60127,28
rising,60199,60127,60199,72
rearing,60277,60199,60277,78
right_turning,60278,60277,60278,1
sniffing,60371,60278,60371,93
grooming,60601,60371,60601,230
hunching,60602,60601,60602,1
grooming,60625,60602,60625,23
sniffing,60647,60625,60647,22
rising,60694,60647,60694,47
hunching,60739,60694,60739,45
rearing,60740,60739,60740,1
stepping,60821,60740,60821,81
sniffing,60842,60821,60842,21
stepping,60876,60842,60876,34
climbing,61095,60876,61095,219
sniffing,61191,61095,61191,96
climbing,61243,61191,61243,52
left_turning,61300,61243,61300,57
walking,61372,61300,61372,72
sniffing,61490,61372,61490,118
rising,61491,61490,61491,1
climbing,61590,61491,61590,99
rearing,61715,61590,61715,125
grooming,61764,61715,61764,49
stepping,61823,61764,61823,59
sniffing,61875,61823,61875,52
left_turning,61923,61875,61923,48
sniffing,61924,61923,61924,1
trotting,61947,61924,61947,23
running,62000,61947,62000,53
rearing,62063,62000,62063,63
left_turning,62131,62063,62131,68
sniffing,62241,62131,62241,110
walking,62260,62241,62260,19
stepping,62315,62260,62315,55
hunching,62316,62315,62316,1
rearing,62359,62316,62359,43
grooming,62413,62359,62413,54
walking,62417,62413,62417,4
sniffing,62523,62417,62523,106
walking,62552,62523,62552,29
sniffing,62612,62552,62612,60
rearing,62687,62612,62687,75
sniffing,62688,62687,62688,1
walking,62717,62688,62717,29
stepping,62783,62717,62783,66
rearing,62870,62783,62870,87
climbing,62898,62870,62898,28
grooming,63088,62898,63088,190
rising,63089,63088,63089,1
climbing,63169,63089,63169,80
grooming,63418,63169,63418,249
sniffing,63535,63418,63535,117
walking,63569,63535,63569,34
sniffing,63746,63569,63746,177
scratching,63747,63746,63747,1
grooming,64031,63747,64031,284
hunching,64047,64031,64047,16
grooming,64254,64047,64254,207
trotting,64285,64254,64285,31
stepping,64320,64285,64320,35
walking,64349,64320,64349,29
sniffing,64469,64349,64469,120
rising,64482,64469,64482,13
climbing,64488,64482,64488,6
grooming,64548,64488,64548,60
sniffing,64594,64548,64594,46
scratching,64595,64594,64595,1
sniffing,64692,64595,64692,97
left_turning,64696,64692,64696,4
running,64697,64696,64697,1
walking,64726,64697,64726,29
sniffing,64847,64726,64847,121
rearing,64848,64847,64848,1
grooming,65276,64848,65276,428
rearing,65277,65276,65277,1
grooming,65408,65277,65408,131
sniffing,65551,65408,65551,143
hunching,65574,65551,65574,23
rearing,65951,65574,65951,377
climbing,66061,65951,66061,110
walking,66087,66061,66087,26
stepping,66103,66087,66103,16
left_turning,66115,66103,66115,12
stepping,66116,66115,66116,1
climbing,66154,66116,66154,38
sniffing,66198,66154,66198,44
right_turning,66218,66198,66218,20
walking,66267,66218,66267,49
stepping,66294,66267,66294,27
walking,66344,66294,66344,50
trotting,66383,66344,66383,39
walking,66413,66383,66413,30
stepping,66478,66413,66478,65
trotting,66536,66478,66536,58
rearing,66555,66536,66555,19
grooming,66556,66555,66556,1
rising,66580,66556,66580,24
sniffing,66732,66580,66732,152
rising,66740,66732,66740,8
grooming,66741,66740,66741,1
rearing,66820,66741,66820,79
left_turning,66838,66820,66838,18
sniffing,66995,66838,66995,157
stepping,67018,66995,67018,23
sniffing,67044,67018,67044,26
stepping,67114,67044,67114,70
sniffing,67137,67114,67137,23
grooming,67405,67137,67405,268
left_turning,67410,67405,67410,5
grooming,67658,67410,67658,248
sniffing,67975,67658,67975,317
left_turning,67997,67975,67997,22
walking,68088,67997,68088,91
rearing,68140,68088,68140,52
grooming,68353,68140,68353,213
stepping,68390,68353,68390,37
sniffing,68405,68390,68405,15
right_turning,68418,68405,68418,13
walking,68455,68418,68455,37
sniffing,68689,68455,68689,234
left_turning,68768,68689,68768,79
stepping,68803,68768,68803,35
rising,68856,68803,68856,53
climbing,68860,68856,68860,4
running,68861,68860,68861,1
walking,68923,68861,68923,62
sniffing,68924,68923,68924,1
walking,68933,68924,68933,9
grooming,68978,68933,68978,45
rearing,69048,68978,69048,70
left_turning,69066,69048,69066,18
walking,69108,69066,69108,42
sniffing,69197,69108,69197,89
rising,69198,69197,69198,1
sniffing,69199,69198,69199,1
walking,69200,69199,69200,1
sniffing,69201,69200,69201,1
walking,69326,69201,69326,125
sniffing,69448,69326,69448,122
grooming,69973,69448,69973,525
trotting,70028,69973,70028,55
walking,70046,70028,70046,18
sniffing,70131,70046,70131,85
walking,70170,70131,70170,39
left_turning,70213,70170,70213,43
trotting,70225,70213,70225,12
sniffing,70286,70225,70286,61
walking,70343,70286,70343,57
rising,70344,70343,70344,1
sniffing,70431,70344,70431,87
climbing,70432,70431,70432,1
walking,70455,70432,70455,23
sniffing,70583,70455,70583,128
walking,70651,70583,70651,68
sniffing,70652,70651,70652,1
right_turning,70695,70652,70695,43
sniffing,70723,70695,70723,28
walking,70728,70723,70728,5
right_turning,70816,70728,70816,88
sniffing,70817,70816,70817,1
stepping,70819,70817,70819,2
trotting,70851,70819,70851,32
walking,70943,70851,70943,92
right_turning,70961,70943,70961,18
walking,70992,70961,70992,31
right_turning,70993,70992,70993,1
sniffing,70994,70993,70994,1
stepping,71072,70994,71072,78
sniffing,71093,71072,71093,21
stepping,71117,71093,71117,24
grooming,71416,71117,71416,299
hunching,71472,71416,71472,56
sniffing,71504,71472,71504,32
climbing,71554,71504,71554,50
stepping,71577,71554,71577,23
running,71597,71577,71597,20
stepping,71632,71597,71632,35
grooming,71792,71632,71792,160
stepping,71837,71792,71837,45
sniffing,71888,71837,71888,51
running,71931,71888,71931,43
stepping,71958,71931,71958,27
trotting,71975,71958,71975,17
rising,72033,71975,72033,58
sniffing,72034,72033,72034,1
left_turning,72064,72034,72064,30
walking,72102,72064,72102,38
sniffing,72132,72102,72132,30
grooming,72133,72132,72133,1
left_turning,72171,72133,72171,38
walking,72243,72171,72243,72
sniffing,72339,72243,72339,96
walking,72361,72339,72361,22
sniffing,72390,72361,72390,29
trotting,72438,72390,72438,48
rising,72490,72438,72490,52
climbing,72572,72490,72572,82
rising,72573,72572,72573,1
left_turning,72588,72573,72588,15
walking,72603,72588,72603,15
rearing,72609,72603,72609,6
stepping,72610,72609,72610,1
sniffing,72692,72610,72692,82
walking,72693,72692,72693,1
rearing,72731,72693,72731,38
grooming,72891,72731,72891,160
sniffing,72892,72891,72892,1
hunching,72922,72892,72922,30
grooming,72923,72922,72923,1
rearing,73017,72923,73017,94
grooming,73284,73017,73284,267
rising,73296,73284,73296,12
climbing,73413,73296,73413,117
stepping,73495,73413,73495,82
sniffing,73662,73495,73662,167
rising,73666,73662,73666,4
climbing,73776,73666,73776,110
walking,73801,73776,73801,25
left_turning,73816,73801,73816,15
walking,73834,73816,73834,18
sniffing,74094,73834,74094,260
rearing,74154,74094,74154,60
grooming,74155,74154,74155,1
left_turning,74191,74155,74191,36
grooming,74211,74191,74211,20
sniffing,74228,74211,74228,17
running,74282,74228,74282,54
rising,74283,74282,74283,1
grooming,74284,74283,74284,1
rearing,74321,74284,74321,37
grooming,74428,74321,74428,107
rearing,74478,74428,74478,50
left_turning,74528,74478,74528,50
sniffing,74558,74528,74558,30
walking,74601,74558,74601,43
climbing,74692,74601,74692,91
walking,74701,74692,74701,9
stepping,74761,74701,74761,60
walking,74820,74761,74820,59
stepping,74865,74820,74865,45
running,74907,74865,74907,42
trotting,74926,74907,74926,19
rising,75007,74926,75007,81
sniffing,75081,75007,75081,74
rising,75130,75081,75130,49
sniffing,75575,75130,75575,445
walking,75576,75575,75576,1
sniffing,75728,75576,75728,152
rearing,75749,75728,75749,21
climbing,75799,75749,75799,50
trotting,75827,75799,75827,28
stepping,75879,75827,75879,52
walking,75905,75879,75905,26
sniffing,76033,75905,76033,128
left_turning,76066,76033,76066,33
trotting,76109,76066,76109,43
sniffing,76128,76109,76128,19
rearing,76180,76128,76180,52
running,76184,76180,76184,4
walking,76252,76184,76252,68
sniffing,76253,76252,76253,1
left_turning,76259,76253,76259,6
grooming,76260,76259,76260,1
rearing,76299,76260,76299,39
rising,76308,76299,76308,9
climbing,76398,76308,76398,90
walking,76452,76398,76452,54
sniffing,76602,76452,76602,150
grooming,76902,76602,76902,300
climbing,76926,76902,76926,24
stepping,77004,76926,77004,78
sniffing,77005,77004,77005,1
walking,77014,77005,77014,9
sniffing,77051,77014,77051,37
walking,77109,77051,77109,58
sniffing,77110,77109,77110,1
walking,77125,77110,77125,15
trotting,77185,77125,77185,60
sniffing,77191,77185,77191,6
walking,77192,77191,77192,1
rising,77212,77192,77212,20
climbing,77341,77212,77341,129
running,77350,77341,77350,9
stepping,77351,77350,77351,1
grooming,77631,77351,77631,280
trotting,77688,77631,77688,57
sniffing,77789,77688,77789,101
stepping,77790,77789,77790,1
sniffing,77833,77790,77833,43
climbing,77861,77833,77861,28
rearing,77984,77861,77984,123
grooming,78063,77984,78063,79
walking,78087,78063,78087,24
sniffing,78089,78087,78089,2
walking,78149,78089,78149,60
right_turning,78150,78149,78150,1
trotting,78175,78150,78175,25
running,78178,78175,78178,3
rising,78183,78178,78183,5
grooming,78336,78183,78336,153
rising,78346,78336,78346,10
sniffing,78526,78346,78526,180
left_turning,78576,78526,78576,50
walking,78614,78576,78614,38
sniffing,78650,78614,78650,36
grooming,78651,78650,78651,1
left_turning,78652,78651,78652,1
trotting,78684,78652,78684,32
sniffing,78735,78684,78735,51
stepping,78784,78735,78784,49
walking,78835,78784,78835,51
sniffing,78937,78835,78937,102
right_turning,78952,78937,78952,15
sniffing,78953,78952,78953,1
stepping,78989,78953,78989,36
right_turning,78990,78989,78990,1
sniffing,79074,78990,79074,84
walking,79138,79074,79138,64
stepping,79238,79138,79238,100
walking,79239,79238,79239,1
sniffing,79314,79239,79314,75
grooming,79462,79314,79462,148
rising,79473,79462,79473,11
walking,79474,79473,79474,1
sniffing,79507,79474,79507,33
stepping,79534,79507,79534,27
rearing,79623,79534,79623,89
hunching,79673,79623,79673,50
grooming,79869,79673,79869,196
hunching,79870,79869,79870,1
sniffing,79875,79870,79875,5
walking,79905,79875,79905,30
running,79919,79905,79919,14
sniffing,79965,79919,79965,46
grooming,80315,79965,80315,350
climbing,80395,80315,80395,80
rearing,80430,80395,80430,35
sniffing,80614,80430,80614,184
stepping,80623,80614,80623,9
grooming,80857,80623,80857,234
sniffing,80930,80857,80930,73
stepping,80995,80930,80995,65
rising,80996,80995,80996,1
left_turning,81016,80996,81016,20
sniffing,81135,81016,81135,119
stepping,81191,81135,81191,56
rearing,81270,81191,81270,79
left_turning,81280,81270,81280,10
rearing,81298,81280,81298,18
climbing,81337,81298,81337,39
right_turning,81338,81337,81338,1
sniffing,81485,81338,81485,147
stepping,81553,81485,81553,68
rising,81584,81553,81584,31
sniffing,81595,81584,81595,11
rearing,81596,81595,81596,1
rising,81620,81596,81620,24
walking,81629,81620,81629,9
stepping,81649,81629,81649,20
walking,81708,81649,81708,59
stepping,81763,81708,81763,55
rearing,81816,81763,81816,53
sniffing,81817,81816,81817,1
rising,81819,81817,81819,2
sniffing,81820,81819,81820,1
walking,81821,81820,81821,1
sniffing,81959,81821,81959,138
grooming,82149,81959,82149,190
rearing,82201,82149,82201,52
grooming,82265,82201,82265,64
rearing,82266,82265,82266,1
sniffing,82395,82266,82395,129
pausing,82928,82395,82928,533
sniffing,83095,82928,83095,167
stepping,83153,83095,83153,58
rising,83162,83153,83162,9
hunching,83203,83162,83203,41
rearing,83206,83203,83206,3
left_turning,83220,83206,83220,14
sniffing,83281,83220,83281,61
trotting,83312,83281,83312,31
stepping,83354,83312,83354,42
trotting,83396,83354,83396,42
rising,83427,83396,83427,31
grooming,83883,83427,83883,456
rearing,83941,83883,83941,58
hunching,83990,83941,83990,49
grooming,84228,83990,84228,238
sniffing,84229,84228,84229,1
stepping,84286,84229,84286,57
rising,84306,84286,84306,20
climbing,84368,84306,84368,62
running,84374,84368,84374,6
right_turning,84412,84374,84412,38
trotting,84493,84412,84493,81
walking,84572,84493,84572,79
sniffing,84675,84572,84675,103
grooming,84772,84675,84772,97
hunching,84800,84772,84800,28
grooming,84808,84800,84808,8
rising,84838,84808,84838,30
climbing,84839,84838,84839,1
walking,84940,84839,84940,101
scratching,84941,84940,84941,1
sniffing,84968,84941,84968,27
stepping,84977,84968,84977,9
walking,85000,84977,85000,23
stepping,85024,85000,85024,24
rising,85057,85024,85057,33
climbing,85135,85057,85135,78
sniffing,85152,85135,85152,17
rising,85195,85152,85195,43
climbing,85245,85195,85245,50
sniffing,85250,85245,85250,5
pausing,85251,85250,85251,1
sniffing,85602,85251,85602,351
walking,85648,85602,85648,46
sniffing,85649,85648,85649,1
walking,85711,85649,85711,62
stepping,85743,85711,85743,32
walking,85759,85743,85759,16
stepping,85769,85759,85769,10
walking,85824,85769,85824,55
rearing,85825,85824,85825,1
climbing,85915,85825,85915,90
rearing,85990,85915,85990,75
grooming,85991,85990,85991,1
running,86004,85991,86004,13
walking,86008,86004,86008,4
sniffing,86009,86008,86009,1
stepping,86081,86009,86081,72
sniffing,86182,86081,86182,101
pausing,87003,86182,87003,821
sniffing,87020,87003,87020,17
walking,87021,87020,87021,1
sniffing,87136,87021,87136,115
walking,87196,87136,87196,60
trotting,87248,87196,87248,52
stepping,87294,87248,87294,46
rearing,87368,87294,87368,74
grooming,87369,87368,87369,1
walking,87415,87369,87415,46
sniffing,87468,87415,87468,53
stepping,87492,87468,87492,24
rising,87493,87492,87493,1
stepping,87530,87493,87530,37
grooming,87883,87530,87883,353
sniffing,87884,87883,87884,1
stepping,87937,87884,87937,53
sniffing,87953,87937,87953,16
grooming,88198,87953,88198,245
sniffing,88580,88198,88580,382
stepping,88607,88580,88607,27
sniffing,88625,88607,88625,18
grooming,88628,88625,88628,3
walking,88637,88628,88637,9
sniffing,88753,88637,88753,116
rising,88784,88753,88784,31
sniffing,88785,88784,88785,1
grooming,88786,88785,88786,1
rearing,88832,88786,88832,46
climbing,88913,88832,88913,81
rearing,88914,88913,88914,1
climbing,88948,88914,88948,34
trotting,88982,88948,88982,34
rising,89136,88982,89136,154
rearing,89255,89136,89255,119
rising,89272,89255,89272,17
rearing,89313,89272,89313,41
grooming,89314,89313,89314,1
stepping,89347,89314,89347,33
sniffing,89415,89347,89415,68
left_turning,89455,89415,89455,40
walking,89471,89455,89471,16
sniffing,89545,89471,89545,74
running,89564,89545,89564,19
sniffing,89620,89564,89620,56
walking,89736,89620,89736,116
rearing,89802,89736,89802,66
hunching,89803,89802,89803,1
grooming,90146,89803,90146,343
rising,90223,90146,90223,77
hunching,90272,90223,90272,49
rearing,90325,90272,90325,53
climbing,90349,90325,90349,24
walking,90364,90349,90364,15
trotting,90371,90364,90371,7
walking,90415,90371,90415,44
rising,90458,90415,90458,43
walking,90479,90458,90479,21
stepping,90500,90479,90500,21
rising,90595,90500,90595,95
rearing,90675,90595,90675,80
rising,90676,90675,90676,1
left_turning,90733,90676,90733,57
rising,90802,90733,90802,69
stepping,90829,90802,90829,27
climbing,90869,90829,90869,40
left_turning,90893,90869,90893,24
trotting,90928,90893,90928,35
rising,90929,90928,90929,1
walking,90930,90929,90930,1
sniffing,90931,90930,90931,1
rising,91014,90931,91014,83
rearing,91029,91014,91029,15
rising,91033,91029,91033,4
right_turning,91034,91033,91034,1
sniffing,91047,91034,91047,13
stepping,91087,91047,91087,40
sniffing,91088,91087,91088,1
left_turning,91150,91088,91150,62
trotting,91174,91150,91174,24
sniffing,91197,91174,91197,23
rising,91337,91197,91337,140
sniffing,91339,91337,91339,2
rising,91340,91339,91340,1
rearing,91456,91340,91456,116
grooming,91867,91456,91867,411
walking,91903,91867,91903,36
sniffing,91906,91903,91906,3
rising,91908,91906,91908,2
climbing,91922,91908,91922,14
walking,91954,91922,91954,32
rearing,91963,91954,91963,9
rising,91964,91963,91964,1
right_turning,91965,91964,91965,1
running,92001,91965,92001,36
walking,92029,92001,92029,28
sniffing,92107,92029,92107,78
left_turning,92207,92107,92207,100
hunching,92225,92207,92225,18
grooming,92300,92225,92300,75
right_turning,92301,92300,92301,1
sniffing,92372,92301,92372,71
rising,92404,92372,92404,32
sniffing,92510,92404,92510,106
rearing,92511,92510,92511,1
sniffing,92557,92511,92557,46
walking,92603,92557,92603,46
stepping,92644,92603,92644,41
sniffing,92853,92644,92853,209
rising,92867,92853,92867,14
sniffing,92976,92867,92976,109
climbing,93048,92976,93048,72
sniffing,93223,93048,93223,175
rising,93313,93223,93313,90
grooming,93444,93313,93444,131
left_turning,93513,93444,93513,69
sniffing,93541,93513,93541,28
left_turning,93625,93541,93625,84
sniffing,93626,93625,93626,1
right_turning,93656,93626,93656,30
stepping,93706,93656,93706,50
climbing,93765,93706,93765,59
left_turning,93772,93765,93772,7
sniffing,93898,93772,93898,126
stepping,93971,93898,93971,73
walking,93993,93971,93993,22
sniffing,94035,93993,94035,42
rearing,94142,94035,94142,107
hunching,94216,94142,94216,74
rearing,94217,94216,94217,1
walking,94258,94217,94258,41
sniffing,94259,94258,94259,1
walking,94334,94259,94334,75
sniffing,94465,94334,94465,131
rising,94600,94465,94600,135
climbing,94678,94600,94678,78
rearing,94760,94678,94760,82
rising,94761,94760,94761,1
walking,94805,94761,94805,44
sniffing,94824,94805,94824,19
climbing,94837,94824,94837,13
walking,94881,94837,94881,44
sniffing,94999,94881,94999,118
walking,95013,94999,95013,14
trotting,95032,95013,95032,19
walking,95033,95032,95033,1
stepping,95086,95033,95086,53
rising,95088,95086,95088,2
right_turning,95089,95088,95089,1
sniffing,95213,95089,95213,124
grooming,95583,95213,95583,370
pausing,95671,95583,95671,88
left_turning,95731,95671,95731,60
walking,95732,95731,95732,1
left_turning,95813,95732,95813,81
climbing,95814,95813,95814,1
stepping,95855,95814,95855,41
left_turning,95921,95855,95921,66
trotting,95922,95921,95922,1
sniffing,95976,95922,95976,54
climbing,95989,95976,95989,13
left_turning,96048,95989,96048,59
walking,96087,96048,96087,39
trotting,96126,96087,96126,39
walking,96233,96126,96233,107
sniffing,96234,96233,96234,1
rising,96301,96234,96301,67
trotting,96377,96301,96377,76
sniffing,96461,96377,96461,84
stepping,96515,96461,96515,54
rearing,96524,96515,96524,9
climbing,96585,96524,96585,61
left_turning,96624,96585,96624,39
sniffing,96717,96624,96717,93
rising,96753,96717,96753,36
walking,96798,96753,96798,45
grooming,96799,96798,96799,1
rearing,96887,96799,96887,88
climbing,96999,96887,96999,112
grooming,97251,96999,97251,252
stepping,97329,97251,97329,78
sniffing,97430,97329,97430,101
grooming,97512,97430,97512,82
climbing,97636,97512,97636,124
left_turning,97692,97636,97692,56
walking,97714,97692,97714,22
stepping,97729,97714,97729,15
walking,97783,97729,97783,54
stepping,97784,97783,97784,1
walking,97798,97784,97798,14
sniffing,98113,97798,98113,315
rising,98256,98113,98256,143
sniffing,98424,98256,98424,168
rising,98537,98424,98537,113
climbing,98538,98537,98538,1
walking,98568,98538,98568,30
stepping,98588,98568,98588,20
sniffing,98700,98588,98700,112
walking,98717,98700,98717,17
trotting,98787,98717,98787,70
running,98802,98787,98802,15
stepping,98855,98802,98855,53
rearing,98892,98855,98892,37
rising,98902,98892,98902,10
sniffing,98903,98902,98903,1
stepping,98956,98903,98956,53
sniffing,98975,98956,98975,19
walking,99062,98975,99062,87
left_turning,99110,99062,99110,48
trotting,99111,99110,99111,1
stepping,99188,99111,99188,77
sniffing,99236,99188,99236,48
walking,99284,99236,99284,48
rising,99359,99284,99359,75
climbing,99419,99359,99419,60
grooming,99485,99419,99485,66
sniffing,99725,99485,99725,240
grooming,99813,99725,99813,88
rearing,100286,99813,100286,473
grooming,100529,100286,100529,243
rising,100579,100529,100579,50
rearing,100780,100579,100780,201
grooming,100781,100780,100781,1
sniffing,100981,100781,100981,200
stepping,101068,100981,101068,87
rising,101173,101068,101173,105
rearing,101195,101173,101195,22
hunching,101196,101195,101196,1
grooming,101230,101196,101230,34
left_turning,101290,101230,101290,60
walking,101356,101290,101356,66
sniffing,101740,101356,101740,384
grooming,101741,101740,101741,1
trotting,101797,101741,101797,56
sniffing,101877,101797,101877,80
left_turning,101878,101877,101878,1
stepping,101907,101878,101907,29
rising,102047,101907,102047,140
walking,102048,102047,102048,1
sniffing,102234,102048,102234,186
walking,102280,102234,102280,46
sniffing,102394,102280,102394,114
rising,102408,102394,102408,14
climbing,102409,102408,102409,1
trotting,102414,102409,102414,5
sniffing,102591,102414,102591,177
walking,102630,102591,102630,39
sniffing,102647,102630,102647,17
stepping,102680,102647,102680,33
rising,102726,102680,102726,46
rearing,102808,102726,102808,82
rising,102873,102808,102873,65
stepping,102917,102873,102917,44
left_turning,102972,102917,102972,55
walking,102973,102972,102973,1
sniffing,103090,102973,103090,117
rearing,103108,103090,103108,18
stepping,103129,103108,103129,21
sniffing,103300,103129,103300,171
rising,103344,103300,103344,44
grooming,103512,103344,103512,168
hunching,103564,103512,103564,52
grooming,103665,103564,103665,101
rearing,103818,103665,103818,153
rising,103827,103818,103827,9
sniffing,103889,103827,103889,62
walking,103952,103889,103952,63
stepping,104002,103952,104002,50
trotting,104042,104002,104042,40
climbing,104043,104042,104043,1
stepping,104057,104043,104057,14
right_turning,104075,104057,104075,18
stepping,104130,104075,104130,55
sniffing,104356,104130,104356,226
rearing,104357,104356,104357,1
stepping,104369,104357,104369,12
sniffing,104442,104369,104442,73
left_turning,104453,104442,104453,11
grooming,104573,104453,104573,120
sniffing,104904,104573,104904,331
stepping,104975,104904,104975,71
sniffing,105038,104975,105038,63
rearing,105039,105038,105039,1
sniffing,105212,105039,105212,173
rising,105278,105212,105278,66
rearing,105309,105278,105309,31
grooming,105445,105309,105445,136
sniffing,105446,105445,105446,1
rising,105480,105446,105480,34
rearing,105543,105480,105543,63
left_turning,105608,105543,105608,65
running,105637,105608,105637,29
walking,105652,105637,105652,15
stepping,105698,105652,105698,46
trotting,105753,105698,105753,55
stepping,105864,105753,105864,111
sniffing,105966,105864,105966,102
grooming,106161,105966,106161,195
sniffing,106162,106161,106162,1
stepping,106163,106162,106163,1
grooming,106164,106163,106164,1
rearing,106224,106164,106224,60
left_turning,106240,106224,106240,16
running,106241,106240,106241,1
walking,106319,106241,106319,78
sniffing,106414,106319,106414,95
left_turning,106467,106414,106467,53
running,106499,106467,106499,32
rearing,106505,106499,106505,6
hunching,106536,106505,106536,31
left_turning,106591,106536,106591,55
stepping,106645,106591,106645,54
sniffing,106685,106645,106685,40
stepping,106760,106685,106760,75
walking,106761,106760,106761,1
sniffing,106790,106761,106790,29
rising,106822,106790,106822,32
stepping,106823,106822,106823,1
sniffing,106905,106823,106905,82
left_turning,106967,106905,106967,62
walking,107005,106967,107005,38
sniffing,107026,107005,107026,21
rising,107124,107026,107124,98
grooming,107173,107124,107173,49
sniffing,107243,107173,107243,70
walking,107244,107243,107244,1
sniffing,107423,107244,107423,179
stepping,107450,107423,107450,27
jumping,107451,107450,107451,1
grooming,107496,107451,107496,45
rising,107507,107496,107507,11
sniffing,107622,107507,107622,115
grooming,107691,107622,107691,69
hunching,107751,107691,107751,60
rearing,107752,107751,107752,1
right_turning,107785,107752,107785,33
stepping,107822,107785,107822,37
right_turning,107825,107822,107825,3
stepping,107849,107825,107849,24
grooming,108000,107849,108000,151
