revised_movement_label,segBoundary,segBoundary_start,segBoundary_end,length
rising,18,0,18,18
sniffing,88,18,88,70
left_turning,144,88,144,56
stepping,145,144,145,1
running,152,145,152,7
rising,217,152,217,65
stepping,254,217,254,37
grooming,255,254,255,1
left_turning,272,255,272,17
walking,428,272,428,156
sniffing,489,428,489,61
rising,491,489,491,2
rearing,492,491,492,1
rising,513,492,513,21
sniffing,514,513,514,1
stepping,560,514,560,46
sniffing,750,560,750,190
left_turning,751,750,751,1
stepping,752,751,752,1
sniffing,785,752,785,33
stepping,860,785,860,75
sniffing,861,860,861,1
rising,901,861,901,40
sniffing,996,901,996,95
grooming,1127,996,1127,131
hunching,1151,1127,1151,24
left_turning,1152,1151,1152,1
stepping,1212,1152,1212,60
trotting,1247,1212,1247,35
stepping,1284,1247,1284,37
sniffing,1321,1284,1321,37
walking,1371,1321,1371,50
stepping,1384,1371,1384,13
sniffing,1419,1384,1419,35
left_turning,1482,1419,1482,63
walking,1568,1482,1568,86
trotting,1608,1568,1608,40
walking,1626,1608,1626,18
trotting,1660,1626,1660,34
running,1701,1660,1701,41
trotting,1732,1701,1732,31
stepping,1743,1732,1743,11
trotting,1765,1743,1765,22
stepping,1797,1765,1797,32
walking,1844,1797,1844,47
left_turning,1873,1844,1873,29
walking,1993,1873,1993,120
trotting,2039,1993,2039,46
running,2073,2039,2073,34
walking,2074,2073,2074,1
rising,2078,2074,2078,4
walking,2092,2078,2092,14
running,2110,2092,2110,18
sniffing,2144,2110,2144,34
grooming,2145,2144,2145,1
climbing,2167,2145,2167,22
hunching,2226,2167,2226,59
grooming,2476,2226,2476,250
rearing,2477,2476,2477,1
grooming,2551,2477,2551,74
sniffing,2585,2551,2585,34
stepping,2679,2585,2679,94
sniffing,2774,2679,2774,95
grooming,2928,2774,2928,154
sniffing,2988,2928,2988,60
grooming,3066,2988,3066,78
rising,3103,3066,3103,37
climbing,3115,3103,3115,12
grooming,3342,3115,3342,227
rearing,3343,3342,3343,1
grooming,3610,3343,3610,267
climbing,3660,3610,3660,50
sniffing,3661,3660,3661,1
stepping,3672,3661,3672,11
walking,3735,3672,3735,63
stepping,3793,3735,3793,58
right_turning,3806,3793,3806,13
walking,3906,3806,3906,100
sniffing,3911,3906,3911,5
stepping,3980,3911,3980,69
walking,4054,3980,4054,74
grooming,4093,4054,4093,39
sniffing,4175,4093,4175,82
rising,4176,4175,4176,1
stepping,4229,4176,4229,53
sniffing,4297,4229,4297,68
left_turning,4326,4297,4326,29
sniffing,4376,4326,4376,50
rising,4399,4376,4399,23
walking,4459,4399,4459,60
sniffing,4460,4459,4460,1
grooming,4570,4460,4570,110
sniffing,4610,4570,4610,40
rising,4644,4610,4644,34
rearing,4645,4644,4645,1
grooming,5004,4645,5004,359
walking,5043,5004,5043,39
sniffing,5184,5043,5184,141
right_turning,5237,5184,5237,53
sniffing,5483,5237,5483,246
climbing,5520,5483,5520,37
right_turning,5567,5520,5567,47
walking,5619,5567,5619,52
running,5631,5619,5631,12
right_turning,5668,5631,5668,37
running,5676,5668,5676,8
trotting,5721,5676,5721,45
stepping,5757,5721,5757,36
walking,5846,5757,5846,89
stepping,5851,5846,5851,5
sniffing,5852,5851,5852,1
stepping,5910,5852,5910,58
walking,5977,5910,5977,67
sniffing,6035,5977,6035,58
walking,6174,6035,6174,139
rising,6228,6174,6228,54
grooming,6275,6228,6275,47
sniffing,6524,6275,6524,249
grooming,6559,6524,6559,35
rising,6632,6559,6632,73
sniffing,6705,6632,6705,73
walking,6817,6705,6817,112
sniffing,6954,6817,6954,137
left_turning,7017,6954,7017,63
stepping,7066,7017,7066,49
rising,7067,7066,7067,1
grooming,7068,7067,7068,1
sniffing,7113,7068,7113,45
left_turning,7141,7113,7141,28
sniffing,7142,7141,7142,1
rising,7143,7142,7143,1
left_turning,7169,7143,7169,26
sniffing,7220,7169,7220,51
walking,7226,7220,7226,6
sniffing,7295,7226,7295,69
rising,7346,7295,7346,51
sniffing,7401,7346,7401,55
walking,7476,7401,7476,75
rising,7512,7476,7512,36
sniffing,7610,7512,7610,98
grooming,7616,7610,7616,6
rising,7673,7616,7673,57
sniffing,7681,7673,7681,8
walking,7698,7681,7698,17
stepping,7752,7698,7752,54
walking,7793,7752,7793,41
sniffing,7826,7793,7826,33
walking,7857,7826,7857,31
sniffing,7877,7857,7877,20
walking,7926,7877,7926,49
trotting,7966,7926,7966,40
stepping,8014,7966,8014,48
rising,8046,8014,8046,32
climbing,8131,8046,8131,85
sniffing,8159,8131,8159,28
right_turning,8206,8159,8206,47
rising,8244,8206,8244,38
rearing,8336,8244,8336,92
sniffing,8388,8336,8388,52
stepping,8443,8388,8443,55
sniffing,8501,8443,8501,58
hunching,8535,8501,8535,34
rising,8550,8535,8550,15
trotting,8584,8550,8584,34
sniffing,8686,8584,8686,102
rising,8687,8686,8687,1
grooming,8755,8687,8755,68
walking,8840,8755,8840,85
sniffing,8882,8840,8882,42
walking,8950,8882,8950,68
sniffing,9088,8950,9088,138
stepping,9091,9088,9091,3
climbing,9143,9091,9143,52
grooming,9160,9143,9160,17
stepping,9182,9160,9182,22
right_turning,9184,9182,9184,2
sniffing,9364,9184,9364,180
running,9380,9364,9380,16
stepping,9389,9380,9389,9
sniffing,9471,9389,9471,82
grooming,9626,9471,9626,155
hunching,9627,9626,9627,1
rising,9667,9627,9667,40
sniffing,9879,9667,9879,212
grooming,9899,9879,9899,20
hunching,9902,9899,9902,3
grooming,9903,9902,9903,1
walking,9942,9903,9942,39
sniffing,9943,9942,9943,1
stepping,9970,9943,9970,27
walking,10089,9970,10089,119
stepping,10173,10089,10173,84
sniffing,10174,10173,10174,1
climbing,10283,10174,10283,109
left_turning,10284,10283,10284,1
stepping,10346,10284,10346,62
rising,10347,10346,10347,1
trotting,10351,10347,10351,4
sniffing,10379,10351,10379,28
walking,10401,10379,10401,22
sniffing,10402,10401,10402,1
rising,10449,10402,10449,47
climbing,10538,10449,10538,89
trotting,10563,10538,10563,25
stepping,10659,10563,10659,96
walking,10773,10659,10773,114
sniffing,10789,10773,10789,16
grooming,10945,10789,10945,156
hunching,11008,10945,11008,63
grooming,11053,11008,11053,45
rearing,11094,11053,11094,41
grooming,11300,11094,11300,206
stepping,11317,11300,11317,17
left_turning,11355,11317,11355,38
running,11375,11355,11375,20
stepping,11410,11375,11410,35
trotting,11444,11410,11444,34
walking,11450,11444,11450,6
stepping,11451,11450,11451,1
walking,11517,11451,11517,66
stepping,11570,11517,11570,53
sniffing,11571,11570,11571,1
left_turning,11572,11571,11572,1
stepping,11589,11572,11589,17
grooming,11676,11589,11676,87
stepping,11744,11676,11744,68
climbing,11787,11744,11787,43
rearing,11806,11787,11806,19
sniffing,11878,11806,11878,72
grooming,11879,11878,11879,1
sniffing,11891,11879,11891,12
stepping,11979,11891,11979,88
rising,12022,11979,12022,43
hunching,12067,12022,12067,45
grooming,12068,12067,12068,1
stepping,12095,12068,12095,27
sniffing,12175,12095,12175,80
left_turning,12233,12175,12233,58
stepping,12240,12233,12240,7
rising,12257,12240,12257,17
sniffing,12310,12257,12310,53
grooming,12314,12310,12314,4
hunching,12364,12314,12364,50
rearing,12416,12364,12416,52
sniffing,12432,12416,12432,16
left_turning,12446,12432,12446,14
rearing,12465,12446,12465,19
left_turning,12494,12465,12494,29
walking,12529,12494,12529,35
sniffing,12565,12529,12565,36
stepping,12611,12565,12611,46
sniffing,12647,12611,12647,36
stepping,12663,12647,12663,16
walking,12724,12663,12724,61
sniffing,12725,12724,12725,1
stepping,12781,12725,12781,56
grooming,13018,12781,13018,237
climbing,13139,13018,13139,121
walking,13183,13139,13183,44
stepping,13259,13183,13259,76
sniffing,13318,13259,13318,59
rising,13399,13318,13399,81
rearing,13452,13399,13452,53
grooming,13572,13452,13572,120
climbing,13636,13572,13636,64
sniffing,13654,13636,13654,18
walking,13716,13654,13716,62
grooming,13788,13716,13788,72
sniffing,13797,13788,13797,9
grooming,13881,13797,13881,84
climbing,13925,13881,13925,44
grooming,14041,13925,14041,116
sniffing,14205,14041,14205,164
stepping,14250,14205,14250,45
sniffing,14251,14250,14251,1
rising,14252,14251,14252,1
rearing,14258,14252,14258,6
grooming,14435,14258,14435,177
walking,14472,14435,14472,37
trotting,14534,14472,14534,62
sniffing,14620,14534,14620,86
rearing,14634,14620,14634,14
grooming,14635,14634,14635,1
left_turning,14636,14635,14636,1
walking,14659,14636,14659,23
stepping,14697,14659,14697,38
sniffing,14698,14697,14698,1
rising,14699,14698,14699,1
rearing,14740,14699,14740,41
right_turning,14773,14740,14773,33
grooming,14822,14773,14822,49
sniffing,14823,14822,14823,1
trotting,14895,14823,14895,72
rising,14949,14895,14949,54
sniffing,14950,14949,14950,1
trotting,14959,14950,14959,9
walking,14960,14959,14960,1
rising,15028,14960,15028,68
walking,15109,15028,15109,81
sniffing,15141,15109,15141,32
grooming,15170,15141,15170,29
right_turning,15172,15170,15172,2
walking,15259,15172,15259,87
sniffing,15274,15259,15274,15
rising,15322,15274,15322,48
rearing,15323,15322,15323,1
climbing,15380,15323,15380,57
sniffing,15457,15380,15457,77
left_turning,15519,15457,15519,62
grooming,15520,15519,15520,1
hunching,15534,15520,15534,14
grooming,15583,15534,15583,49
climbing,15603,15583,15603,20
grooming,15727,15603,15727,124
rearing,15778,15727,15778,51
left_turning,15799,15778,15799,21
running,15841,15799,15841,42
grooming,15941,15841,15941,100
sniffing,15942,15941,15942,1
stepping,15997,15942,15997,55
sniffing,16053,15997,16053,56
trotting,16113,16053,16113,60
sniffing,16114,16113,16114,1
rearing,16145,16114,16145,31
stepping,16182,16145,16182,37
rearing,16222,16182,16222,40
grooming,16223,16222,16223,1
sniffing,16236,16223,16236,13
stepping,16254,16236,16254,18
grooming,16320,16254,16320,66
sniffing,16389,16320,16389,69
running,16410,16389,16410,21
rearing,16418,16410,16418,8
hunching,16466,16418,16466,48
rearing,16623,16466,16623,157
grooming,16665,16623,16665,42
rearing,16708,16665,16708,43
hunching,16776,16708,16776,68
rearing,16809,16776,16809,33
grooming,16810,16809,16810,1
walking,16871,16810,16871,61
sniffing,16908,16871,16908,37
trotting,16950,16908,16950,42
walking,17032,16950,17032,82
sniffing,17033,17032,17033,1
grooming,17094,17033,17094,61
walking,17095,17094,17095,1
stepping,17102,17095,17102,7
sniffing,17171,17102,17171,69
stepping,17220,17171,17220,49
sniffing,17320,17220,17320,100
left_turning,17387,17320,17387,67
walking,17395,17387,17395,8
stepping,17448,17395,17448,53
climbing,17491,17448,17491,43
rearing,17553,17491,17553,62
grooming,17740,17553,17740,187
sniffing,17832,17740,17832,92
left_turning,17855,17832,17855,23
trotting,17922,17855,17922,67
right_turning,18014,17922,18014,92
stepping,18046,18014,18046,32
grooming,18234,18046,18234,188
sniffing,18288,18234,18288,54
walking,18343,18288,18343,55
sniffing,18344,18343,18344,1
rearing,18388,18344,18388,44
right_turning,18391,18388,18391,3
rising,18402,18391,18402,11
left_turning,18403,18402,18403,1
walking,18404,18403,18404,1
stepping,18457,18404,18457,53
sniffing,18542,18457,18542,85
stepping,18602,18542,18602,60
walking,18699,18602,18699,97
rearing,18742,18699,18742,43
climbing,18833,18742,18833,91
left_turning,18851,18833,18851,18
sniffing,18852,18851,18852,1
left_turning,18902,18852,18902,50
sniffing,19010,18902,19010,108
stepping,19051,19010,19051,41
rising,19052,19051,19052,1
sniffing,19060,19052,19060,8
grooming,19163,19060,19163,103
trotting,19223,19163,19223,60
grooming,19229,19223,19229,6
climbing,19281,19229,19281,52
stepping,19309,19281,19309,28
rearing,19399,19309,19399,90
rising,19429,19399,19429,30
rearing,19480,19429,19480,51
grooming,19542,19480,19542,62
walking,19553,19542,19553,11
sniffing,19571,19553,19571,18
grooming,19572,19571,19572,1
hunching,19636,19572,19636,64
sniffing,19707,19636,19707,71
walking,19708,19707,19708,1
sniffing,19772,19708,19772,64
running,19804,19772,19804,32
stepping,19836,19804,19836,32
sniffing,19872,19836,19872,36
left_turning,19910,19872,19910,38
walking,19960,19910,19960,50
trotting,19976,19960,19976,16
sniffing,19977,19976,19977,1
rising,19978,19977,19978,1
grooming,20094,19978,20094,116
climbing,20161,20094,20161,67
rearing,20224,20161,20224,63
hunching,20225,20224,20225,1
rising,20268,20225,20268,43
left_turning,20274,20268,20274,6
rising,20326,20274,20326,52
running,20385,20326,20385,59
trotting,20396,20385,20396,11
sniffing,20411,20396,20411,15
trotting,20450,20411,20450,39
sniffing,20574,20450,20574,124
grooming,20777,20574,20777,203
hunching,20778,20777,20778,1
sniffing,20877,20778,20877,99
stepping,20937,20877,20937,60
trotting,21001,20937,21001,64
walking,21032,21001,21032,31
stepping,21070,21032,21070,38
grooming,21071,21070,21071,1
rearing,21125,21071,21125,54
walking,21130,21125,21130,5
sniffing,21155,21130,21155,25
grooming,21188,21155,21188,33
stepping,21212,21188,21212,24
grooming,21213,21212,21213,1
trotting,21222,21213,21222,9
sniffing,21258,21222,21258,36
stepping,21333,21258,21333,75
sniffing,21376,21333,21376,43
rearing,21391,21376,21391,15
rising,21432,21391,21432,41
walking,21490,21432,21490,58
sniffing,21561,21490,21561,71
rearing,21562,21561,21562,1
climbing,21637,21562,21637,75
grooming,21825,21637,21825,188
rearing,21846,21825,21846,21
grooming,22028,21846,22028,182
running,22060,22028,22060,32
grooming,22174,22060,22174,114
stepping,22232,22174,22232,58
walking,22235,22232,22235,3
right_turning,22236,22235,22236,1
running,22253,22236,22253,17
walking,22334,22253,22334,81
sniffing,22383,22334,22383,49
rearing,22435,22383,22435,52
rising,22439,22435,22439,4
grooming,22440,22439,22440,1
sniffing,22499,22440,22499,59
walking,22515,22499,22515,16
stepping,22534,22515,22534,19
sniffing,22573,22534,22573,39
rising,22611,22573,22611,38
walking,22632,22611,22632,21
trotting,22645,22632,22645,13
sniffing,22734,22645,22734,89
grooming,22735,22734,22735,1
rising,22809,22735,22809,74
sniffing,22864,22809,22864,55
walking,22912,22864,22912,48
running,22946,22912,22946,34
rising,22983,22946,22983,37
hunching,23016,22983,23016,33
rising,23017,23016,23017,1
left_turning,23065,23017,23065,48
stepping,23097,23065,23097,32
sniffing,23167,23097,23167,70
rising,23211,23167,23211,44
stepping,23212,23211,23212,1
grooming,23213,23212,23213,1
rearing,23225,23213,23225,12
climbing,23348,23225,23348,123
left_turning,23349,23348,23349,1
trotting,23412,23349,23412,63
running,23435,23412,23435,23
rearing,23436,23435,23436,1
hunching,23480,23436,23480,44
rearing,23481,23480,23481,1
climbing,23482,23481,23482,1
grooming,23541,23482,23541,59
trotting,23563,23541,23563,22
left_turning,23566,23563,23566,3
stepping,23614,23566,23614,48
sniffing,23615,23614,23615,1
grooming,23779,23615,23779,164
rearing,23795,23779,23795,16
stepping,23836,23795,23836,41
rising,23849,23836,23849,13
sniffing,23850,23849,23850,1
walking,23879,23850,23879,29
rising,23881,23879,23881,2
climbing,24018,23881,24018,137
stepping,24088,24018,24088,70
sniffing,24120,24088,24120,32
left_turning,24163,24120,24163,43
stepping,24181,24163,24181,18
trotting,24206,24181,24206,25
right_turning,24217,24206,24217,11
grooming,24218,24217,24218,1
walking,24257,24218,24257,39
stepping,24295,24257,24295,38
walking,24299,24295,24299,4
sniffing,24352,24299,24352,53
walking,24398,24352,24398,46
rising,24399,24398,24399,1
climbing,24463,24399,24463,64
stepping,24502,24463,24502,39
sniffing,24516,24502,24516,14
stepping,24568,24516,24568,52
left_turning,24603,24568,24603,35
grooming,24641,24603,24641,38
left_turning,24702,24641,24702,61
rising,24754,24702,24754,52
walking,24765,24754,24765,11
rearing,24915,24765,24915,150
grooming,25220,24915,25220,305
rearing,25274,25220,25274,54
hunching,25275,25274,25275,1
grooming,25414,25275,25414,139
walking,25502,25414,25502,88
climbing,25545,25502,25545,43
grooming,25693,25545,25693,148
sniffing,25719,25693,25719,26
stepping,25798,25719,25798,79
sniffing,25799,25798,25799,1
stepping,25826,25799,25826,27
hunching,25878,25826,25878,52
rearing,25929,25878,25929,51
hunching,25964,25929,25964,35
climbing,26030,25964,26030,66
rising,26031,26030,26031,1
climbing,26032,26031,26032,1
rising,26057,26032,26057,25
sniffing,26058,26057,26058,1
grooming,26353,26058,26353,295
rearing,26368,26353,26368,15
sniffing,26526,26368,26526,158
stepping,26527,26526,26527,1
sniffing,26560,26527,26560,33
rising,26561,26560,26561,1
sniffing,26639,26561,26639,78
stepping,26668,26639,26668,29
sniffing,26759,26668,26759,91
climbing,26808,26759,26808,49
walking,26826,26808,26826,18
sniffing,26874,26826,26874,48
rearing,26900,26874,26900,26
left_turning,26940,26900,26940,40
grooming,27220,26940,27220,280
rearing,27270,27220,27270,50
stepping,27316,27270,27316,46
walking,27374,27316,27374,58
sniffing,27446,27374,27446,72
left_turning,27528,27446,27528,82
scratching,27529,27528,27529,1
grooming,27582,27529,27582,53
rearing,27583,27582,27583,1
walking,27638,27583,27638,55
sniffing,27639,27638,27639,1
right_turning,27676,27639,27676,37
running,27677,27676,27677,1
sniffing,27678,27677,27678,1
right_turning,27692,27678,27692,14
stepping,27736,27692,27736,44
grooming,27737,27736,27737,1
climbing,27778,27737,27778,41
running,27804,27778,27804,26
walking,27805,27804,27805,1
sniffing,27889,27805,27889,84
rising,27890,27889,27890,1
grooming,27954,27890,27954,64
hunching,27955,27954,27955,1
grooming,27973,27955,27973,18
scratching,27974,27973,27974,1
grooming,28000,27974,28000,26
sniffing,28001,28000,28001,1
rising,28032,28001,28032,31
grooming,28166,28032,28166,134
rearing,28167,28166,28167,1
hunching,28168,28167,28168,1
rearing,28169,28168,28169,1
stepping,28191,28169,28191,22
trotting,28192,28191,28192,1
sniffing,28193,28192,28193,1
climbing,28204,28193,28204,11
walking,28255,28204,28255,51
trotting,28261,28255,28261,6
walking,28291,28261,28291,30
grooming,28406,28291,28406,115
climbing,28471,28406,28471,65
rearing,28479,28471,28479,8
grooming,28615,28479,28615,136
scratching,28616,28615,28616,1
sniffing,28636,28616,28636,20
stepping,28679,28636,28679,43
rising,28680,28679,28680,1
sniffing,28681,28680,28681,1
stepping,28745,28681,28745,64
sniffing,28809,28745,28809,64
stepping,28819,28809,28819,10
grooming,28960,28819,28960,141
trotting,28965,28960,28965,5
sniffing,29012,28965,29012,47
climbing,29013,29012,29013,1
grooming,29047,29013,29047,34
hunching,29112,29047,29112,65
grooming,29113,29112,29113,1
walking,29143,29113,29143,30
rising,29144,29143,29144,1
sniffing,29199,29144,29199,55
grooming,29231,29199,29231,32
scratching,29232,29231,29232,1
left_turning,29242,29232,29242,10
running,29258,29242,29258,16
rising,29294,29258,29294,36
rearing,29354,29294,29354,60
stepping,29389,29354,29389,35
sniffing,29465,29389,29465,76
grooming,29553,29465,29553,88
climbing,29604,29553,29604,51
grooming,29698,29604,29698,94
rising,29706,29698,29706,8
climbing,29753,29706,29753,47
running,29763,29753,29763,10
sniffing,29834,29763,29834,71
rising,29901,29834,29901,67
sniffing,30107,29901,30107,206
walking,30141,30107,30141,34
sniffing,30257,30141,30257,116
climbing,30342,30257,30342,85
grooming,30343,30342,30343,1
sniffing,30347,30343,30347,4
climbing,30417,30347,30417,70
rearing,30452,30417,30452,35
grooming,30453,30452,30453,1
hunching,30490,30453,30490,37
grooming,30491,30490,30491,1
rising,30571,30491,30571,80
stepping,30584,30571,30584,13
walking,30671,30584,30671,87
trotting,30694,30671,30694,23
left_turning,30706,30694,30706,12
trotting,30735,30706,30735,29
walking,30768,30735,30768,33
trotting,30792,30768,30792,24
sniffing,30851,30792,30851,59
rising,30927,30851,30927,76
walking,30975,30927,30975,48
rising,30976,30975,30976,1
sniffing,31061,30976,31061,85
rising,31102,31061,31102,41
rearing,31207,31102,31207,105
grooming,31247,31207,31247,40
rearing,31335,31247,31335,88
grooming,31336,31335,31336,1
left_turning,31381,31336,31381,45
trotting,31391,31381,31391,10
stepping,31451,31391,31451,60
sniffing,31607,31451,31607,156
rearing,31660,31607,31660,53
grooming,31854,31660,31854,194
rearing,31884,31854,31884,30
climbing,31967,31884,31967,83
sniffing,32196,31967,32196,229
rearing,32307,32196,32307,111
hunching,32312,32307,32312,5
grooming,32313,32312,32313,1
sniffing,32393,32313,32393,80
walking,32442,32393,32442,49
rearing,32511,32442,32511,69
stepping,32556,32511,32556,45
sniffing,32647,32556,32647,91
grooming,32648,32647,32648,1
running,32668,32648,32668,20
rising,32669,32668,32669,1
rearing,32693,32669,32693,24
climbing,32740,32693,32740,47
sniffing,32833,32740,32833,93
rising,32840,32833,32840,7
grooming,32938,32840,32938,98
hunching,32967,32938,32967,29
rearing,32968,32967,32968,1
grooming,33045,32968,33045,77
rising,33098,33045,33098,53
rearing,33183,33098,33183,85
left_turning,33209,33183,33209,26
stepping,33223,33209,33223,14
walking,33297,33223,33297,74
right_turning,33310,33297,33310,13
walking,33414,33310,33414,104
stepping,33472,33414,33472,58
rearing,33518,33472,33518,46
grooming,33920,33518,33920,402
sniffing,33953,33920,33953,33
left_turning,33990,33953,33990,37
rearing,34050,33990,34050,60
climbing,34149,34050,34149,99
right_turning,34189,34149,34189,40
trotting,34207,34189,34207,18
sniffing,34208,34207,34208,1
walking,34209,34208,34209,1
stepping,34266,34209,34266,57
sniffing,34289,34266,34289,23
walking,34341,34289,34341,52
stepping,34354,34341,34354,13
walking,34400,34354,34400,46
sniffing,34507,34400,34507,107
rearing,34508,34507,34508,1
left_turning,34535,34508,34535,27
walking,34574,34535,34574,39
stepping,34625,34574,34625,51
climbing,34641,34625,34641,16
running,34652,34641,34652,11
walking,34653,34652,34653,1
rising,34677,34653,34677,24
walking,34678,34677,34678,1
rising,34722,34678,34722,44
climbing,34774,34722,34774,52
rearing,34775,34774,34775,1
left_turning,34838,34775,34838,63
trotting,34849,34838,34849,11
rising,34850,34849,34850,1
stepping,34900,34850,34900,50
sniffing,34978,34900,34978,78
stepping,34995,34978,34995,17
walking,35033,34995,35033,38
stepping,35067,35033,35067,34
sniffing,35209,35067,35209,142
left_turning,35219,35209,35219,10
walking,35272,35219,35272,53
sniffing,35334,35272,35334,62
left_turning,35367,35334,35367,33
walking,35368,35367,35368,1
left_turning,35443,35368,35443,75
sniffing,35444,35443,35444,1
right_turning,35482,35444,35482,38
stepping,35531,35482,35531,49
grooming,35612,35531,35612,81
hunching,35653,35612,35653,41
grooming,35723,35653,35723,70
walking,35741,35723,35741,18
stepping,35771,35741,35771,30
left_turning,35812,35771,35812,41
sniffing,35845,35812,35845,33
left_turning,35861,35845,35861,16
rising,35890,35861,35890,29
climbing,36042,35890,36042,152
running,36056,36042,36056,14
walking,36093,36056,36093,37
stepping,36106,36093,36106,13
walking,36111,36106,36111,5
sniffing,36224,36111,36224,113
stepping,36256,36224,36256,32
sniffing,36301,36256,36301,45
grooming,36465,36301,36465,164
rearing,36566,36465,36566,101
climbing,36698,36566,36698,132
left_turning,36737,36698,36737,39
grooming,36866,36737,36866,129
hunching,36888,36866,36888,22
grooming,36889,36888,36889,1
sniffing,36944,36889,36944,55
grooming,37265,36944,37265,321
sniffing,37414,37265,37414,149
stepping,37502,37414,37502,88
sniffing,37503,37502,37503,1
rising,37598,37503,37598,95
climbing,37628,37598,37628,30
rearing,37629,37628,37629,1
trotting,37675,37629,37675,46
sniffing,37677,37675,37677,2
stepping,37706,37677,37706,29
sniffing,37707,37706,37707,1
stepping,37749,37707,37749,42
sniffing,37785,37749,37785,36
stepping,37806,37785,37806,21
sniffing,37958,37806,37958,152
right_turning,37964,37958,37964,6
sniffing,38093,37964,38093,129
rising,38095,38093,38095,2
sniffing,38192,38095,38192,97
rising,38211,38192,38211,19
rearing,38232,38211,38232,21
hunching,38233,38232,38233,1
grooming,38234,38233,38234,1
scratching,38235,38234,38235,1
stepping,38282,38235,38282,47
grooming,38394,38282,38394,112
stepping,38479,38394,38479,85
rearing,38546,38479,38546,67
grooming,38695,38546,38695,149
rising,38731,38695,38731,36
grooming,38732,38731,38732,1
rising,38743,38732,38743,11
sniffing,38799,38743,38799,56
walking,38841,38799,38841,42
stepping,38899,38841,38899,58
rearing,39016,38899,39016,117
grooming,39036,39016,39036,20
rearing,39053,39036,39053,17
sniffing,39094,39053,39094,41
stepping,39145,39094,39145,51
sniffing,39157,39145,39157,12
left_turning,39275,39157,39275,118
grooming,39525,39275,39525,250
left_turning,39544,39525,39544,19
stepping,39609,39544,39609,65
right_turning,39671,39609,39671,62
walking,39722,39671,39722,51
stepping,39804,39722,39804,82
sniffing,39945,39804,39945,141
rising,39995,39945,39995,50
grooming,40131,39995,40131,136
left_turning,40196,40131,40196,65
sniffing,40206,40196,40206,10
rearing,40314,40206,40314,108
sniffing,40499,40314,40499,185
rising,40502,40499,40502,3
climbing,40536,40502,40536,34
walking,40592,40536,40592,56
stepping,40599,40592,40599,7
right_turning,40608,40599,40608,9
left_turning,40634,40608,40634,26
sniffing,40680,40634,40680,46
grooming,40734,40680,40734,54
stepping,40788,40734,40788,54
sniffing,41017,40788,41017,229
grooming,41035,41017,41035,18
rearing,41036,41035,41036,1
climbing,41117,41036,41117,81
left_turning,41131,41117,41131,14
right_turning,41144,41131,41144,13
sniffing,41145,41144,41145,1
grooming,41201,41145,41201,56
right_turning,41240,41201,41240,39
walking,41258,41240,41258,18
stepping,41301,41258,41301,43
rising,41368,41301,41368,67
sniffing,41505,41368,41505,137
walking,41531,41505,41531,26
sniffing,41532,41531,41532,1
stepping,41561,41532,41561,29
walking,41633,41561,41633,72
sniffing,41646,41633,41646,13
trotting,41686,41646,41686,40
rising,41722,41686,41722,36
walking,41804,41722,41804,82
stepping,41841,41804,41841,37
walking,41905,41841,41905,64
sniffing,41954,41905,41954,49
rising,42014,41954,42014,60
rearing,42076,42014,42076,62
grooming,42145,42076,42145,69
walking,42179,42145,42179,34
sniffing,42232,42179,42232,53
walking,42274,42232,42274,42
stepping,42328,42274,42328,54
walking,42371,42328,42371,43
sniffing,42507,42371,42507,136
stepping,42539,42507,42539,32
walking,42585,42539,42585,46
stepping,42632,42585,42632,47
sniffing,42703,42632,42703,71
walking,42709,42703,42709,6
sniffing,42829,42709,42829,120
left_turning,42851,42829,42851,22
stepping,42899,42851,42899,48
sniffing,43029,42899,43029,130
walking,43058,43029,43058,29
stepping,43065,43058,43065,7
sniffing,43121,43065,43121,56
left_turning,43242,43121,43242,121
rearing,43320,43242,43320,78
sniffing,43389,43320,43389,69
stepping,43426,43389,43426,37
sniffing,43427,43426,43427,1
left_turning,43488,43427,43488,61
running,43489,43488,43489,1
trotting,43536,43489,43536,47
sniffing,43734,43536,43734,198
climbing,43813,43734,43813,79
walking,43865,43813,43865,52
sniffing,43930,43865,43930,65
right_turning,43950,43930,43950,20
stepping,43973,43950,43973,23
walking,43995,43973,43995,22
stepping,44066,43995,44066,71
sniffing,44158,44066,44158,92
right_turning,44216,44158,44216,58
stepping,44218,44216,44218,2
rearing,44289,44218,44289,71
grooming,44388,44289,44388,99
hunching,44454,44388,44454,66
sniffing,44505,44454,44505,51
stepping,44576,44505,44576,71
sniffing,44592,44576,44592,16
grooming,44722,44592,44722,130
climbing,44739,44722,44739,17
left_turning,44777,44739,44777,38
walking,44795,44777,44795,18
stepping,44802,44795,44802,7
sniffing,44906,44802,44906,104
grooming,44907,44906,44907,1
scratching,44908,44907,44908,1
grooming,44911,44908,44911,3
rising,44947,44911,44947,36
left_turning,45021,44947,45021,74
walking,45081,45021,45081,60
sniffing,45131,45081,45131,50
grooming,45440,45131,45440,309
scratching,45441,45440,45441,1
stepping,45502,45441,45502,61
rising,45554,45502,45554,52
grooming,45679,45554,45679,125
trotting,45706,45679,45706,27
walking,45707,45706,45707,1
stepping,45726,45707,45726,19
walking,45772,45726,45772,46
sniffing,45773,45772,45773,1
left_turning,45774,45773,45774,1
hunching,45779,45774,45779,5
grooming,45861,45779,45861,82
rising,45862,45861,45862,1
climbing,45921,45862,45921,59
rising,45942,45921,45942,21
sniffing,46004,45942,46004,62
grooming,46005,46004,46005,1
rearing,46021,46005,46021,16
rising,46035,46021,46035,14
sniffing,46148,46035,46148,113
left_turning,46225,46148,46225,77
stepping,46280,46225,46280,55
sniffing,46340,46280,46340,60
trotting,46364,46340,46364,24
sniffing,46462,46364,46462,98
rising,46494,46462,46494,32
climbing,46580,46494,46580,86
stepping,46595,46580,46595,15
rising,46608,46595,46608,13
sniffing,46697,46608,46697,89
grooming,46765,46697,46765,68
sniffing,46830,46765,46830,65
stepping,46858,46830,46858,28
grooming,47090,46858,47090,232
sniffing,47134,47090,47134,44
walking,47254,47134,47254,120
sniffing,47255,47254,47255,1
climbing,47291,47255,47291,36
left_turning,47335,47291,47335,44
sniffing,47390,47335,47390,55
stepping,47419,47390,47419,29
sniffing,47493,47419,47493,74
left_turning,47554,47493,47554,61
running,47585,47554,47585,31
walking,47632,47585,47632,47
trotting,47647,47632,47647,15
walking,47676,47647,47676,29
sniffing,47891,47676,47891,215
rearing,47937,47891,47937,46
grooming,48221,47937,48221,284
hunching,48291,48221,48291,70
grooming,48347,48291,48347,56
rising,48355,48347,48355,8
sniffing,48424,48355,48424,69
climbing,48486,48424,48486,62
left_turning,48546,48486,48546,60
rising,48560,48546,48560,14
sniffing,48632,48560,48632,72
scratching,48633,48632,48633,1
stepping,48676,48633,48676,43
walking,48762,48676,48762,86
sniffing,48798,48762,48798,36
climbing,48837,48798,48837,39
grooming,48858,48837,48858,21
stepping,48868,48858,48868,10
sniffing,48881,48868,48881,13
rearing,48882,48881,48882,1
stepping,48938,48882,48938,56
walking,48995,48938,48995,57
running,49023,48995,49023,28
stepping,49065,49023,49065,42
walking,49095,49065,49095,30
trotting,49128,49095,49128,33
sniffing,49312,49128,49312,184
rising,49313,49312,49313,1
grooming,49341,49313,49341,28
rearing,49401,49341,49401,60
sniffing,49466,49401,49466,65
rising,49472,49466,49472,6
sniffing,49476,49472,49476,4
walking,49545,49476,49545,69
sniffing,49667,49545,49667,122
trotting,49703,49667,49703,36
walking,49732,49703,49732,29
sniffing,49733,49732,49733,1
walking,49745,49733,49745,12
sniffing,49746,49745,49746,1
stepping,49765,49746,49765,19
walking,49829,49765,49829,64
left_turning,49866,49829,49866,37
walking,49923,49866,49923,57
rising,49985,49923,49985,62
sniffing,50082,49985,50082,97
walking,50083,50082,50083,1
sniffing,50090,50083,50090,7
grooming,50832,50090,50832,742
rearing,50843,50832,50843,11
rising,50879,50843,50879,36
climbing,50901,50879,50901,22
grooming,51048,50901,51048,147
rearing,51068,51048,51068,20
hunching,51069,51068,51069,1
scratching,51070,51069,51070,1
sniffing,51178,51070,51178,108
grooming,51324,51178,51324,146
hunching,51325,51324,51325,1
grooming,51705,51325,51705,380
right_turning,51749,51705,51749,44
stepping,51776,51749,51776,27
climbing,51821,51776,51821,45
grooming,51832,51821,51832,11
rising,51849,51832,51849,17
left_turning,51883,51849,51883,34
stepping,51926,51883,51926,43
sniffing,51940,51926,51940,14
walking,51960,51940,51960,20
stepping,52030,51960,52030,70
walking,52058,52030,52058,28
stepping,52062,52058,52062,4
walking,52096,52062,52096,34
sniffing,52097,52096,52097,1
scratching,52098,52097,52098,1
grooming,52099,52098,52099,1
rearing,52156,52099,52156,57
climbing,52505,52156,52505,349
grooming,52669,52505,52669,164
left_turning,52670,52669,52670,1
walking,52688,52670,52688,18
rearing,52689,52688,52689,1
grooming,53098,52689,53098,409
trotting,53118,53098,53118,20
walking,53156,53118,53156,38
sniffing,53157,53156,53157,1
walking,53230,53157,53230,73
running,53248,53230,53248,18
sniffing,53291,53248,53291,43
grooming,53340,53291,53340,49
sniffing,53368,53340,53368,28
walking,53415,53368,53415,47
sniffing,53673,53415,53673,258
stepping,53699,53673,53699,26
sniffing,53707,53699,53707,8
walking,53785,53707,53785,78
sniffing,53888,53785,53888,103
stepping,53938,53888,53938,50
sniffing,54142,53938,54142,204
walking,54272,54142,54272,130
sniffing,54326,54272,54326,54
rising,54352,54326,54352,26
sniffing,54410,54352,54410,58
grooming,54500,54410,54500,90
stepping,54515,54500,54515,15
sniffing,54609,54515,54609,94
stepping,54651,54609,54651,42
walking,54879,54651,54879,228
stepping,54906,54879,54906,27
walking,54913,54906,54913,7
stepping,54956,54913,54956,43
sniffing,55003,54956,55003,47
rising,55058,55003,55058,55
climbing,55124,55058,55124,66
right_turning,55125,55124,55125,1
stepping,55159,55125,55159,34
rising,55258,55159,55258,99
walking,55259,55258,55259,1
stepping,55260,55259,55260,1
sniffing,55380,55260,55380,120
walking,55439,55380,55439,59
rearing,55485,55439,55485,46
rising,55495,55485,55495,10
climbing,55550,55495,55550,55
sniffing,55551,55550,55551,1
walking,55568,55551,55568,17
stepping,55600,55568,55600,32
sniffing,55631,55600,55631,31
left_turning,55634,55631,55634,3
sniffing,55702,55634,55702,68
left_turning,55741,55702,55741,39
walking,55864,55741,55864,123
sniffing,55865,55864,55865,1
left_turning,55897,55865,55897,32
sniffing,55971,55897,55971,74
walking,55995,55971,55995,24
sniffing,55996,55995,55996,1
walking,56114,55996,56114,118
right_turning,56127,56114,56127,13
sniffing,56128,56127,56128,1
grooming,56129,56128,56129,1
walking,56193,56129,56193,64
sniffing,56332,56193,56332,139
left_turning,56334,56332,56334,2
trotting,56366,56334,56366,32
rearing,56367,56366,56367,1
rising,56432,56367,56432,65
sniffing,56479,56432,56479,47
stepping,56480,56479,56480,1
grooming,56481,56480,56481,1
stepping,56482,56481,56482,1
sniffing,56483,56482,56483,1
grooming,56484,56483,56484,1
climbing,56551,56484,56551,67
left_turning,56594,56551,56594,43
sniffing,56680,56594,56680,86
right_turning,56727,56680,56727,47
rising,56754,56727,56754,27
rearing,56764,56754,56764,10
left_turning,56817,56764,56817,53
sniffing,56948,56817,56948,131
rearing,56987,56948,56987,39
stepping,57024,56987,57024,37
sniffing,57114,57024,57114,90
left_turning,57182,57114,57182,68
walking,57191,57182,57191,9
grooming,57440,57191,57440,249
sniffing,57470,57440,57470,30
stepping,57560,57470,57560,90
sniffing,57658,57560,57658,98
stepping,57692,57658,57692,34
trotting,57711,57692,57711,19
walking,57796,57711,57796,85
sniffing,57797,57796,57797,1
stepping,57830,57797,57830,33
left_turning,57855,57830,57855,25
walking,57932,57855,57932,77
sniffing,58034,57932,58034,102
running,58039,58034,58039,5
climbing,58052,58039,58052,13
rearing,58190,58052,58190,138
left_turning,58212,58190,58212,22
walking,58254,58212,58254,42
climbing,58287,58254,58287,33
trotting,58288,58287,58288,1
walking,58342,58288,58342,54
sniffing,58506,58342,58506,164
walking,58589,58506,58589,83
right_turning,58590,58589,58590,1
sniffing,58679,58590,58679,89
left_turning,58706,58679,58706,27
sniffing,58730,58706,58730,24
stepping,58744,58730,58744,14
walking,58808,58744,58808,64
stepping,58848,58808,58848,40
jumping,59060,58848,59060,212
trotting,59082,59060,59082,22
stepping,59107,59082,59107,25
sniffing,59159,59107,59159,52
walking,59174,59159,59174,15
sniffing,59175,59174,59175,1
scratching,59176,59175,59176,1
grooming,59286,59176,59286,110
hunching,59340,59286,59340,54
grooming,59375,59340,59375,35
rearing,59436,59375,59436,61
rising,59487,59436,59487,51
right_turning,59510,59487,59510,23
sniffing,59612,59510,59612,102
stepping,59684,59612,59684,72
sniffing,59756,59684,59756,72
stepping,59764,59756,59764,8
walking,59813,59764,59813,49
stepping,59859,59813,59859,46
grooming,59915,59859,59915,56
hunching,59956,59915,59956,41
sniffing,60114,59956,60114,158
stepping,60158,60114,60158,44
right_turning,60160,60158,60160,2
walking,60171,60160,60171,11
stepping,60221,60171,60221,50
right_turning,60270,60221,60270,49
sniffing,60411,60270,60411,141
walking,60491,60411,60491,80
left_turning,60503,60491,60503,12
grooming,60663,60503,60663,160
left_turning,60675,60663,60675,12
sniffing,60753,60675,60753,78
grooming,60754,60753,60754,1
climbing,60897,60754,60897,143
rearing,60917,60897,60917,20
grooming,60918,60917,60918,1
walking,61013,60918,61013,95
sniffing,61045,61013,61045,32
rising,61102,61045,61102,57
sniffing,61169,61102,61169,67
scratching,61170,61169,61170,1
sniffing,61171,61170,61171,1
walking,61310,61171,61310,139
stepping,61329,61310,61329,19
right_turning,61338,61329,61338,9
sniffing,61434,61338,61434,96
climbing,61481,61434,61481,47
left_turning,61509,61481,61509,28
sniffing,61580,61509,61580,71
grooming,61603,61580,61603,23
sniffing,61692,61603,61692,89
rearing,61802,61692,61802,110
grooming,61845,61802,61845,43
rearing,61868,61845,61868,23
grooming,62094,61868,62094,226
hunching,62095,62094,62095,1
sniffing,62151,62095,62151,56
grooming,62152,62151,62152,1
stepping,62203,62152,62203,51
walking,62244,62203,62244,41
stepping,62245,62244,62245,1
sniffing,62451,62245,62451,206
rearing,62519,62451,62519,68
stepping,62564,62519,62564,45
sniffing,62851,62564,62851,287
stepping,62858,62851,62858,7
rising,62912,62858,62912,54
rearing,62944,62912,62944,32
grooming,63075,62944,63075,131
rearing,63203,63075,63203,128
hunching,63269,63203,63269,66
rising,63399,63269,63399,130
climbing,63400,63399,63400,1
sniffing,63436,63400,63436,36
stepping,63469,63436,63469,33
hunching,63513,63469,63513,44
rising,63525,63513,63525,12
climbing,63544,63525,63544,19
rising,63569,63544,63569,25
grooming,63695,63569,63695,126
sniffing,63696,63695,63696,1
rising,63715,63696,63715,19
sniffing,63849,63715,63849,134
rearing,63850,63849,63850,1
climbing,63946,63850,63946,96
rearing,63947,63946,63947,1
grooming,64193,63947,64193,246
rising,64194,64193,64194,1
rearing,64280,64194,64280,86
grooming,64369,64280,64369,89
rising,64426,64369,64426,57
left_turning,64427,64426,64427,1
walking,64439,64427,64439,12
sniffing,64493,64439,64493,54
rising,64494,64493,64494,1
rearing,64534,64494,64534,40
grooming,64549,64534,64549,15
sniffing,64647,64549,64647,98
walking,64733,64647,64733,86
stepping,64786,64733,64786,53
trotting,64801,64786,64801,15
sniffing,64857,64801,64857,56
stepping,64874,64857,64874,17
sniffing,65026,64874,65026,152
stepping,65047,65026,65047,21
sniffing,65068,65047,65068,21
grooming,65256,65068,65256,188
sniffing,65346,65256,65346,90
walking,65347,65346,65347,1
sniffing,65384,65347,65384,37
running,65393,65384,65393,9
sniffing,65466,65393,65466,73
grooming,65584,65466,65584,118
rearing,65654,65584,65654,70
climbing,65825,65654,65825,171
sniffing,66045,65825,66045,220
left_turning,66046,66045,66046,1
sniffing,66047,66046,66047,1
stepping,66116,66047,66116,69
sniffing,66144,66116,66144,28
stepping,66215,66144,66215,71
sniffing,66238,66215,66238,23
stepping,66239,66238,66239,1
sniffing,66254,66239,66254,15
walking,66305,66254,66305,51
stepping,66353,66305,66353,48
sniffing,66354,66353,66354,1
stepping,66355,66354,66355,1
sniffing,66423,66355,66423,68
climbing,66424,66423,66424,1
left_turning,66507,66424,66507,83
sniffing,66533,66507,66533,26
scratching,66534,66533,66534,1
right_turning,66538,66534,66538,4
sniffing,66601,66538,66601,63
left_turning,66602,66601,66602,1
trotting,66635,66602,66635,33
walking,66695,66635,66695,60
climbing,66741,66695,66741,46
rising,66805,66741,66805,64
sniffing,66899,66805,66899,94
running,66912,66899,66912,13
sniffing,67052,66912,67052,140
stepping,67073,67052,67073,21
walking,67106,67073,67106,33
sniffing,67107,67106,67107,1
hunching,67124,67107,67124,17
rearing,67125,67124,67125,1
climbing,67136,67125,67136,11
walking,67149,67136,67149,13
trotting,67195,67149,67195,46
sniffing,67221,67195,67221,26
grooming,67605,67221,67605,384
trotting,67654,67605,67654,49
sniffing,67655,67654,67655,1
stepping,67736,67655,67736,81
rising,67737,67736,67737,1
rearing,67756,67737,67756,19
sniffing,67847,67756,67847,91
left_turning,67909,67847,67909,62
walking,67910,67909,67910,1
sniffing,67954,67910,67954,44
right_turning,67979,67954,67979,25
walking,67985,67979,67985,6
climbing,68073,67985,68073,88
grooming,68780,68073,68780,707
right_turning,68781,68780,68781,1
stepping,68827,68781,68827,46
right_turning,68865,68827,68865,38
walking,68889,68865,68889,24
trotting,68947,68889,68947,58
stepping,68972,68947,68972,25
rearing,69012,68972,69012,40
climbing,69092,69012,69092,80
rising,69093,69092,69093,1
rearing,69171,69093,69171,78
hunching,69196,69171,69196,25
rearing,69276,69196,69276,80
grooming,69878,69276,69878,602
sniffing,69912,69878,69912,34
right_turning,69913,69912,69913,1
walking,69960,69913,69960,47
stepping,69987,69960,69987,27
rearing,69988,69987,69988,1
sniffing,70000,69988,70000,12
scratching,70001,70000,70001,1
left_turning,70048,70001,70048,47
sniffing,70049,70048,70049,1
right_turning,70052,70049,70052,3
sniffing,70154,70052,70154,102
rearing,70216,70154,70216,62
grooming,70235,70216,70235,19
sniffing,70236,70235,70236,1
walking,70298,70236,70298,62
rising,70332,70298,70332,34
sniffing,70534,70332,70534,202
left_turning,70588,70534,70588,54
rearing,70589,70588,70589,1
grooming,70828,70589,70828,239
hunching,70829,70828,70829,1
rearing,70853,70829,70853,24
grooming,71045,70853,71045,192
rearing,71066,71045,71066,21
climbing,71157,71066,71157,91
rearing,71158,71157,71158,1
grooming,72201,71158,72201,1043
climbing,72305,72201,72305,104
stepping,72328,72305,72328,23
rearing,72378,72328,72378,50
grooming,72605,72378,72605,227
rearing,72705,72605,72705,100
climbing,72713,72705,72713,8
left_turning,72747,72713,72747,34
grooming,72951,72747,72951,204
rising,72983,72951,72983,32
scratching,72984,72983,72984,1
stepping,73055,72984,73055,71
walking,73056,73055,73056,1
sniffing,73144,73056,73144,88
rising,73236,73144,73236,92
grooming,73341,73236,73341,105
hunching,73381,73341,73381,40
grooming,73382,73381,73382,1
rearing,73399,73382,73399,17
sniffing,73549,73399,73549,150
stepping,73550,73549,73550,1
walking,73641,73550,73641,91
sniffing,73801,73641,73801,160
trotting,73837,73801,73837,36
grooming,74383,73837,74383,546
rearing,74394,74383,74394,11
grooming,74681,74394,74681,287
climbing,74762,74681,74762,81
rearing,74809,74762,74809,47
hunching,74810,74809,74810,1
sniffing,74944,74810,74944,134
walking,74993,74944,74993,49
sniffing,74994,74993,74994,1
rising,75013,74994,75013,19
climbing,75154,75013,75154,141
rearing,75212,75154,75212,58
grooming,75241,75212,75241,29
sniffing,75311,75241,75311,70
stepping,75337,75311,75337,26
walking,75394,75337,75394,57
sniffing,75402,75394,75402,8
rising,75432,75402,75432,30
grooming,75654,75432,75654,222
right_turning,75655,75654,75655,1
rearing,75699,75655,75699,44
grooming,75700,75699,75700,1
climbing,75701,75700,75701,1
rearing,75751,75701,75751,50
climbing,75913,75751,75913,162
left_turning,75918,75913,75918,5
trotting,75942,75918,75942,24
stepping,75970,75942,75970,28
grooming,76152,75970,76152,182
right_turning,76187,76152,76187,35
walking,76188,76187,76188,1
rising,76189,76188,76189,1
walking,76190,76189,76190,1
rearing,76191,76190,76191,1
walking,76205,76191,76205,14
climbing,76206,76205,76206,1
rearing,76208,76206,76208,2
grooming,76465,76208,76465,257
sniffing,76500,76465,76500,35
rising,76519,76500,76519,19
rearing,76554,76519,76554,35
grooming,76555,76554,76555,1
rearing,76581,76555,76581,26
grooming,76582,76581,76582,1
rearing,76733,76582,76733,151
hunching,76765,76733,76765,32
climbing,76785,76765,76785,20
walking,76805,76785,76805,20
sniffing,76806,76805,76806,1
walking,76822,76806,76822,16
sniffing,76942,76822,76942,120
grooming,77037,76942,77037,95
sniffing,77068,77037,77068,31
left_turning,77076,77068,77076,8
running,77077,77076,77077,1
climbing,77183,77077,77183,106
grooming,77213,77183,77213,30
right_turning,77243,77213,77243,30
walking,77283,77243,77283,40
rearing,77284,77283,77284,1
grooming,77328,77284,77328,44
sniffing,77329,77328,77329,1
rising,77420,77329,77420,91
hunching,77464,77420,77464,44
rearing,77489,77464,77489,25
grooming,77490,77489,77490,1
rearing,77534,77490,77534,44
hunching,77584,77534,77584,50
grooming,77610,77584,77610,26
rearing,77628,77610,77628,18
grooming,77641,77628,77641,13
stepping,77716,77641,77716,75
climbing,77802,77716,77802,86
trotting,77845,77802,77845,43
walking,77894,77845,77894,49
sniffing,77895,77894,77895,1
rearing,77950,77895,77950,55
rising,77956,77950,77956,6
sniffing,77992,77956,77992,36
stepping,78050,77992,78050,58
rearing,78072,78050,78072,22
grooming,78208,78072,78208,136
walking,78216,78208,78216,8
climbing,78224,78216,78224,8
walking,78238,78224,78238,14
rising,78273,78238,78273,35
walking,78312,78273,78312,39
right_turning,78352,78312,78352,40
walking,78421,78352,78421,69
sniffing,78422,78421,78422,1
left_turning,78436,78422,78436,14
running,78447,78436,78447,11
walking,78458,78447,78458,11
running,78494,78458,78494,36
climbing,78589,78494,78589,95
grooming,78836,78589,78836,247
sniffing,78886,78836,78886,50
grooming,78887,78886,78887,1
rising,78888,78887,78888,1
walking,78962,78888,78962,74
sniffing,78963,78962,78963,1
walking,78964,78963,78964,1
rising,78971,78964,78971,7
climbing,78998,78971,78998,27
rearing,79004,78998,79004,6
climbing,79088,79004,79088,84
grooming,79193,79088,79193,105
left_turning,79194,79193,79194,1
grooming,79404,79194,79404,210
rearing,79469,79404,79469,65
grooming,79788,79469,79788,319
left_turning,79853,79788,79853,65
trotting,79877,79853,79877,24
sniffing,80050,79877,80050,173
rising,80104,80050,80104,54
stepping,80179,80104,80179,75
climbing,80180,80179,80180,1
trotting,80192,80180,80192,12
walking,80225,80192,80225,33
climbing,80284,80225,80284,59
sniffing,80285,80284,80285,1
rising,80408,80285,80408,123
climbing,80431,80408,80431,23
rearing,80455,80431,80455,24
grooming,80820,80455,80820,365
rearing,80912,80820,80912,92
rising,80948,80912,80948,36
rearing,80968,80948,80968,20
grooming,80969,80968,80969,1
sniffing,81091,80969,81091,122
trotting,81144,81091,81144,53
walking,81206,81144,81206,62
sniffing,81207,81206,81207,1
grooming,81575,81207,81575,368
sniffing,81576,81575,81576,1
walking,81609,81576,81609,33
sniffing,81692,81609,81692,83
walking,81757,81692,81757,65
sniffing,81797,81757,81797,40
running,81811,81797,81811,14
rearing,81843,81811,81843,32
hunching,81882,81843,81882,39
grooming,82169,81882,82169,287
scratching,82170,82169,82170,1
grooming,82171,82170,82171,1
rising,82172,82171,82172,1
rearing,82212,82172,82212,40
stepping,82220,82212,82220,8
sniffing,82256,82220,82256,36
stepping,82312,82256,82312,56
sniffing,82321,82312,82321,9
rising,82339,82321,82339,18
sniffing,82408,82339,82408,69
walking,82446,82408,82446,38
climbing,82466,82446,82466,20
walking,82478,82466,82478,12
sniffing,82613,82478,82613,135
trotting,82645,82613,82645,32
stepping,82682,82645,82682,37
walking,82779,82682,82779,97
stepping,82834,82779,82834,55
rising,82835,82834,82835,1
rearing,82836,82835,82836,1
running,82848,82836,82848,12
walking,82849,82848,82849,1
sniffing,82929,82849,82929,80
right_turning,82961,82929,82961,32
sniffing,83000,82961,83000,39
walking,83030,83000,83030,30
stepping,83040,83030,83040,10
sniffing,83059,83040,83059,19
rising,83060,83059,83060,1
rearing,83113,83060,83113,53
grooming,83409,83113,83409,296
rearing,83425,83409,83425,16
grooming,83764,83425,83764,339
stepping,83822,83764,83822,58
sniffing,83857,83822,83857,35
grooming,83975,83857,83975,118
left_turning,84037,83975,84037,62
rising,84091,84037,84091,54
climbing,84169,84091,84169,78
trotting,84239,84169,84239,70
walking,84338,84239,84338,99
sniffing,84366,84338,84366,28
walking,84398,84366,84398,32
trotting,84428,84398,84428,30
sniffing,84482,84428,84482,54
walking,84537,84482,84537,55
rearing,84538,84537,84538,1
right_turning,84541,84538,84541,3
sniffing,84542,84541,84542,1
walking,84582,84542,84582,40
sniffing,84583,84582,84583,1
rising,84584,84583,84584,1
rearing,84604,84584,84604,20
climbing,84679,84604,84679,75
grooming,84720,84679,84720,41
walking,84768,84720,84768,48
stepping,84790,84768,84790,22
sniffing,85031,84790,85031,241
grooming,85032,85031,85032,1
rearing,85117,85032,85117,85
grooming,85372,85117,85372,255
rearing,85377,85372,85377,5
stepping,85404,85377,85404,27
sniffing,85466,85404,85466,62
grooming,85676,85466,85676,210
rearing,85718,85676,85718,42
climbing,85719,85718,85719,1
sniffing,85720,85719,85720,1
grooming,85945,85720,85945,225
left_turning,85957,85945,85957,12
trotting,85975,85957,85975,18
rising,86016,85975,86016,41
rearing,86052,86016,86052,36
climbing,86104,86052,86104,52
running,86121,86104,86121,17
walking,86159,86121,86159,38
climbing,86160,86159,86160,1
sniffing,86274,86160,86274,114
left_turning,86325,86274,86325,51
trotting,86368,86325,86368,43
walking,86430,86368,86430,62
sniffing,86517,86430,86517,87
walking,86572,86517,86572,55
sniffing,86591,86572,86591,19
hunching,86671,86591,86671,80
rearing,86879,86671,86879,208
sniffing,86896,86879,86896,17
stepping,86936,86896,86936,40
grooming,87312,86936,87312,376
hunching,87327,87312,87327,15
left_turning,87354,87327,87354,27
walking,87397,87354,87397,43
trotting,87435,87397,87435,38
sniffing,87485,87435,87485,50
right_turning,87486,87485,87486,1
stepping,87552,87486,87552,66
sniffing,87618,87552,87618,66
rising,87651,87618,87651,33
sniffing,87761,87651,87761,110
walking,87784,87761,87784,23
stepping,87824,87784,87824,40
sniffing,87825,87824,87825,1
walking,87857,87825,87857,32
sniffing,87969,87857,87969,112
left_turning,87970,87969,87970,1
stepping,87986,87970,87986,16
rearing,87987,87986,87987,1
climbing,88096,87987,88096,109
rising,88097,88096,88097,1
rearing,88130,88097,88130,33
climbing,88196,88130,88196,66
stepping,88232,88196,88232,36
sniffing,88233,88232,88233,1
walking,88234,88233,88234,1
trotting,88257,88234,88257,23
sniffing,88258,88257,88258,1
stepping,88273,88258,88273,15
rising,88282,88273,88282,9
rearing,88283,88282,88283,1
grooming,88284,88283,88284,1
walking,88292,88284,88292,8
sniffing,88360,88292,88360,68
grooming,88361,88360,88361,1
rearing,88440,88361,88440,79
hunching,88494,88440,88494,54
climbing,88539,88494,88539,45
right_turning,88540,88539,88540,1
walking,88570,88540,88570,30
stepping,88651,88570,88651,81
sniffing,88685,88651,88685,34
walking,88690,88685,88690,5
sniffing,88839,88690,88839,149
stepping,88877,88839,88877,38
rising,88879,88877,88879,2
sniffing,88880,88879,88880,1
rising,88940,88880,88940,60
rearing,89218,88940,89218,278
sniffing,89250,89218,89250,32
walking,89287,89250,89287,37
sniffing,89366,89287,89366,79
grooming,89897,89366,89897,531
scratching,89898,89897,89898,1
sniffing,89982,89898,89982,84
rearing,90042,89982,90042,60
climbing,90077,90042,90077,35
rearing,90162,90077,90162,85
rising,90163,90162,90163,1
stepping,90177,90163,90177,14
sniffing,90298,90177,90298,121
rising,90299,90298,90299,1
hunching,90367,90299,90367,68
grooming,90433,90367,90433,66
pausing,90505,90433,90505,72
sniffing,90557,90505,90557,52
rising,90619,90557,90619,62
sniffing,90620,90619,90620,1
stepping,90658,90620,90658,38
grooming,90867,90658,90867,209
walking,90868,90867,90868,1
sniffing,91160,90868,91160,292
stepping,91179,91160,91179,19
sniffing,91200,91179,91200,21
rising,91201,91200,91201,1
sniffing,91202,91201,91202,1
walking,91285,91202,91285,83
sniffing,91310,91285,91310,25
right_turning,91357,91310,91357,47
walking,91401,91357,91401,44
rising,91413,91401,91413,12
sniffing,91414,91413,91414,1
walking,91461,91414,91461,47
rearing,91504,91461,91504,43
hunching,91546,91504,91546,42
sniffing,91574,91546,91574,28
stepping,91631,91574,91631,57
sniffing,91688,91631,91688,57
rising,91759,91688,91759,71
stepping,91761,91759,91761,2
sniffing,91762,91761,91762,1
walking,91810,91762,91810,48
sniffing,91811,91810,91811,1
walking,91894,91811,91894,83
sniffing,91973,91894,91973,79
climbing,92027,91973,92027,54
sniffing,92046,92027,92046,19
right_turning,92091,92046,92091,45
sniffing,92145,92091,92145,54
stepping,92210,92145,92210,65
sniffing,92215,92210,92215,5
grooming,92216,92215,92216,1
sniffing,92217,92216,92217,1
rearing,92376,92217,92376,159
stepping,92387,92376,92387,11
rearing,92388,92387,92388,1
grooming,92389,92388,92389,1
rearing,92414,92389,92414,25
rising,92500,92414,92500,86
grooming,92607,92500,92607,107
hunching,92608,92607,92608,1
left_turning,92673,92608,92673,65
stepping,92725,92673,92725,52
sniffing,92847,92725,92847,122
left_turning,92892,92847,92892,45
walking,92946,92892,92946,54
sniffing,93050,92946,93050,104
walking,93111,93050,93111,61
climbing,93112,93111,93112,1
rearing,93184,93112,93184,72
grooming,93633,93184,93633,449
walking,93671,93633,93671,38
sniffing,93796,93671,93796,125
left_turning,93871,93796,93871,75
sniffing,94058,93871,94058,187
left_turning,94073,94058,94073,15
stepping,94099,94073,94099,26
sniffing,94100,94099,94100,1
stepping,94161,94100,94161,61
rising,94216,94161,94216,55
rearing,94238,94216,94238,22
stepping,94293,94238,94293,55
walking,94360,94293,94360,67
trotting,94368,94360,94368,8
sniffing,94369,94368,94369,1
grooming,94515,94369,94515,146
sniffing,94707,94515,94707,192
walking,94770,94707,94770,63
sniffing,94774,94770,94774,4
walking,94864,94774,94864,90
stepping,94899,94864,94899,35
walking,94935,94899,94935,36
stepping,95012,94935,95012,77
walking,95067,95012,95067,55
trotting,95094,95067,95094,27
stepping,95141,95094,95141,47
rearing,95197,95141,95197,56
climbing,95300,95197,95300,103
rearing,95371,95300,95371,71
grooming,95412,95371,95412,41
rearing,95468,95412,95468,56
rising,95494,95468,95494,26
sniffing,95651,95494,95651,157
rearing,95681,95651,95681,30
grooming,95737,95681,95737,56
scratching,95738,95737,95738,1
running,95767,95738,95767,29
walking,95799,95767,95799,32
sniffing,95800,95799,95800,1
rearing,95860,95800,95860,60
stepping,95940,95860,95940,80
sniffing,96011,95940,96011,71
rearing,96074,96011,96074,63
climbing,96215,96074,96215,141
rearing,96348,96215,96348,133
grooming,96349,96348,96349,1
sniffing,96409,96349,96409,60
left_turning,96445,96409,96445,36
sniffing,96519,96445,96519,74
rising,96753,96519,96753,234
sniffing,96765,96753,96765,12
right_turning,96769,96765,96769,4
sniffing,96805,96769,96805,36
walking,96887,96805,96887,82
stepping,96906,96887,96906,19
rising,96971,96906,96971,65
climbing,97036,96971,97036,65
right_turning,97044,97036,97044,8
stepping,97045,97044,97045,1
rearing,97076,97045,97076,31
rising,97096,97076,97096,20
grooming,97237,97096,97237,141
rising,97292,97237,97292,55
rearing,97293,97292,97293,1
rising,97376,97293,97376,83
rearing,97441,97376,97441,65
left_turning,97476,97441,97476,35
walking,97526,97476,97526,50
rearing,97598,97526,97598,72
grooming,97721,97598,97721,123
hunching,97749,97721,97749,28
grooming,98161,97749,98161,412
climbing,98171,98161,98171,10
rising,98177,98171,98177,6
rearing,98178,98177,98178,1
grooming,98311,98178,98311,133
rearing,98461,98311,98461,150
rising,98530,98461,98530,69
walking,98537,98530,98537,7
climbing,98581,98537,98581,44
left_turning,98659,98581,98659,78
trotting,98662,98659,98662,3
grooming,98806,98662,98806,144
rising,98807,98806,98807,1
sniffing,98912,98807,98912,105
rising,98942,98912,98942,30
climbing,98943,98942,98943,1
sniffing,99008,98943,99008,65
rising,99023,99008,99023,15
sniffing,99167,99023,99167,144
stepping,99176,99167,99176,9
walking,99177,99176,99177,1
stepping,99187,99177,99187,10
rearing,99237,99187,99237,50
hunching,99298,99237,99298,61
sniffing,99331,99298,99331,33
stepping,99355,99331,99355,24
walking,99427,99355,99427,72
trotting,99446,99427,99446,19
rising,99568,99446,99568,122
sniffing,99580,99568,99580,12
climbing,99686,99580,99686,106
sniffing,99709,99686,99709,23
stepping,99753,99709,99753,44
sniffing,99759,99753,99759,6
climbing,99773,99759,99773,14
rearing,99907,99773,99907,134
stepping,99951,99907,99951,44
sniffing,100133,99951,100133,182
rising,100137,100133,100137,4
rearing,100164,100137,100164,27
sniffing,100226,100164,100226,62
stepping,100270,100226,100270,44
sniffing,100471,100270,100471,201
left_turning,100529,100471,100529,58
sniffing,100649,100529,100649,120
rising,100746,100649,100746,97
sniffing,100934,100746,100934,188
walking,100986,100934,100986,52
climbing,101024,100986,101024,38
grooming,101025,101024,101025,1
stepping,101070,101025,101070,45
sniffing,101164,101070,101164,94
hunching,101210,101164,101210,46
grooming,101323,101210,101323,113
left_turning,101368,101323,101368,45
sniffing,101542,101368,101542,174
walking,101613,101542,101613,71
stepping,101662,101613,101662,49
rearing,101728,101662,101728,66
rising,101800,101728,101800,72
grooming,102110,101800,102110,310
rearing,102191,102110,102191,81
climbing,102193,102191,102193,2
walking,102196,102193,102196,3
rising,102214,102196,102214,18
rearing,102659,102214,102659,445
grooming,102660,102659,102660,1
scratching,102661,102660,102661,1
grooming,102790,102661,102790,129
left_turning,102791,102790,102791,1
walking,102839,102791,102839,48
climbing,103028,102839,103028,189
left_turning,103073,103028,103073,45
sniffing,103275,103073,103275,202
rising,103336,103275,103336,61
sniffing,103337,103336,103337,1
grooming,103338,103337,103338,1
stepping,103376,103338,103376,38
sniffing,103377,103376,103377,1
left_turning,103442,103377,103442,65
hunching,103451,103442,103451,9
grooming,103620,103451,103620,169
climbing,103698,103620,103698,78
right_turning,103761,103698,103761,63
walking,103806,103761,103806,45
stepping,103864,103806,103864,58
sniffing,103915,103864,103915,51
left_turning,103955,103915,103955,40
walking,104000,103955,104000,45
sniffing,104081,104000,104081,81
rising,104082,104081,104082,1
grooming,104159,104082,104159,77
rearing,104194,104159,104194,35
sniffing,104210,104194,104210,16
running,104220,104210,104220,10
sniffing,104276,104220,104276,56
walking,104277,104276,104277,1
rising,104306,104277,104306,29
grooming,104426,104306,104426,120
climbing,104595,104426,104595,169
trotting,104606,104595,104606,11
walking,104650,104606,104650,44
right_turning,104665,104650,104665,15
walking,104712,104665,104712,47
sniffing,104713,104712,104713,1
stepping,104824,104713,104824,111
walking,104872,104824,104872,48
stepping,104998,104872,104998,126
grooming,105100,104998,105100,102
rearing,105101,105100,105101,1
sniffing,105102,105101,105102,1
rising,105105,105102,105105,3
rearing,105133,105105,105133,28
sniffing,105134,105133,105134,1
walking,105207,105134,105207,73
stepping,105237,105207,105237,30
walking,105247,105237,105247,10
sniffing,105339,105247,105339,92
left_turning,105373,105339,105373,34
sniffing,105474,105373,105474,101
rising,105502,105474,105502,28
hunching,105563,105502,105563,61
grooming,105564,105563,105564,1
rising,105614,105564,105614,50
sniffing,105652,105614,105652,38
rising,105671,105652,105671,19
sniffing,105701,105671,105701,30
walking,105715,105701,105715,14
climbing,105716,105715,105716,1
grooming,105717,105716,105717,1
sniffing,105718,105717,105718,1
rising,105719,105718,105719,1
sniffing,105720,105719,105720,1
rising,105742,105720,105742,22
rearing,105799,105742,105799,57
grooming,105800,105799,105800,1
climbing,105882,105800,105882,82
walking,105896,105882,105896,14
climbing,106028,105896,106028,132
stepping,106030,106028,106030,2
left_turning,106068,106030,106068,38
sniffing,106069,106068,106069,1
walking,106138,106069,106138,69
climbing,106177,106138,106177,39
right_turning,106178,106177,106178,1
walking,106199,106178,106199,21
grooming,106866,106199,106866,667
stepping,106878,106866,106878,12
rising,106960,106878,106960,82
left_turning,106993,106960,106993,33
stepping,107045,106993,107045,52
sniffing,107149,107045,107149,104
climbing,107248,107149,107248,99
walking,107266,107248,107266,18
stepping,107297,107266,107297,31
grooming,107616,107297,107616,319
left_turning,107697,107616,107697,81
scratching,107698,107697,107698,1
grooming,107917,107698,107917,219
sniffing,107986,107917,107986,69
stepping,108000,107986,108000,14
