revised_movement_label,segBoundary,segBoundary_start,segBoundary_end,length
climbing,20,0,20,20
rearing,54,20,54,34
sniffing,55,54,55,1
rearing,73,55,73,18
rising,138,73,138,65
sniffing,139,138,139,1
rising,213,139,213,74
walking,214,213,214,1
sniffing,263,214,263,49
trotting,314,263,314,51
sniffing,354,314,354,40
walking,355,354,355,1
sniffing,474,355,474,119
rising,530,474,530,56
left_turning,591,530,591,61
stepping,618,591,618,27
rising,644,618,644,26
rearing,757,644,757,113
climbing,855,757,855,98
grooming,862,855,862,7
right_turning,892,862,892,30
sniffing,986,892,986,94
rising,1042,986,1042,56
walking,1088,1042,1088,46
sniffing,1167,1088,1167,79
stepping,1170,1167,1170,3
walking,1262,1170,1262,92
sniffing,1397,1262,1397,135
rising,1435,1397,1435,38
grooming,1452,1435,1452,17
right_turning,1504,1452,1504,52
sniffing,1619,1504,1619,115
rearing,1620,1619,1620,1
climbing,1670,1620,1670,50
grooming,1671,1670,1671,1
walking,1779,1671,1779,108
rearing,1845,1779,1845,66
hunching,1863,1845,1863,18
stepping,1931,1863,1931,68
rearing,1970,1931,1970,39
rising,2024,1970,2024,54
rearing,2065,2024,2065,41
climbing,2128,2065,2128,63
grooming,2129,2128,2129,1
trotting,2179,2129,2179,50
walking,2277,2179,2277,98
stepping,2331,2277,2331,54
sniffing,2332,2331,2332,1
walking,2333,2332,2333,1
sniffing,2389,2333,2389,56
stepping,2412,2389,2412,23
running,2423,2412,2423,11
walking,2432,2423,2432,9
sniffing,2448,2432,2448,16
rising,2449,2448,2449,1
sniffing,2519,2449,2519,70
walking,2601,2519,2601,82
sniffing,2792,2601,2792,191
rearing,2837,2792,2837,45
grooming,2902,2837,2902,65
scratching,2903,2902,2903,1
right_turning,2926,2903,2926,23
trotting,2951,2926,2951,25
sniffing,2962,2951,2962,11
stepping,3025,2962,3025,63
rising,3026,3025,3026,1
walking,3066,3026,3066,40
sniffing,3126,3066,3126,60
stepping,3162,3126,3162,36
rising,3220,3162,3220,58
hunching,3221,3220,3221,1
left_turning,3268,3221,3268,47
sniffing,3320,3268,3320,52
walking,3426,3320,3426,106
stepping,3442,3426,3442,16
rising,3447,3442,3447,5
right_turning,3466,3447,3466,19
trotting,3517,3466,3517,51
sniffing,3616,3517,3616,99
walking,3639,3616,3639,23
rising,3640,3639,3640,1
grooming,3721,3640,3721,81
rearing,3726,3721,3726,5
sniffing,3762,3726,3762,36
left_turning,3776,3762,3776,14
sniffing,3783,3776,3783,7
left_turning,3835,3783,3835,52
sniffing,4009,3835,4009,174
rising,4075,4009,4075,66
stepping,4117,4075,4117,42
walking,4161,4117,4161,44
sniffing,4235,4161,4235,74
walking,4342,4235,4342,107
stepping,4370,4342,4370,28
sniffing,4459,4370,4459,89
walking,4515,4459,4515,56
sniffing,4562,4515,4562,47
rising,4563,4562,4563,1
grooming,4642,4563,4642,79
left_turning,4687,4642,4687,45
sniffing,4762,4687,4762,75
walking,4830,4762,4830,68
stepping,4902,4830,4902,72
rising,4913,4902,4913,11
walking,4914,4913,4914,1
trotting,4955,4914,4955,41
rising,4963,4955,4963,8
sniffing,5005,4963,5005,42
climbing,5073,5005,5073,68
sniffing,5074,5073,5074,1
trotting,5108,5074,5108,34
walking,5168,5108,5168,60
stepping,5181,5168,5181,13
sniffing,5232,5181,5232,51
rising,5233,5232,5233,1
stepping,5234,5233,5234,1
sniffing,5252,5234,5252,18
stepping,5253,5252,5253,1
sniffing,5269,5253,5269,16
stepping,5365,5269,5365,96
sniffing,5396,5365,5396,31
right_turning,5485,5396,5485,89
stepping,5489,5485,5489,4
walking,5562,5489,5562,73
trotting,5587,5562,5587,25
walking,5707,5587,5707,120
grooming,5780,5707,5780,73
rising,5852,5780,5852,72
sniffing,5905,5852,5905,53
rising,5908,5905,5908,3
hunching,5947,5908,5947,39
grooming,5948,5947,5948,1
trotting,5991,5948,5991,43
walking,6061,5991,6061,70
rising,6062,6061,6062,1
trotting,6097,6062,6097,35
sniffing,6174,6097,6174,77
stepping,6250,6174,6250,76
rising,6275,6250,6275,25
stepping,6316,6275,6316,41
walking,6341,6316,6341,25
left_turning,6342,6341,6342,1
walking,6349,6342,6349,7
stepping,6350,6349,6350,1
sniffing,6351,6350,6351,1
grooming,6457,6351,6457,106
stepping,6488,6457,6488,31
rising,6553,6488,6553,65
walking,6563,6553,6563,10
stepping,6653,6563,6653,90
walking,6663,6653,6663,10
stepping,6746,6663,6746,83
sniffing,6747,6746,6747,1
stepping,6883,6747,6883,136
sniffing,6968,6883,6968,85
left_turning,6994,6968,6994,26
trotting,7047,6994,7047,53
running,7083,7047,7083,36
walking,7158,7083,7158,75
sniffing,7159,7158,7159,1
stepping,7212,7159,7212,53
trotting,7241,7212,7241,29
sniffing,7302,7241,7302,61
trotting,7350,7302,7350,48
walking,7415,7350,7415,65
sniffing,7481,7415,7481,66
rising,7561,7481,7561,80
rearing,7621,7561,7621,60
grooming,7709,7621,7709,88
rising,7724,7709,7724,15
grooming,7988,7724,7988,264
rearing,8045,7988,8045,57
rising,8089,8045,8089,44
climbing,8145,8089,8145,56
right_turning,8160,8145,8160,15
rising,8161,8160,8161,1
rearing,8239,8161,8239,78
grooming,8378,8239,8378,139
hunching,8437,8378,8437,59
grooming,8597,8437,8597,160
right_turning,8632,8597,8632,35
walking,8639,8632,8639,7
sniffing,8697,8639,8697,58
walking,8722,8697,8722,25
rising,8731,8722,8731,9
walking,8771,8731,8771,40
sniffing,8792,8771,8792,21
stepping,8806,8792,8806,14
walking,8863,8806,8863,57
trotting,8913,8863,8913,50
stepping,8955,8913,8955,42
sniffing,8973,8955,8973,18
rising,9013,8973,9013,40
sniffing,9140,9013,9140,127
grooming,9386,9140,9386,246
rising,9434,9386,9434,48
rearing,9439,9434,9439,5
sniffing,9440,9439,9440,1
rising,9478,9440,9478,38
grooming,9602,9478,9602,124
scratching,9603,9602,9603,1
grooming,9681,9603,9681,78
trotting,9710,9681,9710,29
walking,9796,9710,9796,86
stepping,9822,9796,9822,26
climbing,9858,9822,9858,36
rearing,9919,9858,9919,61
walking,9964,9919,9964,45
running,9985,9964,9985,21
walking,10013,9985,10013,28
trotting,10024,10013,10024,11
stepping,10088,10024,10088,64
sniffing,10156,10088,10156,68
trotting,10164,10156,10164,8
stepping,10197,10164,10197,33
running,10227,10197,10227,30
stepping,10255,10227,10255,28
rearing,10391,10255,10391,136
climbing,10457,10391,10457,66
grooming,10570,10457,10570,113
scratching,10571,10570,10571,1
sniffing,10599,10571,10599,28
running,10637,10599,10637,38
grooming,10722,10637,10722,85
sniffing,10757,10722,10757,35
grooming,10758,10757,10758,1
climbing,10813,10758,10813,55
grooming,10921,10813,10921,108
sniffing,10990,10921,10990,69
rearing,11064,10990,11064,74
right_turning,11098,11064,11098,34
climbing,11165,11098,11165,67
sniffing,11259,11165,11259,94
rising,11278,11259,11278,19
trotting,11337,11278,11337,59
sniffing,11338,11337,11338,1
grooming,11412,11338,11412,74
walking,11442,11412,11442,30
stepping,11503,11442,11503,61
trotting,11548,11503,11548,45
rearing,11582,11548,11582,34
grooming,11590,11582,11590,8
walking,11667,11590,11667,77
trotting,11747,11667,11747,80
sniffing,11793,11747,11793,46
walking,11825,11793,11825,32
stepping,11872,11825,11872,47
sniffing,11885,11872,11885,13
stepping,11918,11885,11918,33
running,11932,11918,11932,14
sniffing,11967,11932,11967,35
stepping,11975,11967,11975,8
rising,11988,11975,11988,13
climbing,12038,11988,12038,50
grooming,12146,12038,12146,108
rising,12197,12146,12197,51
walking,12198,12197,12198,1
grooming,12243,12198,12243,45
hunching,12331,12243,12331,88
rearing,12407,12331,12407,76
hunching,12516,12407,12516,109
grooming,12597,12516,12597,81
sniffing,12707,12597,12707,110
rearing,12766,12707,12766,59
hunching,12767,12766,12767,1
grooming,12842,12767,12842,75
rearing,13042,12842,13042,200
grooming,13090,13042,13090,48
sniffing,13193,13090,13193,103
walking,13271,13193,13271,78
sniffing,13286,13271,13286,15
rising,13287,13286,13287,1
sniffing,13350,13287,13350,63
rising,13420,13350,13420,70
left_turning,13492,13420,13492,72
trotting,13518,13492,13518,26
sniffing,13603,13518,13603,85
rising,13647,13603,13647,44
rearing,13669,13647,13669,22
grooming,13696,13669,13696,27
rearing,13755,13696,13755,59
grooming,14004,13755,14004,249
rearing,14147,14004,14147,143
grooming,14290,14147,14290,143
sniffing,14330,14290,14330,40
left_turning,14343,14330,14343,13
rising,14357,14343,14357,14
rearing,14414,14357,14414,57
right_turning,14415,14414,14415,1
stepping,14451,14415,14451,36
sniffing,14452,14451,14452,1
running,14462,14452,14462,10
sniffing,14499,14462,14499,37
rising,14552,14499,14552,53
grooming,14626,14552,14626,74
rearing,14763,14626,14763,137
rising,14764,14763,14764,1
sniffing,14778,14764,14778,14
stepping,14795,14778,14795,17
rising,14806,14795,14806,11
stepping,14845,14806,14845,39
running,14900,14845,14900,55
stepping,14957,14900,14957,57
rearing,15038,14957,15038,81
climbing,15062,15038,15062,24
sniffing,15085,15062,15085,23
walking,15147,15085,15147,62
running,15167,15147,15167,20
sniffing,15168,15167,15168,1
grooming,15183,15168,15183,15
sniffing,15199,15183,15199,16
grooming,15309,15199,15309,110
running,15313,15309,15313,4
walking,15340,15313,15340,27
trotting,15370,15340,15370,30
walking,15376,15370,15376,6
stepping,15390,15376,15390,14
rising,15432,15390,15432,42
walking,15473,15432,15473,41
right_turning,15515,15473,15515,42
trotting,15516,15515,15516,1
running,15518,15516,15518,2
rising,15529,15518,15529,11
grooming,15588,15529,15588,59
sniffing,15701,15588,15701,113
rising,15716,15701,15716,15
stepping,15776,15716,15776,60
grooming,15859,15776,15859,83
hunching,15860,15859,15860,1
rearing,15861,15860,15861,1
grooming,15951,15861,15951,90
sniffing,15971,15951,15971,20
rising,15989,15971,15989,18
stepping,16010,15989,16010,21
sniffing,16042,16010,16042,32
left_turning,16087,16042,16087,45
running,16122,16087,16122,35
walking,16156,16122,16156,34
sniffing,16157,16156,16157,1
rising,16191,16157,16191,34
walking,16376,16191,16376,185
stepping,16385,16376,16385,9
sniffing,16475,16385,16475,90
grooming,16517,16475,16517,42
sniffing,16617,16517,16617,100
grooming,16647,16617,16647,30
rearing,16660,16647,16660,13
grooming,16743,16660,16743,83
rearing,16812,16743,16812,69
sniffing,16889,16812,16889,77
rising,16895,16889,16895,6
stepping,16931,16895,16931,36
rising,16974,16931,16974,43
sniffing,17034,16974,17034,60
climbing,17064,17034,17064,30
grooming,17075,17064,17075,11
rearing,17115,17075,17115,40
stepping,17132,17115,17132,17
walking,17158,17132,17158,26
trotting,17208,17158,17208,50
rising,17209,17208,17209,1
walking,17227,17209,17227,18
right_turning,17278,17227,17278,51
trotting,17331,17278,17331,53
walking,17370,17331,17370,39
sniffing,17477,17370,17477,107
stepping,17496,17477,17496,19
sniffing,17578,17496,17578,82
rising,17621,17578,17621,43
rearing,17738,17621,17738,117
rising,17754,17738,17754,16
grooming,17798,17754,17798,44
rising,17821,17798,17821,23
walking,17882,17821,17882,61
running,17883,17882,17883,1
walking,17900,17883,17900,17
stepping,17967,17900,17967,67
sniffing,17968,17967,17968,1
stepping,18012,17968,18012,44
trotting,18036,18012,18036,24
rising,18080,18036,18080,44
left_turning,18211,18080,18211,131
stepping,18253,18211,18253,42
sniffing,18377,18253,18377,124
rearing,18392,18377,18392,15
grooming,18715,18392,18715,323
hunching,18741,18715,18741,26
rising,18810,18741,18810,69
walking,18819,18810,18819,9
stepping,18837,18819,18837,18
grooming,18838,18837,18838,1
walking,18839,18838,18839,1
stepping,18865,18839,18865,26
sniffing,18883,18865,18883,18
left_turning,18884,18883,18884,1
sniffing,18885,18884,18885,1
walking,19002,18885,19002,117
sniffing,19028,19002,19028,26
stepping,19063,19028,19063,35
right_turning,19080,19063,19080,17
stepping,19143,19080,19143,63
walking,19192,19143,19192,49
rising,19207,19192,19207,15
climbing,19284,19207,19284,77
walking,19305,19284,19305,21
right_turning,19331,19305,19331,26
stepping,19381,19331,19381,50
sniffing,19526,19381,19526,145
hunching,19544,19526,19544,18
grooming,19545,19544,19545,1
hunching,19564,19545,19564,19
rearing,19682,19564,19682,118
rising,19703,19682,19703,21
climbing,19771,19703,19771,68
rearing,20020,19771,20020,249
stepping,20035,20020,20035,15
rising,20101,20035,20101,66
rearing,20235,20101,20235,134
grooming,20244,20235,20244,9
rearing,20280,20244,20280,36
climbing,20312,20280,20312,32
grooming,20313,20312,20313,1
sniffing,20372,20313,20372,59
grooming,20666,20372,20666,294
stepping,20754,20666,20754,88
climbing,20871,20754,20871,117
right_turning,20872,20871,20872,1
sniffing,20992,20872,20992,120
right_turning,21020,20992,21020,28
sniffing,21021,21020,21021,1
climbing,21122,21021,21122,101
rearing,21179,21122,21179,57
stepping,21232,21179,21232,53
walking,21246,21232,21246,14
stepping,21273,21246,21273,27
rising,21352,21273,21352,79
walking,21401,21352,21401,49
sniffing,21492,21401,21492,91
right_turning,21517,21492,21517,25
stepping,21544,21517,21544,27
walking,21562,21544,21562,18
trotting,21612,21562,21612,50
sniffing,21674,21612,21674,62
right_turning,21737,21674,21737,63
walking,21797,21737,21797,60
sniffing,21851,21797,21851,54
stepping,21896,21851,21896,45
sniffing,22005,21896,22005,109
rising,22053,22005,22053,48
stepping,22090,22053,22090,37
sniffing,22138,22090,22138,48
grooming,22162,22138,22162,24
sniffing,22185,22162,22185,23
rising,22252,22185,22252,67
left_turning,22308,22252,22308,56
sniffing,22309,22308,22309,1
stepping,22365,22309,22365,56
sniffing,22394,22365,22394,29
left_turning,22455,22394,22455,61
rising,22473,22455,22473,18
sniffing,22509,22473,22509,36
right_turning,22556,22509,22556,47
sniffing,22557,22556,22557,1
rising,22576,22557,22576,19
stepping,22584,22576,22584,8
sniffing,22690,22584,22690,106
grooming,22737,22690,22737,47
walking,22803,22737,22803,66
sniffing,22804,22803,22804,1
rearing,22869,22804,22869,65
rising,22916,22869,22916,47
walking,22956,22916,22956,40
right_turning,22992,22956,22992,36
grooming,22993,22992,22993,1
rising,23036,22993,23036,43
stepping,23102,23036,23102,66
rising,23179,23102,23179,77
walking,23274,23179,23274,95
rearing,23344,23274,23344,70
grooming,23396,23344,23396,52
scratching,23397,23396,23397,1
walking,23416,23397,23416,19
climbing,23418,23416,23418,2
grooming,23419,23418,23419,1
stepping,23438,23419,23438,19
walking,23551,23438,23551,113
sniffing,23678,23551,23678,127
rearing,23684,23678,23684,6
hunching,23720,23684,23720,36
rearing,23790,23720,23790,70
climbing,23836,23790,23836,46
stepping,23862,23836,23862,26
trotting,23863,23862,23863,1
stepping,23932,23863,23932,69
left_turning,24037,23932,24037,105
rising,24038,24037,24038,1
grooming,24039,24038,24039,1
hunching,24057,24039,24057,18
sniffing,24177,24057,24177,120
left_turning,24178,24177,24178,1
walking,24179,24178,24179,1
left_turning,24254,24179,24254,75
rearing,24342,24254,24342,88
hunching,24412,24342,24412,70
grooming,24415,24412,24415,3
sniffing,24416,24415,24416,1
grooming,24593,24416,24593,177
running,24594,24593,24594,1
walking,24649,24594,24649,55
sniffing,24757,24649,24757,108
stepping,24762,24757,24762,5
walking,24821,24762,24821,59
stepping,24847,24821,24847,26
grooming,24908,24847,24908,61
sniffing,24923,24908,24923,15
stepping,24951,24923,24951,28
sniffing,24952,24951,24952,1
walking,25028,24952,25028,76
sniffing,25129,25028,25129,101
rising,25176,25129,25176,47
walking,25183,25176,25183,7
stepping,25211,25183,25211,28
walking,25221,25211,25221,10
stepping,25282,25221,25282,61
left_turning,25283,25282,25283,1
sniffing,25344,25283,25344,61
rising,25408,25344,25408,64
climbing,25409,25408,25409,1
running,25426,25409,25426,17
stepping,25427,25426,25427,1
sniffing,25581,25427,25581,154
hunching,25650,25581,25650,69
grooming,25651,25650,25651,1
right_turning,25710,25651,25710,59
sniffing,25820,25710,25820,110
rising,25823,25820,25823,3
sniffing,25913,25823,25913,90
grooming,26169,25913,26169,256
hunching,26178,26169,26178,9
grooming,26179,26178,26179,1
sniffing,26180,26179,26180,1
hunching,26188,26180,26188,8
stepping,26210,26188,26210,22
climbing,26237,26210,26237,27
stepping,26309,26237,26309,72
running,26340,26309,26340,31
rearing,26455,26340,26455,115
sniffing,26494,26455,26494,39
rising,26513,26494,26513,19
stepping,26530,26513,26530,17
walking,26551,26530,26551,21
running,26575,26551,26575,24
stepping,26591,26575,26591,16
trotting,26631,26591,26631,40
rising,26698,26631,26698,67
rearing,26760,26698,26760,62
walking,26777,26760,26777,17
grooming,26981,26777,26981,204
climbing,27042,26981,27042,61
walking,27070,27042,27070,28
trotting,27091,27070,27091,21
sniffing,27094,27091,27094,3
stepping,27120,27094,27120,26
walking,27168,27120,27168,48
stepping,27191,27168,27191,23
left_turning,27204,27191,27204,13
stepping,27237,27204,27237,33
sniffing,27315,27237,27315,78
rising,27316,27315,27316,1
grooming,27418,27316,27418,102
running,27440,27418,27440,22
rising,27484,27440,27484,44
climbing,27644,27484,27644,160
right_turning,27681,27644,27681,37
stepping,27714,27681,27714,33
sniffing,27730,27714,27730,16
stepping,27731,27730,27731,1
walking,27750,27731,27750,19
running,27770,27750,27770,20
rising,27800,27770,27800,30
climbing,27804,27800,27804,4
right_turning,27831,27804,27831,27
walking,27843,27831,27843,12
stepping,27864,27843,27864,21
rising,27918,27864,27918,54
stepping,27967,27918,27967,49
sniffing,28170,27967,28170,203
walking,28203,28170,28203,33
stepping,28258,28203,28258,55
rising,28272,28258,28272,14
sniffing,28358,28272,28358,86
stepping,28384,28358,28384,26
walking,28444,28384,28444,60
stepping,28445,28444,28445,1
trotting,28475,28445,28475,30
sniffing,28483,28475,28483,8
walking,28521,28483,28521,38
stepping,28529,28521,28529,8
sniffing,28669,28529,28669,140
rising,28670,28669,28670,1
sniffing,28753,28670,28753,83
running,28768,28753,28768,15
trotting,28797,28768,28797,29
rising,28841,28797,28841,44
rearing,28910,28841,28910,69
sniffing,28963,28910,28963,53
walking,29055,28963,29055,92
sniffing,29140,29055,29140,85
walking,29190,29140,29190,50
stepping,29228,29190,29228,38
walking,29295,29228,29295,67
rising,29326,29295,29326,31
climbing,29327,29326,29327,1
rearing,29330,29327,29330,3
grooming,29538,29330,29538,208
left_turning,29560,29538,29560,22
climbing,29636,29560,29636,76
walking,29666,29636,29666,30
climbing,29684,29666,29684,18
right_turning,29686,29684,29686,2
trotting,29726,29686,29726,40
sniffing,29858,29726,29858,132
stepping,29880,29858,29880,22
left_turning,29890,29880,29890,10
rising,29975,29890,29975,85
climbing,30044,29975,30044,69
grooming,30108,30044,30108,64
rearing,30175,30108,30175,67
left_turning,30252,30175,30252,77
grooming,30314,30252,30314,62
sniffing,30383,30314,30383,69
walking,30412,30383,30412,29
stepping,30461,30412,30461,49
climbing,30517,30461,30517,56
sniffing,30524,30517,30524,7
walking,30580,30524,30580,56
stepping,30617,30580,30617,37
rising,30653,30617,30653,36
rearing,30719,30653,30719,66
hunching,30749,30719,30749,30
sniffing,30798,30749,30798,49
rising,30827,30798,30827,29
climbing,30859,30827,30859,32
grooming,31078,30859,31078,219
sniffing,31079,31078,31079,1
left_turning,31116,31079,31116,37
sniffing,31176,31116,31176,60
left_turning,31197,31176,31197,21
stepping,31260,31197,31260,63
grooming,31784,31260,31784,524
walking,31854,31784,31854,70
trotting,31865,31854,31865,11
right_turning,31909,31865,31909,44
trotting,31972,31909,31972,63
walking,32035,31972,32035,63
rising,32077,32035,32077,42
climbing,32117,32077,32117,40
right_turning,32129,32117,32129,12
walking,32154,32129,32154,25
sniffing,32302,32154,32302,148
stepping,32328,32302,32328,26
walking,32340,32328,32340,12
grooming,32348,32340,32348,8
sniffing,32410,32348,32410,62
rising,32437,32410,32437,27
climbing,32492,32437,32492,55
trotting,32535,32492,32535,43
walking,32596,32535,32596,61
trotting,32622,32596,32622,26
rising,32652,32622,32652,30
rearing,32653,32652,32653,1
grooming,32764,32653,32764,111
left_turning,32816,32764,32816,52
walking,32873,32816,32873,57
right_turning,32874,32873,32874,1
trotting,32896,32874,32896,22
sniffing,32897,32896,32897,1
left_turning,32944,32897,32944,47
walking,33000,32944,33000,56
stepping,33007,33000,33007,7
climbing,33016,33007,33016,9
walking,33034,33016,33034,18
rising,33044,33034,33044,10
stepping,33051,33044,33051,7
sniffing,33088,33051,33088,37
walking,33162,33088,33162,74
rising,33201,33162,33201,39
climbing,33267,33201,33267,66
sniffing,33271,33267,33271,4
walking,33299,33271,33299,28
rising,33307,33299,33307,8
left_turning,33349,33307,33349,42
stepping,33395,33349,33395,46
walking,33447,33395,33447,52
right_turning,33503,33447,33503,56
trotting,33553,33503,33553,50
walking,33559,33553,33559,6
rising,33625,33559,33625,66
right_turning,33626,33625,33626,1
walking,33688,33626,33688,62
rising,33716,33688,33716,28
stepping,33769,33716,33769,53
trotting,33778,33769,33778,9
sniffing,33855,33778,33855,77
rising,33910,33855,33910,55
climbing,34009,33910,34009,99
rearing,34049,34009,34049,40
rising,34135,34049,34135,86
sniffing,34158,34135,34158,23
stepping,34162,34158,34162,4
rising,34184,34162,34184,22
sniffing,34303,34184,34303,119
climbing,34367,34303,34367,64
grooming,34368,34367,34368,1
sniffing,34396,34368,34396,28
rising,34397,34396,34397,1
stepping,34423,34397,34423,26
sniffing,34433,34423,34433,10
walking,34513,34433,34513,80
sniffing,34559,34513,34559,46
stepping,34578,34559,34578,19
rearing,34784,34578,34784,206
grooming,34822,34784,34822,38
right_turning,34853,34822,34853,31
rising,34854,34853,34854,1
climbing,34939,34854,34939,85
running,34971,34939,34971,32
rearing,34988,34971,34988,17
grooming,35020,34988,35020,32
right_turning,35120,35020,35120,100
walking,35127,35120,35127,7
sniffing,35138,35127,35138,11
grooming,35139,35138,35139,1
rearing,35223,35139,35223,84
climbing,35314,35223,35314,91
grooming,35350,35314,35350,36
left_turning,35351,35350,35351,1
climbing,35389,35351,35389,38
rearing,35419,35389,35419,30
rising,35444,35419,35444,25
climbing,35445,35444,35445,1
rearing,35454,35445,35454,9
climbing,35501,35454,35501,47
sniffing,35769,35501,35769,268
left_turning,35844,35769,35844,75
sniffing,35895,35844,35895,51
running,35922,35895,35922,27
trotting,35979,35922,35979,57
rising,36019,35979,36019,40
sniffing,36164,36019,36164,145
rising,36165,36164,36165,1
walking,36177,36165,36177,12
sniffing,36178,36177,36178,1
left_turning,36224,36178,36224,46
stepping,36255,36224,36255,31
walking,36361,36255,36361,106
stepping,36408,36361,36408,47
rising,36476,36408,36476,68
climbing,36497,36476,36497,21
running,36536,36497,36536,39
sniffing,36537,36536,36537,1
stepping,36560,36537,36560,23
walking,36573,36560,36573,13
stepping,36622,36573,36622,49
walking,36625,36622,36625,3
stepping,36669,36625,36669,44
sniffing,36820,36669,36820,151
rearing,36824,36820,36824,4
grooming,36988,36824,36988,164
sniffing,36995,36988,36995,7
walking,37067,36995,37067,72
stepping,37116,37067,37116,49
walking,37167,37116,37167,51
sniffing,37168,37167,37168,1
walking,37186,37168,37186,18
running,37197,37186,37197,11
walking,37250,37197,37250,53
rising,37305,37250,37305,55
walking,37430,37305,37430,125
sniffing,37431,37430,37431,1
walking,37445,37431,37445,14
sniffing,37481,37445,37481,36
walking,37530,37481,37530,49
rising,37561,37530,37561,31
climbing,37626,37561,37626,65
grooming,37658,37626,37658,32
running,37702,37658,37702,44
walking,37722,37702,37722,20
grooming,37723,37722,37723,1
rearing,37779,37723,37779,56
grooming,37794,37779,37794,15
walking,37821,37794,37821,27
rising,37844,37821,37844,23
rearing,37876,37844,37876,32
grooming,38059,37876,38059,183
rearing,38137,38059,38137,78
hunching,38138,38137,38138,1
rearing,38250,38138,38250,112
grooming,38364,38250,38364,114
climbing,38440,38364,38440,76
walking,38441,38440,38441,1
stepping,38458,38441,38458,17
sniffing,38530,38458,38530,72
walking,38536,38530,38536,6
rising,38585,38536,38585,49
climbing,38644,38585,38644,59
grooming,38845,38644,38845,201
rising,38861,38845,38861,16
climbing,38872,38861,38872,11
grooming,38873,38872,38873,1
sniffing,38920,38873,38920,47
rising,38972,38920,38972,52
sniffing,39005,38972,39005,33
walking,39035,39005,39035,30
sniffing,39168,39035,39168,133
rising,39241,39168,39241,73
climbing,39286,39241,39286,45
sniffing,39385,39286,39385,99
right_turning,39404,39385,39404,19
sniffing,39405,39404,39405,1
scratching,39406,39405,39406,1
left_turning,39443,39406,39443,37
walking,39512,39443,39512,69
rearing,39624,39512,39624,112
climbing,39661,39624,39661,37
left_turning,39700,39661,39700,39
sniffing,39754,39700,39754,54
walking,39816,39754,39816,62
rising,39821,39816,39821,5
climbing,39999,39821,39999,178
sniffing,40014,39999,40014,15
rising,40027,40014,40027,13
walking,40028,40027,40028,1
stepping,40029,40028,40029,1
sniffing,40117,40029,40117,88
grooming,40127,40117,40127,10
running,40171,40127,40171,44
walking,40210,40171,40210,39
rising,40281,40210,40281,71
trotting,40296,40281,40296,15
sniffing,40297,40296,40297,1
grooming,40473,40297,40473,176
walking,40495,40473,40495,22
sniffing,40522,40495,40522,27
rising,40531,40522,40531,9
sniffing,40537,40531,40537,6
rising,40598,40537,40598,61
grooming,40720,40598,40720,122
rearing,40767,40720,40767,47
grooming,40874,40767,40874,107
sniffing,40966,40874,40966,92
grooming,41134,40966,41134,168
hunching,41226,41134,41226,92
grooming,41261,41226,41261,35
rearing,41268,41261,41268,7
left_turning,41277,41268,41277,9
climbing,41302,41277,41302,25
left_turning,41362,41302,41362,60
sniffing,41363,41362,41363,1
left_turning,41381,41363,41381,18
walking,41438,41381,41438,57
sniffing,41548,41438,41548,110
stepping,41603,41548,41603,55
sniffing,41643,41603,41643,40
right_turning,41644,41643,41644,1
stepping,41693,41644,41693,49
sniffing,41696,41693,41696,3
grooming,41697,41696,41697,1
rising,41734,41697,41734,37
rearing,41749,41734,41749,15
climbing,41792,41749,41792,43
stepping,41835,41792,41835,43
sniffing,41890,41835,41890,55
grooming,41960,41890,41960,70
rising,42063,41960,42063,103
climbing,42139,42063,42139,76
trotting,42151,42139,42151,12
stepping,42217,42151,42217,66
walking,42255,42217,42255,38
sniffing,42276,42255,42276,21
grooming,42371,42276,42371,95
rearing,42372,42371,42372,1
sniffing,42373,42372,42373,1
running,42384,42373,42384,11
walking,42413,42384,42413,29
stepping,42431,42413,42431,18
sniffing,42477,42431,42477,46
running,42482,42477,42482,5
stepping,42486,42482,42486,4
sniffing,42487,42486,42487,1
walking,42536,42487,42536,49
right_turning,42558,42536,42558,22
sniffing,42593,42558,42593,35
walking,42660,42593,42660,67
sniffing,42771,42660,42771,111
walking,42778,42771,42778,7
sniffing,42779,42778,42779,1
walking,42792,42779,42792,13
left_turning,42805,42792,42805,13
stepping,42863,42805,42863,58
left_turning,42919,42863,42919,56
trotting,42957,42919,42957,38
sniffing,43006,42957,43006,49
rising,43096,43006,43096,90
climbing,43221,43096,43221,125
rearing,43222,43221,43222,1
hunching,43255,43222,43255,33
grooming,43425,43255,43425,170
left_turning,43470,43425,43470,45
walking,43498,43470,43498,28
sniffing,43615,43498,43615,117
stepping,43653,43615,43653,38
climbing,43677,43653,43677,24
stepping,43739,43677,43739,62
grooming,43855,43739,43855,116
sniffing,44010,43855,44010,155
scratching,44011,44010,44011,1
sniffing,44091,44011,44091,80
stepping,44103,44091,44103,12
grooming,44191,44103,44191,88
walking,44277,44191,44277,86
climbing,44302,44277,44302,25
sniffing,44488,44302,44488,186
walking,44510,44488,44510,22
sniffing,44589,44510,44589,79
rising,44601,44589,44601,12
rearing,44639,44601,44639,38
left_turning,44640,44639,44640,1
walking,44689,44640,44689,49
trotting,44696,44689,44696,7
sniffing,44777,44696,44777,81
rising,44868,44777,44868,91
grooming,45094,44868,45094,226
climbing,45169,45094,45169,75
grooming,45360,45169,45360,191
sniffing,45361,45360,45361,1
rising,45439,45361,45439,78
rearing,45482,45439,45482,43
grooming,45483,45482,45483,1
hunching,45493,45483,45493,10
grooming,45650,45493,45650,157
left_turning,45651,45650,45651,1
stepping,45704,45651,45704,53
walking,45768,45704,45768,64
trotting,45769,45768,45769,1
sniffing,45831,45769,45831,62
stepping,45873,45831,45873,42
sniffing,45915,45873,45915,42
rising,45929,45915,45929,14
sniffing,45953,45929,45953,24
stepping,45975,45953,45975,22
sniffing,46082,45975,46082,107
pausing,46203,46082,46203,121
sniffing,46297,46203,46297,94
grooming,46351,46297,46351,54
walking,46352,46351,46352,1
stepping,46380,46352,46380,28
grooming,46739,46380,46739,359
rearing,46743,46739,46743,4
hunching,46810,46743,46810,67
grooming,46918,46810,46918,108
rearing,47087,46918,47087,169
grooming,47339,47087,47339,252
trotting,47340,47339,47340,1
walking,47341,47340,47341,1
sniffing,47398,47341,47398,57
rising,47453,47398,47453,55
climbing,47531,47453,47531,78
walking,47639,47531,47639,108
right_turning,47642,47639,47642,3
sniffing,47702,47642,47702,60
walking,47804,47702,47804,102
sniffing,47967,47804,47967,163
rearing,48052,47967,48052,85
grooming,48053,48052,48053,1
walking,48059,48053,48059,6
scratching,48060,48059,48060,1
left_turning,48084,48060,48084,24
rising,48096,48084,48096,12
sniffing,48161,48096,48161,65
rising,48247,48161,48247,86
climbing,48309,48247,48309,62
walking,48310,48309,48310,1
sniffing,48402,48310,48402,92
left_turning,48407,48402,48407,5
sniffing,48452,48407,48452,45
grooming,48610,48452,48610,158
sniffing,48672,48610,48672,62
walking,48736,48672,48736,64
sniffing,48737,48736,48737,1
running,48742,48737,48742,5
right_turning,48751,48742,48751,9
sniffing,48853,48751,48853,102
right_turning,48858,48853,48858,5
climbing,49003,48858,49003,145
rising,49004,49003,49004,1
grooming,49005,49004,49005,1
rearing,49149,49005,49149,144
climbing,49150,49149,49150,1
grooming,49390,49150,49390,240
left_turning,49461,49390,49461,71
climbing,49463,49461,49463,2
left_turning,49511,49463,49511,48
grooming,49512,49511,49512,1
rearing,49646,49512,49646,134
sniffing,49647,49646,49647,1
rising,49648,49647,49648,1
grooming,49755,49648,49755,107
scratching,49756,49755,49756,1
walking,49815,49756,49815,59
stepping,49885,49815,49885,70
climbing,49886,49885,49886,1
rearing,49889,49886,49889,3
left_turning,49925,49889,49925,36
grooming,49926,49925,49926,1
rearing,49928,49926,49928,2
climbing,50027,49928,50027,99
grooming,50108,50027,50108,81
hunching,50179,50108,50179,71
sniffing,50189,50179,50189,10
right_turning,50210,50189,50210,21
stepping,50211,50210,50211,1
grooming,50344,50211,50344,133
hunching,50345,50344,50345,1
rearing,50486,50345,50486,141
grooming,50511,50486,50511,25
hunching,50565,50511,50565,54
grooming,50686,50565,50686,121
walking,50750,50686,50750,64
left_turning,50796,50750,50796,46
grooming,50852,50796,50852,56
right_turning,50876,50852,50876,24
grooming,50947,50876,50947,71
sniffing,50975,50947,50975,28
right_turning,51022,50975,51022,47
walking,51067,51022,51067,45
trotting,51083,51067,51083,16
walking,51107,51083,51107,24
sniffing,51164,51107,51164,57
stepping,51196,51164,51196,32
sniffing,51257,51196,51257,61
stepping,51297,51257,51297,40
grooming,51540,51297,51540,243
stepping,51541,51540,51541,1
climbing,51675,51541,51675,134
trotting,51712,51675,51712,37
sniffing,51772,51712,51772,60
stepping,51794,51772,51794,22
sniffing,51795,51794,51795,1
stepping,51819,51795,51819,24
sniffing,52003,51819,52003,184
walking,52060,52003,52060,57
stepping,52090,52060,52090,30
sniffing,52116,52090,52116,26
grooming,52151,52116,52151,35
sniffing,52277,52151,52277,126
grooming,52823,52277,52823,546
left_turning,52880,52823,52880,57
sniffing,52982,52880,52982,102
rising,52991,52982,52991,9
walking,53054,52991,53054,63
rearing,53055,53054,53055,1
grooming,53056,53055,53056,1
rearing,53057,53056,53057,1
grooming,53161,53057,53161,104
sniffing,53347,53161,53347,186
running,53368,53347,53368,21
walking,53421,53368,53421,53
sniffing,53422,53421,53422,1
stepping,53423,53422,53423,1
rearing,53436,53423,53436,13
hunching,53504,53436,53504,68
rearing,53524,53504,53524,20
climbing,53624,53524,53624,100
walking,53625,53624,53625,1
stepping,53631,53625,53631,6
sniffing,53643,53631,53643,12
rising,53674,53643,53674,31
climbing,53699,53674,53699,25
walking,53759,53699,53759,60
sniffing,53913,53759,53913,154
grooming,53914,53913,53914,1
sniffing,53955,53914,53955,41
walking,54013,53955,54013,58
sniffing,54056,54013,54056,43
rising,54071,54056,54071,15
rearing,54195,54071,54195,124
grooming,54196,54195,54196,1
walking,54286,54196,54286,90
stepping,54342,54286,54342,56
sniffing,54343,54342,54343,1
stepping,54360,54343,54360,17
sniffing,54428,54360,54428,68
walking,54429,54428,54429,1
stepping,54450,54429,54450,21
right_turning,54461,54450,54461,11
walking,54490,54461,54490,29
stepping,54515,54490,54515,25
rearing,54531,54515,54531,16
walking,54590,54531,54590,59
left_turning,54609,54590,54609,19
walking,54661,54609,54661,52
sniffing,54685,54661,54685,24
right_turning,54707,54685,54707,22
stepping,54732,54707,54732,25
sniffing,54739,54732,54739,7
grooming,54740,54739,54740,1
hunching,54841,54740,54841,101
grooming,54901,54841,54901,60
rearing,54984,54901,54984,83
hunching,54985,54984,54985,1
grooming,55075,54985,55075,90
sniffing,55163,55075,55163,88
stepping,55199,55163,55199,36
walking,55244,55199,55244,45
sniffing,55336,55244,55336,92
right_turning,55337,55336,55337,1
stepping,55338,55337,55338,1
grooming,55690,55338,55690,352
sniffing,55801,55690,55801,111
rising,55802,55801,55802,1
sniffing,55864,55802,55864,62
rising,55865,55864,55865,1
climbing,55893,55865,55893,28
grooming,56012,55893,56012,119
rearing,56105,56012,56105,93
rising,56143,56105,56143,38
climbing,56259,56143,56259,116
sniffing,56295,56259,56295,36
running,56301,56295,56301,6
climbing,56320,56301,56320,19
right_turning,56360,56320,56360,40
sniffing,56455,56360,56455,95
stepping,56456,56455,56456,1
sniffing,56501,56456,56501,45
left_turning,56531,56501,56531,30
walking,56597,56531,56597,66
left_turning,56616,56597,56616,19
stepping,56669,56616,56669,53
sniffing,56745,56669,56745,76
walking,56760,56745,56760,15
sniffing,57104,56760,57104,344
walking,57140,57104,57140,36
rising,57141,57140,57141,1
grooming,57329,57141,57329,188
walking,57346,57329,57346,17
jumping,57347,57346,57347,1
walking,57378,57347,57378,31
sniffing,57479,57378,57479,101
rising,57480,57479,57480,1
grooming,57614,57480,57614,134
running,57657,57614,57657,43
rising,57735,57657,57735,78
grooming,57815,57735,57815,80
hunching,57839,57815,57839,24
grooming,57975,57839,57975,136
scratching,57976,57975,57976,1
sniffing,58079,57976,58079,103
right_turning,58116,58079,58116,37
sniffing,58254,58116,58254,138
grooming,58321,58254,58321,67
right_turning,58410,58321,58410,89
sniffing,58468,58410,58468,58
rearing,58479,58468,58479,11
sniffing,58520,58479,58520,41
stepping,58588,58520,58588,68
climbing,58637,58588,58637,49
rearing,58693,58637,58693,56
climbing,58798,58693,58798,105
trotting,58799,58798,58799,1
running,58825,58799,58825,26
climbing,58853,58825,58853,28
sniffing,58906,58853,58906,53
rearing,58974,58906,58974,68
grooming,59162,58974,59162,188
right_turning,59184,59162,59184,22
sniffing,59185,59184,59185,1
stepping,59247,59185,59247,62
left_turning,59290,59247,59290,43
walking,59321,59290,59321,31
stepping,59322,59321,59322,1
sniffing,59389,59322,59389,67
right_turning,59407,59389,59407,18
sniffing,59448,59407,59448,41
rearing,59527,59448,59527,79
climbing,59604,59527,59604,77
left_turning,59647,59604,59647,43
climbing,59795,59647,59795,148
grooming,60104,59795,60104,309
right_turning,60144,60104,60144,40
rising,60193,60144,60193,49
grooming,60277,60193,60277,84
rearing,60335,60277,60335,58
grooming,60581,60335,60581,246
climbing,60616,60581,60616,35
grooming,60799,60616,60799,183
climbing,60885,60799,60885,86
rising,60907,60885,60907,22
climbing,60910,60907,60910,3
right_turning,60940,60910,60940,30
walking,60990,60940,60990,50
stepping,61041,60990,61041,51
climbing,61073,61041,61073,32
rising,61080,61073,61080,7
walking,61135,61080,61135,55
stepping,61175,61135,61175,40
rearing,61200,61175,61200,25
grooming,61422,61200,61422,222
rearing,61423,61422,61423,1
grooming,61424,61423,61424,1
rearing,61438,61424,61438,14
grooming,61439,61438,61439,1
walking,61473,61439,61473,34
rising,61474,61473,61474,1
sniffing,61540,61474,61540,66
grooming,61708,61540,61708,168
rising,61718,61708,61718,10
grooming,61770,61718,61770,52
running,61786,61770,61786,16
rising,61800,61786,61800,14
walking,61818,61800,61818,18
sniffing,61925,61818,61925,107
stepping,61945,61925,61945,20
walking,61946,61945,61946,1
sniffing,61947,61946,61947,1
rearing,61997,61947,61997,50
trotting,62035,61997,62035,38
left_turning,62085,62035,62085,50
sniffing,62086,62085,62086,1
grooming,62217,62086,62217,131
right_turning,62248,62217,62248,31
sniffing,62275,62248,62275,27
left_turning,62293,62275,62293,18
sniffing,62448,62293,62448,155
stepping,62485,62448,62485,37
sniffing,62486,62485,62486,1
grooming,62487,62486,62487,1
sniffing,62488,62487,62488,1
rearing,62564,62488,62564,76
rising,62651,62564,62651,87
climbing,62715,62651,62715,64
stepping,62737,62715,62737,22
walking,62738,62737,62738,1
sniffing,62827,62738,62827,89
rising,62896,62827,62896,69
sniffing,62897,62896,62897,1
walking,62939,62897,62939,42
sniffing,62952,62939,62952,13
grooming,62989,62952,62989,37
hunching,63008,62989,63008,19
rearing,63055,63008,63055,47
climbing,63099,63055,63099,44
walking,63105,63099,63105,6
stepping,63157,63105,63157,52
sniffing,63204,63157,63204,47
grooming,63318,63204,63318,114
rearing,63364,63318,63364,46
rising,63366,63364,63366,2
climbing,63425,63366,63425,59
rearing,63504,63425,63504,79
rising,63507,63504,63507,3
rearing,63550,63507,63550,43
grooming,63696,63550,63696,146
left_turning,63697,63696,63697,1
rearing,63698,63697,63698,1
grooming,63730,63698,63730,32
sniffing,63773,63730,63773,43
grooming,63774,63773,63774,1
scratching,63775,63774,63775,1
trotting,63806,63775,63806,31
stepping,63851,63806,63851,45
rearing,63852,63851,63852,1
sniffing,63923,63852,63923,71
stepping,63970,63923,63970,47
sniffing,64101,63970,64101,131
hunching,64130,64101,64130,29
rearing,64131,64130,64131,1
grooming,64368,64131,64368,237
sniffing,64369,64368,64369,1
climbing,64382,64369,64382,13
trotting,64398,64382,64398,16
stepping,64408,64398,64408,10
trotting,64472,64408,64472,64
sniffing,64473,64472,64473,1
rising,64474,64473,64474,1
grooming,64475,64474,64475,1
rearing,64603,64475,64603,128
sniffing,64604,64603,64604,1
right_turning,64637,64604,64637,33
trotting,64675,64637,64675,38
sniffing,64734,64675,64734,59
rising,64764,64734,64764,30
sniffing,64795,64764,64795,31
right_turning,64834,64795,64834,39
walking,64835,64834,64835,1
sniffing,64912,64835,64912,77
grooming,64934,64912,64934,22
rearing,64970,64934,64970,36
climbing,65106,64970,65106,136
walking,65123,65106,65123,17
stepping,65180,65123,65180,57
rising,65215,65180,65215,35
grooming,65293,65215,65293,78
rising,65345,65293,65345,52
grooming,65480,65345,65480,135
hunching,65554,65480,65554,74
left_turning,65619,65554,65619,65
sniffing,65681,65619,65681,62
grooming,66059,65681,66059,378
rising,66061,66059,66061,2
climbing,66138,66061,66138,77
left_turning,66187,66138,66187,49
rising,66194,66187,66194,7
climbing,66225,66194,66225,31
left_turning,66228,66225,66228,3
rearing,66237,66228,66237,9
climbing,66313,66237,66313,76
grooming,66396,66313,66396,83
rearing,66423,66396,66423,27
climbing,66424,66423,66424,1
sniffing,66515,66424,66515,91
walking,66552,66515,66552,37
rising,66608,66552,66608,56
climbing,66696,66608,66696,88
rising,66727,66696,66727,31
left_turning,66769,66727,66769,42
sniffing,66886,66769,66886,117
rising,66912,66886,66912,26
climbing,66913,66912,66913,1
grooming,66914,66913,66914,1
walking,66957,66914,66957,43
sniffing,66958,66957,66958,1
right_turning,66969,66958,66969,11
walking,67030,66969,67030,61
sniffing,67073,67030,67073,43
grooming,67394,67073,67394,321
rearing,67480,67394,67480,86
rising,67537,67480,67537,57
rearing,67636,67537,67636,99
climbing,67715,67636,67715,79
grooming,68032,67715,68032,317
stepping,68068,68032,68068,36
sniffing,68083,68068,68083,15
walking,68127,68083,68127,44
stepping,68197,68127,68197,70
grooming,68445,68197,68445,248
walking,68464,68445,68464,19
stepping,68509,68464,68509,45
walking,68515,68509,68515,6
stepping,68582,68515,68582,67
walking,68583,68582,68583,1
stepping,68623,68583,68623,40
sniffing,68678,68623,68678,55
right_turning,68731,68678,68731,53
sniffing,68732,68731,68732,1
walking,68733,68732,68733,1
sniffing,68807,68733,68807,74
left_turning,68821,68807,68821,14
rearing,68931,68821,68931,110
climbing,68932,68931,68932,1
sniffing,69002,68932,69002,70
stepping,69074,69002,69074,72
walking,69101,69074,69101,27
stepping,69122,69101,69122,21
sniffing,69178,69122,69178,56
rising,69228,69178,69228,50
sniffing,69249,69228,69249,21
trotting,69250,69249,69250,1
stepping,69310,69250,69310,60
walking,69372,69310,69372,62
left_turning,69373,69372,69373,1
running,69385,69373,69385,12
walking,69438,69385,69438,53
sniffing,69488,69438,69488,50
rearing,69498,69488,69498,10
grooming,69643,69498,69643,145
rearing,69652,69643,69652,9
rising,69684,69652,69684,32
trotting,69702,69684,69702,18
stepping,69789,69702,69789,87
sniffing,69842,69789,69842,53
walking,69843,69842,69843,1
stepping,69887,69843,69887,44
sniffing,70086,69887,70086,199
rising,70183,70086,70183,97
sniffing,70192,70183,70192,9
stepping,70281,70192,70281,89
sniffing,70423,70281,70423,142
stepping,70455,70423,70455,32
walking,70459,70455,70459,4
grooming,70583,70459,70583,124
rising,70584,70583,70584,1
climbing,70673,70584,70673,89
stepping,70725,70673,70725,52
walking,70747,70725,70747,22
climbing,70776,70747,70776,29
grooming,71071,70776,71071,295
trotting,71101,71071,71101,30
stepping,71139,71101,71139,38
sniffing,71211,71139,71211,72
rising,71343,71211,71343,132
climbing,71416,71343,71416,73
rising,71504,71416,71504,88
grooming,71547,71504,71547,43
rearing,71624,71547,71624,77
grooming,71659,71624,71659,35
walking,71716,71659,71716,57
trotting,71783,71716,71783,67
sniffing,71852,71783,71852,69
grooming,71865,71852,71865,13
sniffing,71866,71865,71866,1
rearing,71932,71866,71932,66
hunching,71933,71932,71933,1
rearing,71965,71933,71965,32
sniffing,72102,71965,72102,137
stepping,72163,72102,72163,61
sniffing,72183,72163,72183,20
rising,72234,72183,72234,51
rearing,72341,72234,72341,107
stepping,72389,72341,72389,48
rising,72390,72389,72390,1
rearing,72429,72390,72429,39
hunching,72448,72429,72448,19
rearing,72537,72448,72537,89
rising,72567,72537,72567,30
trotting,72591,72567,72591,24
stepping,72615,72591,72615,24
running,72623,72615,72623,8
stepping,72647,72623,72647,24
rising,72745,72647,72745,98
left_turning,72808,72745,72808,63
trotting,72816,72808,72816,8
sniffing,72943,72816,72943,127
left_turning,72966,72943,72966,23
sniffing,73064,72966,73064,98
rising,73091,73064,73091,27
sniffing,73092,73091,73092,1
rising,73207,73092,73207,115
rearing,73290,73207,73290,83
sniffing,73506,73290,73506,216
rearing,73563,73506,73563,57
left_turning,73605,73563,73605,42
grooming,73606,73605,73606,1
right_turning,73641,73606,73641,35
sniffing,73677,73641,73677,36
walking,73693,73677,73693,16
stepping,73726,73693,73726,33
sniffing,73772,73726,73772,46
stepping,73820,73772,73820,48
walking,73901,73820,73901,81
sniffing,73942,73901,73942,41
left_turning,74008,73942,74008,66
stepping,74110,74008,74110,102
walking,74150,74110,74150,40
stepping,74196,74150,74196,46
rearing,74197,74196,74197,1
rising,74228,74197,74228,31
rearing,74278,74228,74278,50
climbing,74279,74278,74279,1
sniffing,74280,74279,74280,1
grooming,74281,74280,74281,1
hunching,74295,74281,74295,14
grooming,74505,74295,74505,210
walking,74565,74505,74565,60
climbing,74614,74565,74614,49
walking,74639,74614,74639,25
sniffing,74640,74639,74640,1
right_turning,74687,74640,74687,47
sniffing,74688,74687,74688,1
left_turning,74709,74688,74709,21
stepping,74741,74709,74741,32
sniffing,74835,74741,74835,94
stepping,74860,74835,74860,25
walking,74941,74860,74941,81
running,74969,74941,74969,28
sniffing,75081,74969,75081,112
walking,75156,75081,75156,75
sniffing,75302,75156,75302,146
rising,75340,75302,75340,38
rearing,75456,75340,75456,116
grooming,75551,75456,75551,95
rearing,75553,75551,75553,2
climbing,75613,75553,75613,60
grooming,75675,75613,75675,62
scratching,75676,75675,75676,1
grooming,75879,75676,75879,203
climbing,75880,75879,75880,1
trotting,75916,75880,75916,36
stepping,75988,75916,75988,72
sniffing,76032,75988,76032,44
stepping,76040,76032,76040,8
walking,76131,76040,76131,91
climbing,76166,76131,76166,35
stepping,76167,76166,76167,1
rearing,76226,76167,76226,59
grooming,76294,76226,76294,68
rearing,76311,76294,76311,17
rising,76344,76311,76344,33
stepping,76362,76344,76362,18
sniffing,76376,76362,76376,14
climbing,76395,76376,76395,19
walking,76396,76395,76396,1
rearing,76490,76396,76490,94
sniffing,76491,76490,76491,1
grooming,77135,76491,77135,644
rising,77190,77135,77190,55
sniffing,77405,77190,77405,215
trotting,77452,77405,77452,47
walking,77539,77452,77539,87
stepping,77614,77539,77614,75
rising,77670,77614,77670,56
climbing,77672,77670,77672,2
walking,77760,77672,77760,88
stepping,77774,77760,77774,14
sniffing,78049,77774,78049,275
rearing,78196,78049,78196,147
grooming,78325,78196,78325,129
walking,78347,78325,78347,22
right_turning,78440,78347,78440,93
walking,78494,78440,78494,54
sniffing,78541,78494,78541,47
stepping,78596,78541,78596,55
rising,78632,78596,78632,36
trotting,78633,78632,78633,1
stepping,78660,78633,78660,27
walking,78710,78660,78710,50
sniffing,78900,78710,78900,190
stepping,78981,78900,78981,81
sniffing,79055,78981,79055,74
grooming,79227,79055,79227,172
hunching,79236,79227,79236,9
rearing,79274,79236,79274,38
sniffing,79393,79274,79393,119
grooming,79709,79393,79709,316
climbing,79718,79709,79718,9
trotting,79778,79718,79778,60
right_turning,79820,79778,79820,42
sniffing,79869,79820,79869,49
grooming,79870,79869,79870,1
rearing,79925,79870,79925,55
grooming,79926,79925,79926,1
sniffing,80039,79926,80039,113
rearing,80057,80039,80057,18
sniffing,80058,80057,80058,1
trotting,80129,80058,80129,71
walking,80130,80129,80130,1
running,80143,80130,80143,13
walking,80176,80143,80176,33
sniffing,80262,80176,80262,86
walking,80265,80262,80265,3
sniffing,80324,80265,80324,59
rising,80339,80324,80339,15
rearing,80340,80339,80340,1
sniffing,80445,80340,80445,105
walking,80462,80445,80462,17
right_turning,80492,80462,80492,30
stepping,80527,80492,80527,35
sniffing,80753,80527,80753,226
climbing,80943,80753,80943,190
sniffing,80958,80943,80958,15
rising,80974,80958,80974,16
grooming,81128,80974,81128,154
walking,81147,81128,81147,19
rising,81181,81147,81181,34
climbing,81216,81181,81216,35
rearing,81304,81216,81304,88
grooming,81489,81304,81489,185
climbing,81746,81489,81746,257
left_turning,81782,81746,81782,36
stepping,81823,81782,81823,41
walking,81844,81823,81844,21
rearing,81853,81844,81853,9
grooming,81917,81853,81917,64
walking,81935,81917,81935,18
sniffing,81936,81935,81936,1
scratching,81937,81936,81937,1
left_turning,81977,81937,81977,40
trotting,81987,81977,81987,10
rising,81998,81987,81998,11
climbing,82116,81998,82116,118
left_turning,82164,82116,82164,48
rising,82204,82164,82204,40
walking,82220,82204,82220,16
sniffing,82245,82220,82245,25
rising,82246,82245,82246,1
sniffing,82316,82246,82316,70
rising,82369,82316,82369,53
sniffing,82399,82369,82399,30
left_turning,82493,82399,82493,94
sniffing,82494,82493,82494,1
stepping,82550,82494,82550,56
sniffing,82583,82550,82583,33
stepping,82645,82583,82645,62
climbing,82738,82645,82738,93
left_turning,82794,82738,82794,56
sniffing,82829,82794,82829,35
rising,82865,82829,82865,36
walking,82917,82865,82917,52
stepping,82940,82917,82940,23
grooming,83145,82940,83145,205
rearing,83151,83145,83151,6
grooming,83565,83151,83565,414
hunching,83637,83565,83637,72
rearing,83676,83637,83676,39
grooming,84057,83676,84057,381
scratching,84058,84057,84058,1
grooming,84173,84058,84173,115
stepping,84230,84173,84230,57
sniffing,84280,84230,84280,50
walking,84334,84280,84334,54
stepping,84378,84334,84378,44
sniffing,84498,84378,84498,120
rising,84533,84498,84533,35
left_turning,84584,84533,84584,51
sniffing,84633,84584,84633,49
rising,84635,84633,84635,2
sniffing,84636,84635,84636,1
rising,84667,84636,84667,31
grooming,84717,84667,84717,50
climbing,84741,84717,84741,24
grooming,85506,84741,85506,765
climbing,85536,85506,85536,30
grooming,85648,85536,85648,112
rearing,85698,85648,85698,50
rising,85735,85698,85735,37
grooming,86310,85735,86310,575
scratching,86311,86310,86311,1
right_turning,86312,86311,86312,1
grooming,86313,86312,86313,1
sniffing,86382,86313,86382,69
walking,86383,86382,86383,1
stepping,86409,86383,86409,26
walking,86459,86409,86459,50
trotting,86507,86459,86507,48
rising,86513,86507,86513,6
climbing,86514,86513,86514,1
left_turning,86566,86514,86566,52
trotting,86609,86566,86609,43
walking,86647,86609,86647,38
stepping,86654,86647,86654,7
sniffing,86691,86654,86691,37
walking,86715,86691,86715,24
stepping,86741,86715,86741,26
sniffing,86745,86741,86745,4
grooming,87166,86745,87166,421
sniffing,87223,87166,87223,57
walking,87421,87223,87421,198
climbing,87477,87421,87477,56
stepping,87482,87477,87482,5
sniffing,87483,87482,87483,1
left_turning,87560,87483,87560,77
walking,87614,87560,87614,54
right_turning,87662,87614,87662,48
stepping,87683,87662,87683,21
walking,87742,87683,87742,59
stepping,87799,87742,87799,57
grooming,87905,87799,87905,106
walking,87965,87905,87965,60
sniffing,88021,87965,88021,56
walking,88136,88021,88136,115
rising,88174,88136,88174,38
sniffing,88241,88174,88241,67
rearing,88254,88241,88254,13
left_turning,88295,88254,88295,41
stepping,88346,88295,88346,51
rising,88381,88346,88381,35
rearing,88429,88381,88429,48
trotting,88494,88429,88494,65
sniffing,88495,88494,88495,1
climbing,88617,88495,88617,122
trotting,88636,88617,88636,19
walking,88657,88636,88657,21
sniffing,88849,88657,88849,192
walking,88880,88849,88880,31
trotting,88916,88880,88916,36
climbing,88979,88916,88979,63
stepping,88995,88979,88995,16
walking,89056,88995,89056,61
sniffing,89088,89056,89088,32
stepping,89120,89088,89120,32
sniffing,89160,89120,89160,40
rising,89239,89160,89239,79
right_turning,89249,89239,89249,10
walking,89265,89249,89265,16
rising,89311,89265,89311,46
grooming,89312,89311,89312,1
climbing,89445,89312,89445,133
left_turning,89491,89445,89491,46
sniffing,89518,89491,89518,27
hunching,89589,89518,89589,71
rearing,89590,89589,89590,1
stepping,89614,89590,89614,24
walking,89621,89614,89621,7
sniffing,89622,89621,89622,1
grooming,89623,89622,89623,1
sniffing,89665,89623,89665,42
running,89683,89665,89683,18
grooming,89782,89683,89782,99
rearing,89783,89782,89783,1
climbing,89895,89783,89895,112
walking,89918,89895,89918,23
stepping,89962,89918,89962,44
rising,89972,89962,89972,10
grooming,90054,89972,90054,82
sniffing,90057,90054,90057,3
stepping,90123,90057,90123,66
walking,90139,90123,90139,16
rising,90194,90139,90194,55
sniffing,90195,90194,90195,1
left_turning,90235,90195,90235,40
stepping,90268,90235,90268,33
right_turning,90294,90268,90294,26
walking,90357,90294,90357,63
sniffing,90412,90357,90412,55
grooming,90680,90412,90680,268
stepping,90706,90680,90706,26
walking,90739,90706,90739,33
sniffing,90773,90739,90773,34
rising,90774,90773,90774,1
grooming,90867,90774,90867,93
sniffing,90954,90867,90954,87
stepping,90980,90954,90980,26
right_turning,91002,90980,91002,22
jumping,91032,91002,91032,30
right_turning,91034,91032,91034,2
rising,91148,91034,91148,114
sniffing,91152,91148,91152,4
stepping,91236,91152,91236,84
sniffing,91305,91236,91305,69
grooming,91682,91305,91682,377
right_turning,91710,91682,91710,28
walking,91711,91710,91711,1
trotting,91728,91711,91728,17
walking,91780,91728,91780,52
rearing,91820,91780,91820,40
grooming,91906,91820,91906,86
sniffing,91942,91906,91942,36
stepping,92005,91942,92005,63
walking,92049,92005,92049,44
stepping,92114,92049,92114,65
walking,92115,92114,92115,1
sniffing,92217,92115,92217,102
climbing,92218,92217,92218,1
sniffing,92334,92218,92334,116
stepping,92355,92334,92355,21
climbing,92463,92355,92463,108
grooming,92464,92463,92464,1
walking,92498,92464,92498,34
stepping,92535,92498,92535,37
sniffing,92667,92535,92667,132
stepping,92717,92667,92717,50
sniffing,92787,92717,92787,70
walking,92825,92787,92825,38
trotting,92839,92825,92839,14
sniffing,92963,92839,92963,124
walking,92980,92963,92980,17
sniffing,93206,92980,93206,226
walking,93242,93206,93242,36
stepping,93296,93242,93296,54
sniffing,93297,93296,93297,1
walking,93320,93297,93320,23
climbing,93330,93320,93330,10
grooming,93586,93330,93586,256
sniffing,93701,93586,93701,115
rising,93736,93701,93736,35
sniffing,93805,93736,93805,69
rising,93806,93805,93806,1
climbing,93807,93806,93807,1
stepping,93834,93807,93834,27
left_turning,93912,93834,93912,78
trotting,93949,93912,93949,37
right_turning,93958,93949,93958,9
sniffing,94234,93958,94234,276
grooming,94361,94234,94361,127
rising,94404,94361,94404,43
sniffing,94405,94404,94405,1
rising,94439,94405,94439,34
walking,94521,94439,94521,82
stepping,94564,94521,94564,43
climbing,94619,94564,94619,55
grooming,94620,94619,94620,1
stepping,94648,94620,94648,28
rising,94649,94648,94649,1
rearing,94751,94649,94751,102
grooming,95096,94751,95096,345
right_turning,95162,95096,95162,66
sniffing,95233,95162,95233,71
rising,95241,95233,95241,8
left_turning,95287,95241,95287,46
sniffing,95365,95287,95365,78
rising,95427,95365,95427,62
sniffing,95475,95427,95475,48
walking,95519,95475,95519,44
sniffing,95535,95519,95535,16
stepping,95563,95535,95563,28
walking,95617,95563,95617,54
sniffing,95805,95617,95805,188
stepping,95827,95805,95827,22
walking,95828,95827,95828,1
stepping,95875,95828,95875,47
walking,95928,95875,95928,53
right_turning,95929,95928,95929,1
walking,95957,95929,95957,28
sniffing,95958,95957,95958,1
rearing,95994,95958,95994,36
grooming,96130,95994,96130,136
hunching,96194,96130,96194,64
left_turning,96195,96194,96195,1
walking,96299,96195,96299,104
sniffing,96346,96299,96346,47
stepping,96381,96346,96381,35
sniffing,96449,96381,96449,68
stepping,96532,96449,96532,83
sniffing,96597,96532,96597,65
rearing,96602,96597,96602,5
grooming,96603,96602,96603,1
rising,96604,96603,96604,1
climbing,96622,96604,96622,18
rising,96623,96622,96623,1
grooming,96624,96623,96624,1
left_turning,96719,96624,96719,95
hunching,96795,96719,96795,76
rearing,96856,96795,96856,61
grooming,96949,96856,96949,93
rearing,96999,96949,96999,50
grooming,97345,96999,97345,346
rearing,97368,97345,97368,23
sniffing,97369,97368,97369,1
stepping,97406,97369,97406,37
walking,97407,97406,97407,1
trotting,97454,97407,97454,47
walking,97514,97454,97514,60
sniffing,97515,97514,97515,1
grooming,97517,97515,97517,2
hunching,97583,97517,97583,66
grooming,97584,97583,97584,1
trotting,97594,97584,97594,10
stepping,97674,97594,97674,80
sniffing,97675,97674,97675,1
grooming,97676,97675,97676,1
sniffing,97831,97676,97831,155
scratching,97832,97831,97832,1
sniffing,97874,97832,97874,42
right_turning,97889,97874,97889,15
rising,97954,97889,97954,65
rearing,98034,97954,98034,80
hunching,98106,98034,98106,72
rearing,98107,98106,98107,1
stepping,98161,98107,98161,54
grooming,98279,98161,98279,118
rearing,98347,98279,98347,68
sniffing,98441,98347,98441,94
walking,98491,98441,98491,50
stepping,98579,98491,98579,88
walking,98675,98579,98675,96
sniffing,98732,98675,98732,57
rising,98758,98732,98758,26
grooming,98759,98758,98759,1
walking,98825,98759,98825,66
sniffing,98971,98825,98971,146
right_turning,99054,98971,99054,83
stepping,99084,99054,99084,30
sniffing,99182,99084,99182,98
walking,99221,99182,99221,39
rising,99222,99221,99222,1
sniffing,99276,99222,99276,54
stepping,99312,99276,99312,36
sniffing,99466,99312,99466,154
right_turning,99513,99466,99513,47
stepping,99514,99513,99514,1
sniffing,99515,99514,99515,1
walking,99561,99515,99561,46
sniffing,99650,99561,99650,89
stepping,99653,99650,99653,3
sniffing,99736,99653,99736,83
rising,99758,99736,99758,22
sniffing,99793,99758,99793,35
grooming,99867,99793,99867,74
rearing,99868,99867,99868,1
grooming,99978,99868,99978,110
rearing,100024,99978,100024,46
hunching,100084,100024,100084,60
rearing,100271,100084,100271,187
grooming,100438,100271,100438,167
rearing,100515,100438,100515,77
grooming,100516,100515,100516,1
rearing,100623,100516,100623,107
stepping,100658,100623,100658,35
sniffing,100659,100658,100659,1
walking,100727,100659,100727,68
rising,100786,100727,100786,59
sniffing,100787,100786,100787,1
walking,100788,100787,100788,1
sniffing,100796,100788,100796,8
walking,100798,100796,100798,2
sniffing,100799,100798,100799,1
running,100827,100799,100827,28
trotting,100842,100827,100842,15
walking,100884,100842,100884,42
right_turning,100922,100884,100922,38
grooming,101061,100922,101061,139
sniffing,101139,101061,101139,78
stepping,101140,101139,101140,1
walking,101167,101140,101167,27
sniffing,101253,101167,101253,86
stepping,101299,101253,101299,46
rising,101300,101299,101300,1
grooming,101517,101300,101517,217
trotting,101546,101517,101546,29
walking,101591,101546,101591,45
sniffing,101643,101591,101643,52
left_turning,101684,101643,101684,41
rising,101685,101684,101685,1
stepping,101742,101685,101742,57
climbing,101849,101742,101849,107
grooming,102012,101849,102012,163
rearing,102013,102012,102013,1
rising,102081,102013,102081,68
climbing,102138,102081,102138,57
rising,102267,102138,102267,129
walking,102268,102267,102268,1
sniffing,102282,102268,102282,14
stepping,102333,102282,102333,51
walking,102352,102333,102352,19
sniffing,102434,102352,102434,82
right_turning,102478,102434,102478,44
stepping,102497,102478,102497,19
sniffing,102623,102497,102623,126
rising,102632,102623,102632,9
rearing,102699,102632,102699,67
rising,102745,102699,102745,46
grooming,102866,102745,102866,121
rearing,102952,102866,102952,86
grooming,103151,102952,103151,199
rearing,103222,103151,103222,71
stepping,103283,103222,103283,61
sniffing,103618,103283,103618,335
stepping,103653,103618,103653,35
rising,103738,103653,103738,85
rearing,103770,103738,103770,32
climbing,103911,103770,103911,141
left_turning,103946,103911,103946,35
scratching,103947,103946,103947,1
sniffing,104105,103947,104105,158
grooming,104146,104105,104146,41
rearing,104271,104146,104271,125
grooming,105160,104271,105160,889
sniffing,105272,105160,105272,112
rearing,105273,105272,105273,1
grooming,105274,105273,105274,1
hunching,105334,105274,105334,60
grooming,105442,105334,105442,108
rearing,105504,105442,105504,62
left_turning,105557,105504,105557,53
sniffing,105645,105557,105645,88
left_turning,105676,105645,105676,31
scratching,105677,105676,105677,1
grooming,105683,105677,105683,6
rearing,105706,105683,105706,23
sniffing,105847,105706,105847,141
stepping,105860,105847,105860,13
scratching,105861,105860,105861,1
grooming,105862,105861,105862,1
rearing,105939,105862,105939,77
grooming,105983,105939,105983,44
hunching,106022,105983,106022,39
grooming,106023,106022,106023,1
rearing,106129,106023,106129,106
hunching,106148,106129,106148,19
grooming,106149,106148,106149,1
sniffing,106213,106149,106213,64
rising,106215,106213,106215,2
climbing,106259,106215,106259,44
walking,106269,106259,106269,10
sniffing,106293,106269,106293,24
stepping,106361,106293,106361,68
walking,106464,106361,106464,103
sniffing,106578,106464,106578,114
rising,106579,106578,106579,1
walking,106580,106579,106580,1
stepping,106594,106580,106594,14
grooming,106595,106594,106595,1
rearing,106763,106595,106763,168
grooming,106891,106763,106891,128
scratching,106892,106891,106892,1
grooming,107125,106892,107125,233
rearing,107254,107125,107254,129
grooming,107269,107254,107269,15
rearing,107328,107269,107328,59
grooming,107458,107328,107458,130
rearing,107803,107458,107803,345
sniffing,108000,107803,108000,197
