revised_movement_label,segBoundary,segBoundary_start,segBoundary_end,length
left_turning,1,0,1,1
sniffing,96,1,96,95
grooming,97,96,97,1
stepping,135,97,135,38
walking,195,135,195,60
right_turning,238,195,238,43
stepping,263,238,263,25
walking,353,263,353,90
stepping,366,353,366,13
sniffing,367,366,367,1
stepping,368,367,368,1
sniffing,420,368,420,52
rising,421,420,421,1
sniffing,524,421,524,103
rising,550,524,550,26
left_turning,600,550,600,50
walking,664,600,664,64
trotting,716,664,716,52
stepping,765,716,765,49
left_turning,813,765,813,48
rising,834,813,834,21
sniffing,861,834,861,27
rising,959,861,959,98
climbing,992,959,992,33
sniffing,1059,992,1059,67
stepping,1075,1059,1075,16
grooming,1147,1075,1147,72
running,1150,1147,1150,3
walking,1272,1150,1272,122
sniffing,1304,1272,1304,32
rising,1324,1304,1324,20
sniffing,1381,1324,1381,57
rising,1427,1381,1427,46
stepping,1461,1427,1461,34
trotting,1505,1461,1505,44
sniffing,1506,1505,1506,1
left_turning,1569,1506,1569,63
grooming,1634,1569,1634,65
sniffing,1635,1634,1635,1
walking,1705,1635,1705,70
running,1724,1705,1724,19
stepping,1739,1724,1739,15
sniffing,1772,1739,1772,33
rising,1819,1772,1819,47
trotting,1862,1819,1862,43
walking,1893,1862,1893,31
rising,1896,1893,1896,3
sniffing,1957,1896,1957,61
left_turning,2102,1957,2102,145
trotting,2161,2102,2161,59
sniffing,2179,2161,2179,18
walking,2214,2179,2214,35
rising,2215,2214,2215,1
stepping,2303,2215,2303,88
sniffing,2414,2303,2414,111
grooming,2609,2414,2609,195
rearing,2660,2609,2660,51
climbing,2723,2660,2723,63
grooming,2724,2723,2724,1
right_turning,2757,2724,2757,33
stepping,2758,2757,2758,1
walking,2774,2758,2774,16
trotting,2829,2774,2829,55
sniffing,2897,2829,2897,68
rising,2935,2897,2935,38
walking,2962,2935,2962,27
trotting,2975,2962,2975,13
walking,3040,2975,3040,65
sniffing,3041,3040,3041,1
grooming,3340,3041,3340,299
right_turning,3372,3340,3372,32
sniffing,3417,3372,3417,45
stepping,3451,3417,3451,34
rising,3452,3451,3452,1
right_turning,3453,3452,3453,1
running,3510,3453,3510,57
trotting,3525,3510,3525,15
sniffing,3549,3525,3549,24
right_turning,3578,3549,3578,29
trotting,3579,3578,3579,1
walking,3601,3579,3601,22
trotting,3630,3601,3630,29
stepping,3693,3630,3693,63
sniffing,3772,3693,3772,79
stepping,3773,3772,3773,1
walking,3789,3773,3789,16
running,3790,3789,3790,1
right_turning,3860,3790,3860,70
sniffing,3996,3860,3996,136
walking,4006,3996,4006,10
stepping,4046,4006,4046,40
walking,4085,4046,4085,39
trotting,4120,4085,4120,35
stepping,4186,4120,4186,66
walking,4224,4186,4224,38
trotting,4260,4224,4260,36
walking,4261,4260,4261,1
trotting,4310,4261,4310,49
running,4325,4310,4325,15
walking,4384,4325,4384,59
stepping,4433,4384,4433,49
walking,4434,4433,4434,1
sniffing,4495,4434,4495,61
grooming,4698,4495,4698,203
stepping,4732,4698,4732,34
sniffing,4733,4732,4733,1
rearing,4734,4733,4734,1
grooming,4844,4734,4844,110
stepping,4860,4844,4860,16
trotting,4910,4860,4910,50
walking,4923,4910,4923,13
left_turning,4990,4923,4990,67
walking,5031,4990,5031,41
running,5053,5031,5053,22
trotting,5109,5053,5109,56
running,5165,5109,5165,56
right_turning,5188,5165,5188,23
rising,5249,5188,5249,61
walking,5291,5249,5291,42
rising,5320,5291,5320,29
sniffing,5368,5320,5368,48
stepping,5455,5368,5455,87
sniffing,5532,5455,5532,77
rearing,5542,5532,5542,10
stepping,5575,5542,5575,33
rearing,5667,5575,5667,92
rising,5682,5667,5682,15
sniffing,5683,5682,5683,1
walking,5716,5683,5716,33
grooming,5771,5716,5771,55
stepping,5781,5771,5781,10
running,5785,5781,5785,4
left_turning,5836,5785,5836,51
sniffing,5837,5836,5837,1
stepping,5922,5837,5922,85
walking,5976,5922,5976,54
sniffing,6025,5976,6025,49
trotting,6068,6025,6068,43
walking,6130,6068,6130,62
sniffing,6167,6130,6167,37
rearing,6168,6167,6168,1
climbing,6202,6168,6202,34
left_turning,6221,6202,6221,19
right_turning,6222,6221,6222,1
stepping,6244,6222,6244,22
sniffing,6255,6244,6255,11
rearing,6288,6255,6288,33
hunching,6302,6288,6302,14
stepping,6360,6302,6360,58
trotting,6361,6360,6361,1
walking,6409,6361,6409,48
trotting,6461,6409,6461,52
stepping,6497,6461,6497,36
rising,6543,6497,6543,46
hunching,6568,6543,6568,25
rearing,6594,6568,6594,26
hunching,6635,6594,6635,41
sniffing,6636,6635,6636,1
stepping,6693,6636,6693,57
trotting,6732,6693,6732,39
sniffing,6774,6732,6774,42
right_turning,6811,6774,6811,37
sniffing,6837,6811,6837,26
grooming,6922,6837,6922,85
rearing,6936,6922,6936,14
rising,7034,6936,7034,98
grooming,7058,7034,7058,24
sniffing,7059,7058,7059,1
left_turning,7121,7059,7121,62
trotting,7171,7121,7171,50
rising,7184,7171,7184,13
grooming,7328,7184,7328,144
left_turning,7331,7328,7331,3
running,7361,7331,7361,30
sniffing,7414,7361,7414,53
walking,7415,7414,7415,1
sniffing,7424,7415,7424,9
grooming,7425,7424,7425,1
rising,7436,7425,7436,11
right_turning,7437,7436,7437,1
sniffing,7460,7437,7460,23
walking,7461,7460,7461,1
running,7489,7461,7489,28
rising,7509,7489,7509,20
rearing,7525,7509,7525,16
stepping,7602,7525,7602,77
walking,7619,7602,7619,17
stepping,7630,7619,7630,11
sniffing,7746,7630,7746,116
walking,7812,7746,7812,66
trotting,7898,7812,7898,86
running,7910,7898,7910,12
left_turning,7953,7910,7953,43
grooming,7991,7953,7991,38
stepping,8026,7991,8026,35
sniffing,8097,8026,8097,71
rearing,8124,8097,8124,27
climbing,8166,8124,8166,42
grooming,8347,8166,8347,181
rising,8388,8347,8388,41
grooming,8428,8388,8428,40
sniffing,8482,8428,8482,54
running,8497,8482,8497,15
sniffing,8535,8497,8535,38
left_turning,8591,8535,8591,56
sniffing,8659,8591,8659,68
left_turning,8660,8659,8660,1
rising,8668,8660,8668,8
sniffing,8764,8668,8764,96
grooming,8901,8764,8901,137
running,8910,8901,8910,9
sniffing,8941,8910,8941,31
grooming,9004,8941,9004,63
sniffing,9042,9004,9042,38
grooming,9191,9042,9191,149
left_turning,9222,9191,9222,31
walking,9223,9222,9223,1
rearing,9294,9223,9294,71
running,9316,9294,9316,22
stepping,9497,9316,9497,181
sniffing,9505,9497,9505,8
stepping,9515,9505,9515,10
rearing,9533,9515,9533,18
grooming,9566,9533,9566,33
right_turning,9619,9566,9619,53
rising,9659,9619,9659,40
grooming,9660,9659,9660,1
sniffing,9732,9660,9732,72
walking,9770,9732,9770,38
sniffing,9834,9770,9834,64
stepping,9872,9834,9872,38
trotting,9894,9872,9894,22
stepping,9909,9894,9909,15
climbing,9938,9909,9938,29
sniffing,9963,9938,9963,25
stepping,10000,9963,10000,37
trotting,10040,10000,10040,40
running,10061,10040,10061,21
walking,10112,10061,10112,51
sniffing,10188,10112,10188,76
walking,10300,10188,10300,112
rising,10351,10300,10351,51
climbing,10395,10351,10395,44
rearing,10441,10395,10441,46
hunching,10470,10441,10470,29
grooming,10471,10470,10471,1
climbing,10536,10471,10536,65
stepping,10565,10536,10565,29
walking,10569,10565,10569,4
sniffing,10651,10569,10651,82
grooming,10821,10651,10821,170
rearing,10893,10821,10893,72
hunching,10934,10893,10934,41
rearing,10970,10934,10970,36
grooming,11025,10970,11025,55
running,11063,11025,11063,38
stepping,11112,11063,11112,49
rising,11142,11112,11142,30
rearing,11164,11142,11164,22
climbing,11221,11164,11221,57
grooming,11275,11221,11275,54
sniffing,11375,11275,11375,100
climbing,11414,11375,11414,39
grooming,11533,11414,11533,119
trotting,11549,11533,11549,16
running,11583,11549,11583,34
stepping,11628,11583,11628,45
sniffing,11632,11628,11632,4
walking,11701,11632,11701,69
stepping,11735,11701,11735,34
sniffing,11814,11735,11814,79
walking,11834,11814,11834,20
sniffing,11837,11834,11837,3
running,11844,11837,11844,7
sniffing,11845,11844,11845,1
grooming,11954,11845,11954,109
right_turning,11993,11954,11993,39
walking,11994,11993,11994,1
rising,12001,11994,12001,7
sniffing,12052,12001,12052,51
walking,12053,12052,12053,1
left_turning,12132,12053,12132,79
trotting,12178,12132,12178,46
walking,12226,12178,12226,48
sniffing,12274,12226,12274,48
stepping,12315,12274,12315,41
walking,12366,12315,12366,51
hunching,12367,12366,12367,1
grooming,12508,12367,12508,141
rising,12531,12508,12531,23
sniffing,12612,12531,12612,81
stepping,12687,12612,12687,75
sniffing,12712,12687,12712,25
stepping,12758,12712,12758,46
climbing,12812,12758,12812,54
rising,12835,12812,12835,23
sniffing,12836,12835,12836,1
walking,12878,12836,12878,42
trotting,12927,12878,12927,49
stepping,12979,12927,12979,52
sniffing,13011,12979,13011,32
walking,13066,13011,13066,55
stepping,13073,13066,13073,7
grooming,13136,13073,13136,63
trotting,13168,13136,13168,32
grooming,13195,13168,13195,27
rising,13196,13195,13196,1
sniffing,13225,13196,13225,29
grooming,13277,13225,13277,52
sniffing,13294,13277,13294,17
trotting,13325,13294,13325,31
walking,13392,13325,13392,67
stepping,13410,13392,13410,18
walking,13437,13410,13437,27
grooming,13438,13437,13438,1
sniffing,13523,13438,13523,85
rising,13553,13523,13553,30
grooming,13597,13553,13597,44
rearing,13662,13597,13662,65
hunching,13663,13662,13663,1
grooming,13690,13663,13690,27
rising,13709,13690,13709,19
sniffing,13872,13709,13872,163
walking,13920,13872,13920,48
stepping,13951,13920,13951,31
grooming,14042,13951,14042,91
sniffing,14132,14042,14132,90
grooming,14141,14132,14141,9
sniffing,14233,14141,14233,92
walking,14284,14233,14284,51
stepping,14325,14284,14325,41
sniffing,14392,14325,14392,67
walking,14478,14392,14478,86
trotting,14521,14478,14521,43
sniffing,14610,14521,14610,89
climbing,14646,14610,14646,36
rising,14672,14646,14672,26
walking,14689,14672,14689,17
running,14722,14689,14722,33
trotting,14736,14722,14736,14
running,14767,14736,14767,31
rising,14800,14767,14800,33
rearing,14837,14800,14837,37
right_turning,14878,14837,14878,41
rising,14935,14878,14935,57
rearing,14967,14935,14967,32
grooming,15065,14967,15065,98
stepping,15117,15065,15117,52
walking,15187,15117,15187,70
sniffing,15193,15187,15193,6
walking,15198,15193,15198,5
left_turning,15264,15198,15264,66
running,15265,15264,15265,1
grooming,15266,15265,15266,1
walking,15363,15266,15363,97
left_turning,15364,15363,15364,1
stepping,15423,15364,15423,59
running,15444,15423,15444,21
walking,15476,15444,15476,32
rising,15493,15476,15493,17
walking,15541,15493,15541,48
rising,15590,15541,15590,49
hunching,15638,15590,15638,48
rearing,15716,15638,15716,78
walking,15728,15716,15728,12
sniffing,15791,15728,15791,63
walking,15816,15791,15816,25
sniffing,15817,15816,15817,1
trotting,15830,15817,15830,13
stepping,15891,15830,15891,61
rising,15910,15891,15910,19
walking,15927,15910,15927,17
rearing,16114,15927,16114,187
hunching,16115,16114,16115,1
rising,16116,16115,16116,1
grooming,16204,16116,16204,88
left_turning,16238,16204,16238,34
grooming,16470,16238,16470,232
sniffing,16495,16470,16495,25
grooming,16496,16495,16496,1
hunching,16497,16496,16497,1
grooming,16586,16497,16586,89
right_turning,16618,16586,16618,32
trotting,16631,16618,16631,13
left_turning,16687,16631,16687,56
trotting,16724,16687,16724,37
grooming,16743,16724,16743,19
climbing,16826,16743,16826,83
running,16878,16826,16878,52
rising,16915,16878,16915,37
rearing,16945,16915,16945,30
walking,17019,16945,17019,74
trotting,17048,17019,17048,29
stepping,17090,17048,17090,42
rising,17103,17090,17103,13
sniffing,17174,17103,17174,71
right_turning,17204,17174,17204,30
walking,17267,17204,17267,63
trotting,17274,17267,17274,7
walking,17304,17274,17304,30
stepping,17333,17304,17333,29
sniffing,17334,17333,17334,1
left_turning,17350,17334,17350,16
stepping,17402,17350,17402,52
walking,17403,17402,17403,1
stepping,17422,17403,17422,19
grooming,17443,17422,17443,21
rising,17483,17443,17483,40
sniffing,17506,17483,17506,23
grooming,17515,17506,17515,9
trotting,17543,17515,17543,28
stepping,17565,17543,17565,22
right_turning,17602,17565,17602,37
trotting,17656,17602,17656,54
grooming,17683,17656,17683,27
rising,17731,17683,17731,48
rearing,17753,17731,17753,22
grooming,17846,17753,17846,93
walking,17868,17846,17868,22
sniffing,17906,17868,17906,38
rising,17935,17906,17935,29
rearing,17936,17935,17936,1
left_turning,17945,17936,17945,9
walking,17970,17945,17970,25
sniffing,18125,17970,18125,155
grooming,18126,18125,18126,1
stepping,18170,18126,18170,44
walking,18248,18170,18248,78
sniffing,18270,18248,18270,22
grooming,18298,18270,18298,28
sniffing,18404,18298,18404,106
grooming,18428,18404,18428,24
sniffing,18475,18428,18475,47
rising,18509,18475,18509,34
climbing,18551,18509,18551,42
hunching,18587,18551,18587,36
rearing,18588,18587,18588,1
grooming,18625,18588,18625,37
hunching,18626,18625,18626,1
sniffing,18706,18626,18706,80
walking,18765,18706,18765,59
trotting,18780,18765,18780,15
sniffing,18799,18780,18799,19
grooming,18800,18799,18800,1
rearing,18818,18800,18818,18
climbing,18819,18818,18819,1
grooming,19140,18819,19140,321
scratching,19141,19140,19141,1
sniffing,19247,19141,19247,106
stepping,19293,19247,19293,46
left_turning,19336,19293,19336,43
walking,19380,19336,19380,44
sniffing,19491,19380,19491,111
trotting,19500,19491,19500,9
sniffing,19568,19500,19568,68
grooming,19715,19568,19715,147
walking,19743,19715,19743,28
rearing,19788,19743,19788,45
climbing,19800,19788,19800,12
rearing,19838,19800,19838,38
sniffing,19898,19838,19898,60
stepping,19968,19898,19968,70
rising,20033,19968,20033,65
walking,20074,20033,20074,41
sniffing,20075,20074,20075,1
rearing,20133,20075,20133,58
stepping,20154,20133,20154,21
left_turning,20199,20154,20199,45
grooming,20345,20199,20345,146
hunching,20346,20345,20346,1
grooming,20347,20346,20347,1
scratching,20348,20347,20348,1
walking,20413,20348,20413,65
left_turning,20478,20413,20478,65
grooming,20479,20478,20479,1
climbing,20558,20479,20558,79
sniffing,20559,20558,20559,1
stepping,20613,20559,20613,54
sniffing,20746,20613,20746,133
left_turning,20751,20746,20751,5
walking,20789,20751,20789,38
trotting,20822,20789,20822,33
sniffing,20823,20822,20823,1
grooming,20953,20823,20953,130
rearing,21018,20953,21018,65
grooming,21030,21018,21030,12
left_turning,21038,21030,21038,8
trotting,21058,21038,21058,20
walking,21107,21058,21107,49
sniffing,21122,21107,21122,15
hunching,21192,21122,21192,70
rising,21216,21192,21216,24
hunching,21223,21216,21223,7
grooming,21224,21223,21224,1
trotting,21256,21224,21256,32
rearing,21362,21256,21362,106
left_turning,21447,21362,21447,85
trotting,21483,21447,21483,36
left_turning,21513,21483,21513,30
scratching,21514,21513,21514,1
walking,21593,21514,21593,79
sniffing,21711,21593,21711,118
grooming,21750,21711,21750,39
walking,21792,21750,21792,42
stepping,21861,21792,21861,69
sniffing,21862,21861,21862,1
trotting,21894,21862,21894,32
stepping,21921,21894,21921,27
grooming,21956,21921,21956,35
sniffing,22018,21956,22018,62
rising,22079,22018,22079,61
climbing,22123,22079,22123,44
trotting,22152,22123,22152,29
left_turning,22192,22152,22192,40
stepping,22244,22192,22244,52
walking,22294,22244,22294,50
sniffing,22295,22294,22295,1
stepping,22358,22295,22358,63
grooming,22359,22358,22359,1
left_turning,22403,22359,22403,44
rising,22434,22403,22434,31
rearing,22446,22434,22446,12
grooming,22447,22446,22447,1
walking,22452,22447,22452,5
stepping,22490,22452,22490,38
sniffing,22491,22490,22491,1
rising,22495,22491,22495,4
rearing,22501,22495,22501,6
grooming,22624,22501,22624,123
sniffing,22690,22624,22690,66
rising,22731,22690,22731,41
hunching,22776,22731,22776,45
rearing,22777,22776,22777,1
grooming,22837,22777,22837,60
sniffing,22882,22837,22882,45
stepping,22908,22882,22908,26
sniffing,22909,22908,22909,1
left_turning,22932,22909,22932,23
stepping,23001,22932,23001,69
sniffing,23119,23001,23119,118
rising,23120,23119,23120,1
sniffing,23194,23120,23194,74
running,23221,23194,23221,27
stepping,23263,23221,23263,42
right_turning,23309,23263,23309,46
stepping,23364,23309,23364,55
grooming,23419,23364,23419,55
trotting,23459,23419,23459,40
stepping,23530,23459,23530,71
sniffing,23601,23530,23601,71
grooming,23680,23601,23680,79
rising,23727,23680,23727,47
grooming,23764,23727,23764,37
right_turning,23765,23764,23765,1
stepping,23774,23765,23774,9
walking,23799,23774,23799,25
hunching,23803,23799,23803,4
grooming,23804,23803,23804,1
hunching,23874,23804,23874,70
rearing,23985,23874,23985,111
rising,23986,23985,23986,1
climbing,24016,23986,24016,30
grooming,24097,24016,24097,81
rearing,24123,24097,24123,26
grooming,24253,24123,24253,130
stepping,24297,24253,24297,44
walking,24379,24297,24379,82
sniffing,24380,24379,24380,1
rising,24381,24380,24381,1
climbing,24425,24381,24425,44
left_turning,24464,24425,24464,39
stepping,24530,24464,24530,66
climbing,24580,24530,24580,50
sniffing,24620,24580,24620,40
stepping,24621,24620,24621,1
grooming,24698,24621,24698,77
rearing,24699,24698,24699,1
climbing,24778,24699,24778,79
sniffing,24937,24778,24937,159
rearing,24982,24937,24982,45
sniffing,24983,24982,24983,1
left_turning,25067,24983,25067,84
walking,25112,25067,25112,45
grooming,25121,25112,25121,9
stepping,25169,25121,25169,48
walking,25172,25169,25172,3
sniffing,25265,25172,25265,93
walking,25300,25265,25300,35
trotting,25352,25300,25352,52
sniffing,25408,25352,25408,56
stepping,25425,25408,25425,17
sniffing,25449,25425,25449,24
stepping,25465,25449,25465,16
walking,25497,25465,25497,32
stepping,25544,25497,25544,47
rising,25565,25544,25565,21
sniffing,25695,25565,25695,130
climbing,25741,25695,25741,46
left_turning,25826,25741,25826,85
trotting,25836,25826,25836,10
sniffing,25953,25836,25953,117
walking,25988,25953,25988,35
stepping,26036,25988,26036,48
sniffing,26138,26036,26138,102
left_turning,26139,26138,26139,1
grooming,26175,26139,26175,36
left_turning,26226,26175,26226,51
walking,26266,26226,26266,40
trotting,26287,26266,26287,21
rising,26297,26287,26297,10
walking,26342,26297,26342,45
stepping,26392,26342,26392,50
trotting,26425,26392,26425,33
stepping,26479,26425,26479,54
climbing,26523,26479,26523,44
grooming,26524,26523,26524,1
rising,26530,26524,26530,6
rearing,26531,26530,26531,1
stepping,26565,26531,26565,34
climbing,26584,26565,26584,19
right_turning,26670,26584,26670,86
running,26703,26670,26703,33
stepping,26721,26703,26721,18
grooming,26765,26721,26765,44
hunching,26766,26765,26766,1
rising,26792,26766,26792,26
rearing,26852,26792,26852,60
walking,26853,26852,26853,1
stepping,26913,26853,26913,60
sniffing,26998,26913,26998,85
stepping,27095,26998,27095,97
sniffing,27208,27095,27208,113
rising,27209,27208,27209,1
grooming,27263,27209,27263,54
walking,27264,27263,27264,1
grooming,27473,27264,27473,209
rearing,27488,27473,27488,15
climbing,27489,27488,27489,1
grooming,27663,27489,27663,174
right_turning,27707,27663,27707,44
trotting,27731,27707,27731,24
sniffing,27741,27731,27741,10
walking,27742,27741,27742,1
sniffing,27897,27742,27897,155
rearing,28023,27897,28023,126
rising,28097,28023,28097,74
stepping,28154,28097,28154,57
sniffing,28157,28154,28157,3
walking,28170,28157,28170,13
rearing,28171,28170,28171,1
grooming,28215,28171,28215,44
climbing,28315,28215,28315,100
right_turning,28350,28315,28350,35
walking,28360,28350,28360,10
stepping,28382,28360,28382,22
sniffing,28383,28382,28383,1
grooming,28384,28383,28384,1
left_turning,28445,28384,28445,61
stepping,28466,28445,28466,21
sniffing,28467,28466,28467,1
left_turning,28506,28467,28506,39
sniffing,28551,28506,28551,45
rising,28552,28551,28552,1
rearing,28560,28552,28560,8
grooming,28701,28560,28701,141
rearing,28716,28701,28716,15
grooming,28779,28716,28779,63
left_turning,28824,28779,28824,45
sniffing,28883,28824,28883,59
stepping,28918,28883,28918,35
walking,28959,28918,28959,41
sniffing,29059,28959,29059,100
left_turning,29082,29059,29082,23
sniffing,29168,29082,29168,86
grooming,29169,29168,29169,1
rearing,29170,29169,29170,1
grooming,29226,29170,29226,56
rising,29277,29226,29277,51
right_turning,29327,29277,29327,50
stepping,29370,29327,29370,43
sniffing,29397,29370,29397,27
stepping,29416,29397,29416,19
left_turning,29444,29416,29444,28
walking,29463,29444,29463,19
sniffing,29595,29463,29595,132
grooming,29766,29595,29766,171
rearing,29792,29766,29792,26
sniffing,29903,29792,29903,111
stepping,29913,29903,29913,10
grooming,30040,29913,30040,127
sniffing,30173,30040,30173,133
stepping,30216,30173,30216,43
sniffing,30217,30216,30217,1
rearing,30269,30217,30269,52
sniffing,30286,30269,30286,17
walking,30301,30286,30301,15
sniffing,30466,30301,30466,165
left_turning,30553,30466,30553,87
running,30575,30553,30575,22
sniffing,30774,30575,30774,199
stepping,30827,30774,30827,53
running,30863,30827,30863,36
stepping,30928,30863,30928,65
grooming,31485,30928,31485,557
rearing,31551,31485,31551,66
grooming,31617,31551,31617,66
walking,31641,31617,31641,24
sniffing,31678,31641,31678,37
rising,31709,31678,31709,31
sniffing,31710,31709,31710,1
climbing,31757,31710,31757,47
grooming,31758,31757,31758,1
sniffing,31759,31758,31759,1
rising,31760,31759,31760,1
grooming,32093,31760,32093,333
hunching,32163,32093,32163,70
grooming,32246,32163,32246,83
hunching,32247,32246,32247,1
rearing,32248,32247,32248,1
grooming,32249,32248,32249,1
rearing,32250,32249,32250,1
stepping,32280,32250,32280,30
sniffing,32345,32280,32345,65
stepping,32387,32345,32387,42
climbing,32388,32387,32388,1
rearing,32389,32388,32389,1
grooming,32390,32389,32390,1
sniffing,32416,32390,32416,26
trotting,32485,32416,32485,69
sniffing,32504,32485,32504,19
walking,32518,32504,32518,14
trotting,32543,32518,32543,25
walking,32630,32543,32630,87
sniffing,32737,32630,32737,107
stepping,32760,32737,32760,23
sniffing,32855,32760,32855,95
stepping,32895,32855,32895,40
grooming,32896,32895,32896,1
left_turning,32897,32896,32897,1
stepping,32953,32897,32953,56
rising,32979,32953,32979,26
sniffing,33032,32979,33032,53
stepping,33086,33032,33086,54
sniffing,33115,33086,33115,29
grooming,33165,33115,33165,50
rearing,33166,33165,33166,1
grooming,33254,33166,33254,88
hunching,33296,33254,33296,42
sniffing,33388,33296,33388,92
grooming,33462,33388,33462,74
sniffing,33481,33462,33481,19
grooming,33591,33481,33591,110
rising,33632,33591,33632,41
rearing,33704,33632,33704,72
grooming,33906,33704,33906,202
rearing,33936,33906,33936,30
grooming,34044,33936,34044,108
stepping,34045,34044,34045,1
rearing,34087,34045,34087,42
grooming,34138,34087,34138,51
stepping,34168,34138,34168,30
sniffing,34169,34168,34169,1
walking,34212,34169,34212,43
stepping,34281,34212,34281,69
walking,34326,34281,34326,45
grooming,34351,34326,34351,25
hunching,34381,34351,34381,30
grooming,34382,34381,34382,1
left_turning,34427,34382,34427,45
walking,34430,34427,34430,3
stepping,34474,34430,34474,44
sniffing,34558,34474,34558,84
right_turning,34613,34558,34613,55
stepping,34633,34613,34633,20
rising,34646,34633,34646,13
climbing,34656,34646,34656,10
grooming,34832,34656,34832,176
stepping,34833,34832,34833,1
sniffing,34884,34833,34884,51
stepping,34941,34884,34941,57
walking,35030,34941,35030,89
sniffing,35058,35030,35058,28
grooming,35059,35058,35059,1
hunching,35159,35059,35159,100
grooming,35266,35159,35266,107
sniffing,35267,35266,35267,1
rising,35289,35267,35289,22
grooming,35290,35289,35290,1
right_turning,35292,35290,35292,2
grooming,35350,35292,35350,58
hunching,35395,35350,35395,45
grooming,35450,35395,35450,55
walking,35517,35450,35517,67
right_turning,35518,35517,35518,1
walking,35557,35518,35557,39
sniffing,35634,35557,35634,77
grooming,36061,35634,36061,427
rising,36101,36061,36101,40
climbing,36241,36101,36241,140
running,36260,36241,36260,19
sniffing,36322,36260,36322,62
walking,36344,36322,36344,22
sniffing,36529,36344,36529,185
stepping,36541,36529,36541,12
sniffing,36586,36541,36586,45
stepping,36608,36586,36608,22
walking,36609,36608,36609,1
sniffing,36712,36609,36712,103
grooming,36807,36712,36807,95
sniffing,36942,36807,36942,135
walking,36978,36942,36978,36
left_turning,36980,36978,36980,2
trotting,37013,36980,37013,33
running,37044,37013,37044,31
grooming,37199,37044,37199,155
trotting,37204,37199,37204,5
sniffing,37422,37204,37422,218
left_turning,37456,37422,37456,34
sniffing,37458,37456,37458,2
rearing,37473,37458,37473,15
hunching,37564,37473,37564,91
left_turning,37570,37564,37570,6
sniffing,37670,37570,37670,100
grooming,37671,37670,37671,1
hunching,37726,37671,37726,55
climbing,37894,37726,37894,168
rising,37961,37894,37961,67
climbing,38025,37961,38025,64
stepping,38083,38025,38083,58
sniffing,38089,38083,38089,6
right_turning,38118,38089,38118,29
grooming,38132,38118,38132,14
walking,38220,38132,38220,88
stepping,38272,38220,38272,52
rearing,38306,38272,38306,34
grooming,38339,38306,38339,33
walking,38364,38339,38364,25
sniffing,38365,38364,38365,1
rising,38422,38365,38422,57
grooming,38505,38422,38505,83
stepping,38554,38505,38554,49
sniffing,38645,38554,38645,91
rearing,38671,38645,38671,26
stepping,38694,38671,38694,23
sniffing,38695,38694,38695,1
rising,38739,38695,38739,44
stepping,38755,38739,38755,16
grooming,38780,38755,38780,25
stepping,38836,38780,38836,56
sniffing,38863,38836,38863,27
grooming,38864,38863,38864,1
right_turning,38909,38864,38909,45
grooming,38910,38909,38910,1
rearing,38924,38910,38924,14
grooming,38976,38924,38976,52
climbing,39061,38976,39061,85
grooming,39062,39061,39062,1
left_turning,39132,39062,39132,70
grooming,39133,39132,39133,1
sniffing,39170,39133,39170,37
rising,39199,39170,39199,29
rearing,39234,39199,39234,35
grooming,39379,39234,39379,145
rearing,39380,39379,39380,1
climbing,39428,39380,39428,48
sniffing,39579,39428,39579,151
grooming,39688,39579,39688,109
rearing,39753,39688,39753,65
hunching,39826,39753,39826,73
grooming,39886,39826,39886,60
walking,39887,39886,39887,1
trotting,39888,39887,39888,1
sniffing,40002,39888,40002,114
stepping,40030,40002,40030,28
walking,40120,40030,40120,90
stepping,40150,40120,40150,30
sniffing,40156,40150,40156,6
stepping,40211,40156,40211,55
sniffing,40236,40211,40236,25
grooming,40352,40236,40352,116
stepping,40413,40352,40413,61
sniffing,40427,40413,40427,14
rising,40570,40427,40570,143
stepping,40614,40570,40614,44
walking,40615,40614,40615,1
rising,40616,40615,40616,1
sniffing,40706,40616,40706,90
rising,40737,40706,40737,31
rearing,40887,40737,40887,150
grooming,41005,40887,41005,118
scratching,41006,41005,41006,1
grooming,41038,41006,41038,32
stepping,41116,41038,41116,78
walking,41166,41116,41166,50
sniffing,41221,41166,41221,55
grooming,41399,41221,41399,178
rising,41400,41399,41400,1
stepping,41459,41400,41459,59
walking,41495,41459,41495,36
rising,41646,41495,41646,151
climbing,41725,41646,41725,79
walking,41806,41725,41806,81
sniffing,41897,41806,41897,91
stepping,41912,41897,41912,15
sniffing,41913,41912,41913,1
climbing,42050,41913,42050,137
sniffing,42079,42050,42079,29
rising,42080,42079,42080,1
sniffing,42148,42080,42148,68
stepping,42168,42148,42168,20
left_turning,42201,42168,42201,33
climbing,42214,42201,42214,13
walking,42215,42214,42215,1
sniffing,42216,42215,42216,1
grooming,42328,42216,42328,112
hunching,42342,42328,42342,14
rearing,42422,42342,42422,80
grooming,42605,42422,42605,183
rising,42671,42605,42671,66
climbing,42718,42671,42718,47
left_turning,42749,42718,42749,31
grooming,43135,42749,43135,386
sniffing,43168,43135,43168,33
grooming,43201,43168,43201,33
rearing,43263,43201,43263,62
right_turning,43264,43263,43264,1
stepping,43285,43264,43285,21
sniffing,43334,43285,43334,49
grooming,43373,43334,43373,39
rising,43477,43373,43477,104
grooming,43478,43477,43478,1
sniffing,43680,43478,43680,202
walking,43726,43680,43726,46
sniffing,43739,43726,43739,13
grooming,43740,43739,43740,1
rising,43821,43740,43821,81
left_turning,43844,43821,43844,23
climbing,43845,43844,43845,1
rearing,43961,43845,43961,116
grooming,44019,43961,44019,58
sniffing,44235,44019,44235,216
grooming,44314,44235,44314,79
stepping,44339,44314,44339,25
sniffing,44496,44339,44496,157
walking,44639,44496,44639,143
left_turning,44648,44639,44648,9
sniffing,44738,44648,44738,90
grooming,44800,44738,44800,62
rearing,44819,44800,44819,19
climbing,44891,44819,44891,72
rising,44918,44891,44918,27
sniffing,44928,44918,44928,10
rising,44986,44928,44986,58
walking,45059,44986,45059,73
stepping,45134,45059,45134,75
trotting,45193,45134,45193,59
walking,45308,45193,45308,115
stepping,45359,45308,45359,51
grooming,45495,45359,45495,136
sniffing,45604,45495,45604,109
stepping,45666,45604,45666,62
sniffing,45667,45666,45667,1
stepping,45685,45667,45685,18
walking,45788,45685,45788,103
left_turning,45834,45788,45834,46
sniffing,45867,45834,45867,33
left_turning,45922,45867,45922,55
walking,45923,45922,45923,1
sniffing,45924,45923,45924,1
stepping,45925,45924,45925,1
sniffing,45979,45925,45979,54
grooming,46100,45979,46100,121
running,46126,46100,46126,26
trotting,46154,46126,46154,28
rearing,46235,46154,46235,81
climbing,46278,46235,46278,43
rearing,46368,46278,46368,90
grooming,46626,46368,46626,258
hunching,46694,46626,46694,68
grooming,46792,46694,46792,98
trotting,46809,46792,46809,17
stepping,46849,46809,46849,40
trotting,46881,46849,46881,32
sniffing,46926,46881,46926,45
rearing,46927,46926,46927,1
hunching,47093,46927,47093,166
grooming,47529,47093,47529,436
sniffing,47538,47529,47538,9
stepping,47566,47538,47566,28
rearing,47634,47566,47634,68
rising,47691,47634,47691,57
right_turning,47708,47691,47708,17
stepping,47718,47708,47718,10
walking,47777,47718,47777,59
sniffing,47822,47777,47822,45
walking,47823,47822,47823,1
sniffing,47987,47823,47987,164
right_turning,48010,47987,48010,23
walking,48015,48010,48015,5
rearing,48042,48015,48042,27
walking,48121,48042,48121,79
rising,48177,48121,48177,56
sniffing,48298,48177,48298,121
rising,48345,48298,48345,47
sniffing,48347,48345,48347,2
walking,48361,48347,48361,14
climbing,48453,48361,48453,92
stepping,48522,48453,48522,69
sniffing,48882,48522,48882,360
grooming,48902,48882,48902,20
hunching,48912,48902,48912,10
grooming,49252,48912,49252,340
sniffing,49265,49252,49265,13
stepping,49266,49265,49266,1
sniffing,49342,49266,49342,76
grooming,49586,49342,49586,244
right_turning,49617,49586,49617,31
sniffing,49778,49617,49778,161
climbing,49872,49778,49872,94
grooming,50062,49872,50062,190
scratching,50063,50062,50063,1
grooming,50217,50063,50217,154
rising,50270,50217,50270,53
sniffing,50271,50270,50271,1
stepping,50341,50271,50341,70
grooming,50444,50341,50444,103
left_turning,50445,50444,50445,1
hunching,50543,50445,50543,98
rearing,50548,50543,50548,5
rising,50610,50548,50610,62
climbing,50720,50610,50720,110
grooming,50721,50720,50721,1
rearing,50758,50721,50758,37
rising,50809,50758,50809,51
sniffing,50841,50809,50841,32
stepping,50855,50841,50855,14
walking,50856,50855,50856,1
grooming,51134,50856,51134,278
rearing,51135,51134,51135,1
hunching,51250,51135,51250,115
grooming,51547,51250,51547,297
rearing,51548,51547,51548,1
left_turning,51565,51548,51565,17
sniffing,51633,51565,51633,68
rising,51634,51633,51634,1
rearing,51694,51634,51694,60
sniffing,51937,51694,51937,243
walking,52025,51937,52025,88
sniffing,52078,52025,52078,53
climbing,52235,52078,52235,157
walking,52241,52235,52241,6
left_turning,52247,52241,52247,6
sniffing,52311,52247,52311,64
climbing,52332,52311,52332,21
trotting,52333,52332,52333,1
walking,52381,52333,52381,48
left_turning,52428,52381,52428,47
grooming,52477,52428,52477,49
rearing,52543,52477,52543,66
climbing,52632,52543,52632,89
running,52644,52632,52644,12
walking,52674,52644,52674,30
sniffing,52786,52674,52786,112
walking,52813,52786,52813,27
sniffing,52833,52813,52833,20
stepping,52872,52833,52872,39
sniffing,52913,52872,52913,41
right_turning,52925,52913,52925,12
scratching,52926,52925,52926,1
grooming,53071,52926,53071,145
sniffing,53113,53071,53113,42
rearing,53171,53113,53171,58
sniffing,53338,53171,53338,167
scratching,53339,53338,53339,1
walking,53340,53339,53340,1
stepping,53355,53340,53355,15
walking,53418,53355,53418,63
sniffing,53596,53418,53596,178
rising,53654,53596,53654,58
sniffing,53732,53654,53732,78
rising,53733,53732,53733,1
grooming,54043,53733,54043,310
right_turning,54058,54043,54058,15
stepping,54144,54058,54144,86
grooming,54145,54144,54145,1
sniffing,54146,54145,54146,1
rising,54164,54146,54164,18
climbing,54176,54164,54176,12
trotting,54197,54176,54197,21
running,54216,54197,54216,19
walking,54280,54216,54280,64
stepping,54296,54280,54296,16
climbing,54387,54296,54387,91
trotting,54434,54387,54434,47
walking,54464,54434,54464,30
sniffing,54669,54464,54669,205
stepping,54706,54669,54706,37
walking,54731,54706,54731,25
stepping,54792,54731,54792,61
left_turning,54806,54792,54806,14
sniffing,54821,54806,54821,15
rearing,54822,54821,54822,1
grooming,54823,54822,54823,1
rearing,54837,54823,54837,14
climbing,54880,54837,54880,43
sniffing,54907,54880,54907,27
rearing,54999,54907,54999,92
hunching,55057,54999,55057,58
grooming,55261,55057,55261,204
hunching,55262,55261,55262,1
grooming,55811,55262,55811,549
left_turning,55812,55811,55812,1
trotting,55848,55812,55848,36
stepping,55881,55848,55881,33
sniffing,55972,55881,55972,91
left_turning,56003,55972,56003,31
stepping,56047,56003,56047,44
sniffing,56237,56047,56237,190
right_turning,56246,56237,56246,9
rising,56294,56246,56294,48
rearing,56369,56294,56369,75
left_turning,56428,56369,56428,59
walking,56445,56428,56445,17
sniffing,56522,56445,56522,77
walking,56562,56522,56562,40
sniffing,56642,56562,56642,80
walking,56649,56642,56649,7
rising,56743,56649,56743,94
sniffing,57015,56743,57015,272
scratching,57016,57015,57016,1
stepping,57032,57016,57032,16
sniffing,57161,57032,57161,129
running,57208,57161,57208,47
stepping,57240,57208,57240,32
sniffing,57350,57240,57350,110
grooming,57579,57350,57579,229
running,57585,57579,57585,6
trotting,57593,57585,57593,8
rising,57628,57593,57628,35
grooming,57826,57628,57826,198
rearing,57895,57826,57895,69
grooming,57896,57895,57896,1
rearing,57910,57896,57910,14
sniffing,58172,57910,58172,262
rising,58237,58172,58237,65
grooming,58700,58237,58700,463
sniffing,58771,58700,58771,71
grooming,58772,58771,58772,1
hunching,58817,58772,58817,45
rearing,58827,58817,58827,10
grooming,59219,58827,59219,392
sniffing,59225,59219,59225,6
walking,59226,59225,59226,1
trotting,59251,59226,59251,25
walking,59310,59251,59310,59
stepping,59354,59310,59354,44
right_turning,59370,59354,59370,16
sniffing,59541,59370,59541,171
stepping,59546,59541,59546,5
sniffing,59658,59546,59658,112
walking,59677,59658,59677,19
sniffing,59774,59677,59774,97
stepping,59892,59774,59892,118
sniffing,59921,59892,59921,29
walking,59957,59921,59957,36
sniffing,60028,59957,60028,71
walking,60089,60028,60089,61
sniffing,60174,60089,60174,85
grooming,60353,60174,60353,179
rearing,60414,60353,60414,61
trotting,60437,60414,60437,23
sniffing,60642,60437,60642,205
left_turning,60681,60642,60681,39
stepping,60704,60681,60704,23
sniffing,60705,60704,60705,1
grooming,60706,60705,60706,1
jumping,60751,60706,60751,45
stepping,60798,60751,60798,47
sniffing,60874,60798,60874,76
walking,60875,60874,60875,1
sniffing,60876,60875,60876,1
rearing,60911,60876,60911,35
left_turning,60958,60911,60958,47
walking,60959,60958,60959,1
sniffing,60971,60959,60971,12
rearing,60989,60971,60989,18
grooming,60990,60989,60990,1
stepping,61045,60990,61045,55
climbing,61092,61045,61092,47
trotting,61149,61092,61149,57
stepping,61192,61149,61192,43
hunching,61263,61192,61263,71
grooming,61465,61263,61465,202
left_turning,61538,61465,61538,73
scratching,61539,61538,61539,1
grooming,61774,61539,61774,235
walking,61851,61774,61851,77
sniffing,61852,61851,61852,1
stepping,61868,61852,61868,16
rearing,62051,61868,62051,183
grooming,62306,62051,62306,255
rearing,62330,62306,62330,24
climbing,62437,62330,62437,107
sniffing,62514,62437,62514,77
climbing,62622,62514,62622,108
grooming,62623,62622,62623,1
sniffing,62746,62623,62746,123
walking,62748,62746,62748,2
stepping,62776,62748,62776,28
rearing,62814,62776,62814,38
climbing,62896,62814,62896,82
grooming,63306,62896,63306,410
sniffing,63382,63306,63382,76
walking,63407,63382,63407,25
sniffing,63408,63407,63408,1
walking,63445,63408,63445,37
rearing,63498,63445,63498,53
hunching,63544,63498,63544,46
rearing,63585,63544,63585,41
climbing,63702,63585,63702,117
grooming,63703,63702,63703,1
rearing,63710,63703,63710,7
sniffing,63729,63710,63729,19
stepping,63730,63729,63730,1
walking,63767,63730,63767,37
trotting,63814,63767,63814,47
rearing,63815,63814,63815,1
hunching,63889,63815,63889,74
rearing,63946,63889,63946,57
climbing,63967,63946,63967,21
right_turning,63972,63967,63972,5
walking,64019,63972,64019,47
sniffing,64062,64019,64062,43
stepping,64079,64062,64079,17
left_turning,64146,64079,64146,67
sniffing,64147,64146,64147,1
left_turning,64175,64147,64175,28
running,64186,64175,64186,11
sniffing,64230,64186,64230,44
right_turning,64280,64230,64280,50
sniffing,64357,64280,64357,77
rising,64372,64357,64372,15
sniffing,64376,64372,64376,4
rising,64397,64376,64397,21
climbing,64457,64397,64457,60
rising,64510,64457,64510,53
climbing,64593,64510,64593,83
running,64604,64593,64604,11
trotting,64643,64604,64643,39
walking,64747,64643,64747,104
stepping,64766,64747,64766,19
sniffing,64864,64766,64864,98
running,64871,64864,64871,7
rising,64901,64871,64901,30
left_turning,64931,64901,64931,30
stepping,64935,64931,64935,4
climbing,65028,64935,65028,93
rearing,65029,65028,65029,1
sniffing,65030,65029,65030,1
stepping,65056,65030,65056,26
left_turning,65069,65056,65069,13
sniffing,65071,65069,65071,2
walking,65072,65071,65072,1
stepping,65105,65072,65105,33
sniffing,65106,65105,65106,1
grooming,65107,65106,65107,1
running,65114,65107,65114,7
trotting,65125,65114,65125,11
running,65154,65125,65154,29
walking,65190,65154,65190,36
sniffing,65275,65190,65275,85
climbing,65276,65275,65276,1
running,65278,65276,65278,2
walking,65327,65278,65327,49
sniffing,65366,65327,65366,39
left_turning,65391,65366,65391,25
hunching,65392,65391,65392,1
grooming,65813,65392,65813,421
rising,65847,65813,65847,34
climbing,65932,65847,65932,85
grooming,66249,65932,66249,317
rearing,66268,66249,66268,19
sniffing,66329,66268,66329,61
hunching,66337,66329,66337,8
grooming,66418,66337,66418,81
hunching,66441,66418,66441,23
rearing,66476,66441,66476,35
walking,66484,66476,66484,8
sniffing,66582,66484,66582,98
left_turning,66622,66582,66622,40
walking,66709,66622,66709,87
left_turning,66720,66709,66720,11
grooming,66734,66720,66734,14
left_turning,66817,66734,66817,83
walking,66863,66817,66863,46
stepping,66910,66863,66910,47
climbing,66973,66910,66973,63
grooming,67032,66973,67032,59
left_turning,67061,67032,67061,29
sniffing,67062,67061,67062,1
walking,67104,67062,67104,42
climbing,67105,67104,67105,1
grooming,67331,67105,67331,226
hunching,67358,67331,67358,27
grooming,67569,67358,67569,211
sniffing,67735,67569,67735,166
grooming,67738,67735,67738,3
left_turning,67800,67738,67800,62
hunching,67801,67800,67801,1
grooming,68061,67801,68061,260
stepping,68112,68061,68112,51
sniffing,68128,68112,68128,16
stepping,68166,68128,68166,38
sniffing,68277,68166,68277,111
grooming,68278,68277,68278,1
scratching,68279,68278,68279,1
grooming,68280,68279,68280,1
sniffing,68390,68280,68390,110
scratching,68391,68390,68391,1
grooming,68395,68391,68395,4
trotting,68396,68395,68396,1
rising,68397,68396,68397,1
left_turning,68402,68397,68402,5
trotting,68477,68402,68477,75
walking,68589,68477,68589,112
grooming,68878,68589,68878,289
sniffing,68879,68878,68879,1
right_turning,68899,68879,68899,20
rising,68900,68899,68900,1
rearing,68901,68900,68901,1
grooming,68902,68901,68902,1
rearing,68972,68902,68972,70
grooming,68973,68972,68973,1
trotting,68990,68973,68990,17
sniffing,68991,68990,68991,1
trotting,69051,68991,69051,60
walking,69059,69051,69059,8
stepping,69104,69059,69104,45
grooming,69578,69104,69578,474
sniffing,69704,69578,69704,126
rising,69719,69704,69719,15
climbing,69720,69719,69720,1
left_turning,69796,69720,69796,76
grooming,70148,69796,70148,352
trotting,70183,70148,70183,35
right_turning,70222,70183,70222,39
sniffing,70295,70222,70295,73
rising,70341,70295,70341,46
rearing,70410,70341,70410,69
grooming,70628,70410,70628,218
stepping,70629,70628,70629,1
rearing,70713,70629,70713,84
grooming,70749,70713,70749,36
hunching,70830,70749,70830,81
sniffing,71013,70830,71013,183
walking,71028,71013,71028,15
trotting,71084,71028,71084,56
rising,71107,71084,71107,23
sniffing,71115,71107,71115,8
left_turning,71137,71115,71137,22
grooming,71219,71137,71219,82
rising,71225,71219,71225,6
rearing,71361,71225,71361,136
grooming,71468,71361,71468,107
sniffing,71532,71468,71532,64
rearing,71583,71532,71583,51
rising,71605,71583,71605,22
grooming,71670,71605,71670,65
rearing,71737,71670,71737,67
grooming,71923,71737,71923,186
hunching,71976,71923,71976,53
grooming,72247,71976,72247,271
sniffing,72397,72247,72397,150
rising,72424,72397,72424,27
hunching,72435,72424,72435,11
grooming,72590,72435,72590,155
sniffing,72591,72590,72591,1
stepping,72597,72591,72597,6
sniffing,72689,72597,72689,92
grooming,72789,72689,72789,100
hunching,72826,72789,72826,37
rising,72889,72826,72889,63
rearing,72890,72889,72890,1
left_turning,72924,72890,72924,34
grooming,73245,72924,73245,321
walking,73261,73245,73261,16
rearing,73262,73261,73262,1
walking,73377,73262,73377,115
rearing,73461,73377,73461,84
grooming,73604,73461,73604,143
left_turning,73658,73604,73658,54
climbing,73772,73658,73772,114
sniffing,73844,73772,73844,72
stepping,73900,73844,73900,56
sniffing,73901,73900,73901,1
rearing,73912,73901,73912,11
hunching,73978,73912,73978,66
rearing,74082,73978,74082,104
grooming,74083,74082,74083,1
hunching,74084,74083,74084,1
rearing,74206,74084,74206,122
climbing,74283,74206,74283,77
left_turning,74284,74283,74284,1
grooming,74285,74284,74285,1
sniffing,74447,74285,74447,162
left_turning,74505,74447,74505,58
sniffing,74576,74505,74576,71
left_turning,74577,74576,74577,1
walking,74616,74577,74616,39
sniffing,74794,74616,74794,178
grooming,75100,74794,75100,306
hunching,75130,75100,75130,30
sniffing,75164,75130,75164,34
stepping,75218,75164,75218,54
sniffing,75225,75218,75225,7
stepping,75261,75225,75261,36
rising,75329,75261,75329,68
grooming,75425,75329,75425,96
walking,75466,75425,75466,41
sniffing,75553,75466,75553,87
stepping,75615,75553,75615,62
rising,75675,75615,75675,60
grooming,75767,75675,75767,92
hunching,75871,75767,75871,104
grooming,76026,75871,76026,155
rising,76027,76026,76027,1
climbing,76028,76027,76028,1
sniffing,76056,76028,76056,28
walking,76098,76056,76098,42
climbing,76135,76098,76135,37
rearing,76218,76135,76218,83
climbing,76259,76218,76259,41
left_turning,76277,76259,76277,18
sniffing,76287,76277,76287,10
stepping,76324,76287,76324,37
sniffing,76325,76324,76325,1
right_turning,76349,76325,76349,24
sniffing,76350,76349,76350,1
right_turning,76351,76350,76351,1
stepping,76362,76351,76362,11
rearing,76374,76362,76374,12
sniffing,76375,76374,76375,1
right_turning,76385,76375,76385,10
walking,76421,76385,76421,36
rising,76477,76421,76477,56
rearing,76478,76477,76478,1
grooming,76519,76478,76519,41
left_turning,76520,76519,76520,1
walking,76521,76520,76521,1
sniffing,76574,76521,76574,53
stepping,76609,76574,76609,35
walking,76656,76609,76656,47
sniffing,76765,76656,76765,109
walking,76766,76765,76766,1
climbing,76789,76766,76789,23
sniffing,76852,76789,76852,63
grooming,77134,76852,77134,282
rising,77135,77134,77135,1
climbing,77282,77135,77282,147
rising,77326,77282,77326,44
rearing,77378,77326,77378,52
grooming,77379,77378,77379,1
sniffing,77488,77379,77488,109
grooming,77671,77488,77671,183
left_turning,77693,77671,77693,22
sniffing,77859,77693,77859,166
walking,77935,77859,77935,76
sniffing,77936,77935,77936,1
stepping,78001,77936,78001,65
walking,78057,78001,78057,56
stepping,78058,78057,78058,1
sniffing,78231,78058,78231,173
left_turning,78263,78231,78263,32
trotting,78319,78263,78319,56
walking,78353,78319,78353,34
stepping,78406,78353,78406,53
sniffing,78441,78406,78441,35
stepping,78480,78441,78480,39
sniffing,78602,78480,78602,122
rising,78636,78602,78636,34
left_turning,78637,78636,78637,1
walking,78667,78637,78667,30
sniffing,78680,78667,78680,13
walking,78813,78680,78813,133
sniffing,78935,78813,78935,122
rising,78966,78935,78966,31
stepping,79032,78966,79032,66
sniffing,79166,79032,79166,134
rising,79204,79166,79204,38
walking,79255,79204,79255,51
left_turning,79292,79255,79292,37
stepping,79342,79292,79342,50
sniffing,79481,79342,79481,139
rising,79486,79481,79486,5
climbing,79512,79486,79512,26
sniffing,79634,79512,79634,122
rising,79636,79634,79636,2
sniffing,79691,79636,79691,55
stepping,79708,79691,79708,17
sniffing,79912,79708,79912,204
rising,79947,79912,79947,35
rearing,80011,79947,80011,64
grooming,80177,80011,80177,166
sniffing,80203,80177,80203,26
right_turning,80242,80203,80242,39
grooming,80243,80242,80243,1
sniffing,80378,80243,80378,135
left_turning,80428,80378,80428,50
trotting,80471,80428,80471,43
sniffing,80501,80471,80501,30
right_turning,80507,80501,80507,6
stepping,80540,80507,80540,33
grooming,80734,80540,80734,194
hunching,80735,80734,80735,1
grooming,80860,80735,80860,125
climbing,80861,80860,80861,1
rising,80916,80861,80916,55
climbing,80944,80916,80944,28
trotting,80967,80944,80967,23
right_turning,80971,80967,80971,4
stepping,81025,80971,81025,54
running,81027,81025,81027,2
trotting,81052,81027,81052,25
right_turning,81099,81052,81099,47
walking,81152,81099,81152,53
sniffing,81153,81152,81153,1
grooming,81454,81153,81454,301
scratching,81455,81454,81455,1
sniffing,81580,81455,81580,125
walking,81614,81580,81614,34
stepping,81627,81614,81627,13
left_turning,81663,81627,81663,36
walking,81681,81663,81681,18
stepping,81682,81681,81682,1
walking,81703,81682,81703,21
trotting,81704,81703,81704,1
sniffing,81854,81704,81854,150
walking,81900,81854,81900,46
stepping,81954,81900,81954,54
sniffing,81991,81954,81991,37
grooming,82262,81991,82262,271
scratching,82263,82262,82263,1
grooming,82324,82263,82324,61
climbing,82415,82324,82415,91
rearing,82416,82415,82416,1
grooming,82417,82416,82417,1
rearing,82418,82417,82418,1
grooming,82419,82418,82419,1
rearing,82420,82419,82420,1
left_turning,82480,82420,82480,60
rising,82556,82480,82556,76
rearing,82579,82556,82579,23
grooming,82745,82579,82745,166
trotting,82762,82745,82762,17
stepping,82766,82762,82766,4
walking,82839,82766,82839,73
sniffing,82864,82839,82864,25
walking,82981,82864,82981,117
sniffing,82983,82981,82983,2
walking,83020,82983,83020,37
climbing,83245,83020,83245,225
right_turning,83306,83245,83306,61
sniffing,83401,83306,83401,95
climbing,83530,83401,83530,129
running,83567,83530,83567,37
grooming,83568,83567,83568,1
sniffing,83601,83568,83601,33
rising,83627,83601,83627,26
stepping,83672,83627,83672,45
walking,83673,83672,83673,1
trotting,83697,83673,83697,24
grooming,83698,83697,83698,1
rearing,83701,83698,83701,3
rising,83727,83701,83727,26
climbing,83789,83727,83789,62
grooming,84314,83789,84314,525
walking,84331,84314,84331,17
sniffing,84373,84331,84373,42
stepping,84393,84373,84393,20
sniffing,84397,84393,84397,4
climbing,84410,84397,84410,13
sniffing,84551,84410,84551,141
rearing,84586,84551,84586,35
climbing,84706,84586,84706,120
walking,84707,84706,84707,1
sniffing,84708,84707,84708,1
walking,84720,84708,84720,12
sniffing,84721,84720,84721,1
grooming,84956,84721,84956,235
trotting,84967,84956,84967,11
walking,85036,84967,85036,69
sniffing,85037,85036,85037,1
walking,85068,85037,85068,31
stepping,85108,85068,85108,40
rearing,85136,85108,85136,28
hunching,85195,85136,85195,59
grooming,85196,85195,85196,1
rearing,85258,85196,85258,62
grooming,85445,85258,85445,187
left_turning,85474,85445,85474,29
rearing,85517,85474,85517,43
walking,85565,85517,85565,48
rising,85597,85565,85597,32
sniffing,85726,85597,85726,129
stepping,85744,85726,85744,18
sniffing,85798,85744,85798,54
stepping,85825,85798,85825,27
sniffing,85988,85825,85988,163
hunching,86062,85988,86062,74
stepping,86098,86062,86098,36
rising,86099,86098,86099,1
sniffing,86100,86099,86100,1
grooming,86101,86100,86101,1
rising,86209,86101,86209,108
grooming,86261,86209,86261,52
hunching,86320,86261,86320,59
rearing,86352,86320,86352,32
rising,86382,86352,86382,30
hunching,86389,86382,86389,7
rearing,86430,86389,86430,41
hunching,86431,86430,86431,1
rearing,86589,86431,86589,158
grooming,86817,86589,86817,228
scratching,86818,86817,86818,1
sniffing,87005,86818,87005,187
rising,87035,87005,87035,30
sniffing,87197,87035,87197,162
grooming,87312,87197,87312,115
hunching,87553,87312,87553,241
rearing,87660,87553,87660,107
stepping,87691,87660,87691,31
sniffing,87779,87691,87779,88
walking,87830,87779,87830,51
sniffing,87850,87830,87850,20
left_turning,87913,87850,87913,63
climbing,87914,87913,87914,1
trotting,87935,87914,87935,21
walking,87936,87935,87936,1
trotting,87949,87936,87949,13
rearing,88024,87949,88024,75
grooming,88093,88024,88093,69
sniffing,88094,88093,88094,1
rising,88106,88094,88106,12
climbing,88107,88106,88107,1
rearing,88150,88107,88150,43
left_turning,88208,88150,88208,58
walking,88275,88208,88275,67
sniffing,88388,88275,88388,113
rearing,88477,88388,88477,89
grooming,88557,88477,88557,80
hunching,88558,88557,88558,1
grooming,88758,88558,88758,200
walking,88812,88758,88812,54
stepping,88846,88812,88846,34
sniffing,88847,88846,88847,1
walking,88863,88847,88863,16
stepping,88881,88863,88881,18
sniffing,88886,88881,88886,5
walking,88887,88886,88887,1
rearing,89033,88887,89033,146
grooming,89171,89033,89171,138
sniffing,89172,89171,89172,1
walking,89180,89172,89180,8
stepping,89202,89180,89202,22
running,89216,89202,89216,14
rearing,89223,89216,89223,7
stepping,89293,89223,89293,70
rearing,89302,89293,89302,9
grooming,89513,89302,89513,211
rearing,89557,89513,89557,44
hunching,89673,89557,89673,116
rearing,89674,89673,89674,1
grooming,89912,89674,89912,238
rearing,89939,89912,89939,27
grooming,90216,89939,90216,277
rearing,90258,90216,90258,42
rising,90259,90258,90259,1
left_turning,90293,90259,90293,34
rising,90294,90293,90294,1
grooming,90295,90294,90295,1
right_turning,90296,90295,90296,1
stepping,90331,90296,90331,35
sniffing,90480,90331,90480,149
trotting,90543,90480,90543,63
walking,90544,90543,90544,1
climbing,90609,90544,90609,65
grooming,90810,90609,90810,201
rising,90840,90810,90840,30
sniffing,90898,90840,90898,58
stepping,90945,90898,90945,47
climbing,90965,90945,90965,20
rearing,91012,90965,91012,47
hunching,91013,91012,91013,1
rearing,91056,91013,91056,43
rising,91059,91056,91059,3
stepping,91085,91059,91085,26
walking,91133,91085,91133,48
sniffing,91254,91133,91254,121
stepping,91297,91254,91297,43
sniffing,91298,91297,91298,1
right_turning,91312,91298,91312,14
walking,91364,91312,91364,52
sniffing,91365,91364,91365,1
rising,91389,91365,91389,24
rearing,91405,91389,91405,16
left_turning,91424,91405,91424,19
rearing,91545,91424,91545,121
climbing,91590,91545,91590,45
rearing,91591,91590,91591,1
stepping,91598,91591,91598,7
sniffing,91744,91598,91744,146
grooming,91953,91744,91953,209
sniffing,91954,91953,91954,1
rising,91957,91954,91957,3
climbing,92120,91957,92120,163
sniffing,92182,92120,92182,62
rising,92228,92182,92228,46
rearing,92335,92228,92335,107
grooming,92336,92335,92336,1
walking,92370,92336,92370,34
trotting,92411,92370,92411,41
stepping,92465,92411,92465,54
rearing,92780,92465,92780,315
hunching,92825,92780,92825,45
grooming,92950,92825,92950,125
climbing,93026,92950,93026,76
grooming,93027,93026,93027,1
rising,93049,93027,93049,22
grooming,93206,93049,93206,157
rising,93233,93206,93233,27
sniffing,93236,93233,93236,3
grooming,93293,93236,93293,57
jumping,93344,93293,93344,51
rising,93416,93344,93416,72
climbing,93417,93416,93417,1
rearing,93418,93417,93418,1
grooming,93888,93418,93888,470
walking,93948,93888,93948,60
sniffing,94197,93948,94197,249
grooming,94198,94197,94198,1
walking,94223,94198,94223,25
rising,94224,94223,94224,1
grooming,94483,94224,94483,259
left_turning,94515,94483,94515,32
walking,94568,94515,94568,53
climbing,94712,94568,94712,144
left_turning,94760,94712,94760,48
trotting,94809,94760,94809,49
sniffing,94810,94809,94810,1
rising,94866,94810,94866,56
grooming,94867,94866,94867,1
rearing,94913,94867,94913,46
sniffing,94958,94913,94958,45
grooming,94959,94958,94959,1
stepping,95025,94959,95025,66
grooming,95319,95025,95319,294
rearing,95340,95319,95340,21
sniffing,95511,95340,95511,171
stepping,95539,95511,95539,28
rising,95540,95539,95540,1
sniffing,95558,95540,95558,18
rising,95559,95558,95559,1
sniffing,95674,95559,95674,115
grooming,95745,95674,95745,71
rising,95746,95745,95746,1
grooming,95747,95746,95747,1
climbing,95838,95747,95838,91
grooming,95839,95838,95839,1
rearing,95907,95839,95907,68
grooming,95908,95907,95908,1
rearing,95977,95908,95977,69
jumping,95978,95977,95978,1
walking,96008,95978,96008,30
sniffing,96058,96008,96058,50
grooming,96492,96058,96492,434
rising,96493,96492,96493,1
stepping,96538,96493,96538,45
walking,96557,96538,96557,19
sniffing,96635,96557,96635,78
rising,96806,96635,96806,171
climbing,96908,96806,96908,102
left_turning,96978,96908,96978,70
stepping,97059,96978,97059,81
sniffing,97120,97059,97120,61
right_turning,97121,97120,97121,1
stepping,97182,97121,97182,61
left_turning,97214,97182,97214,32
stepping,97273,97214,97273,59
rearing,97346,97273,97346,73
rising,97406,97346,97406,60
climbing,97548,97406,97548,142
rising,97597,97548,97597,49
rearing,97853,97597,97853,256
sniffing,97854,97853,97854,1
stepping,97897,97854,97897,43
walking,97925,97897,97925,28
sniffing,97945,97925,97945,20
rising,97946,97945,97946,1
right_turning,97947,97946,97947,1
stepping,97982,97947,97982,35
left_turning,97990,97982,97990,8
walking,98048,97990,98048,58
stepping,98089,98048,98089,41
sniffing,98235,98089,98235,146
running,98281,98235,98281,46
rearing,98441,98281,98441,160
walking,98482,98441,98482,41
grooming,98741,98482,98741,259
rising,98751,98741,98751,10
sniffing,98901,98751,98901,150
rising,98968,98901,98968,67
sniffing,99055,98968,99055,87
stepping,99119,99055,99119,64
rising,99141,99119,99141,22
rearing,99165,99141,99165,24
sniffing,99236,99165,99236,71
grooming,99384,99236,99384,148
rearing,99473,99384,99473,89
rising,99487,99473,99487,14
hunching,99515,99487,99515,28
grooming,99741,99515,99741,226
walking,99806,99741,99806,65
sniffing,99956,99806,99956,150
hunching,100102,99956,100102,146
rearing,100103,100102,100103,1
climbing,100147,100103,100147,44
rearing,100148,100147,100148,1
grooming,100149,100148,100149,1
sniffing,100285,100149,100285,136
grooming,100286,100285,100286,1
rising,100381,100286,100381,95
trotting,100415,100381,100415,34
walking,100428,100415,100428,13
rising,100488,100428,100488,60
rearing,100636,100488,100636,148
grooming,100678,100636,100678,42
rising,100686,100678,100686,8
left_turning,100711,100686,100711,25
walking,100824,100711,100824,113
hunching,100825,100824,100825,1
grooming,101092,100825,101092,267
sniffing,101190,101092,101190,98
rearing,101218,101190,101218,28
sniffing,101219,101218,101219,1
rearing,101225,101219,101225,6
rising,101320,101225,101320,95
climbing,101366,101320,101366,46
grooming,101608,101366,101608,242
hunching,101684,101608,101684,76
rearing,101898,101684,101898,214
sniffing,101976,101898,101976,78
stepping,102006,101976,102006,30
left_turning,102007,102006,102007,1
sniffing,102084,102007,102084,77
rising,102233,102084,102233,149
sniffing,102234,102233,102234,1
walking,102293,102234,102293,59
sniffing,102373,102293,102373,80
stepping,102396,102373,102396,23
walking,102423,102396,102423,27
sniffing,102472,102423,102472,49
walking,102517,102472,102517,45
grooming,102578,102517,102578,61
running,102609,102578,102609,31
climbing,102690,102609,102690,81
walking,102731,102690,102731,41
stepping,102769,102731,102769,38
sniffing,102824,102769,102824,55
walking,102825,102824,102825,1
stepping,102855,102825,102855,30
sniffing,102856,102855,102856,1
stepping,102887,102856,102887,31
sniffing,102947,102887,102947,60
walking,102980,102947,102980,33
sniffing,102981,102980,102981,1
stepping,103061,102981,103061,80
sniffing,103062,103061,103062,1
grooming,103284,103062,103284,222
rearing,103358,103284,103358,74
climbing,103441,103358,103441,83
trotting,103496,103441,103496,55
left_turning,103521,103496,103521,25
grooming,103669,103521,103669,148
stepping,103708,103669,103708,39
sniffing,103887,103708,103887,179
walking,103926,103887,103926,39
sniffing,103938,103926,103938,12
walking,103989,103938,103989,51
trotting,103998,103989,103998,9
climbing,104068,103998,104068,70
walking,104132,104068,104132,64
sniffing,104219,104132,104219,87
rising,104259,104219,104259,40
grooming,104273,104259,104273,14
stepping,104299,104273,104299,26
walking,104374,104299,104374,75
stepping,104392,104374,104392,18
walking,104473,104392,104473,81
left_turning,104580,104473,104580,107
sniffing,104812,104580,104812,232
left_turning,104872,104812,104872,60
trotting,104931,104872,104931,59
sniffing,105023,104931,105023,92
trotting,105044,105023,105044,21
climbing,105095,105044,105095,51
running,105125,105095,105125,30
sniffing,105169,105125,105169,44
walking,105229,105169,105229,60
sniffing,105339,105229,105339,110
trotting,105340,105339,105340,1
stepping,105360,105340,105360,20
sniffing,105515,105360,105515,155
grooming,105516,105515,105516,1
hunching,105572,105516,105572,56
left_turning,105573,105572,105573,1
rising,105576,105573,105576,3
sniffing,105607,105576,105607,31
stepping,105718,105607,105718,111
sniffing,105788,105718,105788,70
left_turning,105845,105788,105845,57
hunching,105846,105845,105846,1
grooming,106066,105846,106066,220
rising,106067,106066,106067,1
grooming,106300,106067,106300,233
hunching,106302,106300,106302,2
grooming,106731,106302,106731,429
running,106750,106731,106750,19
walking,106830,106750,106830,80
sniffing,106865,106830,106865,35
stepping,106931,106865,106931,66
sniffing,107170,106931,107170,239
left_turning,107182,107170,107182,12
sniffing,107279,107182,107279,97
stepping,107343,107279,107343,64
sniffing,107344,107343,107344,1
left_turning,107396,107344,107396,52
grooming,107504,107396,107504,108
rising,107533,107504,107533,29
climbing,107561,107533,107561,28
sniffing,107682,107561,107682,121
rising,107777,107682,107777,95
walking,107831,107777,107831,54
stepping,107877,107831,107877,46
right_turning,108000,107877,108000,123
