revised_movement_label,segBoundary,segBoundary_start,segBoundary_end,length
sniffing,48,0,48,48
walking,118,48,118,70
rising,191,118,191,73
left_turning,192,191,192,1
walking,251,192,251,59
stepping,286,251,286,35
walking,340,286,340,54
stepping,401,340,401,61
sniffing,452,401,452,51
stepping,495,452,495,43
rising,523,495,523,28
rearing,590,523,590,67
rising,599,590,599,9
walking,680,599,680,81
stepping,724,680,724,44
walking,729,724,729,5
trotting,737,729,737,8
sniffing,747,737,747,10
stepping,778,747,778,31
trotting,833,778,833,55
stepping,860,833,860,27
rising,892,860,892,32
grooming,1050,892,1050,158
walking,1068,1050,1068,18
sniffing,1073,1068,1073,5
rising,1152,1073,1152,79
left_turning,1197,1152,1197,45
running,1221,1197,1221,24
rising,1293,1221,1293,72
hunching,1348,1293,1348,55
grooming,1362,1348,1362,14
rearing,1380,1362,1380,18
climbing,1400,1380,1400,20
grooming,1499,1400,1499,99
rearing,1512,1499,1512,13
rising,1516,1512,1516,4
stepping,1586,1516,1586,70
walking,1587,1586,1587,1
stepping,1652,1587,1652,65
right_turning,1678,1652,1678,26
stepping,1694,1678,1694,16
rising,1695,1694,1695,1
sniffing,1730,1695,1730,35
rising,1818,1730,1818,88
stepping,1890,1818,1890,72
sniffing,2200,1890,2200,310
rising,2227,2200,2227,27
sniffing,2276,2227,2276,49
rising,2319,2276,2319,43
left_turning,2340,2319,2340,21
walking,2341,2340,2341,1
sniffing,2342,2341,2342,1
left_turning,2384,2342,2384,42
stepping,2450,2384,2450,66
sniffing,2551,2450,2551,101
stepping,2597,2551,2597,46
grooming,2693,2597,2693,96
rising,2694,2693,2694,1
climbing,2737,2694,2737,43
walking,2832,2737,2832,95
rising,2833,2832,2833,1
sniffing,2889,2833,2889,56
stepping,2914,2889,2914,25
climbing,2966,2914,2966,52
walking,3023,2966,3023,57
stepping,3084,3023,3084,61
sniffing,3085,3084,3085,1
grooming,3212,3085,3212,127
walking,3272,3212,3272,60
sniffing,3288,3272,3288,16
stepping,3321,3288,3321,33
rising,3343,3321,3343,22
rearing,3433,3343,3433,90
sniffing,3455,3433,3455,22
walking,3513,3455,3513,58
stepping,3535,3513,3535,22
sniffing,3583,3535,3583,48
rising,3633,3583,3633,50
rearing,3650,3633,3650,17
climbing,3728,3650,3728,78
rearing,3743,3728,3743,15
climbing,3764,3743,3764,21
grooming,3800,3764,3800,36
left_turning,3828,3800,3828,28
sniffing,3908,3828,3908,80
left_turning,3909,3908,3909,1
stepping,3917,3909,3917,8
walking,3948,3917,3948,31
rising,3954,3948,3954,6
walking,4039,3954,4039,85
rising,4043,4039,4043,4
hunching,4063,4043,4063,20
rising,4064,4063,4064,1
grooming,4108,4064,4108,44
right_turning,4165,4108,4165,57
trotting,4166,4165,4166,1
grooming,4245,4166,4245,79
left_turning,4246,4245,4246,1
sniffing,4251,4246,4251,5
grooming,4252,4251,4252,1
rearing,4346,4252,4346,94
climbing,4362,4346,4362,16
sniffing,4363,4362,4363,1
walking,4422,4363,4422,59
trotting,4423,4422,4423,1
walking,4447,4423,4447,24
trotting,4497,4447,4497,50
sniffing,4571,4497,4571,74
rearing,4572,4571,4572,1
sniffing,4573,4572,4573,1
rising,4643,4573,4643,70
grooming,4644,4643,4644,1
left_turning,4652,4644,4652,8
running,4709,4652,4709,57
rising,4725,4709,4725,16
grooming,4921,4725,4921,196
walking,4980,4921,4980,59
sniffing,5102,4980,5102,122
hunching,5154,5102,5154,52
rearing,5155,5154,5155,1
grooming,5156,5155,5156,1
rising,5203,5156,5203,47
left_turning,5269,5203,5269,66
walking,5308,5269,5308,39
sniffing,5435,5308,5435,127
left_turning,5454,5435,5454,19
rearing,5511,5454,5511,57
sniffing,5558,5511,5558,47
stepping,5571,5558,5571,13
walking,5572,5571,5572,1
sniffing,5645,5572,5645,73
stepping,5648,5645,5648,3
sniffing,5881,5648,5881,233
rising,5882,5881,5882,1
grooming,5953,5882,5953,71
walking,5964,5953,5964,11
stepping,5979,5964,5979,15
sniffing,5980,5979,5980,1
rising,6014,5980,6014,34
rearing,6015,6014,6015,1
grooming,6136,6015,6136,121
left_turning,6198,6136,6198,62
walking,6218,6198,6218,20
trotting,6309,6218,6309,91
running,6347,6309,6347,38
trotting,6374,6347,6374,27
stepping,6451,6374,6451,77
sniffing,6452,6451,6452,1
walking,6453,6452,6453,1
sniffing,6481,6453,6481,28
rising,6482,6481,6482,1
grooming,6483,6482,6483,1
right_turning,6484,6483,6484,1
walking,6536,6484,6536,52
rearing,6552,6536,6552,16
rising,6553,6552,6553,1
sniffing,6569,6553,6569,16
walking,6650,6569,6650,81
sniffing,6691,6650,6691,41
right_turning,6718,6691,6718,27
sniffing,6735,6718,6735,17
trotting,6784,6735,6784,49
sniffing,6884,6784,6884,100
rising,6942,6884,6942,58
walking,6943,6942,6943,1
stepping,6950,6943,6950,7
trotting,6969,6950,6969,19
walking,6970,6969,6970,1
trotting,7039,6970,7039,69
walking,7050,7039,7050,11
rising,7051,7050,7051,1
rearing,7055,7051,7055,4
left_turning,7084,7055,7084,29
rising,7118,7084,7118,34
sniffing,7150,7118,7150,32
walking,7230,7150,7230,80
trotting,7273,7230,7273,43
walking,7275,7273,7275,2
stepping,7341,7275,7341,66
walking,7342,7341,7342,1
trotting,7403,7342,7403,61
walking,7478,7403,7478,75
sniffing,7491,7478,7491,13
walking,7628,7491,7628,137
sniffing,7737,7628,7737,109
stepping,7759,7737,7759,22
rising,7786,7759,7786,27
climbing,7826,7786,7826,40
sniffing,7908,7826,7908,82
walking,7938,7908,7938,30
rising,7983,7938,7983,45
right_turning,8022,7983,8022,39
walking,8024,8022,8024,2
trotting,8062,8024,8062,38
climbing,8098,8062,8098,36
grooming,8138,8098,8138,40
left_turning,8186,8138,8186,48
rising,8187,8186,8187,1
left_turning,8188,8187,8188,1
trotting,8212,8188,8212,24
walking,8271,8212,8271,59
rising,8272,8271,8272,1
rearing,8294,8272,8294,22
rising,8335,8294,8335,41
climbing,8474,8335,8474,139
grooming,8544,8474,8544,70
hunching,8578,8544,8578,34
rearing,8579,8578,8579,1
sniffing,8607,8579,8607,28
climbing,8688,8607,8688,81
right_turning,8723,8688,8723,35
trotting,8772,8723,8772,49
sniffing,8862,8772,8862,90
grooming,8863,8862,8863,1
walking,8943,8863,8943,80
stepping,8945,8943,8945,2
running,8979,8945,8979,34
walking,9026,8979,9026,47
climbing,9061,9026,9061,35
grooming,9062,9061,9062,1
hunching,9069,9062,9069,7
rearing,9070,9069,9070,1
grooming,9083,9070,9083,13
hunching,9084,9083,9084,1
grooming,9212,9084,9212,128
hunching,9291,9212,9291,79
grooming,9415,9291,9415,124
walking,9418,9415,9418,3
rising,9419,9418,9419,1
sniffing,9506,9419,9506,87
grooming,9507,9506,9507,1
trotting,9552,9507,9552,45
rising,9573,9552,9573,21
grooming,9938,9573,9938,365
left_turning,10010,9938,10010,72
sniffing,10173,10010,10173,163
grooming,10174,10173,10174,1
stepping,10215,10174,10215,41
sniffing,10408,10215,10408,193
climbing,10520,10408,10520,112
walking,10567,10520,10567,47
stepping,10618,10567,10618,51
running,10633,10618,10633,15
walking,10807,10633,10807,174
sniffing,10885,10807,10885,78
climbing,10945,10885,10945,60
walking,10972,10945,10972,27
running,11019,10972,11019,47
walking,11041,11019,11041,22
sniffing,11102,11041,11102,61
grooming,11201,11102,11201,99
rearing,11217,11201,11217,16
climbing,11273,11217,11273,56
hunching,11319,11273,11319,46
rearing,11402,11319,11402,83
left_turning,11442,11402,11442,40
walking,11498,11442,11498,56
stepping,11546,11498,11546,48
grooming,11552,11546,11552,6
rearing,11553,11552,11553,1
hunching,11578,11553,11578,25
rearing,11608,11578,11608,30
grooming,11793,11608,11793,185
sniffing,11794,11793,11794,1
rising,11847,11794,11847,53
sniffing,11939,11847,11939,92
stepping,11961,11939,11961,22
sniffing,12042,11961,12042,81
stepping,12100,12042,12100,58
sniffing,12142,12100,12142,42
scratching,12143,12142,12143,1
rising,12193,12143,12193,50
sniffing,12259,12193,12259,66
rearing,12292,12259,12292,33
climbing,12306,12292,12306,14
grooming,12331,12306,12331,25
rearing,12453,12331,12453,122
climbing,12474,12453,12474,21
grooming,12590,12474,12590,116
sniffing,12615,12590,12615,25
climbing,12670,12615,12670,55
grooming,12697,12670,12697,27
hunching,12723,12697,12723,26
grooming,12833,12723,12833,110
rearing,12911,12833,12911,78
sniffing,13080,12911,13080,169
rearing,13106,13080,13106,26
hunching,13140,13106,13140,34
sniffing,13146,13140,13146,6
trotting,13185,13146,13185,39
running,13191,13185,13191,6
walking,13233,13191,13233,42
right_turning,13264,13233,13264,31
sniffing,13337,13264,13337,73
stepping,13405,13337,13405,68
sniffing,13406,13405,13406,1
stepping,13439,13406,13439,33
walking,13440,13439,13440,1
stepping,13441,13440,13441,1
sniffing,13447,13441,13447,6
stepping,13471,13447,13471,24
walking,13672,13471,13672,201
stepping,13747,13672,13747,75
sniffing,13803,13747,13803,56
rising,13889,13803,13889,86
sniffing,13955,13889,13955,66
grooming,14137,13955,14137,182
hunching,14169,14137,14169,32
sniffing,14170,14169,14170,1
rising,14262,14170,14262,92
left_turning,14277,14262,14277,15
grooming,14370,14277,14370,93
sniffing,14376,14370,14376,6
hunching,14440,14376,14440,64
grooming,14465,14440,14465,25
right_turning,14502,14465,14502,37
sniffing,14643,14502,14643,141
rising,14686,14643,14686,43
left_turning,14715,14686,14715,29
grooming,14816,14715,14816,101
sniffing,14920,14816,14920,104
rising,14930,14920,14930,10
grooming,14933,14930,14933,3
left_turning,14956,14933,14956,23
walking,14983,14956,14983,27
rearing,15010,14983,15010,27
rising,15063,15010,15063,53
sniffing,15064,15063,15064,1
grooming,15161,15064,15161,97
hunching,15222,15161,15222,61
left_turning,15223,15222,15223,1
rearing,15247,15223,15247,24
rising,15276,15247,15276,29
grooming,15301,15276,15301,25
rising,15376,15301,15376,75
walking,15377,15376,15377,1
rearing,15404,15377,15404,27
hunching,15442,15404,15442,38
rearing,15480,15442,15480,38
climbing,15563,15480,15563,83
grooming,15564,15563,15564,1
rearing,15566,15564,15566,2
grooming,15858,15566,15858,292
rising,15893,15858,15893,35
climbing,15903,15893,15903,10
rearing,15913,15903,15913,10
grooming,15914,15913,15914,1
sniffing,15915,15914,15915,1
walking,16026,15915,16026,111
rearing,16063,16026,16063,37
hunching,16121,16063,16121,58
rearing,16130,16121,16130,9
grooming,16210,16130,16210,80
sniffing,16265,16210,16265,55
rising,16303,16265,16303,38
climbing,16411,16303,16411,108
grooming,16460,16411,16460,49
sniffing,16612,16460,16612,152
grooming,16831,16612,16831,219
stepping,16858,16831,16858,27
sniffing,16899,16858,16899,41
walking,16916,16899,16916,17
rising,16977,16916,16977,61
hunching,17016,16977,17016,39
rising,17022,17016,17022,6
stepping,17095,17022,17095,73
sniffing,17138,17095,17138,43
walking,17166,17138,17166,28
sniffing,17174,17166,17174,8
walking,17180,17174,17180,6
rising,17236,17180,17236,56
rearing,17244,17236,17244,8
running,17262,17244,17262,18
right_turning,17349,17262,17349,87
trotting,17389,17349,17389,40
walking,17428,17389,17428,39
stepping,17448,17428,17448,20
climbing,17568,17448,17568,120
left_turning,17607,17568,17607,39
rearing,17642,17607,17642,35
sniffing,17643,17642,17643,1
trotting,17644,17643,17644,1
walking,17731,17644,17731,87
stepping,17799,17731,17799,68
walking,17848,17799,17848,49
left_turning,17869,17848,17869,21
trotting,17885,17869,17885,16
sniffing,17920,17885,17920,35
walking,17930,17920,17930,10
sniffing,17986,17930,17986,56
grooming,18125,17986,18125,139
sniffing,18126,18125,18126,1
right_turning,18127,18126,18127,1
walking,18205,18127,18205,78
sniffing,18206,18205,18206,1
walking,18256,18206,18256,50
grooming,18257,18256,18257,1
rearing,18302,18257,18302,45
trotting,18364,18302,18364,62
sniffing,18446,18364,18446,82
rearing,18499,18446,18499,53
climbing,18549,18499,18549,50
left_turning,18587,18549,18587,38
sniffing,18620,18587,18620,33
walking,18686,18620,18686,66
rising,18687,18686,18687,1
climbing,18772,18687,18772,85
sniffing,18871,18772,18871,99
stepping,18872,18871,18872,1
walking,18880,18872,18880,8
sniffing,18881,18880,18881,1
grooming,19201,18881,19201,320
rearing,19239,19201,19239,38
stepping,19282,19239,19282,43
rearing,19353,19282,19353,71
hunching,19403,19353,19403,50
grooming,19548,19403,19548,145
rearing,19598,19548,19598,50
sniffing,19651,19598,19651,53
stepping,19725,19651,19725,74
grooming,19899,19725,19899,174
stepping,19976,19899,19976,77
sniffing,19977,19976,19977,1
rising,19978,19977,19978,1
grooming,19991,19978,19991,13
stepping,20020,19991,20020,29
rising,20068,20020,20068,48
sniffing,20069,20068,20069,1
trotting,20117,20069,20117,48
rising,20144,20117,20144,27
climbing,20228,20144,20228,84
rising,20254,20228,20254,26
climbing,20273,20254,20273,19
grooming,20274,20273,20274,1
sniffing,20372,20274,20372,98
grooming,20430,20372,20430,58
sniffing,20431,20430,20431,1
walking,20446,20431,20446,15
grooming,20453,20446,20453,7
left_turning,20503,20453,20503,50
walking,20563,20503,20563,60
sniffing,20649,20563,20649,86
rising,20726,20649,20726,77
hunching,20759,20726,20759,33
grooming,20760,20759,20760,1
rearing,20793,20760,20793,33
walking,20841,20793,20841,48
rearing,20844,20841,20844,3
climbing,20984,20844,20984,140
left_turning,21140,20984,21140,156
sniffing,21224,21140,21224,84
left_turning,21323,21224,21323,99
sniffing,21403,21323,21403,80
rearing,21404,21403,21404,1
rising,21420,21404,21420,16
walking,21456,21420,21456,36
rising,21473,21456,21473,17
stepping,21474,21473,21474,1
sniffing,21563,21474,21563,89
rearing,21564,21563,21564,1
grooming,21868,21564,21868,304
trotting,21895,21868,21895,27
walking,21912,21895,21912,17
sniffing,21988,21912,21988,76
right_turning,22011,21988,22011,23
sniffing,22097,22011,22097,86
rising,22098,22097,22098,1
sniffing,22126,22098,22126,28
grooming,22619,22126,22619,493
sniffing,22620,22619,22620,1
stepping,22650,22620,22650,30
walking,22722,22650,22722,72
stepping,22752,22722,22752,30
walking,22794,22752,22794,42
climbing,22834,22794,22834,40
left_turning,22837,22834,22837,3
stepping,22926,22837,22926,89
sniffing,22927,22926,22927,1
left_turning,22967,22927,22967,40
grooming,23003,22967,23003,36
left_turning,23037,23003,23037,34
stepping,23056,23037,23056,19
sniffing,23096,23056,23096,40
climbing,23159,23096,23159,63
hunching,23175,23159,23175,16
rearing,23232,23175,23232,57
sniffing,23401,23232,23401,169
rising,23402,23401,23402,1
grooming,23403,23402,23403,1
walking,23457,23403,23457,54
trotting,23516,23457,23516,59
sniffing,23526,23516,23526,10
rearing,23530,23526,23530,4
sniffing,23602,23530,23602,72
rising,23683,23602,23683,81
sniffing,23881,23683,23881,198
grooming,23984,23881,23984,103
running,24002,23984,24002,18
stepping,24030,24002,24030,28
rearing,24032,24030,24032,2
climbing,24033,24032,24033,1
right_turning,24050,24033,24050,17
stepping,24076,24050,24076,26
rising,24118,24076,24118,42
climbing,24119,24118,24119,1
grooming,24120,24119,24120,1
walking,24163,24120,24163,43
running,24196,24163,24196,33
sniffing,24197,24196,24197,1
walking,24257,24197,24257,60
running,24269,24257,24269,12
stepping,24316,24269,24316,47
walking,24463,24316,24463,147
grooming,24464,24463,24464,1
climbing,24551,24464,24551,87
grooming,24691,24551,24691,140
hunching,24698,24691,24698,7
stepping,24699,24698,24699,1
sniffing,24736,24699,24736,37
walking,24780,24736,24780,44
grooming,24967,24780,24967,187
sniffing,25107,24967,25107,140
rising,25128,25107,25128,21
walking,25159,25128,25159,31
sniffing,25228,25159,25228,69
grooming,25229,25228,25229,1
walking,25375,25229,25375,146
stepping,25410,25375,25410,35
right_turning,25434,25410,25434,24
stepping,25462,25434,25462,28
walking,25479,25462,25479,17
stepping,25505,25479,25505,26
walking,25539,25505,25539,34
sniffing,25540,25539,25540,1
rising,25541,25540,25541,1
left_turning,25577,25541,25577,36
running,25611,25577,25611,34
walking,25655,25611,25655,44
sniffing,25688,25655,25688,33
walking,25723,25688,25723,35
left_turning,25781,25723,25781,58
stepping,25789,25781,25789,8
sniffing,25871,25789,25871,82
stepping,25895,25871,25895,24
walking,25909,25895,25909,14
right_turning,25978,25909,25978,69
sniffing,26134,25978,26134,156
stepping,26177,26134,26177,43
grooming,26296,26177,26296,119
rearing,26313,26296,26313,17
sniffing,26318,26313,26318,5
climbing,26406,26318,26406,88
sniffing,26407,26406,26407,1
rising,26416,26407,26416,9
grooming,26417,26416,26417,1
walking,26418,26417,26418,1
sniffing,26465,26418,26465,47
rising,26477,26465,26477,12
walking,26507,26477,26507,30
sniffing,26530,26507,26530,23
hunching,26562,26530,26562,32
grooming,26631,26562,26631,69
left_turning,26659,26631,26659,28
sniffing,26660,26659,26660,1
walking,26661,26660,26661,1
rising,26673,26661,26673,12
sniffing,26776,26673,26776,103
walking,26830,26776,26830,54
sniffing,26928,26830,26928,98
stepping,26939,26928,26939,11
sniffing,26989,26939,26989,50
trotting,27011,26989,27011,22
climbing,27012,27011,27012,1
walking,27075,27012,27075,63
sniffing,27133,27075,27133,58
rising,27162,27133,27162,29
sniffing,27354,27162,27354,192
stepping,27437,27354,27437,83
sniffing,27453,27437,27453,16
rising,27506,27453,27506,53
right_turning,27544,27506,27544,38
sniffing,27657,27544,27657,113
stepping,27675,27657,27675,18
grooming,27676,27675,27676,1
left_turning,27696,27676,27696,20
sniffing,27700,27696,27700,4
grooming,27712,27700,27712,12
walking,27762,27712,27762,50
stepping,27794,27762,27794,32
rearing,27809,27794,27809,15
grooming,28192,27809,28192,383
rising,28380,28192,28380,188
climbing,28502,28380,28502,122
right_turning,28531,28502,28531,29
sniffing,28532,28531,28532,1
stepping,28600,28532,28600,68
grooming,28734,28600,28734,134
walking,28744,28734,28744,10
stepping,28796,28744,28796,52
rearing,28805,28796,28805,9
sniffing,28863,28805,28863,58
rising,28942,28863,28942,79
rearing,29007,28942,29007,65
grooming,29008,29007,29008,1
rising,29053,29008,29053,45
rearing,29120,29053,29120,67
stepping,29176,29120,29176,56
rising,29213,29176,29213,37
grooming,29402,29213,29402,189
running,29442,29402,29442,40
walking,29469,29442,29469,27
sniffing,29532,29469,29532,63
trotting,29580,29532,29580,48
grooming,29712,29580,29712,132
rearing,29809,29712,29809,97
grooming,29908,29809,29908,99
hunching,29962,29908,29962,54
rearing,30040,29962,30040,78
grooming,30041,30040,30041,1
walking,30138,30041,30138,97
sniffing,30156,30138,30156,18
rearing,30226,30156,30226,70
grooming,30247,30226,30247,21
trotting,30287,30247,30287,40
rearing,30333,30287,30333,46
grooming,30354,30333,30354,21
left_turning,30374,30354,30374,20
stepping,30458,30374,30458,84
sniffing,30544,30458,30544,86
rising,30545,30544,30545,1
left_turning,30546,30545,30546,1
walking,30547,30546,30547,1
sniffing,30623,30547,30623,76
walking,30672,30623,30672,49
rising,30710,30672,30710,38
stepping,30711,30710,30711,1
climbing,30773,30711,30773,62
grooming,31139,30773,31139,366
sniffing,31190,31139,31190,51
trotting,31266,31190,31266,76
grooming,31464,31266,31464,198
hunching,31497,31464,31497,33
grooming,31579,31497,31579,82
running,31601,31579,31601,22
walking,31617,31601,31617,16
rising,31651,31617,31651,34
left_turning,31731,31651,31731,80
walking,31763,31731,31763,32
rearing,31777,31763,31777,14
climbing,31838,31777,31838,61
running,31841,31838,31841,3
trotting,31857,31841,31857,16
sniffing,32020,31857,32020,163
rising,32051,32020,32051,31
grooming,32069,32051,32069,18
sniffing,32070,32069,32070,1
trotting,32093,32070,32093,23
sniffing,32260,32093,32260,167
left_turning,32300,32260,32300,40
sniffing,32335,32300,32335,35
rearing,32434,32335,32434,99
sniffing,32530,32434,32530,96
stepping,32550,32530,32550,20
right_turning,32594,32550,32594,44
stepping,32636,32594,32636,42
sniffing,32637,32636,32637,1
stepping,32660,32637,32660,23
sniffing,32661,32660,32661,1
trotting,32676,32661,32676,15
left_turning,32693,32676,32693,17
walking,32759,32693,32759,66
running,32786,32759,32786,27
walking,32799,32786,32799,13
stepping,32800,32799,32800,1
rising,32816,32800,32816,16
grooming,32960,32816,32960,144
trotting,32972,32960,32972,12
sniffing,33009,32972,33009,37
walking,33028,33009,33028,19
sniffing,33104,33028,33104,76
walking,33115,33104,33115,11
rearing,33116,33115,33116,1
hunching,33117,33116,33117,1
grooming,33356,33117,33356,239
sniffing,33409,33356,33409,53
walking,33449,33409,33449,40
sniffing,33508,33449,33508,59
walking,33521,33508,33521,13
stepping,33548,33521,33548,27
climbing,33570,33548,33570,22
grooming,33592,33570,33592,22
stepping,33620,33592,33620,28
rearing,33651,33620,33651,31
walking,33695,33651,33695,44
sniffing,33874,33695,33874,179
stepping,33897,33874,33897,23
rising,33928,33897,33928,31
sniffing,33939,33928,33939,11
grooming,34094,33939,34094,155
stepping,34146,34094,34146,52
sniffing,34218,34146,34218,72
right_turning,34238,34218,34238,20
sniffing,34291,34238,34291,53
trotting,34301,34291,34301,10
walking,34340,34301,34340,39
left_turning,34358,34340,34358,18
sniffing,34427,34358,34427,69
rising,34502,34427,34502,75
grooming,34527,34502,34527,25
rearing,34584,34527,34584,57
grooming,34585,34584,34585,1
walking,34631,34585,34631,46
sniffing,34728,34631,34728,97
rising,34756,34728,34756,28
grooming,34757,34756,34757,1
right_turning,34782,34757,34782,25
walking,34875,34782,34875,93
rising,34912,34875,34912,37
stepping,34946,34912,34946,34
sniffing,35054,34946,35054,108
grooming,35236,35054,35236,182
rising,35268,35236,35268,32
grooming,35365,35268,35365,97
rearing,35428,35365,35428,63
grooming,35507,35428,35507,79
sniffing,35588,35507,35588,81
stepping,35645,35588,35645,57
sniffing,35646,35645,35646,1
climbing,35723,35646,35723,77
grooming,35725,35723,35725,2
hunching,35787,35725,35787,62
grooming,35930,35787,35930,143
sniffing,35931,35930,35931,1
rearing,35978,35931,35978,47
grooming,36017,35978,36017,39
climbing,36038,36017,36038,21
stepping,36087,36038,36087,49
rising,36088,36087,36088,1
rearing,36115,36088,36115,27
sniffing,36116,36115,36116,1
left_turning,36160,36116,36160,44
stepping,36188,36160,36188,28
sniffing,36284,36188,36284,96
stepping,36362,36284,36362,78
walking,36415,36362,36415,53
sniffing,36537,36415,36537,122
left_turning,36538,36537,36538,1
sniffing,36557,36538,36557,19
stepping,36561,36557,36561,4
sniffing,36589,36561,36589,28
climbing,36664,36589,36664,75
walking,36692,36664,36692,28
trotting,36716,36692,36716,24
walking,36731,36716,36731,15
trotting,36751,36731,36751,20
sniffing,36752,36751,36752,1
walking,36753,36752,36753,1
sniffing,36859,36753,36859,106
walking,36897,36859,36897,38
stepping,36952,36897,36952,55
trotting,36988,36952,36988,36
stepping,37060,36988,37060,72
grooming,37061,37060,37061,1
sniffing,37089,37061,37089,28
stepping,37183,37089,37183,94
trotting,37200,37183,37200,17
sniffing,37322,37200,37322,122
trotting,37365,37322,37365,43
left_turning,37386,37365,37386,21
walking,37388,37386,37388,2
sniffing,37389,37388,37389,1
left_turning,37399,37389,37399,10
running,37432,37399,37432,33
rising,37459,37432,37459,27
climbing,37570,37459,37570,111
left_turning,37610,37570,37610,40
stepping,37667,37610,37667,57
rising,37698,37667,37698,31
rearing,37728,37698,37728,30
rising,37735,37728,37735,7
rearing,37736,37735,37736,1
stepping,37756,37736,37756,20
trotting,37800,37756,37800,44
left_turning,37844,37800,37844,44
running,37870,37844,37870,26
walking,37886,37870,37886,16
rising,37937,37886,37937,51
stepping,37993,37937,37993,56
sniffing,38100,37993,38100,107
rising,38214,38100,38214,114
hunching,38215,38214,38215,1
rearing,38239,38215,38239,24
walking,38261,38239,38261,22
sniffing,38305,38261,38305,44
rising,38306,38305,38306,1
trotting,38332,38306,38332,26
sniffing,38456,38332,38456,124
walking,38490,38456,38490,34
sniffing,38503,38490,38503,13
scratching,38504,38503,38504,1
sniffing,38606,38504,38606,102
left_turning,38607,38606,38607,1
sniffing,38731,38607,38731,124
left_turning,38732,38731,38732,1
sniffing,38741,38732,38741,9
rising,38778,38741,38778,37
rearing,38779,38778,38779,1
climbing,38869,38779,38869,90
right_turning,38890,38869,38890,21
walking,38947,38890,38947,57
trotting,38962,38947,38962,15
stepping,39012,38962,39012,50
rising,39051,39012,39051,39
climbing,39124,39051,39124,73
left_turning,39127,39124,39127,3
grooming,39175,39127,39175,48
walking,39205,39175,39205,30
sniffing,39341,39205,39341,136
walking,39429,39341,39429,88
stepping,39437,39429,39437,8
grooming,39740,39437,39740,303
rearing,39816,39740,39816,76
climbing,39873,39816,39873,57
rearing,39884,39873,39884,11
stepping,39962,39884,39962,78
walking,40033,39962,40033,71
rearing,40098,40033,40098,65
grooming,40099,40098,40099,1
left_turning,40132,40099,40132,33
sniffing,40211,40132,40211,79
walking,40214,40211,40214,3
rising,40249,40214,40249,35
rearing,40250,40249,40250,1
grooming,40268,40250,40268,18
walking,40340,40268,40340,72
sniffing,40341,40340,40341,1
trotting,40344,40341,40344,3
stepping,40381,40344,40381,37
walking,40387,40381,40387,6
sniffing,40507,40387,40507,120
walking,40516,40507,40516,9
sniffing,40582,40516,40582,66
rising,40587,40582,40587,5
stepping,40623,40587,40623,36
sniffing,40641,40623,40641,18
stepping,40679,40641,40679,38
sniffing,40737,40679,40737,58
rising,40773,40737,40773,36
climbing,40836,40773,40836,63
grooming,40953,40836,40953,117
sniffing,41044,40953,41044,91
grooming,41045,41044,41045,1
hunching,41058,41045,41058,13
climbing,41095,41058,41095,37
stepping,41119,41095,41119,24
climbing,41169,41119,41169,50
right_turning,41207,41169,41207,38
sniffing,41298,41207,41298,91
grooming,41761,41298,41761,463
hunching,41811,41761,41811,50
rising,41891,41811,41891,80
grooming,42067,41891,42067,176
hunching,42245,42067,42245,178
rearing,42311,42245,42311,66
grooming,42343,42311,42343,32
rearing,42471,42343,42471,128
sniffing,42563,42471,42563,92
walking,42572,42563,42572,9
sniffing,42710,42572,42710,138
grooming,43098,42710,43098,388
walking,43118,43098,43118,20
climbing,43170,43118,43170,52
right_turning,43218,43170,43218,48
sniffing,43227,43218,43227,9
trotting,43243,43227,43243,16
sniffing,43244,43243,43244,1
walking,43311,43244,43311,67
rising,43345,43311,43345,34
climbing,43462,43345,43462,117
grooming,43551,43462,43551,89
walking,43633,43551,43633,82
climbing,43689,43633,43689,56
trotting,43730,43689,43730,41
walking,43790,43730,43790,60
grooming,43944,43790,43944,154
stepping,43983,43944,43983,39
left_turning,44019,43983,44019,36
sniffing,44063,44019,44063,44
grooming,44064,44063,44064,1
rising,44080,44064,44080,16
sniffing,44103,44080,44103,23
grooming,44113,44103,44113,10
rising,44122,44113,44122,9
sniffing,44123,44122,44123,1
walking,44137,44123,44137,14
sniffing,44226,44137,44226,89
grooming,44284,44226,44284,58
sniffing,44318,44284,44318,34
walking,44327,44318,44327,9
stepping,44378,44327,44378,51
sniffing,44565,44378,44565,187
stepping,44601,44565,44601,36
sniffing,44795,44601,44795,194
climbing,44856,44795,44856,61
grooming,45083,44856,45083,227
scratching,45084,45083,45084,1
sniffing,45181,45084,45181,97
right_turning,45210,45181,45210,29
walking,45211,45210,45211,1
rearing,45230,45211,45230,19
grooming,45340,45230,45340,110
right_turning,45359,45340,45359,19
sniffing,45583,45359,45583,224
right_turning,45624,45583,45624,41
walking,45738,45624,45738,114
sniffing,45816,45738,45816,78
left_turning,45849,45816,45849,33
sniffing,45993,45849,45993,144
stepping,46007,45993,46007,14
left_turning,46025,46007,46025,18
walking,46088,46025,46088,63
trotting,46148,46088,46148,60
sniffing,46233,46148,46233,85
walking,46239,46233,46239,6
grooming,46240,46239,46240,1
rearing,46241,46240,46241,1
jumping,46323,46241,46323,82
walking,46324,46323,46324,1
trotting,46364,46324,46364,40
walking,46413,46364,46413,49
stepping,46426,46413,46426,13
rearing,46427,46426,46427,1
grooming,46428,46427,46428,1
rearing,46506,46428,46506,78
left_turning,46556,46506,46556,50
rearing,46582,46556,46582,26
left_turning,46633,46582,46633,51
stepping,46634,46633,46634,1
sniffing,46705,46634,46705,71
trotting,46722,46705,46722,17
sniffing,46857,46722,46857,135
trotting,46906,46857,46906,49
rising,46925,46906,46925,19
walking,46961,46925,46961,36
trotting,46993,46961,46993,32
walking,47034,46993,47034,41
sniffing,47119,47034,47119,85
trotting,47141,47119,47141,22
sniffing,47182,47141,47182,41
trotting,47186,47182,47186,4
walking,47187,47186,47187,1
sniffing,47243,47187,47243,56
walking,47267,47243,47267,24
sniffing,47270,47267,47270,3
left_turning,47287,47270,47287,17
stepping,47333,47287,47333,46
right_turning,47361,47333,47361,28
stepping,47385,47361,47385,24
sniffing,47541,47385,47541,156
trotting,47572,47541,47572,31
sniffing,47628,47572,47628,56
running,47642,47628,47642,14
jumping,47710,47642,47710,68
rearing,47750,47710,47750,40
hunching,47757,47750,47757,7
grooming,47838,47757,47838,81
sniffing,47891,47838,47891,53
grooming,47892,47891,47892,1
walking,47921,47892,47921,29
right_turning,47949,47921,47949,28
walking,47976,47949,47976,27
trotting,48018,47976,48018,42
stepping,48049,48018,48049,31
sniffing,48090,48049,48090,41
trotting,48130,48090,48130,40
sniffing,48131,48130,48131,1
climbing,48221,48131,48221,90
right_turning,48238,48221,48238,17
trotting,48286,48238,48286,48
stepping,48311,48286,48311,25
rearing,48394,48311,48394,83
grooming,48551,48394,48551,157
rising,48571,48551,48571,20
rearing,48620,48571,48620,49
walking,48621,48620,48621,1
trotting,48634,48621,48634,13
walking,48654,48634,48654,20
climbing,48690,48654,48690,36
walking,48694,48690,48694,4
stepping,48710,48694,48710,16
sniffing,48768,48710,48768,58
trotting,48826,48768,48826,58
sniffing,48833,48826,48833,7
walking,48885,48833,48885,52
sniffing,48886,48885,48886,1
left_turning,48894,48886,48894,8
sniffing,48895,48894,48895,1
grooming,49070,48895,49070,175
stepping,49140,49070,49140,70
grooming,49141,49140,49141,1
sniffing,49170,49141,49170,29
grooming,49339,49170,49339,169
left_turning,49340,49339,49340,1
sniffing,49419,49340,49419,79
grooming,49606,49419,49606,187
hunching,49768,49606,49768,162
grooming,50010,49768,50010,242
rising,50011,50010,50011,1
grooming,50049,50011,50049,38
walking,50071,50049,50071,22
rising,50072,50071,50072,1
walking,50144,50072,50144,72
sniffing,50231,50144,50231,87
climbing,50303,50231,50303,72
right_turning,50304,50303,50304,1
sniffing,50388,50304,50388,84
rearing,50442,50388,50442,54
walking,50448,50442,50448,6
running,50461,50448,50461,13
stepping,50523,50461,50523,62
sniffing,50557,50523,50557,34
grooming,50774,50557,50774,217
sniffing,50795,50774,50795,21
stepping,50860,50795,50860,65
climbing,50904,50860,50904,44
right_turning,50946,50904,50946,42
sniffing,50986,50946,50986,40
left_turning,51016,50986,51016,30
stepping,51031,51016,51031,15
trotting,51032,51031,51032,1
rearing,51033,51032,51033,1
climbing,51034,51033,51034,1
right_turning,51051,51034,51051,17
sniffing,51073,51051,51073,22
walking,51077,51073,51077,4
right_turning,51128,51077,51128,51
climbing,51220,51128,51220,92
stepping,51229,51220,51229,9
sniffing,51381,51229,51381,152
right_turning,51386,51381,51386,5
sniffing,51404,51386,51404,18
left_turning,51405,51404,51405,1
walking,51467,51405,51467,62
sniffing,51468,51467,51468,1
walking,51498,51468,51498,30
stepping,51559,51498,51559,61
sniffing,51637,51559,51637,78
stepping,51664,51637,51664,27
sniffing,51749,51664,51749,85
grooming,51759,51749,51759,10
rearing,51769,51759,51769,10
grooming,51932,51769,51932,163
sniffing,51940,51932,51940,8
walking,51941,51940,51941,1
climbing,51996,51941,51996,55
grooming,52120,51996,52120,124
climbing,52135,52120,52135,15
rising,52262,52135,52262,127
left_turning,52288,52262,52288,26
sniffing,52459,52288,52459,171
grooming,52460,52459,52460,1
sniffing,52597,52460,52597,137
stepping,52612,52597,52612,15
rising,52656,52612,52656,44
sniffing,52659,52656,52659,3
walking,52692,52659,52692,33
rising,52693,52692,52693,1
rearing,52694,52693,52694,1
climbing,52695,52694,52695,1
rising,52748,52695,52748,53
climbing,52749,52748,52749,1
walking,52799,52749,52799,50
stepping,52856,52799,52856,57
sniffing,52947,52856,52947,91
rising,52989,52947,52989,42
climbing,53114,52989,53114,125
stepping,53159,53114,53159,45
walking,53219,53159,53219,60
sniffing,53255,53219,53255,36
trotting,53288,53255,53288,33
walking,53299,53288,53299,11
stepping,53300,53299,53300,1
climbing,53402,53300,53402,102
rearing,53512,53402,53512,110
hunching,53566,53512,53566,54
grooming,53739,53566,53739,173
rearing,53817,53739,53817,78
grooming,54000,53817,54000,183
walking,54001,54000,54001,1
sniffing,54002,54001,54002,1
rearing,54065,54002,54065,63
walking,54080,54065,54080,15
stepping,54105,54080,54105,25
sniffing,54220,54105,54220,115
left_turning,54294,54220,54294,74
walking,54342,54294,54342,48
sniffing,54452,54342,54452,110
stepping,54530,54452,54530,78
scratching,54531,54530,54531,1
sniffing,54586,54531,54586,55
stepping,54587,54586,54587,1
sniffing,54757,54587,54757,170
walking,54774,54757,54774,17
sniffing,54995,54774,54995,221
stepping,55038,54995,55038,43
sniffing,55157,55038,55157,119
walking,55220,55157,55220,63
sniffing,55221,55220,55221,1
left_turning,55304,55221,55304,83
walking,55341,55304,55341,37
grooming,55342,55341,55342,1
stepping,55356,55342,55356,14
sniffing,55393,55356,55393,37
rising,55409,55393,55409,16
sniffing,55609,55409,55609,200
grooming,55685,55609,55685,76
walking,55771,55685,55771,86
sniffing,55791,55771,55791,20
running,55813,55791,55813,22
rising,55843,55813,55843,30
sniffing,55948,55843,55948,105
grooming,55949,55948,55949,1
hunching,56023,55949,56023,74
sniffing,56127,56023,56127,104
stepping,56169,56127,56169,42
grooming,56275,56169,56275,106
stepping,56293,56275,56293,18
right_turning,56325,56293,56325,32
walking,56361,56325,56361,36
stepping,56404,56361,56404,43
running,56439,56404,56439,35
stepping,56467,56439,56467,28
sniffing,56468,56467,56468,1
right_turning,56469,56468,56469,1
sniffing,56530,56469,56530,61
right_turning,56550,56530,56550,20
grooming,56588,56550,56588,38
rising,56602,56588,56602,14
walking,56727,56602,56727,125
sniffing,56728,56727,56728,1
stepping,56740,56728,56740,12
grooming,56795,56740,56795,55
rearing,56834,56795,56834,39
climbing,56865,56834,56865,31
rearing,56866,56865,56866,1
grooming,56867,56866,56867,1
sniffing,56908,56867,56908,41
right_turning,56940,56908,56940,32
sniffing,56941,56940,56941,1
climbing,56949,56941,56949,8
running,56965,56949,56965,16
walking,57046,56965,57046,81
trotting,57074,57046,57074,28
walking,57105,57074,57105,31
sniffing,57204,57105,57204,99
walking,57212,57204,57212,8
sniffing,57396,57212,57396,184
grooming,57560,57396,57560,164
left_turning,57583,57560,57583,23
walking,57605,57583,57605,22
stepping,57606,57605,57606,1
sniffing,57615,57606,57615,9
left_turning,57627,57615,57627,12
stepping,57675,57627,57675,48
left_turning,57715,57675,57715,40
sniffing,57745,57715,57745,30
climbing,57787,57745,57787,42
rearing,57809,57787,57809,22
sniffing,57921,57809,57921,112
rearing,57929,57921,57929,8
running,57943,57929,57943,14
sniffing,57964,57943,57964,21
stepping,58063,57964,58063,99
sniffing,58154,58063,58154,91
walking,58238,58154,58238,84
sniffing,58339,58238,58339,101
rearing,58362,58339,58362,23
hunching,58374,58362,58374,12
grooming,58541,58374,58541,167
scratching,58542,58541,58542,1
grooming,58745,58542,58745,203
hunching,58783,58745,58783,38
grooming,58990,58783,58990,207
rising,59024,58990,59024,34
sniffing,59060,59024,59060,36
right_turning,59087,59060,59087,27
climbing,59171,59087,59171,84
walking,59200,59171,59200,29
stepping,59229,59200,59229,29
rising,59273,59229,59273,44
sniffing,59421,59273,59421,148
right_turning,59422,59421,59422,1
sniffing,59423,59422,59423,1
rearing,59449,59423,59449,26
sniffing,59502,59449,59502,53
rearing,59522,59502,59522,20
walking,59585,59522,59585,63
rising,59586,59585,59586,1
sniffing,59782,59586,59782,196
walking,59870,59782,59870,88
stepping,59883,59870,59883,13
walking,59978,59883,59978,95
sniffing,60045,59978,60045,67
grooming,60046,60045,60046,1
left_turning,60090,60046,60090,44
walking,60135,60090,60135,45
sniffing,60207,60135,60207,72
walking,60221,60207,60221,14
sniffing,60259,60221,60259,38
right_turning,60292,60259,60292,33
sniffing,60370,60292,60370,78
walking,60382,60370,60382,12
rising,60447,60382,60447,65
stepping,60491,60447,60491,44
sniffing,60591,60491,60591,100
stepping,60679,60591,60679,88
rising,60700,60679,60700,21
walking,60760,60700,60760,60
left_turning,60923,60760,60923,163
scratching,60924,60923,60924,1
trotting,60925,60924,60925,1
sniffing,60960,60925,60960,35
rising,60961,60960,60961,1
grooming,61175,60961,61175,214
rising,61226,61175,61226,51
grooming,61484,61226,61484,258
sniffing,61485,61484,61485,1
stepping,61509,61485,61509,24
sniffing,61510,61509,61510,1
walking,61580,61510,61580,70
stepping,61605,61580,61605,25
sniffing,61717,61605,61717,112
grooming,61799,61717,61799,82
stepping,61841,61799,61841,42
sniffing,61979,61841,61979,138
grooming,62688,61979,62688,709
sniffing,62885,62688,62885,197
walking,62930,62885,62930,45
grooming,63076,62930,63076,146
rearing,63098,63076,63098,22
climbing,63111,63098,63111,13
walking,63174,63111,63174,63
left_turning,63199,63174,63199,25
grooming,63200,63199,63200,1
trotting,63235,63200,63235,35
sniffing,63471,63235,63471,236
scratching,63472,63471,63472,1
grooming,63693,63472,63693,221
scratching,63694,63693,63694,1
left_turning,63725,63694,63725,31
sniffing,63726,63725,63726,1
grooming,63752,63726,63752,26
walking,63810,63752,63810,58
sniffing,63897,63810,63897,87
stepping,63906,63897,63906,9
sniffing,63926,63906,63926,20
stepping,63927,63926,63927,1
grooming,64039,63927,64039,112
rising,64052,64039,64052,13
grooming,64053,64052,64053,1
stepping,64054,64053,64054,1
rearing,64103,64054,64103,49
climbing,64133,64103,64133,30
walking,64166,64133,64166,33
sniffing,64167,64166,64167,1
grooming,64240,64167,64240,73
rearing,64270,64240,64270,30
rising,64319,64270,64319,49
sniffing,64434,64319,64434,115
left_turning,64435,64434,64435,1
stepping,64441,64435,64441,6
sniffing,64520,64441,64520,79
rising,64560,64520,64560,40
grooming,64561,64560,64561,1
rearing,64675,64561,64675,114
climbing,64692,64675,64692,17
rising,64759,64692,64759,67
rearing,64766,64759,64766,7
grooming,64983,64766,64983,217
sniffing,65083,64983,65083,100
rearing,65193,65083,65193,110
stepping,65282,65193,65282,89
walking,65317,65282,65317,35
sniffing,65399,65317,65399,82
rising,65400,65399,65400,1
grooming,66053,65400,66053,653
rearing,66083,66053,66083,30
sniffing,66215,66083,66215,132
right_turning,66223,66215,66223,8
sniffing,66246,66223,66246,23
stepping,66302,66246,66302,56
climbing,66340,66302,66340,38
rearing,66434,66340,66434,94
sniffing,66435,66434,66435,1
trotting,66490,66435,66490,55
sniffing,66491,66490,66491,1
walking,66550,66491,66550,59
stepping,66600,66550,66600,50
rearing,66603,66600,66603,3
stepping,66639,66603,66639,36
sniffing,66760,66639,66760,121
left_turning,66807,66760,66807,47
grooming,67223,66807,67223,416
sniffing,67269,67223,67269,46
running,67318,67269,67318,49
stepping,67344,67318,67344,26
grooming,67404,67344,67404,60
rising,67405,67404,67405,1
rearing,67459,67405,67459,54
left_turning,67461,67459,67461,2
grooming,67577,67461,67577,116
rearing,67595,67577,67595,18
grooming,67596,67595,67596,1
hunching,67652,67596,67652,56
rearing,67710,67652,67710,58
grooming,67905,67710,67905,195
hunching,67949,67905,67949,44
rearing,67990,67949,67990,41
grooming,68047,67990,68047,57
rising,68101,68047,68101,54
sniffing,68112,68101,68112,11
stepping,68113,68112,68113,1
right_turning,68135,68113,68135,22
rising,68192,68135,68192,57
grooming,68217,68192,68217,25
left_turning,68227,68217,68227,10
sniffing,68228,68227,68228,1
rising,68236,68228,68236,8
rearing,68237,68236,68237,1
stepping,68305,68237,68305,68
climbing,68347,68305,68347,42
walking,68360,68347,68360,13
sniffing,68423,68360,68423,63
stepping,68431,68423,68431,8
walking,68460,68431,68460,29
sniffing,68565,68460,68565,105
trotting,68586,68565,68586,21
running,68611,68586,68611,25
walking,68699,68611,68699,88
sniffing,68761,68699,68761,62
grooming,68762,68761,68762,1
rearing,68763,68762,68763,1
climbing,68861,68763,68861,98
sniffing,68993,68861,68993,132
climbing,69017,68993,69017,24
running,69028,69017,69028,11
walking,69083,69028,69083,55
sniffing,69097,69083,69097,14
walking,69127,69097,69127,30
stepping,69160,69127,69160,33
running,69183,69160,69183,23
right_turning,69189,69183,69189,6
walking,69190,69189,69190,1
stepping,69222,69190,69222,32
rearing,69223,69222,69223,1
climbing,69316,69223,69316,93
running,69359,69316,69359,43
sniffing,69428,69359,69428,69
rearing,69483,69428,69483,55
climbing,69484,69483,69484,1
sniffing,69538,69484,69538,54
running,69576,69538,69576,38
trotting,69621,69576,69621,45
rising,69622,69621,69622,1
rearing,69661,69622,69661,39
grooming,69847,69661,69847,186
hunching,69875,69847,69875,28
grooming,69876,69875,69876,1
sniffing,69948,69876,69948,72
scratching,69949,69948,69949,1
sniffing,69950,69949,69950,1
walking,69951,69950,69951,1
rising,69952,69951,69952,1
rearing,69996,69952,69996,44
grooming,70194,69996,70194,198
rising,70248,70194,70248,54
walking,70265,70248,70265,17
sniffing,70388,70265,70388,123
stepping,70432,70388,70432,44
sniffing,70433,70432,70433,1
left_turning,70510,70433,70510,77
sniffing,70577,70510,70577,67
walking,70614,70577,70614,37
left_turning,70619,70614,70619,5
walking,70732,70619,70732,113
stepping,70733,70732,70733,1
grooming,70734,70733,70734,1
climbing,70821,70734,70821,87
left_turning,70854,70821,70854,33
walking,70902,70854,70902,48
sniffing,70903,70902,70903,1
rearing,70931,70903,70931,28
grooming,70932,70931,70932,1
rearing,70973,70932,70973,41
hunching,70974,70973,70974,1
sniffing,70975,70974,70975,1
running,70989,70975,70989,14
sniffing,71060,70989,71060,71
rising,71061,71060,71061,1
climbing,71094,71061,71094,33
left_turning,71095,71094,71095,1
rising,71109,71095,71109,14
climbing,71176,71109,71176,67
rising,71230,71176,71230,54
stepping,71281,71230,71281,51
rising,71311,71281,71311,30
rearing,71393,71311,71393,82
sniffing,71505,71393,71505,112
walking,71506,71505,71506,1
trotting,71538,71506,71538,32
grooming,71744,71538,71744,206
rising,71838,71744,71838,94
climbing,71922,71838,71922,84
hunching,72001,71922,72001,79
grooming,72238,72001,72238,237
hunching,72324,72238,72324,86
rearing,72426,72324,72426,102
stepping,72427,72426,72427,1
sniffing,72450,72427,72450,23
rising,72451,72450,72451,1
rearing,72625,72451,72625,174
grooming,72675,72625,72675,50
sniffing,72760,72675,72760,85
walking,72790,72760,72790,30
right_turning,72855,72790,72855,65
stepping,72874,72855,72874,19
sniffing,72882,72874,72882,8
rearing,72883,72882,72883,1
climbing,72989,72883,72989,106
grooming,73794,72989,73794,805
sniffing,73894,73794,73894,100
right_turning,73949,73894,73949,55
sniffing,73957,73949,73957,8
stepping,73958,73957,73958,1
sniffing,74018,73958,74018,60
climbing,74074,74018,74074,56
walking,74079,74074,74079,5
stepping,74127,74079,74127,48
sniffing,74157,74127,74157,30
left_turning,74158,74157,74158,1
walking,74185,74158,74185,27
sniffing,74188,74185,74188,3
walking,74200,74188,74200,12
sniffing,74274,74200,74274,74
grooming,74441,74274,74441,167
sniffing,74515,74441,74515,74
walking,74578,74515,74578,63
left_turning,74579,74578,74579,1
walking,74721,74579,74721,142
rising,74731,74721,74731,10
climbing,74733,74731,74733,2
grooming,74893,74733,74893,160
sniffing,74894,74893,74894,1
right_turning,74918,74894,74918,24
sniffing,74992,74918,74992,74
walking,74993,74992,74993,1
rising,75031,74993,75031,38
stepping,75093,75031,75093,62
walking,75094,75093,75094,1
trotting,75153,75094,75153,59
walking,75183,75153,75183,30
hunching,75321,75183,75321,138
grooming,75350,75321,75350,29
sniffing,75394,75350,75394,44
rising,75395,75394,75395,1
rearing,75429,75395,75429,34
sniffing,75430,75429,75430,1
stepping,75488,75430,75488,58
rising,75489,75488,75489,1
grooming,75490,75489,75490,1
climbing,75528,75490,75528,38
walking,75543,75528,75543,15
left_turning,75613,75543,75613,70
sniffing,75691,75613,75691,78
stepping,75717,75691,75717,26
sniffing,75718,75717,75718,1
left_turning,75757,75718,75757,39
rearing,75781,75757,75781,24
stepping,75848,75781,75848,67
sniffing,75911,75848,75911,63
grooming,75958,75911,75958,47
hunching,75987,75958,75987,29
grooming,75988,75987,75988,1
left_turning,75989,75988,75989,1
walking,76006,75989,76006,17
sniffing,76007,76006,76007,1
left_turning,76070,76007,76070,63
grooming,76480,76070,76480,410
rearing,76546,76480,76546,66
rising,76575,76546,76575,29
hunching,76601,76575,76601,26
grooming,76703,76601,76703,102
climbing,76884,76703,76884,181
walking,77001,76884,77001,117
right_turning,77026,77001,77026,25
sniffing,77121,77026,77121,95
left_turning,77134,77121,77134,13
stepping,77195,77134,77195,61
rearing,77230,77195,77230,35
stepping,77260,77230,77260,30
walking,77292,77260,77292,32
sniffing,77293,77292,77293,1
stepping,77315,77293,77315,22
climbing,77316,77315,77316,1
rising,77380,77316,77380,64
rearing,77497,77380,77497,117
grooming,77562,77497,77562,65
sniffing,77569,77562,77569,7
walking,77650,77569,77650,81
sniffing,77659,77650,77659,9
grooming,77660,77659,77660,1
rearing,77705,77660,77705,45
climbing,77706,77705,77706,1
rearing,77843,77706,77843,137
grooming,77844,77843,77844,1
sniffing,77845,77844,77845,1
rising,77848,77845,77848,3
rearing,77900,77848,77900,52
hunching,77972,77900,77972,72
rearing,78053,77972,78053,81
rising,78105,78053,78105,52
climbing,78106,78105,78106,1
grooming,78319,78106,78319,213
hunching,78353,78319,78353,34
sniffing,78477,78353,78477,124
trotting,78478,78477,78478,1
walking,78496,78478,78496,18
stepping,78510,78496,78510,14
sniffing,78524,78510,78524,14
rearing,78531,78524,78531,7
grooming,78783,78531,78783,252
hunching,78825,78783,78825,42
left_turning,78901,78825,78901,76
rising,78996,78901,78996,95
sniffing,79141,78996,79141,145
stepping,79214,79141,79214,73
walking,79341,79214,79341,127
sniffing,79359,79341,79359,18
rearing,79430,79359,79430,71
rising,79431,79430,79431,1
grooming,79432,79431,79432,1
left_turning,79457,79432,79457,25
sniffing,79564,79457,79564,107
right_turning,79593,79564,79593,29
grooming,79712,79593,79712,119
rearing,79751,79712,79751,39
trotting,79835,79751,79835,84
sniffing,79875,79835,79875,40
rearing,79876,79875,79876,1
climbing,79877,79876,79877,1
grooming,80003,79877,80003,126
left_turning,80134,80003,80134,131
running,80174,80134,80174,40
trotting,80207,80174,80207,33
stepping,80237,80207,80237,30
sniffing,80353,80237,80353,116
rising,80355,80353,80355,2
sniffing,80356,80355,80356,1
stepping,80424,80356,80424,68
sniffing,80469,80424,80469,45
rising,80533,80469,80533,64
rearing,80534,80533,80534,1
grooming,80718,80534,80718,184
left_turning,80789,80718,80789,71
sniffing,80922,80789,80922,133
rising,80963,80922,80963,41
rearing,80981,80963,80981,18
grooming,80982,80981,80982,1
stepping,81059,80982,81059,77
rearing,81092,81059,81092,33
climbing,81226,81092,81226,134
walking,81249,81226,81249,23
sniffing,81360,81249,81360,111
stepping,81390,81360,81390,30
rising,81446,81390,81446,56
grooming,81447,81446,81447,1
rearing,81469,81447,81469,22
right_turning,81499,81469,81499,30
rising,81502,81499,81502,3
climbing,81550,81502,81550,48
right_turning,81572,81550,81572,22
climbing,81614,81572,81614,42
rearing,81648,81614,81648,34
rising,81713,81648,81713,65
rearing,81722,81713,81722,9
rising,81723,81722,81723,1
sniffing,81987,81723,81987,264
stepping,82044,81987,82044,57
sniffing,82045,82044,82045,1
rising,82046,82045,82046,1
sniffing,82208,82046,82208,162
rearing,82277,82208,82277,69
grooming,82557,82277,82557,280
climbing,82649,82557,82649,92
sniffing,82712,82649,82712,63
grooming,82892,82712,82892,180
rearing,82893,82892,82893,1
stepping,82894,82893,82894,1
rising,82932,82894,82932,38
climbing,82933,82932,82933,1
trotting,82947,82933,82947,14
rising,82954,82947,82954,7
sniffing,82997,82954,82997,43
walking,82998,82997,82998,1
rearing,82999,82998,82999,1
grooming,83000,82999,83000,1
sniffing,83001,83000,83001,1
rearing,83037,83001,83037,36
grooming,83038,83037,83038,1
stepping,83092,83038,83092,54
sniffing,83127,83092,83127,35
left_turning,83159,83127,83159,32
sniffing,83378,83159,83378,219
rising,83405,83378,83405,27
rearing,83416,83405,83416,11
grooming,83574,83416,83574,158
hunching,83632,83574,83632,58
rearing,83637,83632,83637,5
climbing,83681,83637,83681,44
walking,83806,83681,83806,125
rising,83851,83806,83851,45
left_turning,83898,83851,83898,47
rising,83954,83898,83954,56
grooming,84116,83954,84116,162
sniffing,84150,84116,84150,34
stepping,84216,84150,84216,66
left_turning,84247,84216,84247,31
sniffing,84383,84247,84383,136
climbing,84475,84383,84475,92
left_turning,84484,84475,84484,9
sniffing,84554,84484,84554,70
scratching,84555,84554,84555,1
sniffing,84718,84555,84718,163
rising,84782,84718,84782,64
rearing,84841,84782,84841,59
grooming,84946,84841,84946,105
rearing,84953,84946,84953,7
grooming,85475,84953,85475,522
sniffing,85476,85475,85476,1
walking,85502,85476,85502,26
sniffing,85583,85502,85583,81
left_turning,85586,85583,85586,3
stepping,85613,85586,85613,27
walking,85618,85613,85618,5
rising,85693,85618,85693,75
grooming,85694,85693,85694,1
walking,85749,85694,85749,55
climbing,85839,85749,85839,90
grooming,85885,85839,85885,46
left_turning,85913,85885,85913,28
walking,85919,85913,85919,6
trotting,85972,85919,85972,53
walking,85986,85972,85986,14
sniffing,85987,85986,85987,1
rising,85988,85987,85988,1
sniffing,86067,85988,86067,79
stepping,86120,86067,86120,53
climbing,86143,86120,86143,23
walking,86186,86143,86186,43
sniffing,86318,86186,86318,132
rising,86320,86318,86320,2
climbing,86457,86320,86457,137
left_turning,86458,86457,86458,1
rising,86486,86458,86486,28
climbing,86518,86486,86518,32
left_turning,86536,86518,86536,18
sniffing,86542,86536,86542,6
running,86566,86542,86566,24
walking,86567,86566,86567,1
stepping,86592,86567,86592,25
sniffing,86626,86592,86626,34
rising,86633,86626,86633,7
rearing,86634,86633,86634,1
sniffing,86635,86634,86635,1
walking,86654,86635,86654,19
sniffing,86755,86654,86755,101
stepping,86805,86755,86805,50
trotting,86818,86805,86818,13
walking,86888,86818,86888,70
left_turning,86934,86888,86934,46
grooming,87034,86934,87034,100
rearing,87096,87034,87096,62
grooming,87111,87096,87111,15
hunching,87159,87111,87159,48
rearing,87209,87159,87209,50
grooming,87512,87209,87512,303
left_turning,87527,87512,87527,15
right_turning,87579,87527,87579,52
sniffing,87748,87579,87748,169
stepping,87775,87748,87775,27
rearing,87838,87775,87838,63
sniffing,87879,87838,87879,41
rising,87942,87879,87942,63
grooming,87972,87942,87972,30
rearing,87995,87972,87995,23
walking,87996,87995,87996,1
climbing,88052,87996,88052,56
rising,88080,88052,88080,28
rearing,88116,88080,88116,36
grooming,88611,88116,88611,495
sniffing,88869,88611,88869,258
walking,89024,88869,89024,155
rising,89025,89024,89025,1
sniffing,89103,89025,89103,78
walking,89122,89103,89122,19
stepping,89136,89122,89136,14
sniffing,89277,89136,89277,141
left_turning,89284,89277,89284,7
stepping,89348,89284,89348,64
sniffing,89522,89348,89522,174
walking,89548,89522,89548,26
grooming,89884,89548,89884,336
hunching,89907,89884,89907,23
grooming,89990,89907,89990,83
rising,90039,89990,90039,49
grooming,90114,90039,90114,75
sniffing,90194,90114,90194,80
rising,90229,90194,90229,35
rearing,90255,90229,90255,26
grooming,90256,90255,90256,1
walking,90356,90256,90356,100
stepping,90423,90356,90423,67
sniffing,90528,90423,90528,105
right_turning,90529,90528,90529,1
walking,90530,90529,90530,1
sniffing,90679,90530,90679,149
left_turning,90711,90679,90711,32
trotting,90722,90711,90722,11
stepping,90735,90722,90735,13
walking,90792,90735,90792,57
sniffing,90802,90792,90802,10
stepping,90862,90802,90862,60
walking,90872,90862,90872,10
sniffing,90873,90872,90873,1
rising,91011,90873,91011,138
stepping,91012,91011,91012,1
climbing,91085,91012,91085,73
grooming,91167,91085,91167,82
rearing,91236,91167,91236,69
hunching,91292,91236,91292,56
grooming,91381,91292,91381,89
scratching,91382,91381,91382,1
left_turning,91385,91382,91385,3
rearing,91477,91385,91477,92
grooming,91478,91477,91478,1
rearing,91597,91478,91597,119
left_turning,91598,91597,91598,1
walking,91604,91598,91604,6
trotting,91617,91604,91617,13
walking,91706,91617,91706,89
stepping,91721,91706,91721,15
grooming,91722,91721,91722,1
rearing,91723,91722,91723,1
rising,91770,91723,91770,47
rearing,91832,91770,91832,62
hunching,91855,91832,91855,23
rearing,91856,91855,91856,1
grooming,91976,91856,91976,120
sniffing,91977,91976,91977,1
stepping,92010,91977,92010,33
grooming,92080,92010,92080,70
rearing,92148,92080,92148,68
grooming,92501,92148,92501,353
right_turning,92516,92501,92516,15
walking,92578,92516,92578,62
stepping,92632,92578,92632,54
sniffing,92809,92632,92809,177
stepping,92853,92809,92853,44
hunching,92854,92853,92854,1
grooming,93037,92854,93037,183
walking,93038,93037,93038,1
stepping,93100,93038,93100,62
rearing,93101,93100,93101,1
climbing,93138,93101,93138,37
walking,93139,93138,93139,1
sniffing,93169,93139,93169,30
rising,93269,93169,93269,100
stepping,93346,93269,93346,77
rising,93347,93346,93347,1
walking,93411,93347,93411,64
stepping,93437,93411,93437,26
sniffing,93453,93437,93453,16
walking,93461,93453,93461,8
left_turning,93504,93461,93504,43
climbing,93522,93504,93522,18
sniffing,93564,93522,93564,42
rising,93630,93564,93630,66
grooming,93958,93630,93958,328
climbing,94015,93958,94015,57
rearing,94057,94015,94057,42
sniffing,94058,94057,94058,1
rising,94099,94058,94099,41
sniffing,94210,94099,94210,111
rising,94283,94210,94283,73
left_turning,94316,94283,94316,33
climbing,94364,94316,94364,48
left_turning,94449,94364,94449,85
sniffing,94520,94449,94520,71
left_turning,94570,94520,94570,50
climbing,94727,94570,94727,157
rising,94784,94727,94784,57
sniffing,94868,94784,94868,84
climbing,94916,94868,94916,48
trotting,95042,94916,95042,126
rising,95049,95042,95049,7
climbing,95164,95049,95164,115
left_turning,95221,95164,95221,57
walking,95276,95221,95276,55
climbing,95331,95276,95331,55
sniffing,95384,95331,95384,53
left_turning,95445,95384,95445,61
stepping,95496,95445,95496,51
sniffing,95631,95496,95631,135
walking,95668,95631,95668,37
sniffing,95701,95668,95701,33
scratching,95702,95701,95702,1
left_turning,95751,95702,95751,49
rearing,95820,95751,95820,69
climbing,95829,95820,95829,9
rising,95927,95829,95927,98
sniffing,96102,95927,96102,175
stepping,96157,96102,96157,55
rising,96167,96157,96167,10
stepping,96218,96167,96218,51
sniffing,96258,96218,96258,40
rearing,96355,96258,96355,97
climbing,96408,96355,96408,53
rearing,96442,96408,96442,34
rising,96443,96442,96443,1
sniffing,96444,96443,96444,1
stepping,96445,96444,96445,1
sniffing,96520,96445,96520,75
stepping,96583,96520,96583,63
rising,96584,96583,96584,1
rearing,96770,96584,96770,186
climbing,96816,96770,96816,46
walking,96879,96816,96879,63
trotting,96912,96879,96912,33
sniffing,96997,96912,96997,85
walking,97128,96997,97128,131
sniffing,97139,97128,97139,11
rising,97140,97139,97140,1
climbing,97204,97140,97204,64
stepping,97216,97204,97216,12
sniffing,97217,97216,97217,1
stepping,97275,97217,97275,58
walking,97317,97275,97317,42
trotting,97347,97317,97347,30
walking,97404,97347,97404,57
stepping,97456,97404,97456,52
walking,97468,97456,97468,12
sniffing,97622,97468,97622,154
rearing,97686,97622,97686,64
grooming,97687,97686,97687,1
left_turning,97767,97687,97767,80
sniffing,97962,97767,97962,195
stepping,98014,97962,98014,52
sniffing,98098,98014,98098,84
rising,98133,98098,98133,35
climbing,98235,98133,98235,102
rearing,98346,98235,98346,111
sniffing,98473,98346,98473,127
walking,98489,98473,98489,16
sniffing,98490,98489,98490,1
trotting,98495,98490,98495,5
rising,98599,98495,98599,104
grooming,98788,98599,98788,189
stepping,98800,98788,98800,12
grooming,98801,98800,98801,1
rearing,98802,98801,98802,1
walking,98812,98802,98812,10
trotting,98829,98812,98829,17
running,98870,98829,98870,41
rearing,98871,98870,98871,1
hunching,98872,98871,98872,1
rearing,98876,98872,98876,4
grooming,99338,98876,99338,462
rearing,99339,99338,99339,1
hunching,99369,99339,99369,30
rising,99383,99369,99383,14
stepping,99420,99383,99420,37
sniffing,99540,99420,99540,120
rearing,99578,99540,99578,38
grooming,99579,99578,99579,1
hunching,99623,99579,99623,44
sniffing,99736,99623,99736,113
rearing,99772,99736,99772,36
grooming,100043,99772,100043,271
sniffing,100110,100043,100110,67
stepping,100170,100110,100170,60
sniffing,100340,100170,100340,170
stepping,100411,100340,100411,71
sniffing,100519,100411,100519,108
walking,100531,100519,100531,12
trotting,100564,100531,100564,33
rising,100565,100564,100565,1
rearing,100566,100565,100566,1
sniffing,100715,100566,100715,149
grooming,100721,100715,100721,6
climbing,100749,100721,100749,28
stepping,100824,100749,100824,75
grooming,100838,100824,100838,14
rising,100839,100838,100839,1
sniffing,100941,100839,100941,102
rising,100999,100941,100999,58
rearing,101000,100999,101000,1
sniffing,101001,101000,101001,1
right_turning,101031,101001,101031,30
sniffing,101059,101031,101059,28
left_turning,101118,101059,101118,59
rising,101179,101118,101179,61
jumping,101180,101179,101180,1
grooming,101181,101180,101181,1
right_turning,101206,101181,101206,25
climbing,101276,101206,101276,70
right_turning,101324,101276,101324,48
stepping,101325,101324,101325,1
walking,101334,101325,101334,9
sniffing,101366,101334,101366,32
left_turning,101382,101366,101382,16
stepping,101432,101382,101432,50
rearing,101433,101432,101433,1
grooming,101486,101433,101486,53
right_turning,101499,101486,101499,13
sniffing,101684,101499,101684,185
walking,101715,101684,101715,31
trotting,101767,101715,101767,52
sniffing,101895,101767,101895,128
walking,101953,101895,101953,58
sniffing,102048,101953,102048,95
walking,102086,102048,102086,38
sniffing,102306,102086,102306,220
grooming,102345,102306,102345,39
hunching,102361,102345,102361,16
walking,102429,102361,102429,68
rearing,102548,102429,102548,119
grooming,102847,102548,102847,299
rearing,102912,102847,102912,65
hunching,102913,102912,102913,1
rearing,102963,102913,102963,50
hunching,103037,102963,103037,74
grooming,103038,103037,103038,1
rising,103079,103038,103079,41
rearing,103080,103079,103080,1
sniffing,103135,103080,103135,55
walking,103218,103135,103218,83
sniffing,103256,103218,103256,38
stepping,103278,103256,103278,22
sniffing,103540,103278,103540,262
stepping,103561,103540,103561,21
sniffing,103667,103561,103667,106
stepping,103683,103667,103683,16
walking,103747,103683,103747,64
sniffing,103748,103747,103748,1
rising,103781,103748,103781,33
rearing,103782,103781,103782,1
stepping,103827,103782,103827,45
sniffing,103878,103827,103878,51
rising,103886,103878,103886,8
sniffing,104036,103886,104036,150
scratching,104037,104036,104037,1
grooming,104129,104037,104129,92
sniffing,104370,104129,104370,241
left_turning,104419,104370,104419,49
rearing,104420,104419,104420,1
rising,104535,104420,104535,115
sniffing,104695,104535,104695,160
climbing,105022,104695,105022,327
grooming,105172,105022,105172,150
rearing,105273,105172,105273,101
hunching,105283,105273,105283,10
rearing,105418,105283,105418,135
sniffing,105583,105418,105583,165
trotting,105631,105583,105631,48
sniffing,105830,105631,105830,199
rearing,105831,105830,105831,1
hunching,105847,105831,105847,16
grooming,105848,105847,105848,1
rearing,105866,105848,105866,18
grooming,106092,105866,106092,226
scratching,106093,106092,106093,1
grooming,106235,106093,106235,142
sniffing,106236,106235,106236,1
stepping,106237,106236,106237,1
walking,106291,106237,106291,54
stepping,106319,106291,106319,28
rearing,106371,106319,106371,52
rising,106388,106371,106388,17
sniffing,106497,106388,106497,109
left_turning,106526,106497,106526,29
stepping,106540,106526,106540,14
sniffing,106566,106540,106566,26
walking,106578,106566,106578,12
stepping,106597,106578,106597,19
sniffing,106700,106597,106700,103
grooming,106858,106700,106858,158
sniffing,106938,106858,106938,80
left_turning,106939,106938,106939,1
climbing,106940,106939,106940,1
left_turning,106964,106940,106964,24
walking,107036,106964,107036,72
sniffing,107098,107036,107098,62
rising,107115,107098,107115,17
sniffing,107154,107115,107154,39
grooming,107204,107154,107204,50
left_turning,107235,107204,107235,31
rising,107349,107235,107349,114
climbing,107390,107349,107390,41
rearing,107395,107390,107395,5
hunching,107466,107395,107466,71
left_turning,107492,107466,107492,26
rising,107584,107492,107584,92
rearing,107585,107584,107585,1
climbing,107614,107585,107614,29
grooming,107804,107614,107804,190
rearing,107805,107804,107805,1
walking,107828,107805,107828,23
stepping,107834,107828,107834,6
sniffing,107852,107834,107852,18
grooming,107853,107852,107853,1
hunching,107873,107853,107873,20
left_turning,107962,107873,107962,89
walking,107964,107962,107964,2
rearing,108000,107964,108000,36
