revised_movement_label,segBoundary,segBoundary_start,segBoundary_end,length
walking,77,0,77,77
sniffing,167,77,167,90
trotting,179,167,179,12
sniffing,180,179,180,1
grooming,299,180,299,119
climbing,329,299,329,30
hunching,335,329,335,6
grooming,393,335,393,58
right_turning,426,393,426,33
walking,457,426,457,31
sniffing,489,457,489,32
rising,490,489,490,1
sniffing,567,490,567,77
walking,644,567,644,77
sniffing,784,644,784,140
walking,789,784,789,5
rising,790,789,790,1
stepping,882,790,882,92
rising,885,882,885,3
sniffing,1017,885,1017,132
grooming,1051,1017,1051,34
stepping,1066,1051,1066,15
rising,1120,1066,1120,54
sniffing,1158,1120,1158,38
trotting,1159,1158,1159,1
walking,1194,1159,1194,35
running,1218,1194,1218,24
right_turning,1268,1218,1268,50
rising,1323,1268,1323,55
climbing,1380,1323,1380,57
grooming,1517,1380,1517,137
walking,1552,1517,1552,35
rising,1554,1552,1554,2
stepping,1583,1554,1583,29
walking,1635,1583,1635,52
sniffing,1652,1635,1652,17
right_turning,1685,1652,1685,33
running,1693,1685,1693,8
rising,1744,1693,1744,51
hunching,1754,1744,1754,10
rearing,1755,1754,1755,1
sniffing,1756,1755,1756,1
left_turning,1794,1756,1794,38
trotting,1846,1794,1846,52
sniffing,1908,1846,1908,62
running,1928,1908,1928,20
stepping,2034,1928,2034,106
sniffing,2158,2034,2158,124
stepping,2179,2158,2179,21
sniffing,2301,2179,2301,122
rising,2302,2301,2302,1
walking,2303,2302,2303,1
stepping,2356,2303,2356,53
grooming,2413,2356,2413,57
hunching,2428,2413,2428,15
rearing,2437,2428,2437,9
rising,2439,2437,2439,2
sniffing,2489,2439,2489,50
grooming,2525,2489,2525,36
sniffing,2604,2525,2604,79
stepping,2615,2604,2615,11
sniffing,2616,2615,2616,1
stepping,2619,2616,2619,3
trotting,2687,2619,2687,68
stepping,2747,2687,2747,60
rising,2781,2747,2781,34
walking,2831,2781,2831,50
sniffing,2933,2831,2933,102
stepping,2949,2933,2949,16
trotting,3019,2949,3019,70
stepping,3042,3019,3042,23
sniffing,3123,3042,3123,81
rising,3191,3123,3191,68
rearing,3257,3191,3257,66
left_turning,3338,3257,3338,81
stepping,3401,3338,3401,63
walking,3427,3401,3427,26
stepping,3522,3427,3522,95
walking,3534,3522,3534,12
sniffing,3591,3534,3591,57
walking,3703,3591,3703,112
stepping,3766,3703,3766,63
walking,3787,3766,3787,21
running,3815,3787,3815,28
trotting,3861,3815,3861,46
sniffing,3938,3861,3938,77
left_turning,4019,3938,4019,81
walking,4056,4019,4056,37
trotting,4073,4056,4073,17
walking,4249,4073,4249,176
sniffing,4268,4249,4268,19
walking,4308,4268,4308,40
rising,4342,4308,4342,34
sniffing,4402,4342,4402,60
left_turning,4408,4402,4408,6
walking,4428,4408,4428,20
stepping,4451,4428,4451,23
walking,4561,4451,4561,110
rising,4598,4561,4598,37
climbing,4654,4598,4654,56
rearing,4778,4654,4778,124
stepping,4812,4778,4812,34
grooming,4900,4812,4900,88
rising,4927,4900,4927,27
grooming,5031,4927,5031,104
walking,5032,5031,5032,1
sniffing,5033,5032,5033,1
rising,5034,5033,5034,1
sniffing,5035,5034,5035,1
stepping,5079,5035,5079,44
trotting,5118,5079,5118,39
sniffing,5216,5118,5216,98
grooming,5302,5216,5302,86
scratching,5303,5302,5303,1
sniffing,5393,5303,5393,90
grooming,5435,5393,5435,42
trotting,5471,5435,5471,36
walking,5605,5471,5605,134
sniffing,5701,5605,5701,96
stepping,5716,5701,5716,15
running,5741,5716,5741,25
trotting,5772,5741,5772,31
walking,5828,5772,5828,56
trotting,5859,5828,5859,31
running,5875,5859,5875,16
trotting,5902,5875,5902,27
grooming,5959,5902,5959,57
rearing,5977,5959,5977,18
hunching,6009,5977,6009,32
sniffing,6048,6009,6048,39
left_turning,6063,6048,6063,15
walking,6074,6063,6074,11
sniffing,6076,6074,6076,2
rising,6077,6076,6077,1
sniffing,6078,6077,6078,1
rising,6115,6078,6115,37
stepping,6116,6115,6116,1
rising,6117,6116,6117,1
rearing,6184,6117,6184,67
sniffing,6362,6184,6362,178
rising,6363,6362,6363,1
sniffing,6419,6363,6419,56
trotting,6439,6419,6439,20
walking,6557,6439,6557,118
rearing,6558,6557,6558,1
hunching,6608,6558,6608,50
left_turning,6668,6608,6668,60
trotting,6701,6668,6701,33
rising,6775,6701,6775,74
grooming,6947,6775,6947,172
rising,7065,6947,7065,118
stepping,7093,7065,7093,28
walking,7094,7093,7094,1
sniffing,7228,7094,7228,134
walking,7315,7228,7315,87
rising,7316,7315,7316,1
grooming,7350,7316,7350,34
sniffing,7390,7350,7390,40
stepping,7415,7390,7415,25
rising,7460,7415,7460,45
climbing,7475,7460,7475,15
grooming,7596,7475,7596,121
rearing,7669,7596,7669,73
hunching,7711,7669,7711,42
sniffing,7712,7711,7712,1
left_turning,7759,7712,7759,47
rising,7832,7759,7832,73
hunching,7871,7832,7871,39
grooming,7953,7871,7953,82
sniffing,8013,7953,8013,60
rearing,8075,8013,8075,62
sniffing,8081,8075,8081,6
walking,8133,8081,8133,52
stepping,8159,8133,8159,26
sniffing,8301,8159,8301,142
rising,8304,8301,8304,3
walking,8309,8304,8309,5
trotting,8350,8309,8350,41
sniffing,8351,8350,8351,1
walking,8360,8351,8360,9
running,8382,8360,8382,22
trotting,8401,8382,8401,19
stepping,8403,8401,8403,2
sniffing,8527,8403,8527,124
rising,8581,8527,8581,54
grooming,8770,8581,8770,189
rearing,8775,8770,8775,5
rising,8778,8775,8778,3
sniffing,8860,8778,8860,82
grooming,8887,8860,8887,27
rising,8895,8887,8895,8
rearing,8932,8895,8932,37
grooming,8933,8932,8933,1
walking,8962,8933,8962,29
running,8988,8962,8988,26
walking,9126,8988,9126,138
stepping,9127,9126,9127,1
grooming,9188,9127,9188,61
running,9226,9188,9226,38
walking,9249,9226,9249,23
sniffing,9354,9249,9354,105
right_turning,9370,9354,9370,16
running,9400,9370,9400,30
left_turning,9412,9400,9412,12
walking,9506,9412,9506,94
sniffing,9590,9506,9590,84
left_turning,9618,9590,9618,28
grooming,9619,9618,9619,1
hunching,9641,9619,9641,22
rearing,9669,9641,9669,28
climbing,9723,9669,9723,54
rising,9750,9723,9750,27
climbing,9821,9750,9821,71
walking,9864,9821,9864,43
stepping,9904,9864,9904,40
rising,9965,9904,9965,61
climbing,10027,9965,10027,62
grooming,10104,10027,10104,77
rising,10111,10104,10111,7
hunching,10222,10111,10222,111
grooming,10224,10222,10224,2
rising,10241,10224,10241,17
grooming,10244,10241,10244,3
rearing,10318,10244,10318,74
walking,10350,10318,10350,32
sniffing,10351,10350,10351,1
rising,10403,10351,10403,52
hunching,10417,10403,10417,14
rearing,10472,10417,10472,55
grooming,10501,10472,10501,29
rearing,10602,10501,10602,101
rising,10667,10602,10667,65
climbing,10704,10667,10704,37
rearing,10722,10704,10722,18
running,10723,10722,10723,1
rearing,10724,10723,10724,1
grooming,10749,10724,10749,25
rising,10751,10749,10751,2
rearing,10758,10751,10758,7
grooming,10873,10758,10873,115
rearing,10897,10873,10897,24
grooming,11224,10897,11224,327
scratching,11225,11224,11225,1
sniffing,11295,11225,11295,70
rearing,11345,11295,11345,50
hunching,11375,11345,11375,30
rearing,11447,11375,11447,72
grooming,11509,11447,11509,62
rising,11518,11509,11518,9
stepping,11540,11518,11540,22
sniffing,11644,11540,11644,104
stepping,11687,11644,11687,43
grooming,11688,11687,11688,1
rising,11689,11688,11689,1
rearing,11727,11689,11727,38
hunching,11770,11727,11770,43
rearing,11771,11770,11771,1
walking,11813,11771,11813,42
rearing,11862,11813,11862,49
walking,11863,11862,11863,1
stepping,11894,11863,11894,31
sniffing,11945,11894,11945,51
walking,12006,11945,12006,61
rising,12027,12006,12027,21
walking,12028,12027,12028,1
sniffing,12088,12028,12088,60
grooming,12089,12088,12089,1
hunching,12144,12089,12144,55
grooming,12189,12144,12189,45
left_turning,12191,12189,12191,2
rearing,12192,12191,12192,1
grooming,12193,12192,12193,1
rearing,12222,12193,12222,29
grooming,12346,12222,12346,124
sniffing,12355,12346,12355,9
trotting,12367,12355,12367,12
sniffing,12428,12367,12428,61
left_turning,12429,12428,12429,1
sniffing,12483,12429,12483,54
rearing,12484,12483,12484,1
walking,12542,12484,12542,58
sniffing,12631,12542,12631,89
rising,12667,12631,12667,36
grooming,12756,12667,12756,89
stepping,12788,12756,12788,32
climbing,12799,12788,12799,11
grooming,12843,12799,12843,44
sniffing,12877,12843,12877,34
walking,12878,12877,12878,1
rising,12919,12878,12919,41
grooming,13059,12919,13059,140
left_turning,13101,13059,13101,42
walking,13146,13101,13146,45
stepping,13176,13146,13176,30
sniffing,13177,13176,13177,1
walking,13201,13177,13201,24
trotting,13214,13201,13214,13
sniffing,13326,13214,13326,112
grooming,13659,13326,13659,333
stepping,13710,13659,13710,51
walking,13801,13710,13801,91
sniffing,13882,13801,13882,81
trotting,13883,13882,13883,1
rising,13955,13883,13955,72
left_turning,13993,13955,13993,38
grooming,14051,13993,14051,58
walking,14074,14051,14074,23
stepping,14085,14074,14085,11
sniffing,14122,14085,14122,37
walking,14163,14122,14163,41
sniffing,14181,14163,14181,18
running,14206,14181,14206,25
stepping,14218,14206,14218,12
running,14268,14218,14268,50
left_turning,14288,14268,14288,20
grooming,14289,14288,14289,1
hunching,14405,14289,14405,116
grooming,14406,14405,14406,1
rearing,14407,14406,14407,1
rising,14408,14407,14408,1
running,14439,14408,14439,31
walking,14440,14439,14440,1
stepping,14458,14440,14458,18
walking,14532,14458,14532,74
trotting,14586,14532,14586,54
walking,14640,14586,14640,54
grooming,14666,14640,14666,26
rearing,14698,14666,14698,32
climbing,14744,14698,14744,46
walking,14771,14744,14771,27
sniffing,14838,14771,14838,67
rising,14897,14838,14897,59
left_turning,14920,14897,14920,23
rearing,14963,14920,14963,43
trotting,15001,14963,15001,38
stepping,15057,15001,15057,56
rising,15058,15057,15058,1
sniffing,15132,15058,15132,74
grooming,15133,15132,15133,1
rearing,15134,15133,15134,1
climbing,15217,15134,15217,83
sniffing,15397,15217,15397,180
grooming,15398,15397,15398,1
sniffing,15415,15398,15415,17
climbing,15437,15415,15437,22
grooming,15465,15437,15465,28
rearing,15522,15465,15522,57
hunching,15579,15522,15579,57
grooming,15598,15579,15598,19
sniffing,15736,15598,15736,138
grooming,15764,15736,15764,28
hunching,15777,15764,15777,13
grooming,15921,15777,15921,144
stepping,15942,15921,15942,21
sniffing,16009,15942,16009,67
walking,16064,16009,16064,55
left_turning,16102,16064,16102,38
rearing,16148,16102,16148,46
grooming,16190,16148,16190,42
rearing,16208,16190,16208,18
walking,16250,16208,16250,42
sniffing,16282,16250,16282,32
grooming,16368,16282,16368,86
sniffing,16369,16368,16369,1
grooming,16394,16369,16394,25
climbing,16461,16394,16461,67
rising,16487,16461,16487,26
sniffing,16508,16487,16508,21
grooming,16720,16508,16720,212
climbing,16864,16720,16864,144
rising,16911,16864,16911,47
grooming,16959,16911,16959,48
walking,17035,16959,17035,76
trotting,17062,17035,17062,27
sniffing,17086,17062,17086,24
left_turning,17129,17086,17129,43
rearing,17151,17129,17151,22
grooming,17173,17151,17173,22
trotting,17190,17173,17190,17
left_turning,17228,17190,17228,38
grooming,17320,17228,17320,92
rising,17395,17320,17395,75
sniffing,17441,17395,17441,46
walking,17467,17441,17467,26
sniffing,17494,17467,17494,27
walking,17521,17494,17521,27
stepping,17568,17521,17568,47
rising,17569,17568,17569,1
grooming,17570,17569,17570,1
sniffing,17618,17570,17618,48
climbing,17683,17618,17683,65
grooming,17684,17683,17684,1
hunching,17743,17684,17743,59
grooming,17773,17743,17773,30
stepping,17787,17773,17787,14
sniffing,17856,17787,17856,69
right_turning,17935,17856,17935,79
trotting,17972,17935,17972,37
walking,18019,17972,18019,47
stepping,18094,18019,18094,75
trotting,18126,18094,18126,32
walking,18178,18126,18178,52
grooming,18321,18178,18321,143
left_turning,18381,18321,18381,60
walking,18426,18381,18426,45
sniffing,18647,18426,18647,221
scratching,18648,18647,18648,1
grooming,18838,18648,18838,190
running,18849,18838,18849,11
walking,18850,18849,18850,1
sniffing,18913,18850,18913,63
grooming,18914,18913,18914,1
rising,18935,18914,18935,21
climbing,19002,18935,19002,67
grooming,19003,19002,19003,1
left_turning,19072,19003,19072,69
grooming,19073,19072,19073,1
rising,19111,19073,19111,38
sniffing,19118,19111,19118,7
rising,19144,19118,19144,26
climbing,19163,19144,19163,19
left_turning,19207,19163,19207,44
trotting,19221,19207,19221,14
stepping,19235,19221,19235,14
rearing,19334,19235,19334,99
walking,19364,19334,19364,30
rearing,19439,19364,19439,75
grooming,19553,19439,19553,114
scratching,19554,19553,19554,1
sniffing,19599,19554,19599,45
stepping,19660,19599,19660,61
walking,19661,19660,19661,1
stepping,19708,19661,19708,47
running,19747,19708,19747,39
trotting,19810,19747,19810,63
sniffing,19838,19810,19838,28
left_turning,19854,19838,19854,16
rising,19910,19854,19910,56
sniffing,19976,19910,19976,66
rising,19988,19976,19988,12
trotting,20027,19988,20027,39
sniffing,20028,20027,20028,1
walking,20029,20028,20029,1
left_turning,20074,20029,20074,45
stepping,20109,20074,20109,35
rearing,20110,20109,20110,1
climbing,20163,20110,20163,53
right_turning,20181,20163,20181,18
grooming,20182,20181,20182,1
sniffing,20292,20182,20292,110
rising,20336,20292,20336,44
left_turning,20338,20336,20338,2
running,20379,20338,20379,41
walking,20462,20379,20462,83
stepping,20494,20462,20494,32
rising,20531,20494,20531,37
stepping,20576,20531,20576,45
rearing,20585,20576,20585,9
grooming,20586,20585,20586,1
sniffing,20659,20586,20659,73
stepping,20711,20659,20711,52
sniffing,20715,20711,20715,4
rising,20811,20715,20811,96
walking,20838,20811,20838,27
rearing,20876,20838,20876,38
grooming,20977,20876,20977,101
climbing,21041,20977,21041,64
rearing,21103,21041,21103,62
climbing,21159,21103,21159,56
left_turning,21160,21159,21160,1
running,21178,21160,21178,18
rising,21240,21178,21240,62
climbing,21254,21240,21254,14
walking,21302,21254,21302,48
rising,21313,21302,21313,11
sniffing,21350,21313,21350,37
grooming,21351,21350,21351,1
walking,21403,21351,21403,52
sniffing,21559,21403,21559,156
rising,21616,21559,21616,57
grooming,21797,21616,21797,181
rearing,21910,21797,21910,113
climbing,22023,21910,22023,113
right_turning,22029,22023,22029,6
sniffing,22057,22029,22057,28
rising,22073,22057,22073,16
grooming,22138,22073,22138,65
stepping,22157,22138,22157,19
climbing,22179,22157,22179,22
grooming,22260,22179,22260,81
hunching,22261,22260,22261,1
grooming,22262,22261,22262,1
right_turning,22294,22262,22294,32
sniffing,22313,22294,22313,19
walking,22384,22313,22384,71
running,22401,22384,22401,17
stepping,22449,22401,22449,48
rearing,22505,22449,22505,56
grooming,22669,22505,22669,164
walking,22709,22669,22709,40
rising,22747,22709,22747,38
left_turning,22748,22747,22748,1
grooming,22764,22748,22764,16
sniffing,23057,22764,23057,293
rearing,23127,23057,23127,70
grooming,23203,23127,23203,76
climbing,23304,23203,23304,101
rearing,23305,23304,23305,1
hunching,23370,23305,23370,65
left_turning,23423,23370,23423,53
trotting,23424,23423,23424,1
left_turning,23427,23424,23427,3
walking,23461,23427,23461,34
sniffing,23572,23461,23572,111
rearing,23643,23572,23643,71
walking,23644,23643,23644,1
sniffing,23747,23644,23747,103
trotting,23783,23747,23783,36
sniffing,23784,23783,23784,1
walking,23794,23784,23794,10
stepping,23832,23794,23832,38
sniffing,24081,23832,24081,249
rising,24082,24081,24082,1
stepping,24144,24082,24144,62
rising,24185,24144,24185,41
rearing,24253,24185,24253,68
grooming,24254,24253,24254,1
climbing,24271,24254,24271,17
stepping,24294,24271,24294,23
walking,24303,24294,24303,9
sniffing,24304,24303,24304,1
grooming,24305,24304,24305,1
stepping,24345,24305,24345,40
sniffing,24449,24345,24449,104
right_turning,24450,24449,24450,1
sniffing,24530,24450,24530,80
walking,24584,24530,24584,54
stepping,24606,24584,24606,22
sniffing,24607,24606,24607,1
walking,24608,24607,24608,1
climbing,24667,24608,24667,59
sniffing,24688,24667,24688,21
stepping,24713,24688,24713,25
sniffing,24787,24713,24787,74
stepping,24827,24787,24827,40
walking,24942,24827,24942,115
left_turning,24965,24942,24965,23
scratching,24966,24965,24966,1
stepping,25056,24966,25056,90
trotting,25094,25056,25094,38
sniffing,25179,25094,25179,85
walking,25224,25179,25224,45
sniffing,25295,25224,25295,71
climbing,25323,25295,25323,28
sniffing,25324,25323,25324,1
climbing,25446,25324,25446,122
sniffing,25453,25446,25453,7
rising,25473,25453,25473,20
grooming,25617,25473,25617,144
climbing,25690,25617,25690,73
left_turning,25747,25690,25747,57
sniffing,25889,25747,25889,142
trotting,25892,25889,25892,3
sniffing,25924,25892,25924,32
walking,25946,25924,25946,22
grooming,25947,25946,25947,1
sniffing,25995,25947,25995,48
rearing,26020,25995,26020,25
climbing,26109,26020,26109,89
sniffing,26136,26109,26136,27
rearing,26238,26136,26238,102
stepping,26267,26238,26267,29
left_turning,26313,26267,26313,46
grooming,26314,26313,26314,1
trotting,26367,26314,26367,53
rearing,26391,26367,26391,24
grooming,26482,26391,26482,91
sniffing,26519,26482,26519,37
walking,26589,26519,26589,70
stepping,26643,26589,26643,54
walking,26654,26643,26654,11
left_turning,26673,26654,26673,19
walking,26740,26673,26740,67
stepping,26780,26740,26780,40
climbing,26804,26780,26804,24
sniffing,26875,26804,26875,71
walking,26972,26875,26972,97
sniffing,27008,26972,27008,36
grooming,27267,27008,27267,259
walking,27289,27267,27289,22
stepping,27346,27289,27346,57
walking,27347,27346,27347,1
rising,27359,27347,27359,12
hunching,27360,27359,27360,1
rearing,27415,27360,27415,55
hunching,27563,27415,27563,148
grooming,27564,27563,27564,1
walking,27565,27564,27565,1
sniffing,27566,27565,27566,1
rising,27603,27566,27603,37
grooming,27643,27603,27643,40
hunching,27645,27643,27645,2
grooming,27846,27645,27846,201
hunching,27847,27846,27847,1
rearing,27862,27847,27862,15
hunching,27905,27862,27905,43
grooming,28006,27905,28006,101
walking,28110,28006,28110,104
sniffing,28111,28110,28111,1
grooming,28164,28111,28164,53
sniffing,28209,28164,28209,45
stepping,28210,28209,28210,1
walking,28237,28210,28237,27
left_turning,28250,28237,28250,13
walking,28291,28250,28291,41
rising,28292,28291,28292,1
grooming,28463,28292,28463,171
scratching,28464,28463,28464,1
sniffing,28484,28464,28484,20
rearing,28517,28484,28517,33
grooming,28518,28517,28518,1
stepping,28565,28518,28565,47
sniffing,28626,28565,28626,61
stepping,28685,28626,28685,59
sniffing,28816,28685,28816,131
grooming,28904,28816,28904,88
hunching,28905,28904,28905,1
grooming,29025,28905,29025,120
rearing,29087,29025,29087,62
grooming,29244,29087,29244,157
hunching,29307,29244,29307,63
grooming,29333,29307,29333,26
rising,29384,29333,29384,51
walking,29449,29384,29449,65
rising,29479,29449,29479,30
climbing,29572,29479,29572,93
walking,29606,29572,29606,34
stepping,29652,29606,29652,46
sniffing,29667,29652,29667,15
grooming,29706,29667,29706,39
walking,29763,29706,29763,57
sniffing,29793,29763,29793,30
rising,29834,29793,29834,41
walking,29906,29834,29906,72
running,29940,29906,29940,34
trotting,30004,29940,30004,64
walking,30027,30004,30027,23
left_turning,30087,30027,30087,60
running,30144,30087,30144,57
trotting,30172,30144,30172,28
walking,30173,30172,30173,1
sniffing,30185,30173,30185,12
climbing,30249,30185,30249,64
trotting,30294,30249,30294,45
stepping,30313,30294,30313,19
sniffing,30367,30313,30367,54
stepping,30412,30367,30412,45
climbing,30474,30412,30474,62
right_turning,30551,30474,30551,77
sniffing,30584,30551,30584,33
hunching,30631,30584,30631,47
left_turning,30671,30631,30671,40
walking,30710,30671,30710,39
stepping,30761,30710,30761,51
trotting,30811,30761,30811,50
rising,30939,30811,30939,128
trotting,30967,30939,30967,28
rising,31018,30967,31018,51
grooming,31153,31018,31153,135
sniffing,31196,31153,31196,43
rising,31236,31196,31236,40
sniffing,31294,31236,31294,58
rising,31325,31294,31325,31
sniffing,31477,31325,31477,152
climbing,31492,31477,31492,15
grooming,31496,31492,31496,4
walking,31556,31496,31556,60
sniffing,31650,31556,31650,94
stepping,31660,31650,31660,10
rearing,31710,31660,31710,50
grooming,31711,31710,31711,1
right_turning,31712,31711,31712,1
sniffing,31766,31712,31766,54
walking,31792,31766,31792,26
climbing,31835,31792,31835,43
sniffing,31885,31835,31885,50
stepping,31929,31885,31929,44
sniffing,31989,31929,31989,60
trotting,32019,31989,32019,30
walking,32068,32019,32068,49
trotting,32111,32068,32111,43
sniffing,32170,32111,32170,59
grooming,32473,32170,32473,303
walking,32521,32473,32521,48
sniffing,32560,32521,32560,39
walking,32625,32560,32625,65
right_turning,32636,32625,32636,11
walking,32749,32636,32749,113
rising,32759,32749,32759,10
grooming,32933,32759,32933,174
trotting,32937,32933,32937,4
sniffing,33032,32937,33032,95
scratching,33033,33032,33033,1
stepping,33084,33033,33084,51
walking,33115,33084,33115,31
sniffing,33216,33115,33216,101
trotting,33230,33216,33230,14
sniffing,33453,33230,33453,223
grooming,33464,33453,33464,11
hunching,33550,33464,33550,86
rearing,33633,33550,33633,83
grooming,33767,33633,33767,134
walking,33850,33767,33850,83
sniffing,33926,33850,33926,76
grooming,34075,33926,34075,149
right_turning,34095,34075,34095,20
sniffing,34281,34095,34281,186
grooming,34327,34281,34327,46
sniffing,34328,34327,34328,1
grooming,34329,34328,34329,1
climbing,34365,34329,34365,36
rearing,34460,34365,34460,95
hunching,34511,34460,34511,51
rearing,34512,34511,34512,1
hunching,34514,34512,34514,2
grooming,34549,34514,34549,35
running,34569,34549,34569,20
walking,34570,34569,34570,1
rising,34590,34570,34590,20
rearing,34606,34590,34606,16
rising,34654,34606,34654,48
grooming,35036,34654,35036,382
walking,35071,35036,35071,35
trotting,35091,35071,35091,20
stepping,35139,35091,35139,48
grooming,35274,35139,35274,135
right_turning,35323,35274,35323,49
stepping,35373,35323,35373,50
walking,35441,35373,35441,68
right_turning,35473,35441,35473,32
climbing,35495,35473,35495,22
left_turning,35505,35495,35505,10
grooming,35603,35505,35603,98
trotting,35636,35603,35636,33
stepping,35684,35636,35684,48
sniffing,35734,35684,35734,50
stepping,35764,35734,35764,30
rising,35825,35764,35825,61
climbing,35857,35825,35857,32
left_turning,35892,35857,35892,35
walking,35942,35892,35942,50
sniffing,35957,35942,35957,15
trotting,36011,35957,36011,54
sniffing,36043,36011,36043,32
stepping,36056,36043,36056,13
sniffing,36079,36056,36079,23
walking,36091,36079,36091,12
sniffing,36173,36091,36173,82
stepping,36194,36173,36194,21
walking,36234,36194,36234,40
left_turning,36235,36234,36235,1
sniffing,36284,36235,36284,49
right_turning,36302,36284,36302,18
running,36341,36302,36341,39
sniffing,36433,36341,36433,92
stepping,36481,36433,36481,48
sniffing,36503,36481,36503,22
trotting,36540,36503,36540,37
stepping,36569,36540,36569,29
walking,36584,36569,36584,15
sniffing,36671,36584,36671,87
rising,36689,36671,36689,18
stepping,36715,36689,36715,26
sniffing,36788,36715,36788,73
grooming,36926,36788,36926,138
walking,36974,36926,36974,48
stepping,37003,36974,37003,29
grooming,37165,37003,37165,162
rearing,37244,37165,37244,79
sniffing,37361,37244,37361,117
rising,37385,37361,37385,24
rearing,37403,37385,37403,18
right_turning,37416,37403,37416,13
sniffing,37417,37416,37417,1
grooming,37495,37417,37495,78
rearing,37532,37495,37532,37
climbing,37651,37532,37651,119
grooming,37762,37651,37762,111
right_turning,37763,37762,37763,1
sniffing,37891,37763,37891,128
grooming,38007,37891,38007,116
left_turning,38008,38007,38008,1
grooming,38330,38008,38330,322
sniffing,38331,38330,38331,1
walking,38393,38331,38393,62
rising,38404,38393,38404,11
sniffing,38477,38404,38477,73
grooming,38556,38477,38556,79
rearing,38599,38556,38599,43
stepping,38640,38599,38640,41
rearing,38712,38640,38712,72
climbing,38773,38712,38773,61
grooming,38809,38773,38809,36
sniffing,38810,38809,38810,1
rearing,38849,38810,38849,39
grooming,38929,38849,38929,80
rising,38934,38929,38934,5
sniffing,39108,38934,39108,174
rising,39158,39108,39158,50
rearing,39264,39158,39264,106
rising,39329,39264,39329,65
sniffing,39357,39329,39357,28
rising,39430,39357,39430,73
stepping,39470,39430,39470,40
rearing,39471,39470,39471,1
sniffing,39472,39471,39472,1
left_turning,39475,39472,39475,3
stepping,39495,39475,39495,20
grooming,39644,39495,39644,149
sniffing,39810,39644,39810,166
rising,39811,39810,39811,1
climbing,39896,39811,39896,85
walking,39917,39896,39917,21
stepping,39949,39917,39949,32
rising,39975,39949,39975,26
climbing,39976,39975,39976,1
rising,40125,39976,40125,149
rearing,40126,40125,40126,1
hunching,40179,40126,40179,53
left_turning,40188,40179,40188,9
walking,40189,40188,40189,1
rearing,40190,40189,40190,1
hunching,40295,40190,40295,105
grooming,40296,40295,40296,1
sniffing,40447,40296,40447,151
walking,40457,40447,40457,10
stepping,40492,40457,40492,35
grooming,40816,40492,40816,324
sniffing,40918,40816,40918,102
stepping,40983,40918,40983,65
walking,41055,40983,41055,72
sniffing,41056,41055,41056,1
walking,41103,41056,41103,47
climbing,41126,41103,41126,23
left_turning,41128,41126,41128,2
grooming,41196,41128,41196,68
left_turning,41211,41196,41211,15
walking,41254,41211,41254,43
grooming,41331,41254,41331,77
rearing,41377,41331,41377,46
left_turning,41419,41377,41419,42
walking,41497,41419,41497,78
left_turning,41520,41497,41520,23
rearing,41536,41520,41536,16
grooming,41666,41536,41666,130
rearing,41699,41666,41699,33
trotting,41705,41699,41705,6
walking,41750,41705,41750,45
sniffing,41751,41750,41751,1
climbing,41771,41751,41771,20
sniffing,41862,41771,41862,91
hunching,41900,41862,41900,38
grooming,42253,41900,42253,353
rearing,42274,42253,42274,21
hunching,42318,42274,42318,44
grooming,42371,42318,42371,53
sniffing,42372,42371,42372,1
climbing,42373,42372,42373,1
grooming,42443,42373,42443,70
climbing,42506,42443,42506,63
rearing,42507,42506,42507,1
grooming,42629,42507,42629,122
rising,42653,42629,42653,24
sniffing,42654,42653,42654,1
rearing,42655,42654,42655,1
grooming,42847,42655,42847,192
right_turning,42900,42847,42900,53
walking,42927,42900,42927,27
sniffing,43034,42927,43034,107
grooming,43168,43034,43168,134
rising,43188,43168,43188,20
grooming,43314,43188,43314,126
stepping,43342,43314,43342,28
sniffing,43343,43342,43343,1
trotting,43348,43343,43348,5
sniffing,43433,43348,43433,85
walking,43448,43433,43448,15
rising,43469,43448,43469,21
rearing,43535,43469,43535,66
grooming,43647,43535,43647,112
right_turning,43671,43647,43671,24
grooming,43672,43671,43672,1
rearing,43747,43672,43747,75
hunching,43805,43747,43805,58
grooming,43921,43805,43921,116
left_turning,43943,43921,43943,22
sniffing,44024,43943,44024,81
rearing,44061,44024,44061,37
climbing,44074,44061,44074,13
walking,44108,44074,44108,34
sniffing,44139,44108,44139,31
rearing,44180,44139,44180,41
left_turning,44215,44180,44215,35
sniffing,44216,44215,44216,1
grooming,44253,44216,44253,37
walking,44279,44253,44279,26
sniffing,44341,44279,44341,62
grooming,44453,44341,44453,112
hunching,44548,44453,44548,95
rearing,44592,44548,44592,44
walking,44616,44592,44616,24
rearing,44647,44616,44647,31
hunching,44715,44647,44715,68
grooming,44865,44715,44865,150
rising,44912,44865,44912,47
left_turning,44984,44912,44984,72
sniffing,45076,44984,45076,92
grooming,45199,45076,45199,123
walking,45278,45199,45278,79
sniffing,45319,45278,45319,41
rising,45343,45319,45343,24
grooming,45346,45343,45346,3
rearing,45392,45346,45392,46
trotting,45416,45392,45416,24
sniffing,45479,45416,45479,63
rising,45513,45479,45513,34
sniffing,45594,45513,45594,81
rising,45595,45594,45595,1
climbing,45608,45595,45608,13
rearing,45609,45608,45609,1
right_turning,45641,45609,45641,32
sniffing,45780,45641,45780,139
walking,45841,45780,45841,61
sniffing,45899,45841,45899,58
left_turning,45936,45899,45936,37
sniffing,45956,45936,45956,20
rising,45966,45956,45966,10
left_turning,46003,45966,46003,37
rising,46004,46003,46004,1
climbing,46166,46004,46166,162
sniffing,46298,46166,46298,132
stepping,46299,46298,46299,1
rising,46321,46299,46321,22
climbing,46338,46321,46338,17
walking,46381,46338,46381,43
sniffing,46464,46381,46464,83
stepping,46510,46464,46510,46
walking,46523,46510,46523,13
stepping,46568,46523,46568,45
sniffing,46569,46568,46569,1
stepping,46631,46569,46631,62
sniffing,46699,46631,46699,68
right_turning,46700,46699,46700,1
stepping,46748,46700,46748,48
grooming,46862,46748,46862,114
scratching,46863,46862,46863,1
grooming,46892,46863,46892,29
stepping,46928,46892,46928,36
sniffing,46945,46928,46945,17
scratching,46946,46945,46946,1
grooming,46947,46946,46947,1
left_turning,46992,46947,46992,45
sniffing,47088,46992,47088,96
grooming,47311,47088,47311,223
rearing,47344,47311,47344,33
grooming,47521,47344,47521,177
rising,47621,47521,47621,100
climbing,47639,47621,47639,18
right_turning,47721,47639,47721,82
stepping,47746,47721,47746,25
rising,47784,47746,47784,38
climbing,47785,47784,47785,1
rearing,47823,47785,47823,38
grooming,47894,47823,47894,71
sniffing,47895,47894,47895,1
left_turning,47925,47895,47925,30
sniffing,47926,47925,47926,1
rising,47961,47926,47961,35
grooming,47994,47961,47994,33
rearing,48010,47994,48010,16
grooming,48116,48010,48116,106
stepping,48133,48116,48133,17
sniffing,48273,48133,48273,140
grooming,48483,48273,48483,210
hunching,48508,48483,48508,25
rearing,48509,48508,48509,1
grooming,48510,48509,48510,1
walking,48733,48510,48733,223
sniffing,48844,48733,48844,111
rising,48897,48844,48897,53
sniffing,49034,48897,49034,137
walking,49088,49034,49088,54
grooming,49202,49088,49202,114
left_turning,49228,49202,49228,26
sniffing,49267,49228,49267,39
walking,49307,49267,49307,40
running,49355,49307,49355,48
walking,49432,49355,49432,77
sniffing,49479,49432,49479,47
stepping,49554,49479,49554,75
sniffing,49662,49554,49662,108
scratching,49663,49662,49663,1
sniffing,49730,49663,49730,67
stepping,49754,49730,49754,24
sniffing,49834,49754,49834,80
climbing,49874,49834,49874,40
grooming,50333,49874,50333,459
rising,50405,50333,50405,72
climbing,50467,50405,50467,62
left_turning,50489,50467,50489,22
grooming,50696,50489,50696,207
hunching,50864,50696,50864,168
rearing,50865,50864,50865,1
sniffing,50931,50865,50931,66
grooming,51144,50931,51144,213
stepping,51196,51144,51196,52
walking,51233,51196,51233,37
stepping,51264,51233,51264,31
rising,51265,51264,51265,1
rearing,51293,51265,51293,28
climbing,51413,51293,51413,120
rearing,51469,51413,51469,56
grooming,51568,51469,51568,99
sniffing,51584,51568,51584,16
stepping,51590,51584,51590,6
sniffing,51634,51590,51634,44
scratching,51635,51634,51635,1
walking,51636,51635,51636,1
sniffing,51724,51636,51724,88
rising,51804,51724,51804,80
climbing,51845,51804,51845,41
grooming,52064,51845,52064,219
walking,52141,52064,52141,77
trotting,52162,52141,52162,21
stepping,52205,52162,52205,43
sniffing,52212,52205,52212,7
rising,52219,52212,52219,7
grooming,52289,52219,52289,70
left_turning,52290,52289,52290,1
stepping,52331,52290,52331,41
grooming,52339,52331,52339,8
rearing,52397,52339,52397,58
rising,52407,52397,52407,10
climbing,52409,52407,52409,2
rearing,52411,52409,52411,2
trotting,52453,52411,52453,42
sniffing,52552,52453,52552,99
rearing,52648,52552,52648,96
rising,52707,52648,52707,59
stepping,52708,52707,52708,1
sniffing,52839,52708,52839,131
rising,52871,52839,52871,32
grooming,52872,52871,52872,1
rising,52880,52872,52880,8
sniffing,52887,52880,52887,7
running,52894,52887,52894,7
left_turning,52904,52894,52904,10
stepping,52910,52904,52910,6
sniffing,52974,52910,52974,64
left_turning,53004,52974,53004,30
walking,53046,53004,53046,42
sniffing,53140,53046,53140,94
walking,53141,53140,53141,1
stepping,53142,53141,53142,1
grooming,53143,53142,53143,1
sniffing,53227,53143,53227,84
stepping,53276,53227,53276,49
running,53321,53276,53321,45
trotting,53352,53321,53352,31
rearing,53529,53352,53529,177
walking,53583,53529,53583,54
grooming,53734,53583,53734,151
stepping,53762,53734,53762,28
walking,53773,53762,53773,11
sniffing,54041,53773,54041,268
rearing,54042,54041,54042,1
grooming,54045,54042,54045,3
left_turning,54068,54045,54068,23
sniffing,54276,54068,54276,208
walking,54337,54276,54337,61
stepping,54364,54337,54364,27
sniffing,54365,54364,54365,1
stepping,54374,54365,54374,9
sniffing,54640,54374,54640,266
rising,54741,54640,54741,101
rearing,54794,54741,54794,53
hunching,54798,54794,54798,4
grooming,54799,54798,54799,1
scratching,54800,54799,54800,1
sniffing,54801,54800,54801,1
rising,54842,54801,54842,41
left_turning,54843,54842,54843,1
climbing,54890,54843,54890,47
left_turning,54917,54890,54917,27
walking,54947,54917,54947,30
left_turning,54988,54947,54988,41
sniffing,55057,54988,55057,69
stepping,55078,55057,55078,21
sniffing,55161,55078,55161,83
rising,55218,55161,55218,57
left_turning,55305,55218,55305,87
walking,55366,55305,55366,61
stepping,55426,55366,55426,60
sniffing,55427,55426,55427,1
scratching,55428,55427,55428,1
sniffing,55436,55428,55436,8
grooming,55491,55436,55491,55
rearing,55563,55491,55563,72
sniffing,55603,55563,55603,40
walking,55676,55603,55676,73
trotting,55730,55676,55730,54
stepping,55796,55730,55796,66
grooming,55849,55796,55849,53
climbing,55950,55849,55950,101
rising,56040,55950,56040,90
trotting,56070,56040,56070,30
walking,56144,56070,56144,74
sniffing,56230,56144,56230,86
rising,56261,56230,56261,31
climbing,56272,56261,56272,11
running,56283,56272,56283,11
climbing,56305,56283,56305,22
sniffing,56306,56305,56306,1
walking,56381,56306,56381,75
sniffing,56441,56381,56441,60
grooming,56640,56441,56640,199
walking,56641,56640,56641,1
climbing,56727,56641,56727,86
rising,56755,56727,56755,28
sniffing,56799,56755,56799,44
rearing,56845,56799,56845,46
grooming,56910,56845,56910,65
scratching,56911,56910,56911,1
sniffing,56925,56911,56925,14
rising,56926,56925,56926,1
hunching,56954,56926,56954,28
left_turning,57000,56954,57000,46
grooming,57330,57000,57330,330
rearing,57370,57330,57370,40
climbing,57466,57370,57466,96
stepping,57467,57466,57467,1
sniffing,57481,57467,57481,14
walking,57524,57481,57524,43
sniffing,57542,57524,57542,18
rising,57571,57542,57571,29
hunching,57642,57571,57642,71
grooming,57713,57642,57713,71
rising,57744,57713,57744,31
climbing,57794,57744,57794,50
sniffing,57847,57794,57847,53
walking,57903,57847,57903,56
grooming,57904,57903,57904,1
running,57945,57904,57945,41
stepping,57981,57945,57981,36
walking,57996,57981,57996,15
sniffing,58023,57996,58023,27
grooming,58070,58023,58070,47
rearing,58074,58070,58074,4
rising,58101,58074,58101,27
sniffing,58158,58101,58158,57
grooming,58159,58158,58159,1
sniffing,58348,58159,58348,189
rearing,58370,58348,58370,22
grooming,58371,58370,58371,1
rising,58486,58371,58486,115
climbing,58567,58486,58567,81
walking,58655,58567,58655,88
stepping,58710,58655,58710,55
sniffing,58815,58710,58815,105
grooming,58915,58815,58915,100
left_turning,59048,58915,59048,133
running,59079,59048,59079,31
sniffing,59182,59079,59182,103
grooming,59290,59182,59290,108
climbing,59291,59290,59291,1
rearing,59372,59291,59372,81
climbing,59373,59372,59373,1
grooming,59529,59373,59529,156
hunching,59585,59529,59585,56
grooming,59609,59585,59609,24
sniffing,59808,59609,59808,199
left_turning,59865,59808,59865,57
sniffing,59885,59865,59885,20
stepping,59960,59885,59960,75
sniffing,60001,59960,60001,41
grooming,60067,60001,60067,66
rising,60105,60067,60105,38
left_turning,60182,60105,60182,77
sniffing,60187,60182,60187,5
walking,60213,60187,60213,26
stepping,60252,60213,60252,39
sniffing,60339,60252,60339,87
walking,60411,60339,60411,72
trotting,60412,60411,60412,1
walking,60444,60412,60444,32
rearing,60500,60444,60500,56
stepping,60517,60500,60517,17
right_turning,60545,60517,60545,28
stepping,60571,60545,60571,26
walking,60596,60571,60596,25
sniffing,60630,60596,60630,34
right_turning,60656,60630,60656,26
sniffing,60782,60656,60782,126
rising,60793,60782,60793,11
sniffing,60845,60793,60845,52
walking,60848,60845,60848,3
stepping,60904,60848,60904,56
sniffing,60905,60904,60905,1
walking,61029,60905,61029,124
sniffing,61162,61029,61162,133
stepping,61218,61162,61218,56
sniffing,61298,61218,61298,80
climbing,61352,61298,61352,54
sniffing,61436,61352,61436,84
rearing,61543,61436,61543,107
hunching,61544,61543,61544,1
grooming,61617,61544,61617,73
walking,61696,61617,61696,79
sniffing,61697,61696,61697,1
walking,61771,61697,61771,74
stepping,61786,61771,61786,15
rearing,61787,61786,61787,1
sniffing,61873,61787,61873,86
stepping,61904,61873,61904,31
left_turning,61923,61904,61923,19
walking,61967,61923,61967,44
stepping,61987,61967,61987,20
sniffing,62056,61987,62056,69
rearing,62057,62056,62057,1
climbing,62132,62057,62132,75
rearing,62267,62132,62267,135
walking,62268,62267,62268,1
sniffing,62277,62268,62277,9
walking,62314,62277,62314,37
sniffing,62382,62314,62382,68
grooming,62430,62382,62430,48
rising,62502,62430,62502,72
climbing,62558,62502,62558,56
rearing,62699,62558,62699,141
sniffing,62756,62699,62756,57
left_turning,62771,62756,62771,15
grooming,62830,62771,62830,59
left_turning,62870,62830,62870,40
sniffing,63010,62870,63010,140
stepping,63078,63010,63078,68
trotting,63110,63078,63110,32
stepping,63138,63110,63138,28
climbing,63267,63138,63267,129
grooming,63653,63267,63653,386
rearing,63696,63653,63696,43
climbing,63780,63696,63780,84
left_turning,63798,63780,63798,18
trotting,63827,63798,63827,29
walking,63832,63827,63832,5
sniffing,63833,63832,63833,1
rising,63834,63833,63834,1
stepping,63880,63834,63880,46
rising,63925,63880,63925,45
rearing,63998,63925,63998,73
left_turning,64044,63998,64044,46
sniffing,64173,64044,64173,129
rising,64235,64173,64235,62
grooming,64318,64235,64318,83
hunching,64331,64318,64331,13
grooming,64365,64331,64365,34
left_turning,64402,64365,64402,37
stepping,64436,64402,64436,34
sniffing,64437,64436,64437,1
rising,64487,64437,64487,50
rearing,64489,64487,64489,2
rising,64507,64489,64507,18
sniffing,64577,64507,64577,70
trotting,64596,64577,64596,19
walking,64722,64596,64722,126
trotting,64771,64722,64771,49
stepping,64807,64771,64807,36
sniffing,64826,64807,64826,19
stepping,64841,64826,64841,15
rearing,64943,64841,64943,102
walking,64980,64943,64980,37
stepping,65003,64980,65003,23
walking,65057,65003,65057,54
stepping,65105,65057,65105,48
walking,65141,65105,65141,36
stepping,65201,65141,65201,60
rising,65231,65201,65231,30
grooming,65232,65231,65232,1
sniffing,65240,65232,65240,8
rising,65279,65240,65279,39
hunching,65386,65279,65386,107
grooming,66038,65386,66038,652
walking,66104,66038,66104,66
stepping,66138,66104,66138,34
rearing,66139,66138,66139,1
hunching,66202,66139,66202,63
grooming,66253,66202,66253,51
rising,66254,66253,66254,1
rearing,66314,66254,66314,60
grooming,66707,66314,66707,393
rearing,66708,66707,66708,1
stepping,66744,66708,66744,36
sniffing,66745,66744,66745,1
walking,66776,66745,66776,31
stepping,66824,66776,66824,48
rearing,66843,66824,66843,19
rising,66904,66843,66904,61
grooming,67033,66904,67033,129
trotting,67053,67033,67053,20
sniffing,67156,67053,67156,103
left_turning,67189,67156,67189,33
right_turning,67299,67189,67299,110
walking,67336,67299,67336,37
sniffing,67359,67336,67359,23
climbing,67420,67359,67420,61
left_turning,67455,67420,67455,35
walking,67456,67455,67456,1
sniffing,67481,67456,67481,25
trotting,67535,67481,67535,54
stepping,67612,67535,67612,77
rising,67687,67612,67687,75
grooming,67745,67687,67745,58
rising,67804,67745,67804,59
hunching,67853,67804,67853,49
grooming,67854,67853,67854,1
scratching,67855,67854,67855,1
right_turning,67899,67855,67899,44
rising,67900,67899,67900,1
rearing,67901,67900,67901,1
grooming,67902,67901,67902,1
trotting,67917,67902,67917,15
rising,67918,67917,67918,1
climbing,67932,67918,67932,14
grooming,68179,67932,68179,247
rearing,68201,68179,68201,22
walking,68202,68201,68202,1
sniffing,68203,68202,68203,1
right_turning,68209,68203,68209,6
sniffing,68210,68209,68210,1
rearing,68248,68210,68248,38
left_turning,68274,68248,68274,26
walking,68330,68274,68330,56
trotting,68332,68330,68332,2
stepping,68333,68332,68333,1
walking,68419,68333,68419,86
rearing,68513,68419,68513,94
climbing,68603,68513,68603,90
rearing,68686,68603,68686,83
grooming,68818,68686,68818,132
sniffing,68819,68818,68819,1
walking,68858,68819,68858,39
sniffing,69015,68858,69015,157
rising,69079,69015,69079,64
climbing,69146,69079,69146,67
left_turning,69214,69146,69214,68
walking,69254,69214,69254,40
stepping,69255,69254,69255,1
rising,69291,69255,69291,36
climbing,69374,69291,69374,83
right_turning,69440,69374,69440,66
stepping,69441,69440,69441,1
sniffing,69475,69441,69475,34
left_turning,69492,69475,69492,17
scratching,69493,69492,69493,1
grooming,69546,69493,69546,53
scratching,69547,69546,69547,1
sniffing,69619,69547,69619,72
stepping,69682,69619,69682,63
walking,69691,69682,69691,9
stepping,69714,69691,69714,23
grooming,69953,69714,69953,239
rising,70040,69953,70040,87
climbing,70167,70040,70167,127
rearing,70168,70167,70168,1
rising,70203,70168,70203,35
grooming,70204,70203,70204,1
rising,70284,70204,70284,80
sniffing,70354,70284,70354,70
rising,70382,70354,70382,28
climbing,70511,70382,70511,129
rising,70512,70511,70512,1
climbing,70513,70512,70513,1
stepping,70514,70513,70514,1
sniffing,70557,70514,70557,43
right_turning,70558,70557,70558,1
sniffing,70635,70558,70635,77
rearing,70726,70635,70726,91
hunching,70744,70726,70744,18
rearing,70785,70744,70785,41
walking,70810,70785,70810,25
stepping,70850,70810,70850,40
walking,70913,70850,70913,63
sniffing,70971,70913,70971,58
stepping,70972,70971,70972,1
rearing,71030,70972,71030,58
stepping,71099,71030,71099,69
sniffing,71192,71099,71192,93
grooming,71241,71192,71241,49
rising,71248,71241,71248,7
rearing,71345,71248,71345,97
grooming,71405,71345,71405,60
running,71425,71405,71425,20
sniffing,71467,71425,71467,42
stepping,71490,71467,71490,23
sniffing,71623,71490,71623,133
rising,71624,71623,71624,1
rearing,71698,71624,71698,74
grooming,71733,71698,71733,35
scratching,71734,71733,71734,1
sniffing,71824,71734,71824,90
rising,71859,71824,71859,35
rearing,71914,71859,71914,55
grooming,72023,71914,72023,109
rearing,72081,72023,72081,58
sniffing,72149,72081,72149,68
stepping,72174,72149,72174,25
sniffing,72367,72174,72367,193
walking,72424,72367,72424,57
sniffing,72425,72424,72425,1
stepping,72541,72425,72541,116
sniffing,72586,72541,72586,45
grooming,72587,72586,72587,1
sniffing,72738,72587,72738,151
walking,72782,72738,72782,44
grooming,72940,72782,72940,158
sniffing,73023,72940,73023,83
climbing,73152,73023,73152,129
grooming,73710,73152,73710,558
left_turning,73711,73710,73711,1
climbing,73750,73711,73750,39
grooming,74379,73750,74379,629
sniffing,74538,74379,74538,159
left_turning,74572,74538,74572,34
rising,74573,74572,74573,1
walking,74624,74573,74624,51
sniffing,74706,74624,74706,82
right_turning,74739,74706,74739,33
walking,74752,74739,74752,13
sniffing,74850,74752,74850,98
scratching,74851,74850,74851,1
stepping,74886,74851,74886,35
sniffing,74887,74886,74887,1
stepping,74911,74887,74911,24
trotting,74924,74911,74924,13
walking,75011,74924,75011,87
stepping,75037,75011,75037,26
walking,75062,75037,75062,25
sniffing,75238,75062,75238,176
left_turning,75257,75238,75257,19
grooming,75258,75257,75258,1
stepping,75320,75258,75320,62
sniffing,75406,75320,75406,86
walking,75487,75406,75487,81
sniffing,75517,75487,75517,30
stepping,75584,75517,75584,67
walking,75645,75584,75645,61
stepping,75695,75645,75695,50
sniffing,75727,75695,75727,32
stepping,75783,75727,75783,56
sniffing,75930,75783,75930,147
walking,75960,75930,75960,30
rearing,75997,75960,75997,37
climbing,75998,75997,75998,1
stepping,76071,75998,76071,73
sniffing,76128,76071,76128,57
stepping,76191,76128,76191,63
sniffing,76192,76191,76192,1
trotting,76193,76192,76193,1
walking,76213,76193,76213,20
left_turning,76244,76213,76244,31
walking,76270,76244,76270,26
sniffing,76532,76270,76532,262
grooming,76537,76532,76537,5
running,76551,76537,76551,14
rising,76589,76551,76589,38
climbing,76634,76589,76634,45
stepping,76690,76634,76690,56
walking,76793,76690,76793,103
rearing,76840,76793,76840,47
hunching,76910,76840,76910,70
rearing,76951,76910,76951,41
sniffing,76952,76951,76952,1
grooming,77156,76952,77156,204
left_turning,77157,77156,77157,1
walking,77246,77157,77246,89
sniffing,77283,77246,77283,37
left_turning,77300,77283,77300,17
sniffing,77301,77300,77301,1
stepping,77356,77301,77356,55
sniffing,77425,77356,77425,69
stepping,77471,77425,77471,46
sniffing,77541,77471,77541,70
rising,77542,77541,77542,1
sniffing,77659,77542,77659,117
walking,77688,77659,77688,29
climbing,77778,77688,77778,90
rising,77814,77778,77814,36
climbing,77882,77814,77882,68
right_turning,77917,77882,77917,35
walking,77972,77917,77972,55
stepping,78015,77972,78015,43
rearing,78038,78015,78038,23
grooming,78102,78038,78102,64
stepping,78130,78102,78130,28
sniffing,78131,78130,78131,1
walking,78175,78131,78175,44
rising,78219,78175,78219,44
climbing,78281,78219,78281,62
left_turning,78327,78281,78327,46
sniffing,78392,78327,78392,65
stepping,78427,78392,78427,35
walking,78457,78427,78457,30
sniffing,78458,78457,78458,1
stepping,78491,78458,78491,33
rearing,78535,78491,78535,44
right_turning,78564,78535,78564,29
walking,78582,78564,78582,18
rising,78651,78582,78651,69
grooming,79074,78651,79074,423
rearing,79099,79074,79099,25
climbing,79138,79099,79138,39
trotting,79139,79138,79139,1
walking,79214,79139,79214,75
sniffing,79268,79214,79268,54
right_turning,79305,79268,79305,37
sniffing,79306,79305,79306,1
left_turning,79387,79306,79387,81
stepping,79417,79387,79417,30
sniffing,79478,79417,79478,61
trotting,79510,79478,79510,32
walking,79522,79510,79522,12
sniffing,79533,79522,79533,11
hunching,79546,79533,79546,13
stepping,79563,79546,79563,17
sniffing,79613,79563,79613,50
walking,79614,79613,79614,1
stepping,79691,79614,79691,77
sniffing,79751,79691,79751,60
stepping,79770,79751,79770,19
climbing,79895,79770,79895,125
running,79908,79895,79908,13
rising,79952,79908,79952,44
rearing,79953,79952,79953,1
grooming,80131,79953,80131,178
rearing,80132,80131,80132,1
walking,80172,80132,80172,40
trotting,80222,80172,80222,50
stepping,80246,80222,80246,24
sniffing,80247,80246,80247,1
rising,80276,80247,80276,29
climbing,80331,80276,80331,55
left_turning,80388,80331,80388,57
walking,80402,80388,80402,14
stepping,80486,80402,80486,84
right_turning,80525,80486,80525,39
stepping,80606,80525,80606,81
rearing,80657,80606,80657,51
rising,80733,80657,80733,76
grooming,81018,80733,81018,285
sniffing,81019,81018,81019,1
rearing,81072,81019,81072,53
climbing,81096,81072,81096,24
grooming,81188,81096,81188,92
rearing,81189,81188,81189,1
hunching,81251,81189,81251,62
grooming,81688,81251,81688,437
rearing,81897,81688,81897,209
climbing,81997,81897,81997,100
walking,82079,81997,82079,82
rising,82132,82079,82132,53
grooming,82362,82132,82362,230
left_turning,82378,82362,82378,16
stepping,82406,82378,82406,28
rearing,82441,82406,82441,35
grooming,82822,82441,82822,381
hunching,82823,82822,82823,1
climbing,82881,82823,82881,58
grooming,82882,82881,82882,1
walking,82892,82882,82892,10
sniffing,82893,82892,82893,1
rising,82894,82893,82894,1
rearing,82978,82894,82978,84
walking,82987,82978,82987,9
sniffing,83095,82987,83095,108
climbing,83156,83095,83156,61
grooming,83157,83156,83157,1
stepping,83161,83157,83161,4
rising,83162,83161,83162,1
sniffing,83202,83162,83202,40
walking,83231,83202,83231,29
running,83277,83231,83277,46
left_turning,83305,83277,83305,28
sniffing,83313,83305,83313,8
stepping,83329,83313,83329,16
sniffing,83330,83329,83330,1
walking,83398,83330,83398,68
sniffing,83399,83398,83399,1
rising,83478,83399,83478,79
right_turning,83488,83478,83488,10
walking,83529,83488,83529,41
rising,83530,83529,83530,1
rearing,83651,83530,83651,121
hunching,83681,83651,83681,30
rearing,83730,83681,83730,49
grooming,83731,83730,83731,1
rearing,83841,83731,83841,110
stepping,83897,83841,83897,56
sniffing,84055,83897,84055,158
rising,84056,84055,84056,1
grooming,84257,84056,84257,201
rearing,84296,84257,84296,39
left_turning,84358,84296,84358,62
rising,84418,84358,84418,60
grooming,84553,84418,84553,135
sniffing,84554,84553,84554,1
trotting,84582,84554,84582,28
walking,84583,84582,84583,1
sniffing,84636,84583,84636,53
left_turning,84675,84636,84675,39
walking,84765,84675,84765,90
climbing,84766,84765,84766,1
grooming,84767,84766,84767,1
sniffing,84822,84767,84822,55
walking,84829,84822,84829,7
sniffing,85220,84829,85220,391
stepping,85231,85220,85231,11
grooming,85232,85231,85232,1
sniffing,85297,85232,85297,65
walking,85436,85297,85436,139
running,85455,85436,85455,19
walking,85456,85455,85456,1
trotting,85472,85456,85472,16
sniffing,85629,85472,85629,157
left_turning,85669,85629,85669,40
grooming,85884,85669,85884,215
hunching,86005,85884,86005,121
rearing,86096,86005,86096,91
grooming,86156,86096,86156,60
rising,86171,86156,86171,15
sniffing,86172,86171,86172,1
stepping,86173,86172,86173,1
rising,86213,86173,86213,40
grooming,86413,86213,86413,200
climbing,86465,86413,86465,52
grooming,86886,86465,86886,421
rearing,86936,86886,86936,50
walking,86982,86936,86982,46
sniffing,86983,86982,86983,1
rising,86984,86983,86984,1
rearing,86998,86984,86998,14
grooming,86999,86998,86999,1
sniffing,87194,86999,87194,195
stepping,87260,87194,87260,66
sniffing,87269,87260,87269,9
walking,87270,87269,87270,1
sniffing,87271,87270,87271,1
walking,87333,87271,87333,62
stepping,87372,87333,87372,39
rearing,87373,87372,87373,1
left_turning,87413,87373,87413,40
trotting,87423,87413,87423,10
sniffing,87430,87423,87430,7
walking,87459,87430,87459,29
trotting,87509,87459,87509,50
sniffing,87615,87509,87615,106
stepping,87678,87615,87678,63
rising,87830,87678,87830,152
rearing,87869,87830,87869,39
climbing,87991,87869,87991,122
rising,87992,87991,87992,1
climbing,88075,87992,88075,83
sniffing,88076,88075,88076,1
rising,88102,88076,88102,26
walking,88133,88102,88133,31
sniffing,88334,88133,88334,201
rising,88335,88334,88335,1
rearing,88408,88335,88408,73
climbing,88409,88408,88409,1
sniffing,88440,88409,88440,31
walking,88472,88440,88472,32
stepping,88503,88472,88503,31
rising,88518,88503,88518,15
stepping,88545,88518,88545,27
grooming,88758,88545,88758,213
rearing,88819,88758,88819,61
grooming,89013,88819,89013,194
climbing,89050,89013,89050,37
hunching,89109,89050,89109,59
grooming,89110,89109,89110,1
hunching,89153,89110,89153,43
grooming,89154,89153,89154,1
left_turning,89172,89154,89172,18
climbing,89183,89172,89183,11
walking,89203,89183,89203,20
grooming,89457,89203,89457,254
rising,89545,89457,89545,88
grooming,90549,89545,90549,1004
stepping,90557,90549,90557,8
sniffing,90558,90557,90558,1
rising,90559,90558,90559,1
sniffing,90560,90559,90560,1
walking,90563,90560,90563,3
sniffing,90780,90563,90780,217
stepping,90820,90780,90820,40
sniffing,91033,90820,91033,213
grooming,91368,91033,91368,335
climbing,91411,91368,91411,43
rearing,91475,91411,91475,64
grooming,91476,91475,91476,1
rearing,91494,91476,91494,18
rising,91495,91494,91495,1
walking,91496,91495,91496,1
left_turning,91564,91496,91564,68
stepping,91617,91564,91617,53
sniffing,91650,91617,91650,33
rising,91709,91650,91709,59
walking,91710,91709,91710,1
climbing,91859,91710,91859,149
left_turning,91870,91859,91870,11
stepping,91895,91870,91895,25
sniffing,91896,91895,91896,1
stepping,91913,91896,91913,17
sniffing,92004,91913,92004,91
walking,92035,92004,92035,31
rising,92089,92035,92089,54
grooming,92301,92089,92301,212
rearing,92362,92301,92362,61
climbing,92432,92362,92432,70
hunching,92491,92432,92491,59
grooming,92762,92491,92762,271
rearing,92772,92762,92772,10
grooming,92835,92772,92835,63
rearing,92836,92835,92836,1
grooming,92837,92836,92837,1
left_turning,92865,92837,92865,28
walking,92900,92865,92900,35
sniffing,93005,92900,93005,105
trotting,93036,93005,93036,31
sniffing,93236,93036,93236,200
rearing,93246,93236,93246,10
grooming,93525,93246,93525,279
rearing,93544,93525,93544,19
walking,93592,93544,93592,48
sniffing,93669,93592,93669,77
walking,93752,93669,93752,83
sniffing,93753,93752,93753,1
grooming,93819,93753,93819,66
stepping,93852,93819,93852,33
walking,93873,93852,93873,21
sniffing,93889,93873,93889,16
walking,93923,93889,93923,34
rising,93939,93923,93939,16
grooming,93940,93939,93940,1
rearing,93946,93940,93946,6
sniffing,93947,93946,93947,1
walking,94012,93947,94012,65
stepping,94025,94012,94025,13
walking,94073,94025,94073,48
stepping,94192,94073,94192,119
left_turning,94222,94192,94222,30
sniffing,94293,94222,94293,71
rising,94321,94293,94321,28
left_turning,94340,94321,94340,19
climbing,94441,94340,94441,101
stepping,94505,94441,94505,64
sniffing,94617,94505,94617,112
grooming,94697,94617,94697,80
rising,94724,94697,94724,27
climbing,94831,94724,94831,107
grooming,94907,94831,94907,76
rearing,94949,94907,94949,42
grooming,95296,94949,95296,347
rearing,95355,95296,95355,59
stepping,95391,95355,95391,36
rising,95482,95391,95482,91
walking,95571,95482,95571,89
rising,95651,95571,95651,80
rearing,95652,95651,95652,1
rising,95722,95652,95722,70
rearing,95803,95722,95803,81
sniffing,95838,95803,95838,35
stepping,95901,95838,95901,63
rearing,95902,95901,95902,1
grooming,96047,95902,96047,145
rising,96057,96047,96057,10
hunching,96060,96057,96060,3
sniffing,96246,96060,96246,186
stepping,96278,96246,96278,32
sniffing,96353,96278,96353,75
rising,96406,96353,96406,53
sniffing,96423,96406,96423,17
rising,96434,96423,96434,11
left_turning,96500,96434,96500,66
rising,96501,96500,96501,1
walking,96583,96501,96583,82
stepping,96624,96583,96624,41
walking,96625,96624,96625,1
trotting,96635,96625,96635,10
sniffing,96636,96635,96636,1
left_turning,96672,96636,96672,36
trotting,96738,96672,96738,66
walking,96835,96738,96835,97
rising,96897,96835,96897,62
walking,96913,96897,96913,16
sniffing,97025,96913,97025,112
walking,97074,97025,97074,49
rising,97075,97074,97075,1
rearing,97150,97075,97150,75
climbing,97273,97150,97273,123
grooming,97352,97273,97352,79
left_turning,97417,97352,97417,65
sniffing,97485,97417,97485,68
right_turning,97490,97485,97490,5
walking,97571,97490,97571,81
sniffing,97607,97571,97607,36
rising,97608,97607,97608,1
grooming,98800,97608,98800,1192
sniffing,99029,98800,99029,229
rising,99092,99029,99092,63
climbing,99160,99092,99160,68
grooming,99346,99160,99346,186
stepping,99353,99346,99353,7
sniffing,99450,99353,99450,97
rearing,99457,99450,99457,7
stepping,99570,99457,99570,113
trotting,99612,99570,99612,42
walking,99613,99612,99613,1
stepping,99632,99613,99632,19
grooming,99770,99632,99770,138
left_turning,99810,99770,99810,40
walking,99876,99810,99876,66
stepping,99989,99876,99989,113
left_turning,100055,99989,100055,66
sniffing,100188,100055,100188,133
grooming,100330,100188,100330,142
sniffing,100378,100330,100378,48
left_turning,100390,100378,100390,12
hunching,100452,100390,100452,62
stepping,100524,100452,100524,72
climbing,100550,100524,100550,26
grooming,100888,100550,100888,338
walking,100934,100888,100934,46
sniffing,100935,100934,100935,1
stepping,100936,100935,100936,1
walking,100963,100936,100963,27
rearing,101013,100963,101013,50
left_turning,101050,101013,101050,37
walking,101065,101050,101065,15
stepping,101124,101065,101124,59
walking,101200,101124,101200,76
sniffing,101248,101200,101248,48
rearing,101249,101248,101249,1
grooming,101250,101249,101250,1
stepping,101294,101250,101294,44
rising,101328,101294,101328,34
left_turning,101361,101328,101361,33
grooming,101633,101361,101633,272
rearing,101634,101633,101634,1
grooming,101926,101634,101926,292
hunching,101957,101926,101957,31
grooming,101958,101957,101958,1
climbing,101959,101958,101959,1
running,101990,101959,101990,31
walking,101997,101990,101997,7
sniffing,101998,101997,101998,1
stepping,102038,101998,102038,40
climbing,102064,102038,102064,26
trotting,102072,102064,102072,8
walking,102135,102072,102135,63
sniffing,102163,102135,102163,28
stepping,102221,102163,102221,58
right_turning,102234,102221,102234,13
stepping,102278,102234,102278,44
sniffing,102528,102278,102528,250
stepping,102623,102528,102623,95
sniffing,102719,102623,102719,96
rising,102798,102719,102798,79
sniffing,102799,102798,102799,1
stepping,102819,102799,102819,20
sniffing,102938,102819,102938,119
walking,102968,102938,102968,30
stepping,103014,102968,103014,46
walking,103064,103014,103064,50
stepping,103087,103064,103087,23
left_turning,103088,103087,103088,1
grooming,103276,103088,103276,188
hunching,103277,103276,103277,1
grooming,103623,103277,103623,346
hunching,103681,103623,103681,58
rearing,104103,103681,104103,422
grooming,104249,104103,104249,146
walking,104290,104249,104290,41
stepping,104304,104290,104304,14
sniffing,104424,104304,104424,120
stepping,104512,104424,104512,88
grooming,104633,104512,104633,121
left_turning,104653,104633,104653,20
sniffing,104654,104653,104654,1
stepping,104730,104654,104730,76
hunching,104731,104730,104731,1
left_turning,104762,104731,104762,31
walking,104803,104762,104803,41
rearing,104884,104803,104884,81
left_turning,104909,104884,104909,25
sniffing,104967,104909,104967,58
stepping,105034,104967,105034,67
rising,105197,105034,105197,163
hunching,105234,105197,105234,37
rearing,105235,105234,105235,1
stepping,105258,105235,105258,23
trotting,105299,105258,105299,41
sniffing,105525,105299,105525,226
walking,105545,105525,105545,20
sniffing,105568,105545,105568,23
left_turning,105608,105568,105608,40
sniffing,105658,105608,105658,50
climbing,105659,105658,105659,1
trotting,105680,105659,105680,21
walking,105713,105680,105713,33
trotting,105735,105713,105735,22
sniffing,105736,105735,105736,1
stepping,105787,105736,105787,51
sniffing,105893,105787,105893,106
grooming,106108,105893,106108,215
sniffing,106237,106108,106237,129
stepping,106262,106237,106262,25
walking,106308,106262,106308,46
stepping,106404,106308,106404,96
walking,106406,106404,106406,2
right_turning,106422,106406,106422,16
stepping,106452,106422,106452,30
walking,106466,106452,106466,14
stepping,106516,106466,106516,50
climbing,106554,106516,106554,38
sniffing,106667,106554,106667,113
grooming,106668,106667,106668,1
rearing,106728,106668,106728,60
rising,106787,106728,106787,59
climbing,106826,106787,106826,39
grooming,107341,106826,107341,515
rearing,107400,107341,107400,59
grooming,107566,107400,107566,166
left_turning,107579,107566,107579,13
sniffing,107580,107579,107580,1
left_turning,107615,107580,107615,35
hunching,107695,107615,107695,80
right_turning,107734,107695,107734,39
grooming,107835,107734,107835,101
left_turning,107899,107835,107899,64
running,107900,107899,107900,1
walking,107924,107900,107924,24
rising,108000,107924,108000,76
