revised_movement_label,segBoundary,segBoundary_start,segBoundary_end,length
sniffing,25,0,25,25
grooming,116,25,116,91
rising,117,116,117,1
climbing,182,117,182,65
grooming,316,182,316,134
walking,317,316,317,1
stepping,318,317,318,1
walking,419,318,419,101
trotting,423,419,423,4
walking,479,423,479,56
sniffing,532,479,532,53
left_turning,546,532,546,14
stepping,560,546,560,14
walking,631,560,631,71
sniffing,679,631,679,48
rising,688,679,688,9
sniffing,714,688,714,26
grooming,715,714,715,1
trotting,725,715,725,10
sniffing,726,725,726,1
grooming,838,726,838,112
hunching,845,838,845,7
climbing,873,845,873,28
walking,905,873,905,32
running,941,905,941,36
sniffing,1057,941,1057,116
rising,1059,1057,1059,2
walking,1168,1059,1168,109
sniffing,1297,1168,1297,129
grooming,1335,1297,1335,38
sniffing,1404,1335,1404,69
rising,1415,1404,1415,11
walking,1428,1415,1428,13
rising,1463,1428,1463,35
sniffing,1491,1463,1491,28
rising,1492,1491,1492,1
walking,1562,1492,1562,70
sniffing,1563,1562,1563,1
stepping,1595,1563,1595,32
walking,1657,1595,1657,62
sniffing,1658,1657,1658,1
left_turning,1711,1658,1711,53
rising,1712,1711,1712,1
grooming,1854,1712,1854,142
sniffing,1885,1854,1885,31
walking,1910,1885,1910,25
rising,1955,1910,1955,45
walking,1983,1955,1983,28
stepping,2028,1983,2028,45
sniffing,2118,2028,2118,90
rising,2166,2118,2166,48
sniffing,2316,2166,2316,150
rising,2329,2316,2329,13
sniffing,2330,2329,2330,1
walking,2331,2330,2331,1
sniffing,2493,2331,2493,162
rising,2508,2493,2508,15
sniffing,2621,2508,2621,113
running,2671,2621,2671,50
trotting,2690,2671,2690,19
sniffing,2754,2690,2754,64
grooming,2805,2754,2805,51
sniffing,2818,2805,2818,13
stepping,2866,2818,2866,48
sniffing,2867,2866,2867,1
stepping,2927,2867,2927,60
walking,2994,2927,2994,67
sniffing,3089,2994,3089,95
walking,3140,3089,3140,51
stepping,3185,3140,3185,45
sniffing,3286,3185,3286,101
rising,3332,3286,3332,46
sniffing,3333,3332,3333,1
walking,3412,3333,3412,79
stepping,3426,3412,3426,14
rising,3438,3426,3438,12
climbing,3524,3438,3524,86
grooming,3682,3524,3682,158
sniffing,3754,3682,3754,72
walking,3806,3754,3806,52
sniffing,3939,3806,3939,133
walking,4000,3939,4000,61
stepping,4048,4000,4048,48
trotting,4070,4048,4070,22
grooming,4178,4070,4178,108
trotting,4197,4178,4197,19
stepping,4260,4197,4260,63
sniffing,4337,4260,4337,77
rising,4338,4337,4338,1
climbing,4395,4338,4395,57
grooming,4396,4395,4396,1
hunching,4448,4396,4448,52
grooming,4497,4448,4497,49
trotting,4561,4497,4561,64
walking,4608,4561,4608,47
stepping,4673,4608,4673,65
sniffing,4700,4673,4700,27
rising,4730,4700,4730,30
climbing,4784,4730,4784,54
walking,4800,4784,4800,16
stepping,4856,4800,4856,56
rising,4857,4856,4857,1
left_turning,4909,4857,4909,52
sniffing,4910,4909,4910,1
rising,4965,4910,4965,55
grooming,4966,4965,4966,1
right_turning,4994,4966,4994,28
walking,5077,4994,5077,83
sniffing,5151,5077,5151,74
stepping,5191,5151,5191,40
sniffing,5297,5191,5297,106
stepping,5395,5297,5395,98
walking,5419,5395,5419,24
sniffing,5481,5419,5481,62
climbing,5549,5481,5549,68
left_turning,5626,5549,5626,77
running,5658,5626,5658,32
walking,5668,5658,5668,10
stepping,5750,5668,5750,82
walking,5756,5750,5756,6
stepping,5764,5756,5764,8
sniffing,5801,5764,5801,37
rearing,5907,5801,5907,106
grooming,6003,5907,6003,96
stepping,6048,6003,6048,45
rising,6107,6048,6107,59
sniffing,6140,6107,6140,33
rising,6153,6140,6153,13
walking,6160,6153,6160,7
running,6190,6160,6190,30
stepping,6243,6190,6243,53
walking,6250,6243,6250,7
sniffing,6251,6250,6251,1
grooming,6328,6251,6328,77
rising,6352,6328,6352,24
walking,6412,6352,6412,60
trotting,6422,6412,6422,10
stepping,6443,6422,6443,21
walking,6476,6443,6476,33
sniffing,6520,6476,6520,44
rising,6573,6520,6573,53
stepping,6642,6573,6642,69
walking,6713,6642,6713,71
stepping,6770,6713,6770,57
sniffing,6883,6770,6883,113
grooming,6986,6883,6986,103
rearing,7069,6986,7069,83
walking,7070,7069,7070,1
stepping,7087,7070,7087,17
walking,7111,7087,7111,24
sniffing,7112,7111,7112,1
stepping,7116,7112,7116,4
sniffing,7117,7116,7117,1
stepping,7169,7117,7169,52
walking,7177,7169,7177,8
rearing,7178,7177,7178,1
hunching,7198,7178,7198,20
grooming,7275,7198,7275,77
left_turning,7355,7275,7355,80
sniffing,7356,7355,7356,1
rising,7394,7356,7394,38
climbing,7435,7394,7435,41
grooming,7447,7435,7447,12
trotting,7452,7447,7452,5
sniffing,7511,7452,7511,59
rising,7595,7511,7595,84
stepping,7643,7595,7643,48
running,7694,7643,7694,51
sniffing,7714,7694,7714,20
left_turning,7752,7714,7752,38
stepping,7839,7752,7839,87
trotting,7864,7839,7864,25
left_turning,7883,7864,7883,19
running,7910,7883,7910,27
trotting,7931,7910,7931,21
walking,7977,7931,7977,46
sniffing,8106,7977,8106,129
scratching,8107,8106,8107,1
grooming,8143,8107,8143,36
running,8162,8143,8162,19
sniffing,8237,8162,8237,75
rising,8238,8237,8238,1
stepping,8284,8238,8284,46
walking,8356,8284,8356,72
sniffing,8392,8356,8392,36
rising,8443,8392,8443,51
sniffing,8458,8443,8458,15
running,8503,8458,8503,45
sniffing,8546,8503,8546,43
rising,8602,8546,8602,56
rearing,8603,8602,8603,1
rising,8604,8603,8604,1
left_turning,8606,8604,8606,2
sniffing,8655,8606,8655,49
walking,8656,8655,8656,1
stepping,8682,8656,8682,26
rearing,8812,8682,8812,130
rising,8838,8812,8838,26
walking,8858,8838,8858,20
left_turning,8961,8858,8961,103
grooming,8962,8961,8962,1
rising,8966,8962,8966,4
stepping,9005,8966,9005,39
sniffing,9154,9005,9154,149
rising,9177,9154,9177,23
rearing,9224,9177,9224,47
stepping,9273,9224,9273,49
rising,9345,9273,9345,72
climbing,9402,9345,9402,57
rearing,9443,9402,9443,41
sniffing,9542,9443,9542,99
rising,9546,9542,9546,4
hunching,9607,9546,9607,61
rearing,9715,9607,9715,108
hunching,9726,9715,9726,11
rearing,9852,9726,9852,126
grooming,9964,9852,9964,112
trotting,9991,9964,9991,27
sniffing,10103,9991,10103,112
scratching,10104,10103,10104,1
walking,10164,10104,10164,60
trotting,10187,10164,10187,23
sniffing,10279,10187,10279,92
left_turning,10307,10279,10307,28
climbing,10379,10307,10379,72
grooming,10486,10379,10486,107
walking,10487,10486,10487,1
stepping,10530,10487,10530,43
walking,10706,10530,10706,176
left_turning,10736,10706,10736,30
walking,10848,10736,10848,112
sniffing,10883,10848,10883,35
left_turning,10904,10883,10904,21
grooming,10926,10904,10926,22
rising,10927,10926,10927,1
walking,11024,10927,11024,97
sniffing,11032,11024,11032,8
left_turning,11044,11032,11044,12
walking,11092,11044,11092,48
left_turning,11170,11092,11170,78
trotting,11223,11170,11223,53
walking,11224,11223,11224,1
running,11252,11224,11252,28
grooming,11355,11252,11355,103
rearing,11356,11355,11356,1
climbing,11365,11356,11365,9
left_turning,11419,11365,11419,54
grooming,11635,11419,11635,216
rearing,11716,11635,11716,81
rising,11729,11716,11729,13
walking,11751,11729,11751,22
right_turning,11821,11751,11821,70
trotting,11849,11821,11849,28
grooming,12017,11849,12017,168
left_turning,12115,12017,12115,98
walking,12126,12115,12126,11
stepping,12138,12126,12138,12
walking,12211,12138,12211,73
sniffing,12256,12211,12256,45
grooming,12286,12256,12286,30
rising,12365,12286,12365,79
climbing,12397,12365,12397,32
grooming,12398,12397,12398,1
rearing,12444,12398,12444,46
hunching,12455,12444,12455,11
left_turning,12504,12455,12504,49
stepping,12549,12504,12549,45
sniffing,12668,12549,12668,119
stepping,12732,12668,12732,64
right_turning,12779,12732,12779,47
grooming,12851,12779,12851,72
scratching,12852,12851,12852,1
grooming,12867,12852,12867,15
left_turning,12888,12867,12888,21
sniffing,12889,12888,12889,1
trotting,12941,12889,12941,52
sniffing,12976,12941,12976,35
grooming,13187,12976,13187,211
rearing,13248,13187,13248,61
grooming,13249,13248,13249,1
rising,13310,13249,13310,61
sniffing,13356,13310,13356,46
rearing,13414,13356,13414,58
left_turning,13452,13414,13452,38
grooming,13453,13452,13453,1
climbing,13472,13453,13472,19
hunching,13492,13472,13492,20
rearing,13536,13492,13536,44
grooming,13571,13536,13571,35
rising,13650,13571,13650,79
grooming,13926,13650,13926,276
sniffing,14017,13926,14017,91
stepping,14051,14017,14051,34
climbing,14111,14051,14111,60
rearing,14191,14111,14191,80
hunching,14262,14191,14262,71
grooming,14263,14262,14263,1
hunching,14278,14263,14278,15
sniffing,14279,14278,14279,1
walking,14280,14279,14280,1
rising,14313,14280,14313,33
rearing,14338,14313,14338,25
rising,14434,14338,14434,96
climbing,14472,14434,14472,38
sniffing,14546,14472,14546,74
walking,14595,14546,14595,49
trotting,14651,14595,14651,56
stepping,14664,14651,14664,13
rising,14745,14664,14745,81
climbing,14758,14745,14758,13
grooming,14832,14758,14832,74
rearing,14872,14832,14872,40
grooming,14917,14872,14917,45
rearing,14961,14917,14961,44
grooming,15085,14961,15085,124
left_turning,15086,15085,15086,1
stepping,15108,15086,15108,22
walking,15109,15108,15109,1
stepping,15138,15109,15138,29
grooming,15506,15138,15506,368
sniffing,15507,15506,15507,1
grooming,15553,15507,15553,46
rearing,15560,15553,15560,7
grooming,15718,15560,15718,158
rising,15820,15718,15820,102
stepping,15852,15820,15852,32
grooming,15999,15852,15999,147
right_turning,16020,15999,16020,21
sniffing,16191,16020,16191,171
stepping,16192,16191,16192,1
rising,16220,16192,16220,28
running,16237,16220,16237,17
grooming,16274,16237,16274,37
climbing,16335,16274,16335,61
grooming,16431,16335,16431,96
hunching,16432,16431,16432,1
sniffing,16493,16432,16493,61
stepping,16505,16493,16505,12
walking,16529,16505,16529,24
trotting,16547,16529,16547,18
sniffing,16714,16547,16714,167
left_turning,16779,16714,16779,65
hunching,16780,16779,16780,1
grooming,16856,16780,16856,76
stepping,16883,16856,16883,27
rising,16932,16883,16932,49
climbing,16963,16932,16963,31
left_turning,16989,16963,16989,26
rearing,16990,16989,16990,1
grooming,17036,16990,17036,46
walking,17062,17036,17062,26
grooming,17147,17062,17147,85
stepping,17204,17147,17204,57
rising,17288,17204,17288,84
climbing,17321,17288,17321,33
grooming,17381,17321,17381,60
rising,17415,17381,17415,34
walking,17418,17415,17418,3
trotting,17437,17418,17437,19
grooming,17438,17437,17438,1
right_turning,17481,17438,17481,43
rising,17526,17481,17526,45
grooming,17607,17526,17607,81
left_turning,17640,17607,17640,33
stepping,17660,17640,17660,20
climbing,17666,17660,17666,6
sniffing,17795,17666,17795,129
stepping,17827,17795,17827,32
walking,17828,17827,17828,1
grooming,17829,17828,17829,1
left_turning,17865,17829,17865,36
walking,17866,17865,17866,1
rising,17867,17866,17867,1
rearing,17870,17867,17870,3
trotting,17900,17870,17900,30
sniffing,17946,17900,17946,46
rising,17976,17946,17976,30
stepping,18019,17976,18019,43
walking,18062,18019,18062,43
stepping,18124,18062,18124,62
walking,18191,18124,18191,67
sniffing,18192,18191,18192,1
running,18201,18192,18201,9
left_turning,18213,18201,18213,12
walking,18297,18213,18297,84
rearing,18371,18297,18371,74
stepping,18418,18371,18418,47
grooming,18434,18418,18434,16
rearing,18435,18434,18435,1
grooming,18439,18435,18439,4
rising,18467,18439,18467,28
grooming,18578,18467,18578,111
walking,18610,18578,18610,32
rising,18619,18610,18619,9
grooming,18620,18619,18620,1
scratching,18621,18620,18621,1
sniffing,18688,18621,18688,67
stepping,18745,18688,18745,57
climbing,18831,18745,18831,86
grooming,18886,18831,18886,55
rearing,18982,18886,18982,96
climbing,19030,18982,19030,48
stepping,19031,19030,19031,1
sniffing,19129,19031,19129,98
rising,19130,19129,19130,1
walking,19183,19130,19183,53
stepping,19184,19183,19184,1
walking,19260,19184,19260,76
stepping,19266,19260,19266,6
walking,19286,19266,19286,20
left_turning,19332,19286,19332,46
walking,19368,19332,19368,36
sniffing,19437,19368,19437,69
rising,19472,19437,19472,35
grooming,19473,19472,19473,1
rearing,19497,19473,19497,24
climbing,19518,19497,19518,21
rising,19537,19518,19537,19
climbing,19562,19537,19562,25
rearing,19632,19562,19632,70
grooming,19656,19632,19656,24
rising,19681,19656,19681,25
sniffing,19804,19681,19804,123
stepping,19816,19804,19816,12
rearing,19817,19816,19817,1
trotting,19859,19817,19859,42
walking,19864,19859,19864,5
sniffing,20041,19864,20041,177
trotting,20084,20041,20084,43
stepping,20116,20084,20116,32
walking,20117,20116,20117,1
sniffing,20190,20117,20190,73
rising,20237,20190,20237,47
sniffing,20298,20237,20298,61
stepping,20337,20298,20337,39
right_turning,20414,20337,20414,77
sniffing,20415,20414,20415,1
right_turning,20416,20415,20416,1
walking,20433,20416,20433,17
sniffing,20535,20433,20535,102
climbing,20574,20535,20574,39
rearing,20576,20574,20576,2
trotting,20597,20576,20597,21
left_turning,20609,20597,20609,12
rising,20653,20609,20653,44
walking,20717,20653,20717,64
rising,20783,20717,20783,66
sniffing,20829,20783,20829,46
rising,20830,20829,20830,1
walking,20873,20830,20873,43
trotting,20937,20873,20937,64
stepping,20951,20937,20951,14
sniffing,21063,20951,21063,112
walking,21064,21063,21064,1
sniffing,21109,21064,21109,45
rising,21157,21109,21157,48
stepping,21192,21157,21192,35
right_turning,21196,21192,21196,4
trotting,21209,21196,21209,13
rising,21221,21209,21221,12
sniffing,21273,21221,21273,52
stepping,21278,21273,21278,5
walking,21311,21278,21311,33
stepping,21324,21311,21324,13
sniffing,21398,21324,21398,74
grooming,21503,21398,21503,105
rising,21504,21503,21504,1
walking,21526,21504,21526,22
rearing,21586,21526,21586,60
stepping,21671,21586,21671,85
walking,21693,21671,21693,22
trotting,21755,21693,21755,62
sniffing,21863,21755,21863,108
stepping,21865,21863,21865,2
sniffing,21877,21865,21877,12
rearing,21931,21877,21931,54
hunching,21945,21931,21945,14
grooming,21969,21945,21969,24
right_turning,21997,21969,21997,28
sniffing,22100,21997,22100,103
climbing,22187,22100,22187,87
grooming,22343,22187,22343,156
climbing,22394,22343,22394,51
grooming,22487,22394,22487,93
stepping,22525,22487,22525,38
grooming,22662,22525,22662,137
climbing,22663,22662,22663,1
rising,22707,22663,22707,44
sniffing,22790,22707,22790,83
stepping,22805,22790,22805,15
left_turning,22830,22805,22830,25
walking,22861,22830,22861,31
stepping,22880,22861,22880,19
walking,22881,22880,22881,1
sniffing,23003,22881,23003,122
grooming,23154,23003,23154,151
sniffing,23249,23154,23249,95
stepping,23312,23249,23312,63
sniffing,23329,23312,23329,17
grooming,23330,23329,23330,1
climbing,23390,23330,23390,60
walking,23451,23390,23451,61
sniffing,23499,23451,23499,48
stepping,23553,23499,23553,54
walking,23621,23553,23621,68
stepping,23672,23621,23672,51
sniffing,23687,23672,23687,15
walking,23688,23687,23688,1
rising,23725,23688,23725,37
walking,23748,23725,23748,23
rising,23792,23748,23792,44
sniffing,23823,23792,23823,31
climbing,23915,23823,23915,92
grooming,23961,23915,23961,46
sniffing,24034,23961,24034,73
stepping,24069,24034,24069,35
walking,24093,24069,24093,24
sniffing,24129,24093,24129,36
left_turning,24180,24129,24180,51
walking,24203,24180,24203,23
sniffing,24404,24203,24404,201
walking,24449,24404,24449,45
rising,24628,24449,24628,179
grooming,24725,24628,24725,97
hunching,24726,24725,24726,1
grooming,24776,24726,24776,50
hunching,24788,24776,24788,12
rising,24789,24788,24789,1
climbing,24829,24789,24829,40
grooming,24983,24829,24983,154
climbing,25036,24983,25036,53
sniffing,25151,25036,25151,115
stepping,25177,25151,25177,26
rising,25178,25177,25178,1
walking,25248,25178,25248,70
rearing,25256,25248,25256,8
stepping,25282,25256,25282,26
sniffing,25283,25282,25283,1
grooming,25284,25283,25284,1
walking,25333,25284,25333,49
rising,25334,25333,25334,1
rearing,25352,25334,25352,18
grooming,25369,25352,25369,17
left_turning,25412,25369,25412,43
walking,25413,25412,25413,1
stepping,25438,25413,25438,25
sniffing,25526,25438,25526,88
stepping,25566,25526,25566,40
sniffing,25608,25566,25608,42
walking,25627,25608,25627,19
sniffing,25670,25627,25670,43
right_turning,25712,25670,25712,42
stepping,25744,25712,25744,32
walking,25751,25744,25751,7
rising,25769,25751,25769,18
sniffing,25818,25769,25818,49
stepping,25904,25818,25904,86
walking,25905,25904,25905,1
sniffing,25906,25905,25906,1
rising,25933,25906,25933,27
hunching,25951,25933,25951,18
stepping,26016,25951,26016,65
rising,26042,26016,26042,26
stepping,26060,26042,26060,18
walking,26097,26060,26097,37
stepping,26107,26097,26107,10
climbing,26189,26107,26189,82
trotting,26208,26189,26208,19
rearing,26210,26208,26210,2
climbing,26211,26210,26211,1
left_turning,26212,26211,26212,1
running,26244,26212,26244,32
sniffing,26272,26244,26272,28
walking,26378,26272,26378,106
sniffing,26458,26378,26458,80
walking,26521,26458,26521,63
stepping,26522,26521,26522,1
grooming,26523,26522,26523,1
hunching,26570,26523,26570,47
grooming,26839,26570,26839,269
hunching,26852,26839,26852,13
left_turning,26857,26852,26857,5
grooming,26926,26857,26926,69
right_turning,26927,26926,26927,1
sniffing,26928,26927,26928,1
right_turning,26929,26928,26929,1
walking,26980,26929,26980,51
trotting,27019,26980,27019,39
walking,27049,27019,27049,30
running,27095,27049,27095,46
stepping,27119,27095,27119,24
climbing,27120,27119,27120,1
walking,27196,27120,27196,76
climbing,27207,27196,27207,11
walking,27239,27207,27239,32
left_turning,27240,27239,27240,1
stepping,27241,27240,27241,1
sniffing,27258,27241,27258,17
rising,27259,27258,27259,1
climbing,27277,27259,27277,18
sniffing,27420,27277,27420,143
walking,27459,27420,27459,39
sniffing,27492,27459,27492,33
rising,27510,27492,27510,18
sniffing,27633,27510,27633,123
rearing,27762,27633,27762,129
grooming,27763,27762,27763,1
left_turning,27769,27763,27769,6
sniffing,27770,27769,27770,1
stepping,27825,27770,27825,55
rising,27852,27825,27852,27
climbing,27856,27852,27856,4
left_turning,27961,27856,27961,105
grooming,28353,27961,28353,392
climbing,28416,28353,28416,63
grooming,28528,28416,28528,112
rearing,28610,28528,28610,82
hunching,28728,28610,28728,118
rearing,28744,28728,28744,16
grooming,28900,28744,28900,156
walking,28997,28900,28997,97
stepping,29078,28997,29078,81
sniffing,29106,29078,29106,28
walking,29129,29106,29129,23
running,29157,29129,29157,28
sniffing,29307,29157,29307,150
trotting,29324,29307,29324,17
sniffing,29364,29324,29364,40
stepping,29368,29364,29368,4
walking,29397,29368,29397,29
trotting,29438,29397,29438,41
sniffing,29439,29438,29439,1
stepping,29440,29439,29440,1
rising,29514,29440,29514,74
left_turning,29525,29514,29525,11
stepping,29556,29525,29556,31
walking,29595,29556,29595,39
trotting,29643,29595,29643,48
running,29647,29643,29647,4
sniffing,29768,29647,29768,121
right_turning,29777,29768,29777,9
sniffing,29913,29777,29913,136
trotting,29950,29913,29950,37
sniffing,30049,29950,30049,99
stepping,30078,30049,30078,29
rising,30143,30078,30143,65
climbing,30181,30143,30181,38
grooming,30380,30181,30380,199
scratching,30381,30380,30381,1
stepping,30430,30381,30430,49
climbing,30431,30430,30431,1
walking,30460,30431,30460,29
stepping,30522,30460,30522,62
walking,30577,30522,30577,55
sniffing,30690,30577,30690,113
stepping,30710,30690,30710,20
trotting,30711,30710,30711,1
rearing,30791,30711,30791,80
climbing,30852,30791,30852,61
walking,30897,30852,30897,45
stepping,30962,30897,30962,65
rearing,30963,30962,30963,1
rising,31044,30963,31044,81
rearing,31131,31044,31131,87
hunching,31132,31131,31132,1
left_turning,31149,31132,31149,17
sniffing,31182,31149,31182,33
stepping,31225,31182,31225,43
sniffing,31270,31225,31270,45
left_turning,31297,31270,31297,27
trotting,31317,31297,31317,20
stepping,31348,31317,31348,31
sniffing,31414,31348,31414,66
rearing,31438,31414,31438,24
rising,31449,31438,31449,11
walking,31450,31449,31450,1
sniffing,31451,31450,31451,1
grooming,31452,31451,31452,1
stepping,31497,31452,31497,45
climbing,31567,31497,31567,70
grooming,31713,31567,31713,146
rearing,31770,31713,31770,57
grooming,31926,31770,31926,156
rising,32048,31926,32048,122
sniffing,32236,32048,32236,188
walking,32289,32236,32289,53
sniffing,32387,32289,32387,98
grooming,32388,32387,32388,1
sniffing,32389,32388,32389,1
rising,32418,32389,32418,29
sniffing,32513,32418,32513,95
grooming,32629,32513,32629,116
stepping,32640,32629,32640,11
grooming,32641,32640,32641,1
walking,32676,32641,32676,35
right_turning,32740,32676,32740,64
sniffing,32856,32740,32856,116
stepping,32859,32856,32859,3
sniffing,32920,32859,32920,61
stepping,32961,32920,32961,41
grooming,32962,32961,32962,1
left_turning,32998,32962,32998,36
stepping,33042,32998,33042,44
sniffing,33104,33042,33104,62
grooming,33105,33104,33105,1
scratching,33106,33105,33106,1
grooming,33248,33106,33248,142
left_turning,33284,33248,33284,36
sniffing,33375,33284,33375,91
stepping,33419,33375,33419,44
rising,33420,33419,33420,1
sniffing,33467,33420,33467,47
walking,33575,33467,33575,108
sniffing,33652,33575,33652,77
walking,33700,33652,33700,48
left_turning,33741,33700,33741,41
sniffing,33800,33741,33800,59
stepping,33837,33800,33837,37
rearing,33930,33837,33930,93
grooming,33931,33930,33931,1
walking,33973,33931,33973,42
sniffing,34128,33973,34128,155
left_turning,34157,34128,34157,29
walking,34158,34157,34158,1
sniffing,34615,34158,34615,457
grooming,34616,34615,34616,1
sniffing,34626,34616,34626,10
grooming,34754,34626,34754,128
walking,34767,34754,34767,13
sniffing,34862,34767,34862,95
walking,34931,34862,34931,69
stepping,34943,34931,34943,12
walking,34944,34943,34944,1
sniffing,35243,34944,35243,299
trotting,35281,35243,35281,38
sniffing,35291,35281,35291,10
stepping,35351,35291,35351,60
walking,35369,35351,35369,18
stepping,35416,35369,35416,47
grooming,35427,35416,35427,11
climbing,35428,35427,35428,1
grooming,35429,35428,35429,1
walking,35561,35429,35561,132
trotting,35565,35561,35565,4
sniffing,35672,35565,35672,107
grooming,35673,35672,35673,1
hunching,35715,35673,35715,42
rearing,35750,35715,35750,35
grooming,35757,35750,35757,7
rearing,35758,35757,35758,1
grooming,35847,35758,35847,89
walking,35936,35847,35936,89
sniffing,35937,35936,35937,1
walking,35956,35937,35956,19
sniffing,35957,35956,35957,1
climbing,36025,35957,36025,68
grooming,36026,36025,36026,1
sniffing,36114,36026,36114,88
rearing,36209,36114,36209,95
hunching,36281,36209,36281,72
grooming,36446,36281,36446,165
rearing,36487,36446,36487,41
hunching,36562,36487,36562,75
rearing,36624,36562,36624,62
grooming,36706,36624,36706,82
rearing,36802,36706,36802,96
rising,36814,36802,36814,12
rearing,36824,36814,36824,10
grooming,36938,36824,36938,114
rearing,36945,36938,36945,7
hunching,36970,36945,36970,25
rearing,36977,36970,36977,7
stepping,37013,36977,37013,36
sniffing,37014,37013,37014,1
trotting,37040,37014,37040,26
stepping,37071,37040,37071,31
rearing,37072,37071,37072,1
grooming,37163,37072,37163,91
walking,37206,37163,37206,43
stepping,37235,37206,37235,29
running,37259,37235,37259,24
stepping,37304,37259,37304,45
sniffing,37407,37304,37407,103
rearing,37429,37407,37429,22
grooming,37430,37429,37430,1
stepping,37498,37430,37498,68
sniffing,37522,37498,37522,24
rearing,37545,37522,37545,23
hunching,37555,37545,37555,10
grooming,37556,37555,37556,1
stepping,37578,37556,37578,22
walking,37619,37578,37619,41
sniffing,37727,37619,37727,108
right_turning,37728,37727,37728,1
sniffing,37801,37728,37801,73
right_turning,37820,37801,37820,19
sniffing,37821,37820,37821,1
scratching,37822,37821,37822,1
left_turning,37871,37822,37871,49
stepping,37926,37871,37926,55
trotting,37927,37926,37927,1
walking,37969,37927,37969,42
sniffing,38139,37969,38139,170
walking,38198,38139,38198,59
stepping,38257,38198,38257,59
walking,38284,38257,38284,27
sniffing,38312,38284,38312,28
walking,38370,38312,38370,58
stepping,38413,38370,38413,43
sniffing,38477,38413,38477,64
climbing,38556,38477,38556,79
rising,38557,38556,38557,1
climbing,38627,38557,38627,70
walking,38646,38627,38646,19
stepping,38679,38646,38679,33
right_turning,38698,38679,38698,19
walking,38752,38698,38752,54
sniffing,38825,38752,38825,73
walking,38898,38825,38898,73
grooming,39016,38898,39016,118
running,39034,39016,39034,18
sniffing,39109,39034,39109,75
rearing,39162,39109,39162,53
sniffing,39280,39162,39280,118
grooming,39448,39280,39448,168
sniffing,39557,39448,39557,109
stepping,39585,39557,39585,28
sniffing,39903,39585,39903,318
grooming,39960,39903,39960,57
sniffing,40180,39960,40180,220
rearing,40189,40180,40189,9
climbing,40199,40189,40199,10
rearing,40200,40199,40200,1
left_turning,40214,40200,40214,14
sniffing,40274,40214,40274,60
walking,40318,40274,40318,44
left_turning,40326,40318,40326,8
trotting,40355,40326,40355,29
stepping,40426,40355,40426,71
sniffing,40528,40426,40528,102
stepping,40529,40528,40529,1
walking,40558,40529,40558,29
stepping,40581,40558,40581,23
walking,40616,40581,40616,35
stepping,40637,40616,40637,21
sniffing,40690,40637,40690,53
rearing,40733,40690,40733,43
left_turning,40737,40733,40737,4
sniffing,40777,40737,40777,40
right_turning,40805,40777,40805,28
sniffing,40815,40805,40815,10
scratching,40816,40815,40816,1
grooming,40886,40816,40886,70
sniffing,40887,40886,40887,1
rising,40890,40887,40890,3
walking,40932,40890,40932,42
sniffing,40962,40932,40962,30
right_turning,41002,40962,41002,40
sniffing,41003,41002,41003,1
stepping,41009,41003,41009,6
rising,41015,41009,41015,6
grooming,41016,41015,41016,1
rearing,41143,41016,41143,127
rising,41180,41143,41180,37
grooming,41304,41180,41304,124
left_turning,41325,41304,41325,21
grooming,41704,41325,41704,379
trotting,41726,41704,41726,22
sniffing,41727,41726,41727,1
rearing,41728,41727,41728,1
jumping,41854,41728,41854,126
left_turning,41919,41854,41919,65
walking,41999,41919,41999,80
sniffing,42077,41999,42077,78
stepping,42115,42077,42115,38
sniffing,42123,42115,42123,8
grooming,42124,42123,42124,1
walking,42143,42124,42143,19
rising,42205,42143,42205,62
stepping,42211,42205,42211,6
sniffing,42297,42211,42297,86
walking,42337,42297,42337,40
stepping,42361,42337,42361,24
trotting,42384,42361,42384,23
rising,42385,42384,42385,1
sniffing,42427,42385,42427,42
stepping,42461,42427,42461,34
trotting,42490,42461,42490,29
sniffing,42491,42490,42491,1
climbing,42572,42491,42572,81
walking,42615,42572,42615,43
stepping,42665,42615,42665,50
walking,42703,42665,42703,38
sniffing,42766,42703,42766,63
climbing,42767,42766,42767,1
running,42798,42767,42798,31
sniffing,42874,42798,42874,76
grooming,42997,42874,42997,123
walking,42998,42997,42998,1
sniffing,43062,42998,43062,64
rising,43093,43062,43093,31
walking,43097,43093,43097,4
rising,43135,43097,43135,38
rearing,43241,43135,43241,106
grooming,43284,43241,43284,43
sniffing,43472,43284,43472,188
climbing,43561,43472,43561,89
walking,43573,43561,43573,12
sniffing,43633,43573,43633,60
grooming,43860,43633,43860,227
running,43886,43860,43886,26
sniffing,44198,43886,44198,312
rising,44203,44198,44203,5
left_turning,44216,44203,44216,13
walking,44255,44216,44255,39
sniffing,44307,44255,44307,52
stepping,44332,44307,44332,25
rising,44377,44332,44377,45
climbing,44407,44377,44407,30
stepping,44457,44407,44457,50
grooming,44669,44457,44669,212
rearing,44742,44669,44742,73
rising,44783,44742,44783,41
climbing,44793,44783,44793,10
stepping,44844,44793,44844,51
walking,44851,44844,44851,7
running,44869,44851,44869,18
sniffing,44935,44869,44935,66
walking,44956,44935,44956,21
stepping,45011,44956,45011,55
sniffing,45069,45011,45069,58
walking,45124,45069,45124,55
right_turning,45151,45124,45151,27
rising,45216,45151,45216,65
climbing,45226,45216,45226,10
left_turning,45235,45226,45235,9
stepping,45265,45235,45265,30
sniffing,45388,45265,45388,123
running,45422,45388,45422,34
walking,45468,45422,45468,46
climbing,45482,45468,45482,14
rearing,45518,45482,45518,36
walking,45575,45518,45575,57
sniffing,45737,45575,45737,162
grooming,46053,45737,46053,316
rearing,46172,46053,46172,119
grooming,46252,46172,46252,80
left_turning,46294,46252,46294,42
walking,46357,46294,46357,63
right_turning,46378,46357,46378,21
running,46401,46378,46401,23
stepping,46445,46401,46445,44
running,46465,46445,46465,20
walking,46466,46465,46466,1
sniffing,46467,46466,46467,1
trotting,46516,46467,46516,49
walking,46566,46516,46566,50
grooming,46567,46566,46567,1
left_turning,46568,46567,46568,1
grooming,46630,46568,46630,62
sniffing,46631,46630,46631,1
grooming,46632,46631,46632,1
rising,46809,46632,46809,177
stepping,46833,46809,46833,24
right_turning,46905,46833,46905,72
left_turning,46925,46905,46925,20
sniffing,47048,46925,47048,123
walking,47049,47048,47049,1
stepping,47096,47049,47096,47
sniffing,47165,47096,47165,69
walking,47190,47165,47190,25
stepping,47233,47190,47233,43
grooming,47322,47233,47322,89
rising,47348,47322,47348,26
rearing,47351,47348,47351,3
walking,47379,47351,47379,28
sniffing,47455,47379,47455,76
grooming,47575,47455,47575,120
sniffing,47681,47575,47681,106
stepping,47690,47681,47690,9
climbing,47773,47690,47773,83
sniffing,47774,47773,47774,1
climbing,47859,47774,47859,85
walking,47938,47859,47938,79
stepping,47968,47938,47968,30
sniffing,47997,47968,47997,29
climbing,48113,47997,48113,116
rearing,48120,48113,48120,7
stepping,48188,48120,48188,68
sniffing,48277,48188,48277,89
left_turning,48393,48277,48393,116
climbing,48484,48393,48484,91
stepping,48534,48484,48534,50
grooming,48686,48534,48686,152
climbing,48687,48686,48687,1
rearing,48784,48687,48784,97
grooming,49368,48784,49368,584
scratching,49369,49368,49369,1
left_turning,49420,49369,49420,51
walking,49435,49420,49435,15
sniffing,49527,49435,49527,92
walking,49585,49527,49585,58
stepping,49672,49585,49672,87
sniffing,49680,49672,49680,8
walking,49681,49680,49681,1
stepping,49682,49681,49682,1
sniffing,49747,49682,49747,65
stepping,49866,49747,49866,119
grooming,50069,49866,50069,203
sniffing,50070,50069,50070,1
right_turning,50084,50070,50084,14
grooming,50085,50084,50085,1
trotting,50152,50085,50152,67
walking,50217,50152,50217,65
sniffing,50258,50217,50258,41
trotting,50306,50258,50306,48
rearing,50307,50306,50307,1
rising,50336,50307,50336,29
climbing,50392,50336,50392,56
walking,50412,50392,50412,20
stepping,50443,50412,50443,31
sniffing,50512,50443,50512,69
rearing,50513,50512,50513,1
hunching,50561,50513,50561,48
grooming,50932,50561,50932,371
hunching,51009,50932,51009,77
rearing,51039,51009,51039,30
left_turning,51084,51039,51084,45
stepping,51154,51084,51154,70
left_turning,51165,51154,51165,11
sniffing,51182,51165,51182,17
walking,51241,51182,51241,59
sniffing,51242,51241,51242,1
grooming,51243,51242,51243,1
scratching,51244,51243,51244,1
grooming,51306,51244,51306,62
rearing,51373,51306,51373,67
grooming,51374,51373,51374,1
sniffing,51410,51374,51410,36
rising,51411,51410,51411,1
climbing,51446,51411,51446,35
grooming,51447,51446,51447,1
sniffing,51448,51447,51448,1
stepping,51481,51448,51481,33
left_turning,51540,51481,51540,59
trotting,51594,51540,51594,54
sniffing,51632,51594,51632,38
left_turning,51692,51632,51692,60
sniffing,51734,51692,51734,42
stepping,51748,51734,51748,14
rearing,51771,51748,51771,23
climbing,51951,51771,51951,180
trotting,51978,51951,51978,27
walking,52048,51978,52048,70
stepping,52083,52048,52083,35
climbing,52348,52083,52348,265
stepping,52466,52348,52466,118
walking,52515,52466,52515,49
trotting,52516,52515,52516,1
sniffing,52557,52516,52557,41
rising,52576,52557,52576,19
sniffing,52648,52576,52648,72
trotting,52650,52648,52650,2
sniffing,52705,52650,52705,55
trotting,52717,52705,52717,12
stepping,52730,52717,52730,13
sniffing,52748,52730,52748,18
grooming,52749,52748,52749,1
rearing,52750,52749,52750,1
left_turning,52751,52750,52751,1
grooming,52818,52751,52818,67
sniffing,52936,52818,52936,118
rearing,53014,52936,53014,78
grooming,53015,53014,53015,1
sniffing,53016,53015,53016,1
stepping,53060,53016,53060,44
walking,53132,53060,53132,72
trotting,53164,53132,53164,32
rising,53165,53164,53165,1
stepping,53197,53165,53197,32
walking,53310,53197,53310,113
sniffing,53388,53310,53388,78
left_turning,53457,53388,53457,69
sniffing,53634,53457,53634,177
right_turning,53666,53634,53666,32
climbing,53725,53666,53725,59
walking,53915,53725,53915,190
rising,53940,53915,53940,25
rearing,53974,53940,53974,34
climbing,53998,53974,53998,24
stepping,54023,53998,54023,25
grooming,54024,54023,54024,1
rising,54084,54024,54084,60
sniffing,54098,54084,54098,14
walking,54099,54098,54099,1
left_turning,54130,54099,54130,31
walking,54185,54130,54185,55
sniffing,54216,54185,54216,31
stepping,54266,54216,54266,50
trotting,54291,54266,54291,25
walking,54440,54291,54440,149
trotting,54441,54440,54441,1
rising,54505,54441,54505,64
climbing,54549,54505,54549,44
walking,54635,54549,54635,86
left_turning,54667,54635,54667,32
grooming,55253,54667,55253,586
rearing,55263,55253,55263,10
climbing,55264,55263,55264,1
walking,55282,55264,55282,18
stepping,55316,55282,55316,34
walking,55447,55316,55447,131
rising,55464,55447,55464,17
grooming,55465,55464,55465,1
hunching,55497,55465,55497,32
rearing,55557,55497,55557,60
walking,55594,55557,55594,37
running,55624,55594,55624,30
sniffing,55685,55624,55685,61
stepping,55737,55685,55737,52
rearing,55745,55737,55745,8
climbing,55803,55745,55803,58
stepping,55848,55803,55848,45
sniffing,55849,55848,55849,1
walking,55935,55849,55935,86
stepping,55985,55935,55985,50
grooming,56116,55985,56116,131
sniffing,56217,56116,56217,101
stepping,56258,56217,56258,41
sniffing,56294,56258,56294,36
walking,56295,56294,56295,1
rearing,56350,56295,56350,55
stepping,56399,56350,56399,49
walking,56440,56399,56440,41
rising,56449,56440,56449,9
stepping,56470,56449,56470,21
rising,56472,56470,56472,2
rearing,56481,56472,56481,9
grooming,56482,56481,56482,1
walking,56503,56482,56503,21
sniffing,56588,56503,56588,85
stepping,56634,56588,56634,46
rising,56635,56634,56635,1
left_turning,56636,56635,56636,1
trotting,56637,56636,56637,1
stepping,56659,56637,56659,22
running,56695,56659,56695,36
walking,56744,56695,56744,49
stepping,56749,56744,56749,5
grooming,56761,56749,56761,12
rising,56793,56761,56793,32
sniffing,56889,56793,56889,96
stepping,56941,56889,56941,52
rising,56946,56941,56946,5
climbing,57008,56946,57008,62
rising,57029,57008,57029,21
stepping,57050,57029,57050,21
sniffing,57132,57050,57132,82
grooming,57143,57132,57143,11
trotting,57144,57143,57144,1
rising,57220,57144,57220,76
sniffing,57361,57220,57361,141
stepping,57415,57361,57415,54
rising,57464,57415,57464,49
hunching,57521,57464,57521,57
stepping,57522,57521,57522,1
walking,57528,57522,57528,6
stepping,57589,57528,57589,61
grooming,58073,57589,58073,484
sniffing,58117,58073,58117,44
walking,58164,58117,58164,47
sniffing,58167,58164,58167,3
grooming,58425,58167,58425,258
sniffing,58528,58425,58528,103
rising,58534,58528,58534,6
left_turning,58552,58534,58552,18
stepping,58598,58552,58598,46
walking,58620,58598,58620,22
rising,58628,58620,58628,8
rearing,58747,58628,58747,119
trotting,58784,58747,58784,37
left_turning,58844,58784,58844,60
sniffing,58948,58844,58948,104
rearing,58978,58948,58978,30
grooming,59488,58978,59488,510
walking,59546,59488,59546,58
trotting,59577,59546,59577,31
walking,59630,59577,59630,53
sniffing,59631,59630,59631,1
rising,59648,59631,59648,17
hunching,59664,59648,59664,16
rising,59742,59664,59742,78
left_turning,59799,59742,59799,57
sniffing,59920,59799,59920,121
stepping,59977,59920,59977,57
rising,60005,59977,60005,28
climbing,60022,60005,60022,17
grooming,60138,60022,60138,116
sniffing,60198,60138,60198,60
stepping,60199,60198,60199,1
sniffing,60310,60199,60310,111
grooming,60311,60310,60311,1
rising,60337,60311,60337,26
sniffing,60432,60337,60432,95
walking,60473,60432,60473,41
trotting,60482,60473,60482,9
rising,60487,60482,60487,5
grooming,60510,60487,60510,23
left_turning,60529,60510,60529,19
sniffing,60586,60529,60586,57
scratching,60587,60586,60587,1
sniffing,60702,60587,60702,115
stepping,60719,60702,60719,17
sniffing,60859,60719,60859,140
grooming,61069,60859,61069,210
trotting,61107,61069,61107,38
walking,61129,61107,61129,22
sniffing,61130,61129,61130,1
stepping,61198,61130,61198,68
climbing,61256,61198,61256,58
trotting,61310,61256,61310,54
stepping,61349,61310,61349,39
grooming,61461,61349,61461,112
left_turning,61470,61461,61470,9
sniffing,61550,61470,61550,80
trotting,61551,61550,61551,1
sniffing,61635,61551,61635,84
walking,61636,61635,61636,1
stepping,61698,61636,61698,62
hunching,61742,61698,61742,44
rearing,61743,61742,61743,1
walking,61791,61743,61791,48
stepping,61811,61791,61811,20
sniffing,62131,61811,62131,320
right_turning,62156,62131,62156,25
stepping,62157,62156,62157,1
rearing,62186,62157,62186,29
grooming,62187,62186,62187,1
hunching,62188,62187,62188,1
rearing,62224,62188,62224,36
climbing,62299,62224,62299,75
rising,62344,62299,62344,45
grooming,62354,62344,62354,10
rising,62397,62354,62397,43
walking,62408,62397,62408,11
sniffing,62419,62408,62419,11
pausing,62511,62419,62511,92
sniffing,62512,62511,62512,1
left_turning,62609,62512,62609,97
sniffing,62676,62609,62676,67
climbing,62813,62676,62813,137
rising,62860,62813,62860,47
rearing,63058,62860,63058,198
rising,63091,63058,63091,33
sniffing,63239,63091,63239,148
rising,63240,63239,63240,1
grooming,63252,63240,63252,12
rising,63253,63252,63253,1
rearing,63323,63253,63323,70
stepping,63341,63323,63341,18
sniffing,63367,63341,63367,26
rising,63382,63367,63382,15
rearing,63508,63382,63508,126
climbing,63651,63508,63651,143
stepping,63660,63651,63660,9
grooming,63661,63660,63661,1
walking,63749,63661,63749,88
sniffing,63762,63749,63762,13
scratching,63763,63762,63763,1
grooming,64247,63763,64247,484
walking,64248,64247,64248,1
stepping,64295,64248,64295,47
walking,64322,64295,64322,27
sniffing,64333,64322,64333,11
rearing,64353,64333,64353,20
climbing,64454,64353,64454,101
walking,64546,64454,64546,92
stepping,64589,64546,64589,43
sniffing,64590,64589,64590,1
left_turning,64600,64590,64600,10
rising,64682,64600,64682,82
hunching,64691,64682,64691,9
rearing,64692,64691,64692,1
grooming,65000,64692,65000,308
sniffing,65016,65000,65016,16
stepping,65093,65016,65093,77
walking,65100,65093,65100,7
sniffing,65183,65100,65183,83
rearing,65274,65183,65274,91
stepping,65311,65274,65311,37
sniffing,65431,65311,65431,120
rising,65489,65431,65489,58
rearing,65490,65489,65490,1
hunching,65559,65490,65559,69
climbing,65595,65559,65595,36
sniffing,65683,65595,65683,88
rising,65818,65683,65818,135
climbing,65912,65818,65912,94
left_turning,65955,65912,65955,43
stepping,66006,65955,66006,51
walking,66050,66006,66050,44
sniffing,66085,66050,66085,35
stepping,66190,66085,66190,105
walking,66201,66190,66201,11
sniffing,66202,66201,66202,1
climbing,66207,66202,66207,5
rearing,66215,66207,66215,8
grooming,66489,66215,66489,274
sniffing,66538,66489,66538,49
rising,66616,66538,66616,78
sniffing,66729,66616,66729,113
stepping,66768,66729,66768,39
climbing,66880,66768,66880,112
rising,66935,66880,66935,55
left_turning,66997,66935,66997,62
sniffing,67097,66997,67097,100
left_turning,67109,67097,67109,12
climbing,67110,67109,67110,1
rearing,67120,67110,67120,10
climbing,67195,67120,67195,75
left_turning,67210,67195,67210,15
grooming,67432,67210,67432,222
stepping,67458,67432,67458,26
walking,67476,67458,67476,18
sniffing,67599,67476,67599,123
rising,67696,67599,67696,97
sniffing,67803,67696,67803,107
stepping,67804,67803,67804,1
grooming,67985,67804,67985,181
rearing,67986,67985,67986,1
sniffing,68026,67986,68026,40
trotting,68086,68026,68086,60
walking,68095,68086,68095,9
sniffing,68145,68095,68145,50
rearing,68155,68145,68155,10
grooming,68156,68155,68156,1
rising,68157,68156,68157,1
climbing,68225,68157,68225,68
sniffing,68411,68225,68411,186
stepping,68427,68411,68427,16
sniffing,68490,68427,68490,63
left_turning,68570,68490,68570,80
trotting,68632,68570,68632,62
rising,68672,68632,68672,40
climbing,68673,68672,68673,1
rearing,68697,68673,68697,24
grooming,68872,68697,68872,175
left_turning,68905,68872,68905,33
rising,68920,68905,68920,15
sniffing,68973,68920,68973,53
walking,69005,68973,69005,32
stepping,69077,69005,69077,72
rearing,69078,69077,69078,1
rising,69092,69078,69092,14
climbing,69187,69092,69187,95
rearing,69268,69187,69268,81
walking,69340,69268,69340,72
left_turning,69342,69340,69342,2
grooming,69497,69342,69497,155
sniffing,69562,69497,69562,65
scratching,69563,69562,69563,1
sniffing,69631,69563,69631,68
grooming,69632,69631,69632,1
rising,69687,69632,69687,55
rearing,69731,69687,69731,44
rising,69763,69731,69763,32
rearing,69828,69763,69828,65
climbing,69863,69828,69863,35
grooming,70119,69863,70119,256
rising,70120,70119,70120,1
grooming,70306,70120,70306,186
sniffing,70396,70306,70396,90
rising,70406,70396,70406,10
sniffing,70580,70406,70580,174
stepping,70616,70580,70616,36
rising,70650,70616,70650,34
rearing,70685,70650,70685,35
climbing,70821,70685,70821,136
grooming,71045,70821,71045,224
sniffing,71048,71045,71048,3
rearing,71077,71048,71077,29
grooming,71319,71077,71319,242
rising,71403,71319,71403,84
sniffing,71457,71403,71457,54
climbing,71568,71457,71568,111
walking,71569,71568,71569,1
rearing,71670,71569,71670,101
climbing,71676,71670,71676,6
sniffing,71724,71676,71724,48
stepping,71764,71724,71764,40
grooming,71904,71764,71904,140
stepping,71949,71904,71949,45
climbing,72044,71949,72044,95
stepping,72050,72044,72050,6
sniffing,72106,72050,72106,56
right_turning,72107,72106,72107,1
sniffing,72108,72107,72108,1
grooming,72185,72108,72185,77
rising,72186,72185,72186,1
grooming,72327,72186,72327,141
sniffing,72360,72327,72360,33
stepping,72361,72360,72361,1
sniffing,72362,72361,72362,1
stepping,72387,72362,72387,25
walking,72445,72387,72445,58
sniffing,72745,72445,72745,300
rearing,72810,72745,72810,65
climbing,72867,72810,72867,57
left_turning,72880,72867,72880,13
walking,72900,72880,72900,20
sniffing,72995,72900,72995,95
rising,73029,72995,73029,34
climbing,73169,73029,73169,140
trotting,73188,73169,73188,19
stepping,73257,73188,73257,69
sniffing,73258,73257,73258,1
climbing,73259,73258,73259,1
sniffing,73382,73259,73382,123
climbing,73442,73382,73442,60
left_turning,73443,73442,73443,1
stepping,73445,73443,73445,2
rearing,73456,73445,73456,11
rising,73504,73456,73504,48
climbing,73524,73504,73524,20
rearing,73596,73524,73596,72
climbing,73615,73596,73615,19
rearing,73707,73615,73707,92
stepping,73741,73707,73741,34
rearing,73768,73741,73768,27
grooming,73774,73768,73774,6
sniffing,73786,73774,73786,12
trotting,73829,73786,73829,43
sniffing,73935,73829,73935,106
walking,74001,73935,74001,66
sniffing,74057,74001,74057,56
left_turning,74068,74057,74068,11
sniffing,74174,74068,74174,106
stepping,74222,74174,74222,48
climbing,74284,74222,74284,62
sniffing,74310,74284,74310,26
pausing,74532,74310,74532,222
sniffing,74533,74532,74533,1
rearing,74588,74533,74588,55
grooming,74589,74588,74589,1
left_turning,74598,74589,74598,9
stepping,74632,74598,74632,34
sniffing,74721,74632,74721,89
walking,74762,74721,74762,41
sniffing,74799,74762,74799,37
rising,74800,74799,74800,1
climbing,74832,74800,74832,32
walking,74862,74832,74862,30
sniffing,74884,74862,74884,22
grooming,75178,74884,75178,294
climbing,75217,75178,75217,39
rearing,75218,75217,75218,1
hunching,75224,75218,75224,6
rearing,75278,75224,75278,54
grooming,75293,75278,75293,15
sniffing,75374,75293,75374,81
stepping,75389,75374,75389,15
trotting,75459,75389,75459,70
sniffing,75564,75459,75564,105
right_turning,75592,75564,75592,28
rising,75608,75592,75608,16
climbing,75613,75608,75613,5
rearing,75634,75613,75634,21
grooming,75635,75634,75635,1
rearing,75739,75635,75739,104
grooming,76026,75739,76026,287
climbing,76116,76026,76116,90
walking,76201,76116,76201,85
sniffing,76249,76201,76249,48
left_turning,76258,76249,76258,9
stepping,76292,76258,76292,34
grooming,76378,76292,76378,86
rising,76421,76378,76421,43
sniffing,76702,76421,76702,281
climbing,76773,76702,76773,71
rearing,76829,76773,76829,56
grooming,77347,76829,77347,518
running,77375,77347,77375,28
walking,77391,77375,77391,16
left_turning,77453,77391,77453,62
sniffing,77649,77453,77649,196
grooming,77841,77649,77841,192
rearing,77947,77841,77947,106
left_turning,78006,77947,78006,59
walking,78077,78006,78077,71
trotting,78099,78077,78099,22
walking,78156,78099,78156,57
stepping,78168,78156,78168,12
climbing,78288,78168,78288,120
trotting,78291,78288,78291,3
stepping,78292,78291,78292,1
walking,78329,78292,78329,37
climbing,78330,78329,78330,1
rising,78368,78330,78368,38
grooming,78369,78368,78369,1
running,78403,78369,78403,34
trotting,78425,78403,78425,22
sniffing,78480,78425,78480,55
grooming,79003,78480,79003,523
sniffing,79066,79003,79066,63
walking,79121,79066,79121,55
climbing,79140,79121,79140,19
left_turning,79183,79140,79183,43
sniffing,79362,79183,79362,179
stepping,79383,79362,79383,21
walking,79434,79383,79434,51
running,79458,79434,79458,24
rising,79528,79458,79528,70
sniffing,79636,79528,79636,108
walking,79669,79636,79669,33
stepping,79744,79669,79744,75
sniffing,79825,79744,79825,81
climbing,79826,79825,79826,1
grooming,79850,79826,79850,24
walking,79903,79850,79903,53
rearing,79972,79903,79972,69
stepping,79976,79972,79976,4
climbing,80124,79976,80124,148
rising,80129,80124,80129,5
climbing,80146,80129,80146,17
walking,80207,80146,80207,61
stepping,80289,80207,80289,82
walking,80339,80289,80339,50
climbing,80436,80339,80436,97
grooming,80558,80436,80558,122
left_turning,80580,80558,80580,22
hunching,80703,80580,80703,123
grooming,80920,80703,80920,217
rearing,80958,80920,80958,38
rising,80990,80958,80990,32
rearing,81015,80990,81015,25
hunching,81105,81015,81105,90
grooming,81106,81105,81106,1
sniffing,81140,81106,81140,34
right_turning,81160,81140,81160,20
walking,81196,81160,81196,36
rearing,81256,81196,81256,60
walking,81289,81256,81289,33
climbing,81380,81289,81380,91
rising,81381,81380,81381,1
rearing,81382,81381,81382,1
grooming,81764,81382,81764,382
left_turning,81766,81764,81766,2
sniffing,81893,81766,81893,127
pausing,82254,81893,82254,361
sniffing,82255,82254,82255,1
stepping,82269,82255,82269,14
rising,82336,82269,82336,67
sniffing,82709,82336,82709,373
walking,82760,82709,82760,51
right_turning,82783,82760,82783,23
grooming,83498,82783,83498,715
scratching,83499,83498,83499,1
right_turning,83500,83499,83500,1
stepping,83526,83500,83526,26
sniffing,83629,83526,83629,103
rearing,83782,83629,83782,153
sniffing,83941,83782,83941,159
stepping,83949,83941,83949,8
climbing,83950,83949,83950,1
walking,83989,83950,83989,39
climbing,84029,83989,84029,40
grooming,84319,84029,84319,290
rising,84423,84319,84423,104
sniffing,84461,84423,84461,38
running,84472,84461,84472,11
trotting,84485,84472,84485,13
walking,84486,84485,84486,1
grooming,84487,84486,84487,1
rising,84592,84487,84592,105
sniffing,84633,84592,84633,41
stepping,84684,84633,84684,51
climbing,84689,84684,84689,5
running,84736,84689,84736,47
sniffing,84858,84736,84858,122
walking,84958,84858,84958,100
sniffing,84959,84958,84959,1
walking,84960,84959,84960,1
sniffing,84961,84960,84961,1
rearing,85016,84961,85016,55
grooming,85375,85016,85375,359
rearing,85529,85375,85529,154
stepping,85572,85529,85572,43
sniffing,85659,85572,85659,87
rising,85660,85659,85660,1
rearing,85795,85660,85795,135
hunching,85861,85795,85861,66
sniffing,85970,85861,85970,109
right_turning,85973,85970,85973,3
climbing,86104,85973,86104,131
stepping,86141,86104,86141,37
rearing,86172,86141,86172,31
climbing,86173,86172,86173,1
running,86196,86173,86196,23
trotting,86214,86196,86214,18
walking,86306,86214,86306,92
sniffing,86334,86306,86334,28
stepping,86361,86334,86361,27
walking,86442,86361,86442,81
stepping,86487,86442,86487,45
sniffing,86488,86487,86488,1
rising,86570,86488,86570,82
rearing,86616,86570,86616,46
climbing,86652,86616,86652,36
left_turning,86675,86652,86675,23
sniffing,86676,86675,86676,1
grooming,87046,86676,87046,370
rearing,87064,87046,87064,18
hunching,87103,87064,87103,39
grooming,87104,87103,87104,1
right_turning,87176,87104,87176,72
walking,87203,87176,87203,27
hunching,87229,87203,87229,26
grooming,87230,87229,87230,1
rearing,87268,87230,87268,38
left_turning,87277,87268,87277,9
walking,87329,87277,87329,52
stepping,87332,87329,87332,3
sniffing,87333,87332,87333,1
walking,87377,87333,87377,44
trotting,87400,87377,87400,23
sniffing,87586,87400,87586,186
rearing,87598,87586,87598,12
grooming,87726,87598,87726,128
rearing,87783,87726,87783,57
trotting,87861,87783,87861,78
rearing,87862,87861,87862,1
grooming,87903,87862,87903,41
rising,87986,87903,87986,83
grooming,88176,87986,88176,190
rearing,88184,88176,88184,8
grooming,88185,88184,88185,1
rearing,88200,88185,88200,15
climbing,88225,88200,88225,25
rearing,88286,88225,88286,61
climbing,88295,88286,88295,9
walking,88338,88295,88338,43
rising,88459,88338,88459,121
grooming,88645,88459,88645,186
rearing,88646,88645,88646,1
sniffing,88761,88646,88761,115
rearing,88789,88761,88789,28
grooming,89036,88789,89036,247
climbing,89091,89036,89091,55
right_turning,89138,89091,89138,47
trotting,89188,89138,89188,50
stepping,89227,89188,89227,39
climbing,89347,89227,89347,120
walking,89398,89347,89398,51
grooming,89402,89398,89402,4
sniffing,89571,89402,89571,169
grooming,89696,89571,89696,125
rearing,89789,89696,89789,93
climbing,90038,89789,90038,249
left_turning,90039,90038,90039,1
grooming,90237,90039,90237,198
sniffing,90610,90237,90610,373
right_turning,90628,90610,90628,18
walking,90665,90628,90665,37
trotting,90691,90665,90691,26
climbing,90755,90691,90755,64
grooming,90847,90755,90847,92
climbing,90934,90847,90934,87
stepping,91015,90934,91015,81
sniffing,91016,91015,91016,1
stepping,91081,91016,91081,65
rising,91145,91081,91145,64
sniffing,91146,91145,91146,1
walking,91229,91146,91229,83
sniffing,91230,91229,91230,1
stepping,91254,91230,91254,24
sniffing,91404,91254,91404,150
rearing,91470,91404,91470,66
climbing,91515,91470,91515,45
sniffing,91666,91515,91666,151
scratching,91667,91666,91667,1
running,91678,91667,91678,11
trotting,91739,91678,91739,61
stepping,91806,91739,91806,67
sniffing,91807,91806,91807,1
scratching,91808,91807,91808,1
sniffing,91956,91808,91956,148
stepping,92048,91956,92048,92
sniffing,92055,92048,92055,7
hunching,92092,92055,92092,37
rearing,92152,92092,92152,60
sniffing,92369,92152,92369,217
right_turning,92375,92369,92375,6
climbing,92449,92375,92449,74
sniffing,92450,92449,92450,1
trotting,92501,92450,92501,51
sniffing,92621,92501,92621,120
grooming,92709,92621,92709,88
rising,92805,92709,92805,96
climbing,92857,92805,92857,52
trotting,92869,92857,92869,12
stepping,92870,92869,92870,1
climbing,92885,92870,92885,15
trotting,92901,92885,92901,16
stepping,92944,92901,92944,43
right_turning,92954,92944,92954,10
stepping,92991,92954,92991,37
sniffing,93108,92991,93108,117
stepping,93116,93108,93116,8
sniffing,93175,93116,93175,59
rising,93253,93175,93253,78
walking,93316,93253,93316,63
rising,93360,93316,93360,44
sniffing,93361,93360,93361,1
rising,93419,93361,93419,58
left_turning,93474,93419,93474,55
stepping,93563,93474,93563,89
walking,93564,93563,93564,1
sniffing,93663,93564,93663,99
climbing,93777,93663,93777,114
rising,93781,93777,93781,4
sniffing,93841,93781,93841,60
climbing,93940,93841,93940,99
stepping,94005,93940,94005,65
climbing,94054,94005,94054,49
rearing,94090,94054,94090,36
grooming,94091,94090,94091,1
hunching,94158,94091,94158,67
stepping,94208,94158,94208,50
rising,94209,94208,94209,1
sniffing,94268,94209,94268,59
walking,94323,94268,94323,55
sniffing,94689,94323,94689,366
grooming,94690,94689,94690,1
rearing,94691,94690,94691,1
grooming,94692,94691,94692,1
climbing,94774,94692,94774,82
walking,94884,94774,94884,110
stepping,94903,94884,94903,19
sniffing,95196,94903,95196,293
grooming,95583,95196,95583,387
rearing,95660,95583,95660,77
climbing,95736,95660,95736,76
walking,95807,95736,95807,71
sniffing,95903,95807,95903,96
rising,95933,95903,95933,30
climbing,95949,95933,95949,16
right_turning,95997,95949,95997,48
walking,95998,95997,95998,1
stepping,96057,95998,96057,59
grooming,96227,96057,96227,170
walking,96306,96227,96306,79
sniffing,96329,96306,96329,23
rising,96405,96329,96405,76
rearing,96454,96405,96454,49
rising,96455,96454,96455,1
grooming,96627,96455,96627,172
rearing,96686,96627,96686,59
grooming,96687,96686,96687,1
scratching,96688,96687,96688,1
sniffing,96854,96688,96854,166
left_turning,96897,96854,96897,43
climbing,97018,96897,97018,121
grooming,97374,97018,97374,356
sniffing,97445,97374,97445,71
grooming,97446,97445,97446,1
climbing,97648,97446,97648,202
rising,97675,97648,97675,27
climbing,97820,97675,97820,145
left_turning,97854,97820,97854,34
trotting,97908,97854,97908,54
sniffing,97999,97908,97999,91
rising,98000,97999,98000,1
right_turning,98005,98000,98005,5
walking,98015,98005,98015,10
sniffing,98208,98015,98208,193
climbing,98362,98208,98362,154
grooming,98363,98362,98363,1
sniffing,98421,98363,98421,58
walking,98441,98421,98441,20
rising,98444,98441,98444,3
stepping,98514,98444,98514,70
walking,98556,98514,98556,42
rising,98557,98556,98557,1
left_turning,98558,98557,98558,1
stepping,98595,98558,98595,37
rearing,98643,98595,98643,48
grooming,98900,98643,98900,257
trotting,98927,98900,98927,27
sniffing,99040,98927,99040,113
climbing,99131,99040,99131,91
rising,99132,99131,99132,1
left_turning,99133,99132,99133,1
rearing,99203,99133,99203,70
grooming,99447,99203,99447,244
rearing,99473,99447,99473,26
rising,99513,99473,99513,40
grooming,99785,99513,99785,272
stepping,99825,99785,99825,40
right_turning,99866,99825,99866,41
left_turning,99917,99866,99917,51
walking,99966,99917,99966,49
stepping,100006,99966,100006,40
sniffing,100115,100006,100115,109
stepping,100183,100115,100183,68
climbing,100184,100183,100184,1
running,100211,100184,100211,27
left_turning,100212,100211,100212,1
hunching,100240,100212,100240,28
grooming,101187,100240,101187,947
rearing,101214,101187,101214,27
climbing,101277,101214,101277,63
rising,101330,101277,101330,53
grooming,101331,101330,101331,1
rearing,101366,101331,101366,35
sniffing,101424,101366,101424,58
left_turning,101452,101424,101452,28
rearing,101552,101452,101552,100
sniffing,101553,101552,101553,1
trotting,101590,101553,101590,37
jumping,101591,101590,101591,1
rearing,101607,101591,101607,16
climbing,101649,101607,101649,42
stepping,101702,101649,101702,53
rising,101777,101702,101777,75
grooming,101778,101777,101778,1
hunching,101801,101778,101801,23
rearing,101825,101801,101825,24
sniffing,101893,101825,101893,68
walking,101950,101893,101950,57
stepping,102004,101950,102004,54
sniffing,102005,102004,102005,1
left_turning,102052,102005,102052,47
running,102095,102052,102095,43
trotting,102133,102095,102133,38
walking,102155,102133,102155,22
stepping,102184,102155,102184,29
right_turning,102193,102184,102193,9
trotting,102213,102193,102213,20
stepping,102233,102213,102233,20
sniffing,102306,102233,102306,73
walking,102313,102306,102313,7
sniffing,102434,102313,102434,121
stepping,102478,102434,102478,44
hunching,102561,102478,102561,83
grooming,102981,102561,102981,420
hunching,103009,102981,103009,28
grooming,103010,103009,103010,1
sniffing,103011,103010,103011,1
rearing,103117,103011,103117,106
hunching,103151,103117,103151,34
rearing,103305,103151,103305,154
hunching,103387,103305,103387,82
grooming,103396,103387,103396,9
rearing,103434,103396,103434,38
rising,103435,103434,103435,1
left_turning,103495,103435,103495,60
trotting,103539,103495,103539,44
running,103567,103539,103567,28
walking,103596,103567,103596,29
sniffing,103610,103596,103610,14
walking,103620,103610,103620,10
right_turning,103668,103620,103668,48
sniffing,103680,103668,103680,12
left_turning,103716,103680,103716,36
grooming,104021,103716,104021,305
sniffing,104046,104021,104046,25
rearing,104116,104046,104116,70
hunching,104158,104116,104158,42
walking,104163,104158,104163,5
climbing,104234,104163,104234,71
right_turning,104252,104234,104252,18
sniffing,104400,104252,104400,148
rising,104497,104400,104497,97
grooming,104498,104497,104498,1
sniffing,104508,104498,104508,10
stepping,104527,104508,104527,19
sniffing,104633,104527,104633,106
stepping,104640,104633,104640,7
sniffing,104733,104640,104733,93
stepping,104734,104733,104734,1
sniffing,104766,104734,104766,32
left_turning,104832,104766,104832,66
sniffing,104864,104832,104864,32
stepping,104911,104864,104911,47
sniffing,104912,104911,104912,1
rising,104928,104912,104928,16
hunching,105011,104928,105011,83
grooming,105389,105011,105389,378
sniffing,105402,105389,105402,13
stepping,105494,105402,105494,92
trotting,105503,105494,105503,9
sniffing,105559,105503,105559,56
left_turning,105661,105559,105661,102
rising,105672,105661,105672,11
grooming,105890,105672,105890,218
right_turning,105920,105890,105920,30
climbing,105947,105920,105947,27
trotting,105970,105947,105970,23
sniffing,106088,105970,106088,118
rising,106099,106088,106099,11
rearing,106197,106099,106197,98
sniffing,106281,106197,106281,84
scratching,106282,106281,106282,1
left_turning,106326,106282,106326,44
rising,106426,106326,106426,100
sniffing,106698,106426,106698,272
grooming,106699,106698,106699,1
rising,106792,106699,106792,93
climbing,106854,106792,106854,62
rising,106855,106854,106855,1
sniffing,106912,106855,106912,57
stepping,106954,106912,106954,42
sniffing,106998,106954,106998,44
right_turning,107029,106998,107029,31
stepping,107086,107029,107086,57
rising,107107,107086,107107,21
sniffing,107291,107107,107291,184
walking,107346,107291,107346,55
stepping,107392,107346,107392,46
sniffing,107461,107392,107461,69
walking,107533,107461,107533,72
sniffing,107640,107533,107640,107
left_turning,107670,107640,107670,30
sniffing,107757,107670,107757,87
right_turning,107758,107757,107758,1
walking,107786,107758,107786,28
sniffing,107917,107786,107917,131
stepping,107980,107917,107980,63
walking,108000,107980,108000,20
