revised_movement_label,segBoundary,segBoundary_start,segBoundary_end,length
sniffing,27,0,27,27
rising,55,27,55,28
rearing,97,55,97,42
sniffing,175,97,175,78
rising,235,175,235,60
sniffing,384,235,384,149
walking,498,384,498,114
left_turning,501,498,501,3
stepping,555,501,555,54
trotting,603,555,603,48
running,649,603,649,46
walking,656,649,656,7
rising,710,656,710,54
left_turning,753,710,753,43
grooming,758,753,758,5
rising,798,758,798,40
rearing,850,798,850,52
grooming,908,850,908,58
left_turning,909,908,909,1
sniffing,910,909,910,1
walking,962,910,962,52
sniffing,998,962,998,36
right_turning,1013,998,1013,15
walking,1056,1013,1056,43
trotting,1076,1056,1076,20
walking,1077,1076,1077,1
rising,1140,1077,1140,63
left_turning,1141,1140,1141,1
stepping,1164,1141,1164,23
walking,1199,1164,1199,35
sniffing,1244,1199,1244,45
rising,1304,1244,1304,60
stepping,1423,1304,1423,119
rising,1424,1423,1424,1
right_turning,1458,1424,1458,34
walking,1460,1458,1460,2
trotting,1493,1460,1493,33
grooming,1494,1493,1494,1
climbing,1562,1494,1562,68
hunching,1594,1562,1594,32
grooming,1751,1594,1751,157
hunching,1784,1751,1784,33
climbing,1832,1784,1832,48
hunching,1857,1832,1857,25
grooming,1952,1857,1952,95
sniffing,2052,1952,2052,100
rising,2082,2052,2082,30
sniffing,2083,2082,2083,1
rising,2091,2083,2091,8
sniffing,2116,2091,2116,25
stepping,2164,2116,2164,48
walking,2179,2164,2179,15
stepping,2222,2179,2222,43
grooming,2247,2222,2247,25
trotting,2266,2247,2266,19
sniffing,2340,2266,2340,74
right_turning,2346,2340,2346,6
walking,2360,2346,2360,14
trotting,2427,2360,2427,67
walking,2457,2427,2457,30
stepping,2556,2457,2556,99
trotting,2589,2556,2589,33
walking,2590,2589,2590,1
rising,2640,2590,2640,50
grooming,2641,2640,2641,1
sniffing,2721,2641,2721,80
rising,2773,2721,2773,52
sniffing,2812,2773,2812,39
rising,2868,2812,2868,56
right_turning,2869,2868,2869,1
sniffing,2870,2869,2870,1
walking,2891,2870,2891,21
rising,2968,2891,2968,77
sniffing,3100,2968,3100,132
hunching,3159,3100,3159,59
grooming,3270,3159,3270,111
left_turning,3298,3270,3298,28
running,3332,3298,3332,34
trotting,3367,3332,3367,35
walking,3411,3367,3411,44
sniffing,3442,3411,3442,31
walking,3519,3442,3519,77
trotting,3520,3519,3520,1
sniffing,3568,3520,3568,48
grooming,3629,3568,3629,61
walking,3700,3629,3700,71
running,3705,3700,3705,5
walking,3714,3705,3714,9
sniffing,3765,3714,3765,51
rising,3810,3765,3810,45
rearing,3893,3810,3893,83
left_turning,3917,3893,3917,24
running,3924,3917,3924,7
walking,4003,3924,4003,79
sniffing,4004,4003,4004,1
left_turning,4049,4004,4049,45
walking,4086,4049,4086,37
rising,4087,4086,4087,1
grooming,4105,4087,4105,18
sniffing,4106,4105,4106,1
grooming,4141,4106,4141,35
rearing,4192,4141,4192,51
walking,4264,4192,4264,72
sniffing,4387,4264,4387,123
left_turning,4471,4387,4471,84
walking,4526,4471,4526,55
trotting,4527,4526,4527,1
sniffing,4657,4527,4657,130
grooming,4658,4657,4658,1
hunching,4663,4658,4663,5
walking,4734,4663,4734,71
stepping,4759,4734,4759,25
sniffing,4786,4759,4786,27
rising,4811,4786,4811,25
grooming,4890,4811,4890,79
running,4906,4890,4906,16
walking,4955,4906,4955,49
rising,5011,4955,5011,56
sniffing,5022,5011,5022,11
rising,5061,5022,5061,39
sniffing,5145,5061,5145,84
stepping,5232,5145,5232,87
sniffing,5233,5232,5233,1
rising,5256,5233,5256,23
sniffing,5293,5256,5293,37
rising,5317,5293,5317,24
rearing,5318,5317,5318,1
climbing,5348,5318,5348,30
grooming,5426,5348,5426,78
hunching,5458,5426,5458,32
walking,5493,5458,5493,35
trotting,5533,5493,5533,40
rising,5534,5533,5534,1
climbing,5579,5534,5579,45
rising,5580,5579,5580,1
left_turning,5612,5580,5612,32
stepping,5672,5612,5672,60
walking,5673,5672,5673,1
sniffing,5674,5673,5674,1
rising,5693,5674,5693,19
sniffing,5746,5693,5746,53
rising,5773,5746,5773,27
walking,5850,5773,5850,77
grooming,5935,5850,5935,85
walking,5983,5935,5983,48
sniffing,5995,5983,5995,12
walking,6055,5995,6055,60
sniffing,6161,6055,6161,106
stepping,6213,6161,6213,52
sniffing,6265,6213,6265,52
stepping,6327,6265,6327,62
running,6343,6327,6343,16
sniffing,6385,6343,6385,42
walking,6433,6385,6433,48
stepping,6472,6433,6472,39
walking,6551,6472,6551,79
sniffing,6594,6551,6594,43
grooming,6638,6594,6638,44
hunching,6700,6638,6700,62
running,6732,6700,6732,32
walking,6743,6732,6743,11
stepping,6753,6743,6753,10
sniffing,6811,6753,6811,58
running,6828,6811,6828,17
sniffing,6850,6828,6850,22
walking,6921,6850,6921,71
right_turning,6946,6921,6946,25
rising,6983,6946,6983,37
left_turning,7025,6983,7025,42
trotting,7035,7025,7035,10
sniffing,7135,7035,7135,100
rising,7136,7135,7136,1
right_turning,7159,7136,7159,23
running,7172,7159,7172,13
trotting,7173,7172,7173,1
walking,7175,7173,7175,2
rising,7186,7175,7186,11
climbing,7231,7186,7231,45
left_turning,7277,7231,7277,46
hunching,7292,7277,7292,15
left_turning,7311,7292,7311,19
walking,7337,7311,7337,26
stepping,7338,7337,7338,1
walking,7374,7338,7374,36
sniffing,7413,7374,7413,39
rising,7483,7413,7483,70
sniffing,7484,7483,7484,1
right_turning,7502,7484,7502,18
stepping,7529,7502,7529,27
sniffing,7620,7529,7620,91
walking,7694,7620,7694,74
stepping,7699,7694,7699,5
sniffing,7751,7699,7751,52
rising,7765,7751,7765,14
rearing,7772,7765,7772,7
hunching,7798,7772,7798,26
grooming,7931,7798,7931,133
sniffing,8042,7931,8042,111
grooming,8159,8042,8159,117
walking,8184,8159,8184,25
rising,8185,8184,8185,1
climbing,8260,8185,8260,75
hunching,8307,8260,8307,47
sniffing,8405,8307,8405,98
stepping,8441,8405,8441,36
walking,8465,8441,8465,24
rising,8497,8465,8497,32
grooming,8557,8497,8557,60
rising,8567,8557,8567,10
left_turning,8568,8567,8568,1
rising,8606,8568,8606,38
sniffing,8676,8606,8676,70
stepping,8705,8676,8705,29
right_turning,8727,8705,8727,22
sniffing,8754,8727,8754,27
left_turning,8767,8754,8767,13
walking,8790,8767,8790,23
trotting,8828,8790,8828,38
rearing,8829,8828,8829,1
hunching,8830,8829,8830,1
grooming,8831,8830,8831,1
left_turning,8832,8831,8832,1
grooming,8838,8832,8838,6
rearing,8839,8838,8839,1
left_turning,8871,8839,8871,32
walking,8923,8871,8923,52
rising,9010,8923,9010,87
sniffing,9078,9010,9078,68
walking,9079,9078,9079,1
sniffing,9080,9079,9080,1
grooming,9184,9080,9184,104
left_turning,9230,9184,9230,46
trotting,9257,9230,9257,27
stepping,9327,9257,9327,70
sniffing,9357,9327,9357,30
rising,9399,9357,9399,42
climbing,9429,9399,9429,30
rearing,9493,9429,9493,64
grooming,9600,9493,9600,107
rearing,9632,9600,9632,32
left_turning,9649,9632,9649,17
stepping,9653,9649,9653,4
walking,9811,9653,9811,158
sniffing,9848,9811,9848,37
stepping,9878,9848,9878,30
sniffing,9879,9878,9879,1
trotting,9957,9879,9957,78
rearing,10035,9957,10035,78
rising,10039,10035,10039,4
grooming,10040,10039,10040,1
left_turning,10041,10040,10041,1
walking,10042,10041,10042,1
stepping,10092,10042,10092,50
running,10111,10092,10111,19
climbing,10162,10111,10162,51
running,10174,10162,10174,12
trotting,10219,10174,10219,45
walking,10316,10219,10316,97
stepping,10317,10316,10317,1
grooming,10467,10317,10467,150
climbing,10533,10467,10533,66
rearing,10534,10533,10534,1
grooming,10644,10534,10644,110
rearing,10708,10644,10708,64
stepping,10774,10708,10774,66
sniffing,10861,10774,10861,87
walking,10903,10861,10903,42
grooming,10904,10903,10904,1
running,10946,10904,10946,42
walking,11008,10946,11008,62
stepping,11023,11008,11023,15
sniffing,11024,11023,11024,1
running,11060,11024,11060,36
stepping,11085,11060,11085,25
trotting,11086,11085,11086,1
stepping,11099,11086,11099,13
rearing,11100,11099,11100,1
sniffing,11133,11100,11133,33
walking,11134,11133,11134,1
grooming,11252,11134,11252,118
sniffing,11253,11252,11253,1
rearing,11299,11253,11299,46
grooming,11371,11299,11371,72
walking,11389,11371,11389,18
sniffing,11390,11389,11390,1
grooming,11418,11390,11418,28
rearing,11453,11418,11453,35
walking,11470,11453,11470,17
trotting,11515,11470,11515,45
stepping,11563,11515,11563,48
sniffing,11608,11563,11608,45
grooming,11785,11608,11785,177
rearing,11875,11785,11875,90
climbing,11905,11875,11905,30
grooming,11933,11905,11933,28
sniffing,12078,11933,12078,145
running,12081,12078,12081,3
rising,12128,12081,12128,47
climbing,12243,12128,12243,115
grooming,12244,12243,12244,1
rearing,12368,12244,12368,124
walking,12414,12368,12414,46
running,12436,12414,12436,22
trotting,12449,12436,12449,13
rising,12478,12449,12478,29
climbing,12479,12478,12479,1
rearing,12580,12479,12580,101
right_turning,12583,12580,12583,3
climbing,12670,12583,12670,87
grooming,12672,12670,12672,2
rearing,12723,12672,12723,51
hunching,12740,12723,12740,17
left_turning,12789,12740,12789,49
sniffing,12790,12789,12790,1
walking,12818,12790,12818,28
sniffing,12884,12818,12884,66
stepping,12901,12884,12901,17
left_turning,12939,12901,12939,38
walking,12966,12939,12966,27
sniffing,13055,12966,13055,89
climbing,13147,13055,13147,92
sniffing,13148,13147,13148,1
stepping,13200,13148,13200,52
grooming,13201,13200,13201,1
left_turning,13214,13201,13214,13
grooming,13232,13214,13232,18
climbing,13316,13232,13316,84
hunching,13333,13316,13333,17
grooming,13467,13333,13467,134
stepping,13507,13467,13507,40
sniffing,13584,13507,13584,77
scratching,13585,13584,13585,1
sniffing,13629,13585,13629,44
left_turning,13630,13629,13630,1
rising,13682,13630,13682,52
left_turning,13755,13682,13755,73
sniffing,13915,13755,13915,160
grooming,14017,13915,14017,102
sniffing,14184,14017,14184,167
climbing,14265,14184,14265,81
grooming,14320,14265,14320,55
trotting,14334,14320,14334,14
sniffing,14396,14334,14396,62
grooming,14470,14396,14470,74
hunching,14569,14470,14569,99
rearing,14604,14569,14604,35
grooming,14659,14604,14659,55
stepping,14694,14659,14694,35
grooming,14695,14694,14695,1
scratching,14696,14695,14696,1
grooming,14697,14696,14697,1
hunching,14751,14697,14751,54
climbing,14823,14751,14823,72
grooming,15014,14823,15014,191
sniffing,15113,15014,15113,99
walking,15128,15113,15128,15
rising,15191,15128,15191,63
running,15233,15191,15233,42
walking,15239,15233,15239,6
sniffing,15313,15239,15313,74
walking,15364,15313,15364,51
sniffing,15522,15364,15522,158
walking,15541,15522,15541,19
left_turning,15568,15541,15568,27
climbing,15587,15568,15587,19
rearing,15640,15587,15640,53
grooming,15807,15640,15807,167
rearing,15808,15807,15808,1
hunching,15830,15808,15830,22
grooming,15936,15830,15936,106
running,15948,15936,15948,12
trotting,15990,15948,15990,42
rising,16018,15990,16018,28
left_turning,16075,16018,16075,57
running,16130,16075,16130,55
walking,16169,16130,16169,39
rising,16183,16169,16183,14
walking,16190,16183,16190,7
running,16225,16190,16225,35
walking,16277,16225,16277,52
running,16303,16277,16303,26
walking,16338,16303,16338,35
sniffing,16356,16338,16356,18
rearing,16374,16356,16374,18
grooming,16375,16374,16375,1
sniffing,16439,16375,16439,64
running,16461,16439,16461,22
rising,16466,16461,16466,5
grooming,16524,16466,16524,58
hunching,16590,16524,16590,66
grooming,16591,16590,16591,1
rearing,16663,16591,16663,72
grooming,16730,16663,16730,67
sniffing,16735,16730,16735,5
grooming,16736,16735,16736,1
rearing,16780,16736,16780,44
walking,16855,16780,16855,75
sniffing,16856,16855,16856,1
trotting,16889,16856,16889,33
sniffing,16920,16889,16920,31
grooming,16987,16920,16987,67
rising,17032,16987,17032,45
grooming,17072,17032,17072,40
left_turning,17111,17072,17111,39
walking,17166,17111,17166,55
rearing,17253,17166,17253,87
stepping,17304,17253,17304,51
sniffing,17580,17304,17580,276
stepping,17614,17580,17614,34
walking,17718,17614,17718,104
sniffing,17719,17718,17719,1
left_turning,17737,17719,17737,18
rising,17757,17737,17757,20
walking,17758,17757,17758,1
sniffing,17759,17758,17759,1
stepping,17807,17759,17807,48
rising,17876,17807,17876,69
climbing,17917,17876,17917,41
left_turning,17921,17917,17921,4
grooming,18032,17921,18032,111
stepping,18127,18032,18127,95
sniffing,18149,18127,18149,22
grooming,18150,18149,18150,1
rearing,18153,18150,18153,3
climbing,18210,18153,18210,57
left_turning,18248,18210,18248,38
trotting,18282,18248,18282,34
rising,18323,18282,18323,41
walking,18352,18323,18352,29
left_turning,18396,18352,18396,44
sniffing,18480,18396,18480,84
climbing,18536,18480,18536,56
grooming,18629,18536,18629,93
left_turning,18692,18629,18692,63
walking,18693,18692,18693,1
sniffing,18815,18693,18815,122
left_turning,18816,18815,18816,1
trotting,18872,18816,18872,56
sniffing,18881,18872,18881,9
stepping,18898,18881,18898,17
walking,18938,18898,18938,40
running,18955,18938,18955,17
rearing,18987,18955,18987,32
walking,19045,18987,19045,58
right_turning,19080,19045,19080,35
sniffing,19156,19080,19156,76
walking,19157,19156,19157,1
sniffing,19158,19157,19158,1
stepping,19226,19158,19226,68
left_turning,19296,19226,19296,70
rising,19325,19296,19325,29
grooming,19326,19325,19326,1
left_turning,19351,19326,19351,25
grooming,19359,19351,19359,8
trotting,19364,19359,19364,5
walking,19422,19364,19422,58
trotting,19443,19422,19443,21
walking,19444,19443,19444,1
grooming,19524,19444,19524,80
walking,19566,19524,19566,42
stepping,19592,19566,19592,26
left_turning,19617,19592,19617,25
sniffing,19618,19617,19618,1
rising,19632,19618,19632,14
grooming,19633,19632,19633,1
left_turning,19634,19633,19634,1
stepping,19681,19634,19681,47
rising,19713,19681,19713,32
sniffing,19773,19713,19773,60
climbing,19774,19773,19774,1
left_turning,19800,19774,19800,26
grooming,19922,19800,19922,122
rising,19933,19922,19933,11
walking,19967,19933,19967,34
sniffing,19998,19967,19998,31
left_turning,20022,19998,20022,24
trotting,20031,20022,20031,9
stepping,20082,20031,20082,51
walking,20083,20082,20083,1
trotting,20108,20083,20108,25
sniffing,20109,20108,20109,1
walking,20144,20109,20144,35
trotting,20151,20144,20151,7
walking,20168,20151,20168,17
trotting,20187,20168,20187,19
walking,20220,20187,20220,33
sniffing,20221,20220,20221,1
rearing,20257,20221,20257,36
hunching,20319,20257,20319,62
rearing,20392,20319,20392,73
trotting,20446,20392,20446,54
walking,20478,20446,20478,32
stepping,20494,20478,20494,16
walking,20583,20494,20583,89
running,20598,20583,20598,15
sniffing,20700,20598,20700,102
stepping,20707,20700,20707,7
grooming,20907,20707,20907,200
sniffing,20959,20907,20959,52
grooming,20960,20959,20960,1
walking,20981,20960,20981,21
rising,21028,20981,21028,47
stepping,21075,21028,21075,47
sniffing,21121,21075,21121,46
rising,21154,21121,21154,33
rearing,21228,21154,21228,74
grooming,21229,21228,21229,1
walking,21230,21229,21230,1
sniffing,21263,21230,21263,33
hunching,21279,21263,21279,16
rearing,21320,21279,21320,41
grooming,21359,21320,21359,39
hunching,21360,21359,21360,1
grooming,21361,21360,21361,1
climbing,21404,21361,21404,43
left_turning,21435,21404,21435,31
running,21448,21435,21448,13
rising,21468,21448,21468,20
left_turning,21576,21468,21576,108
sniffing,21733,21576,21733,157
rising,21757,21733,21757,24
sniffing,21845,21757,21845,88
trotting,21846,21845,21846,1
sniffing,21882,21846,21882,36
rising,21909,21882,21909,27
left_turning,21957,21909,21957,48
rising,21976,21957,21976,19
climbing,22051,21976,22051,75
grooming,22052,22051,22052,1
rearing,22109,22052,22109,57
walking,22145,22109,22145,36
sniffing,22168,22145,22168,23
stepping,22169,22168,22169,1
grooming,22362,22169,22362,193
hunching,22384,22362,22384,22
rearing,22414,22384,22414,30
grooming,22488,22414,22488,74
rising,22528,22488,22528,40
hunching,22533,22528,22533,5
climbing,22552,22533,22552,19
left_turning,22614,22552,22614,62
scratching,22615,22614,22615,1
left_turning,22663,22615,22663,48
walking,22735,22663,22735,72
stepping,22767,22735,22767,32
trotting,22829,22767,22829,62
stepping,22855,22829,22855,26
rising,22867,22855,22867,12
stepping,22902,22867,22902,35
sniffing,22962,22902,22962,60
left_turning,22971,22962,22971,9
right_turning,23029,22971,23029,58
stepping,23052,23029,23052,23
walking,23064,23052,23064,12
hunching,23065,23064,23065,1
sniffing,23094,23065,23094,29
walking,23123,23094,23123,29
grooming,23124,23123,23124,1
rearing,23168,23124,23168,44
grooming,23169,23168,23169,1
sniffing,23170,23169,23170,1
stepping,23183,23170,23183,13
walking,23248,23183,23248,65
stepping,23283,23248,23283,35
sniffing,23351,23283,23351,68
walking,23401,23351,23401,50
sniffing,23412,23401,23412,11
right_turning,23418,23412,23418,6
rising,23419,23418,23419,1
stepping,23488,23419,23488,69
sniffing,23539,23488,23539,51
grooming,23582,23539,23582,43
rearing,23650,23582,23650,68
climbing,23666,23650,23666,16
grooming,23667,23666,23667,1
hunching,23688,23667,23688,21
left_turning,23737,23688,23737,49
sniffing,23738,23737,23738,1
rising,23771,23738,23771,33
rearing,23836,23771,23836,65
climbing,23895,23836,23895,59
walking,24002,23895,24002,107
stepping,24097,24002,24097,95
rising,24098,24097,24098,1
climbing,24183,24098,24183,85
sniffing,24195,24183,24195,12
rising,24249,24195,24249,54
grooming,24349,24249,24349,100
left_turning,24457,24349,24457,108
sniffing,24554,24457,24554,97
left_turning,24606,24554,24606,52
grooming,24791,24606,24791,185
stepping,24814,24791,24814,23
sniffing,24835,24814,24835,21
walking,24856,24835,24856,21
stepping,24889,24856,24889,33
left_turning,24890,24889,24890,1
walking,24949,24890,24949,59
grooming,25008,24949,25008,59
walking,25077,25008,25077,69
sniffing,25207,25077,25207,130
stepping,25258,25207,25258,51
trotting,25294,25258,25294,36
stepping,25360,25294,25360,66
grooming,25462,25360,25462,102
walking,25527,25462,25527,65
sniffing,25570,25527,25570,43
rearing,25633,25570,25633,63
hunching,25706,25633,25706,73
sniffing,25853,25706,25853,147
running,25867,25853,25867,14
trotting,25868,25867,25868,1
walking,25958,25868,25958,90
sniffing,25959,25958,25959,1
stepping,25975,25959,25975,16
grooming,26040,25975,26040,65
rearing,26076,26040,26076,36
grooming,26239,26076,26239,163
climbing,26265,26239,26265,26
sniffing,26428,26265,26428,163
walking,26550,26428,26550,122
stepping,26569,26550,26569,19
walking,26638,26569,26638,69
sniffing,26639,26638,26639,1
rearing,26667,26639,26667,28
sniffing,26709,26667,26709,42
stepping,26782,26709,26782,73
sniffing,26801,26782,26801,19
climbing,26863,26801,26863,62
left_turning,26864,26863,26864,1
rearing,26900,26864,26900,36
hunching,26901,26900,26901,1
grooming,26973,26901,26973,72
rearing,26974,26973,26974,1
sniffing,27112,26974,27112,138
walking,27141,27112,27141,29
sniffing,27258,27141,27258,117
left_turning,27305,27258,27305,47
sniffing,27318,27305,27318,13
rising,27368,27318,27368,50
grooming,27369,27368,27369,1
sniffing,27462,27369,27462,93
walking,27548,27462,27548,86
climbing,27602,27548,27602,54
grooming,27748,27602,27748,146
running,27781,27748,27781,33
walking,27800,27781,27800,19
stepping,27851,27800,27851,51
sniffing,27967,27851,27967,116
stepping,28031,27967,28031,64
sniffing,28032,28031,28032,1
stepping,28040,28032,28040,8
right_turning,28068,28040,28068,28
walking,28121,28068,28121,53
grooming,28181,28121,28181,60
walking,28266,28181,28266,85
climbing,28343,28266,28343,77
grooming,28344,28343,28344,1
sniffing,28377,28344,28377,33
stepping,28426,28377,28426,49
sniffing,28458,28426,28458,32
rising,28504,28458,28504,46
grooming,28624,28504,28624,120
sniffing,28687,28624,28687,63
walking,28688,28687,28688,1
sniffing,28841,28688,28841,153
stepping,28848,28841,28848,7
sniffing,28992,28848,28992,144
walking,29097,28992,29097,105
sniffing,29098,29097,29098,1
right_turning,29113,29098,29113,15
stepping,29159,29113,29159,46
walking,29176,29159,29176,17
trotting,29207,29176,29207,31
sniffing,29504,29207,29504,297
grooming,29505,29504,29505,1
rising,29506,29505,29506,1
left_turning,29511,29506,29511,5
grooming,29512,29511,29512,1
right_turning,29595,29512,29595,83
walking,29596,29595,29596,1
trotting,29600,29596,29600,4
left_turning,29616,29600,29616,16
sniffing,29740,29616,29740,124
climbing,29741,29740,29741,1
sniffing,29742,29741,29742,1
rising,29756,29742,29756,14
walking,29789,29756,29789,33
right_turning,29803,29789,29803,14
walking,29838,29803,29838,35
grooming,30041,29838,30041,203
sniffing,30100,30041,30100,59
walking,30136,30100,30136,36
stepping,30143,30136,30143,7
sniffing,30144,30143,30144,1
left_turning,30229,30144,30229,85
walking,30288,30229,30288,59
sniffing,30289,30288,30289,1
grooming,30418,30289,30418,129
climbing,30464,30418,30464,46
sniffing,30512,30464,30512,48
grooming,30513,30512,30513,1
rearing,30514,30513,30514,1
climbing,30515,30514,30515,1
left_turning,30516,30515,30516,1
sniffing,30593,30516,30593,77
rising,30634,30593,30634,41
grooming,30743,30634,30743,109
stepping,30806,30743,30806,63
walking,30836,30806,30836,30
grooming,30910,30836,30910,74
walking,30938,30910,30938,28
sniffing,31010,30938,31010,72
walking,31066,31010,31066,56
stepping,31118,31066,31118,52
sniffing,31184,31118,31184,66
walking,31245,31184,31245,61
stepping,31273,31245,31273,28
trotting,31294,31273,31294,21
stepping,31369,31294,31369,75
sniffing,31392,31369,31392,23
walking,31394,31392,31394,2
trotting,31418,31394,31418,24
rising,31433,31418,31433,15
sniffing,31434,31433,31434,1
hunching,31451,31434,31451,17
grooming,31548,31451,31548,97
trotting,31549,31548,31549,1
stepping,31550,31549,31550,1
trotting,31596,31550,31596,46
stepping,31608,31596,31608,12
right_turning,31636,31608,31636,28
walking,31673,31636,31673,37
sniffing,31712,31673,31712,39
grooming,31713,31712,31713,1
rearing,31766,31713,31766,53
grooming,31858,31766,31858,92
left_turning,31859,31858,31859,1
walking,31914,31859,31914,55
rising,31984,31914,31984,70
left_turning,32026,31984,32026,42
sniffing,32061,32026,32061,35
left_turning,32068,32061,32068,7
sniffing,32100,32068,32100,32
grooming,32247,32100,32247,147
hunching,32277,32247,32277,30
rearing,32358,32277,32358,81
stepping,32370,32358,32370,12
rising,32382,32370,32382,12
rearing,32404,32382,32404,22
grooming,32739,32404,32739,335
hunching,32802,32739,32802,63
rearing,32812,32802,32812,10
stepping,32864,32812,32864,52
walking,32925,32864,32925,61
sniffing,32979,32925,32979,54
walking,32997,32979,32997,18
sniffing,33228,32997,33228,231
running,33267,33228,33267,39
sniffing,33379,33267,33379,112
stepping,33424,33379,33424,45
sniffing,33428,33424,33428,4
rising,33489,33428,33489,61
grooming,33675,33489,33675,186
left_turning,33681,33675,33681,6
grooming,33763,33681,33763,82
rearing,33779,33763,33779,16
grooming,33815,33779,33815,36
rearing,33872,33815,33872,57
grooming,34086,33872,34086,214
rearing,34087,34086,34087,1
grooming,34206,34087,34206,119
stepping,34215,34206,34215,9
right_turning,34267,34215,34267,52
sniffing,34268,34267,34268,1
grooming,34269,34268,34269,1
hunching,34356,34269,34356,87
grooming,34506,34356,34506,150
stepping,34508,34506,34508,2
sniffing,34585,34508,34585,77
rising,34645,34585,34645,60
rearing,34654,34645,34654,9
hunching,34655,34654,34655,1
rearing,34656,34655,34656,1
hunching,34688,34656,34688,32
rearing,34703,34688,34703,15
grooming,34704,34703,34704,1
walking,34737,34704,34737,33
trotting,34762,34737,34762,25
sniffing,34915,34762,34915,153
walking,34916,34915,34916,1
rising,34917,34916,34917,1
sniffing,34969,34917,34969,52
right_turning,35017,34969,35017,48
rising,35055,35017,35055,38
climbing,35088,35055,35088,33
right_turning,35089,35088,35089,1
walking,35173,35089,35173,84
sniffing,35199,35173,35199,26
grooming,35334,35199,35334,135
sniffing,35548,35334,35548,214
stepping,35583,35548,35583,35
grooming,35584,35583,35584,1
walking,35621,35584,35621,37
running,35637,35621,35637,16
sniffing,35638,35637,35638,1
stepping,35677,35638,35677,39
trotting,35701,35677,35701,24
running,35704,35701,35704,3
sniffing,35705,35704,35705,1
grooming,35726,35705,35726,21
walking,35727,35726,35727,1
sniffing,35736,35727,35736,9
walking,35738,35736,35738,2
sniffing,35762,35738,35762,24
stepping,35815,35762,35815,53
walking,35906,35815,35906,91
sniffing,35916,35906,35916,10
rising,35941,35916,35941,25
sniffing,35952,35941,35952,11
grooming,36133,35952,36133,181
scratching,36134,36133,36134,1
sniffing,36228,36134,36228,94
rising,36288,36228,36288,60
climbing,36342,36288,36342,54
running,36352,36342,36352,10
trotting,36353,36352,36353,1
stepping,36394,36353,36394,41
sniffing,36454,36394,36454,60
stepping,36473,36454,36473,19
rising,36516,36473,36516,43
climbing,36606,36516,36606,90
grooming,36607,36606,36607,1
climbing,36645,36607,36645,38
rearing,36689,36645,36689,44
hunching,36711,36689,36711,22
grooming,36712,36711,36712,1
rising,36831,36712,36831,119
sniffing,36832,36831,36832,1
right_turning,36849,36832,36849,17
stepping,36893,36849,36893,44
climbing,36978,36893,36978,85
rearing,36991,36978,36991,13
left_turning,37036,36991,37036,45
sniffing,37110,37036,37110,74
grooming,37303,37110,37303,193
sniffing,37304,37303,37304,1
right_turning,37330,37304,37330,26
stepping,37344,37330,37344,14
right_turning,37346,37344,37346,2
walking,37367,37346,37367,21
stepping,37368,37367,37368,1
climbing,37372,37368,37372,4
grooming,37373,37372,37373,1
sniffing,37374,37373,37374,1
rearing,37375,37374,37375,1
hunching,37439,37375,37439,64
rearing,37500,37439,37500,61
climbing,37501,37500,37501,1
left_turning,37544,37501,37544,43
trotting,37632,37544,37632,88
stepping,37674,37632,37674,42
sniffing,37687,37674,37687,13
grooming,37688,37687,37688,1
left_turning,37689,37688,37689,1
grooming,37708,37689,37708,19
running,37736,37708,37736,28
climbing,37814,37736,37814,78
trotting,37877,37814,37877,63
sniffing,37922,37877,37922,45
hunching,37923,37922,37923,1
grooming,37924,37923,37924,1
rearing,38028,37924,38028,104
rising,38070,38028,38070,42
rearing,38088,38070,38088,18
climbing,38125,38088,38125,37
stepping,38167,38125,38167,42
sniffing,38168,38167,38168,1
right_turning,38215,38168,38215,47
running,38239,38215,38239,24
left_turning,38244,38239,38244,5
walking,38290,38244,38290,46
rising,38431,38290,38431,141
grooming,38566,38431,38566,135
rearing,38592,38566,38592,26
grooming,38598,38592,38598,6
left_turning,38614,38598,38614,16
sniffing,38615,38614,38615,1
walking,38616,38615,38616,1
stepping,38629,38616,38629,13
sniffing,38630,38629,38630,1
stepping,38667,38630,38667,37
running,38668,38667,38668,1
walking,38807,38668,38807,139
sniffing,38919,38807,38919,112
grooming,38974,38919,38974,55
walking,39002,38974,39002,28
sniffing,39113,39002,39113,111
grooming,39114,39113,39114,1
left_turning,39170,39114,39170,56
climbing,39171,39170,39171,1
left_turning,39200,39171,39200,29
sniffing,39201,39200,39201,1
walking,39261,39201,39261,60
sniffing,39401,39261,39401,140
rising,39458,39401,39458,57
sniffing,39481,39458,39481,23
grooming,39596,39481,39596,115
walking,39612,39596,39612,16
sniffing,39644,39612,39644,32
stepping,39708,39644,39708,64
sniffing,39753,39708,39753,45
rearing,39832,39753,39832,79
right_turning,39840,39832,39840,8
sniffing,39850,39840,39850,10
rising,39887,39850,39887,37
rearing,39895,39887,39895,8
climbing,39947,39895,39947,52
running,39951,39947,39951,4
stepping,39985,39951,39985,34
rising,40057,39985,40057,72
left_turning,40062,40057,40062,5
trotting,40080,40062,40080,18
stepping,40081,40080,40081,1
sniffing,40108,40081,40108,27
grooming,40109,40108,40109,1
rearing,40168,40109,40168,59
climbing,40194,40168,40194,26
grooming,40303,40194,40303,109
rearing,40304,40303,40304,1
sniffing,40361,40304,40361,57
walking,40394,40361,40394,33
trotting,40427,40394,40427,33
sniffing,40428,40427,40428,1
grooming,40643,40428,40643,215
rising,40708,40643,40708,65
climbing,40759,40708,40759,51
left_turning,40786,40759,40786,27
stepping,40821,40786,40821,35
sniffing,40937,40821,40937,116
rising,40938,40937,40938,1
sniffing,41110,40938,41110,172
stepping,41111,41110,41111,1
right_turning,41112,41111,41112,1
sniffing,41361,41112,41361,249
rearing,41362,41361,41362,1
grooming,41466,41362,41466,104
scratching,41467,41466,41467,1
grooming,41527,41467,41527,60
rearing,41544,41527,41544,17
hunching,41600,41544,41600,56
grooming,41710,41600,41710,110
left_turning,41744,41710,41744,34
sniffing,41745,41744,41745,1
climbing,41749,41745,41749,4
stepping,41783,41749,41783,34
sniffing,41829,41783,41829,46
left_turning,41848,41829,41848,19
running,41850,41848,41850,2
stepping,41860,41850,41860,10
sniffing,41882,41860,41882,22
rising,41896,41882,41896,14
climbing,41960,41896,41960,64
right_turning,41987,41960,41987,27
trotting,42008,41987,42008,21
sniffing,42009,42008,42009,1
walking,42047,42009,42047,38
sniffing,42062,42047,42062,15
left_turning,42110,42062,42110,48
running,42112,42110,42112,2
walking,42187,42112,42187,75
rearing,42243,42187,42243,56
grooming,42244,42243,42244,1
rising,42245,42244,42245,1
walking,42246,42245,42246,1
sniffing,42247,42246,42247,1
rising,42248,42247,42248,1
climbing,42274,42248,42274,26
rising,42322,42274,42322,48
climbing,42461,42322,42461,139
stepping,42504,42461,42504,43
climbing,42552,42504,42552,48
rising,42561,42552,42561,9
climbing,42569,42561,42569,8
left_turning,42618,42569,42618,49
sniffing,42673,42618,42673,55
stepping,42729,42673,42729,56
sniffing,42801,42729,42801,72
left_turning,42802,42801,42802,1
trotting,42836,42802,42836,34
walking,42868,42836,42868,32
right_turning,42869,42868,42869,1
stepping,42890,42869,42890,21
rising,42939,42890,42939,49
left_turning,42943,42939,42943,4
sniffing,43075,42943,43075,132
stepping,43085,43075,43085,10
rising,43147,43085,43147,62
climbing,43223,43147,43223,76
rearing,43249,43223,43249,26
grooming,43289,43249,43289,40
left_turning,43300,43289,43300,11
running,43340,43300,43340,40
sniffing,43461,43340,43461,121
stepping,43493,43461,43493,32
sniffing,43601,43493,43601,108
left_turning,43686,43601,43686,85
running,43703,43686,43703,17
grooming,43961,43703,43961,258
sniffing,43962,43961,43962,1
rising,43963,43962,43963,1
grooming,44063,43963,44063,100
hunching,44064,44063,44064,1
walking,44088,44064,44088,24
stepping,44141,44088,44141,53
left_turning,44166,44141,44166,25
sniffing,44242,44166,44242,76
climbing,44320,44242,44320,78
grooming,44469,44320,44469,149
hunching,44504,44469,44504,35
stepping,44524,44504,44524,20
right_turning,44534,44524,44534,10
sniffing,44611,44534,44611,77
trotting,44624,44611,44624,13
stepping,44668,44624,44668,44
right_turning,44702,44668,44702,34
running,44712,44702,44712,10
stepping,44738,44712,44738,26
sniffing,44755,44738,44755,17
grooming,44945,44755,44945,190
rising,44992,44945,44992,47
rearing,45041,44992,45041,49
grooming,45160,45041,45160,119
hunching,45263,45160,45263,103
grooming,45295,45263,45295,32
left_turning,45320,45295,45320,25
rising,45373,45320,45373,53
left_turning,45380,45373,45380,7
grooming,45493,45380,45493,113
hunching,45505,45493,45505,12
left_turning,45511,45505,45511,6
rising,45570,45511,45570,59
rearing,45571,45570,45571,1
rising,45581,45571,45581,10
grooming,45601,45581,45601,20
sniffing,45688,45601,45688,87
rising,45722,45688,45722,34
climbing,45771,45722,45771,49
rearing,45772,45771,45772,1
sniffing,45773,45772,45773,1
grooming,46014,45773,46014,241
left_turning,46024,46014,46024,10
rising,46035,46024,46035,11
grooming,46094,46035,46094,59
sniffing,46145,46094,46145,51
trotting,46186,46145,46186,41
rising,46238,46186,46238,52
rearing,46298,46238,46298,60
rising,46355,46298,46355,57
stepping,46378,46355,46378,23
grooming,46379,46378,46379,1
stepping,46402,46379,46402,23
walking,46403,46402,46403,1
sniffing,46521,46403,46521,118
grooming,46643,46521,46643,122
sniffing,46717,46643,46717,74
walking,46733,46717,46733,16
sniffing,46815,46733,46815,82
grooming,46947,46815,46947,132
hunching,46951,46947,46951,4
sniffing,47024,46951,47024,73
walking,47025,47024,47025,1
sniffing,47120,47025,47120,95
left_turning,47122,47120,47122,2
hunching,47152,47122,47152,30
climbing,47153,47152,47153,1
running,47182,47153,47182,29
climbing,47248,47182,47248,66
walking,47249,47248,47249,1
left_turning,47258,47249,47258,9
climbing,47319,47258,47319,61
sniffing,47408,47319,47408,89
grooming,47409,47408,47409,1
rising,47460,47409,47460,51
sniffing,47520,47460,47520,60
trotting,47592,47520,47592,72
stepping,47593,47592,47593,1
rearing,47627,47593,47627,34
climbing,47678,47627,47678,51
grooming,48036,47678,48036,358
trotting,48047,48036,48047,11
climbing,48168,48047,48168,121
grooming,48169,48168,48169,1
scratching,48170,48169,48170,1
sniffing,48270,48170,48270,100
trotting,48300,48270,48300,30
sniffing,48438,48300,48438,138
grooming,48439,48438,48439,1
rearing,48536,48439,48536,97
grooming,48735,48536,48735,199
sniffing,48755,48735,48755,20
stepping,48807,48755,48807,52
grooming,48906,48807,48906,99
rearing,48907,48906,48907,1
stepping,48928,48907,48928,21
rising,49014,48928,49014,86
climbing,49015,49014,49015,1
rising,49060,49015,49060,45
left_turning,49061,49060,49061,1
sniffing,49062,49061,49062,1
walking,49107,49062,49107,45
trotting,49184,49107,49184,77
walking,49241,49184,49241,57
stepping,49295,49241,49295,54
sniffing,49389,49295,49389,94
walking,49390,49389,49390,1
stepping,49431,49390,49431,41
sniffing,49562,49431,49562,131
walking,49590,49562,49590,28
stepping,49624,49590,49624,34
walking,49625,49624,49625,1
running,49652,49625,49652,27
sniffing,49689,49652,49689,37
stepping,49698,49689,49698,9
walking,49706,49698,49706,8
stepping,49754,49706,49754,48
sniffing,49842,49754,49842,88
walking,49921,49842,49921,79
sniffing,50063,49921,50063,142
stepping,50099,50063,50099,36
rising,50148,50099,50148,49
climbing,50165,50148,50165,17
grooming,50219,50165,50219,54
rising,50246,50219,50246,27
right_turning,50296,50246,50296,50
walking,50370,50296,50370,74
grooming,50416,50370,50416,46
stepping,50460,50416,50460,44
sniffing,50583,50460,50583,123
rising,50584,50583,50584,1
grooming,51469,50584,51469,885
sniffing,51550,51469,51550,81
rising,51591,51550,51591,41
climbing,51669,51591,51669,78
stepping,51715,51669,51715,46
sniffing,51769,51715,51769,54
trotting,51808,51769,51808,39
sniffing,51919,51808,51919,111
scratching,51920,51919,51920,1
sniffing,51952,51920,51952,32
walking,51974,51952,51974,22
sniffing,52156,51974,52156,182
stepping,52204,52156,52204,48
rising,52261,52204,52261,57
sniffing,52314,52261,52314,53
stepping,52323,52314,52323,9
left_turning,52357,52323,52357,34
grooming,52364,52357,52364,7
sniffing,52416,52364,52416,52
walking,52521,52416,52521,105
grooming,52735,52521,52735,214
rearing,52779,52735,52779,44
climbing,52846,52779,52846,67
rising,52946,52846,52946,100
walking,52991,52946,52991,45
sniffing,53082,52991,53082,91
walking,53196,53082,53196,114
grooming,53306,53196,53306,110
sniffing,53402,53306,53402,96
grooming,53471,53402,53471,69
left_turning,53483,53471,53483,12
sniffing,53536,53483,53536,53
walking,53650,53536,53650,114
grooming,53730,53650,53730,80
sniffing,53783,53730,53783,53
left_turning,53812,53783,53812,29
walking,53911,53812,53911,99
sniffing,53953,53911,53953,42
grooming,54245,53953,54245,292
climbing,54393,54245,54393,148
left_turning,54416,54393,54416,23
sniffing,54452,54416,54452,36
grooming,54865,54452,54865,413
left_turning,54879,54865,54879,14
stepping,54901,54879,54901,22
sniffing,54931,54901,54931,30
grooming,55129,54931,55129,198
climbing,55170,55129,55170,41
walking,55203,55170,55203,33
sniffing,55268,55203,55268,65
rising,55307,55268,55307,39
climbing,55388,55307,55388,81
running,55393,55388,55393,5
walking,55403,55393,55403,10
stepping,55424,55403,55424,21
scratching,55425,55424,55425,1
walking,55476,55425,55476,51
stepping,55529,55476,55529,53
left_turning,55589,55529,55589,60
stepping,55636,55589,55636,47
climbing,55669,55636,55669,33
stepping,55709,55669,55709,40
sniffing,55910,55709,55910,201
scratching,55911,55910,55911,1
walking,55938,55911,55938,27
trotting,55980,55938,55980,42
sniffing,56028,55980,56028,48
grooming,56182,56028,56182,154
sniffing,56444,56182,56444,262
rising,56520,56444,56520,76
stepping,56565,56520,56565,45
sniffing,56566,56565,56566,1
walking,56588,56566,56588,22
sniffing,56589,56588,56589,1
stepping,56637,56589,56637,48
climbing,56644,56637,56644,7
stepping,56653,56644,56653,9
left_turning,56677,56653,56677,24
running,56700,56677,56700,23
walking,56701,56700,56701,1
rising,56702,56701,56702,1
left_turning,56768,56702,56768,66
stepping,56769,56768,56769,1
sniffing,56770,56769,56770,1
stepping,56829,56770,56829,59
sniffing,56924,56829,56924,95
stepping,56990,56924,56990,66
sniffing,56999,56990,56999,9
left_turning,57034,56999,57034,35
sniffing,57080,57034,57080,46
running,57090,57080,57090,10
sniffing,57149,57090,57149,59
walking,57215,57149,57215,66
sniffing,57371,57215,57371,156
stepping,57411,57371,57411,40
rising,57480,57411,57480,69
grooming,57535,57480,57535,55
hunching,57583,57535,57583,48
rearing,57619,57583,57619,36
climbing,57620,57619,57620,1
grooming,57777,57620,57777,157
sniffing,57802,57777,57802,25
stepping,57819,57802,57819,17
walking,57849,57819,57849,30
sniffing,57850,57849,57850,1
right_turning,57874,57850,57874,24
sniffing,58099,57874,58099,225
stepping,58139,58099,58139,40
rising,58197,58139,58197,58
grooming,58534,58197,58534,337
hunching,58541,58534,58541,7
grooming,58542,58541,58542,1
climbing,58543,58542,58543,1
walking,58575,58543,58575,32
sniffing,58576,58575,58576,1
rising,58613,58576,58613,37
sniffing,58669,58613,58669,56
walking,58699,58669,58699,30
rising,58700,58699,58700,1
grooming,58884,58700,58884,184
rearing,58920,58884,58920,36
grooming,58969,58920,58969,49
sniffing,58988,58969,58988,19
grooming,59017,58988,59017,29
rising,59028,59017,59028,11
stepping,59055,59028,59055,27
sniffing,59076,59055,59076,21
rising,59088,59076,59088,12
left_turning,59098,59088,59098,10
sniffing,59136,59098,59136,38
rearing,59137,59136,59137,1
climbing,59208,59137,59208,71
running,59262,59208,59262,54
rearing,59307,59262,59307,45
grooming,59437,59307,59437,130
sniffing,59556,59437,59556,119
stepping,59557,59556,59557,1
sniffing,59558,59557,59558,1
scratching,59559,59558,59559,1
left_turning,59569,59559,59569,10
rearing,59570,59569,59570,1
grooming,59609,59570,59609,39
rearing,59615,59609,59615,6
climbing,59637,59615,59637,22
rising,59650,59637,59650,13
rearing,59675,59650,59675,25
grooming,59704,59675,59704,29
rising,59756,59704,59756,52
grooming,60006,59756,60006,250
sniffing,60098,60006,60098,92
trotting,60127,60098,60127,29
sniffing,60128,60127,60128,1
rearing,60184,60128,60184,56
hunching,60254,60184,60254,70
grooming,60318,60254,60318,64
trotting,60340,60318,60340,22
running,60368,60340,60368,28
sniffing,60495,60368,60495,127
climbing,60576,60495,60576,81
left_turning,60631,60576,60631,55
stepping,60670,60631,60670,39
left_turning,60672,60670,60672,2
grooming,60673,60672,60673,1
right_turning,60674,60673,60674,1
trotting,60737,60674,60737,63
walking,60781,60737,60781,44
sniffing,60968,60781,60968,187
grooming,60969,60968,60969,1
right_turning,60993,60969,60993,24
stepping,61017,60993,61017,24
grooming,61141,61017,61141,124
walking,61142,61141,61142,1
sniffing,61209,61142,61209,67
walking,61235,61209,61235,26
stepping,61236,61235,61236,1
sniffing,61342,61236,61342,106
climbing,61344,61342,61344,2
grooming,61353,61344,61353,9
rearing,61432,61353,61432,79
climbing,61512,61432,61512,80
walking,61544,61512,61544,32
sniffing,61545,61544,61545,1
stepping,61546,61545,61546,1
scratching,61547,61546,61547,1
sniffing,61556,61547,61556,9
right_turning,61585,61556,61585,29
sniffing,61656,61585,61656,71
rising,61659,61656,61659,3
climbing,61673,61659,61673,14
running,61674,61673,61674,1
trotting,61705,61674,61705,31
sniffing,61761,61705,61761,56
stepping,61771,61761,61771,10
grooming,61773,61771,61773,2
hunching,61783,61773,61783,10
rearing,61784,61783,61784,1
hunching,61836,61784,61836,52
grooming,61953,61836,61953,117
sniffing,61954,61953,61954,1
walking,62015,61954,62015,61
climbing,62046,62015,62046,31
left_turning,62063,62046,62063,17
walking,62109,62063,62109,46
sniffing,62186,62109,62186,77
walking,62187,62186,62187,1
sniffing,62213,62187,62213,26
rearing,62234,62213,62234,21
climbing,62266,62234,62266,32
trotting,62307,62266,62307,41
stepping,62347,62307,62347,40
sniffing,62482,62347,62482,135
stepping,62534,62482,62534,52
walking,62547,62534,62547,13
grooming,62604,62547,62604,57
hunching,62605,62604,62605,1
rearing,62615,62605,62615,10
walking,62616,62615,62616,1
rearing,62624,62616,62624,8
stepping,62693,62624,62693,69
sniffing,62770,62693,62770,77
stepping,62801,62770,62801,31
grooming,62852,62801,62852,51
sniffing,62897,62852,62897,45
stepping,62957,62897,62957,60
grooming,63123,62957,63123,166
hunching,63188,63123,63188,65
sniffing,63330,63188,63330,142
walking,63331,63330,63331,1
sniffing,63332,63331,63332,1
trotting,63393,63332,63393,61
stepping,63426,63393,63426,33
hunching,63488,63426,63488,62
rearing,63489,63488,63489,1
grooming,63490,63489,63490,1
sniffing,63496,63490,63496,6
walking,63532,63496,63532,36
running,63544,63532,63544,12
trotting,63595,63544,63595,51
walking,63628,63595,63628,33
sniffing,63641,63628,63641,13
grooming,63642,63641,63642,1
sniffing,63734,63642,63734,92
right_turning,63774,63734,63774,40
rising,63827,63774,63827,53
grooming,63828,63827,63828,1
sniffing,63902,63828,63902,74
walking,63903,63902,63903,1
sniffing,63960,63903,63960,57
stepping,63982,63960,63982,22
walking,64046,63982,64046,64
rising,64073,64046,64073,27
walking,64091,64073,64091,18
sniffing,64092,64091,64092,1
grooming,64197,64092,64197,105
hunching,64265,64197,64265,68
grooming,64582,64265,64582,317
hunching,64629,64582,64629,47
grooming,64748,64629,64748,119
sniffing,64850,64748,64850,102
grooming,64851,64850,64851,1
left_turning,64926,64851,64926,75
sniffing,64927,64926,64927,1
climbing,64995,64927,64995,68
rearing,65100,64995,65100,105
hunching,65141,65100,65141,41
rearing,65146,65141,65146,5
grooming,65147,65146,65147,1
stepping,65177,65147,65177,30
rearing,65281,65177,65281,104
sniffing,65542,65281,65542,261
stepping,65574,65542,65574,32
climbing,65575,65574,65575,1
walking,65618,65575,65618,43
grooming,66039,65618,66039,421
rearing,66171,66039,66171,132
right_turning,66194,66171,66194,23
walking,66239,66194,66239,45
sniffing,66311,66239,66311,72
left_turning,66338,66311,66338,27
grooming,66591,66338,66591,253
climbing,66609,66591,66609,18
rising,66610,66609,66610,1
rearing,66617,66610,66617,7
climbing,66645,66617,66645,28
grooming,66696,66645,66696,51
rearing,66772,66696,66772,76
walking,66829,66772,66829,57
sniffing,66882,66829,66882,53
rising,66919,66882,66919,37
rearing,66980,66919,66980,61
left_turning,67030,66980,67030,50
sniffing,67052,67030,67052,22
scratching,67053,67052,67053,1
walking,67084,67053,67084,31
sniffing,67114,67084,67114,30
walking,67132,67114,67132,18
sniffing,67274,67132,67274,142
walking,67319,67274,67319,45
rising,67347,67319,67347,28
grooming,67348,67347,67348,1
hunching,67437,67348,67437,89
grooming,67560,67437,67560,123
sniffing,67561,67560,67561,1
grooming,67567,67561,67567,6
sniffing,67701,67567,67701,134
right_turning,67740,67701,67740,39
walking,67803,67740,67803,63
sniffing,67864,67803,67864,61
walking,67911,67864,67911,47
sniffing,67973,67911,67973,62
rearing,67998,67973,67998,25
grooming,68033,67998,68033,35
hunching,68053,68033,68053,20
grooming,68089,68053,68089,36
left_turning,68137,68089,68137,48
stepping,68170,68137,68170,33
trotting,68200,68170,68200,30
stepping,68231,68200,68231,31
walking,68269,68231,68269,38
sniffing,68270,68269,68270,1
walking,68319,68270,68319,49
rearing,68373,68319,68373,54
grooming,68541,68373,68541,168
rearing,68571,68541,68571,30
grooming,68675,68571,68675,104
hunching,68676,68675,68676,1
left_turning,68688,68676,68688,12
walking,68724,68688,68724,36
stepping,68726,68724,68726,2
trotting,68788,68726,68788,62
sniffing,68789,68788,68789,1
grooming,68822,68789,68822,33
rearing,68887,68822,68887,65
sniffing,69293,68887,69293,406
walking,69368,69293,69368,75
sniffing,69440,69368,69440,72
rising,69441,69440,69441,1
climbing,69442,69441,69442,1
rearing,69464,69442,69464,22
grooming,69615,69464,69615,151
rising,69658,69615,69658,43
rearing,69693,69658,69693,35
climbing,69763,69693,69763,70
left_turning,69804,69763,69804,41
trotting,69859,69804,69859,55
rising,69889,69859,69889,30
rearing,69931,69889,69931,42
grooming,70073,69931,70073,142
rearing,70074,70073,70074,1
climbing,70129,70074,70129,55
grooming,70805,70129,70805,676
running,70828,70805,70828,23
right_turning,70870,70828,70870,42
stepping,70894,70870,70894,24
walking,70902,70894,70902,8
rising,70903,70902,70903,1
grooming,70953,70903,70953,50
sniffing,70954,70953,70954,1
stepping,70976,70954,70976,22
scratching,70977,70976,70977,1
grooming,70989,70977,70989,12
walking,71015,70989,71015,26
sniffing,71068,71015,71068,53
trotting,71072,71068,71072,4
walking,71118,71072,71118,46
sniffing,71119,71118,71119,1
grooming,71120,71119,71120,1
rearing,71230,71120,71230,110
rising,71306,71230,71306,76
sniffing,71409,71306,71409,103
hunching,71505,71409,71505,96
rearing,71525,71505,71525,20
left_turning,71556,71525,71556,31
stepping,71587,71556,71587,31
sniffing,71653,71587,71653,66
stepping,71720,71653,71720,67
rising,71722,71720,71722,2
climbing,71864,71722,71864,142
rearing,71865,71864,71865,1
climbing,71912,71865,71912,47
grooming,71913,71912,71913,1
rearing,71936,71913,71936,23
grooming,71937,71936,71937,1
left_turning,71960,71937,71960,23
sniffing,71969,71960,71969,9
scratching,71970,71969,71970,1
sniffing,71971,71970,71971,1
rearing,72069,71971,72069,98
grooming,72104,72069,72104,35
rising,72144,72104,72144,40
rearing,72262,72144,72262,118
climbing,72418,72262,72418,156
trotting,72458,72418,72458,40
rearing,72536,72458,72536,78
sniffing,72595,72536,72595,59
stepping,72635,72595,72635,40
sniffing,72916,72635,72916,281
stepping,72952,72916,72952,36
walking,72964,72952,72964,12
sniffing,73098,72964,73098,134
stepping,73124,73098,73124,26
sniffing,73314,73124,73314,190
right_turning,73315,73314,73315,1
stepping,73342,73315,73342,27
climbing,73399,73342,73399,57
grooming,73660,73399,73660,261
hunching,73701,73660,73701,41
rearing,73722,73701,73722,21
stepping,73750,73722,73750,28
grooming,73751,73750,73751,1
running,73795,73751,73795,44
trotting,73808,73795,73808,13
stepping,73811,73808,73811,3
sniffing,73874,73811,73874,63
grooming,74145,73874,74145,271
left_turning,74201,74145,74201,56
climbing,74282,74201,74282,81
sniffing,74371,74282,74371,89
climbing,74414,74371,74414,43
walking,74489,74414,74489,75
sniffing,74578,74489,74578,89
rising,74609,74578,74609,31
sniffing,74644,74609,74644,35
stepping,74702,74644,74702,58
climbing,74736,74702,74736,34
left_turning,74737,74736,74737,1
stepping,74757,74737,74757,20
walking,74758,74757,74758,1
stepping,74804,74758,74804,46
sniffing,74837,74804,74837,33
walking,74869,74837,74869,32
sniffing,74891,74869,74891,22
walking,74993,74891,74993,102
sniffing,75067,74993,75067,74
walking,75094,75067,75094,27
sniffing,75139,75094,75139,45
rising,75140,75139,75140,1
rearing,75161,75140,75161,21
grooming,75328,75161,75328,167
sniffing,75449,75328,75449,121
walking,75515,75449,75515,66
left_turning,75545,75515,75545,30
sniffing,75549,75545,75549,4
grooming,75606,75549,75606,57
rearing,75648,75606,75648,42
hunching,75667,75648,75667,19
rearing,75668,75667,75668,1
trotting,75688,75668,75688,20
right_turning,75698,75688,75698,10
stepping,75712,75698,75712,14
walking,75791,75712,75791,79
stepping,75812,75791,75812,21
grooming,76001,75812,76001,189
climbing,76061,76001,76061,60
left_turning,76073,76061,76073,12
hunching,76074,76073,76074,1
grooming,76084,76074,76084,10
sniffing,76125,76084,76125,41
grooming,76360,76125,76360,235
hunching,76419,76360,76419,59
grooming,76617,76419,76617,198
sniffing,76644,76617,76644,27
stepping,76645,76644,76645,1
hunching,76693,76645,76693,48
grooming,76829,76693,76829,136
walking,76892,76829,76892,63
sniffing,76897,76892,76897,5
walking,76958,76897,76958,61
right_turning,76975,76958,76975,17
sniffing,76984,76975,76984,9
rearing,77103,76984,77103,119
stepping,77147,77103,77147,44
sniffing,77172,77147,77172,25
stepping,77175,77172,77175,3
rising,77176,77175,77176,1
grooming,77206,77176,77206,30
scratching,77207,77206,77207,1
sniffing,77281,77207,77281,74
walking,77310,77281,77310,29
rising,77314,77310,77314,4
climbing,77409,77314,77409,95
sniffing,77566,77409,77566,157
rising,77613,77566,77613,47
climbing,77682,77613,77682,69
rearing,77770,77682,77770,88
grooming,77771,77770,77771,1
rearing,77772,77771,77772,1
sniffing,77803,77772,77803,31
stepping,77852,77803,77852,49
walking,77853,77852,77853,1
trotting,77884,77853,77884,31
running,77921,77884,77921,37
sniffing,78072,77921,78072,151
rising,78132,78072,78132,60
stepping,78136,78132,78136,4
grooming,78427,78136,78427,291
scratching,78428,78427,78428,1
left_turning,78500,78428,78500,72
trotting,78527,78500,78527,27
sniffing,78584,78527,78584,57
stepping,78592,78584,78592,8
walking,78663,78592,78663,71
rising,78692,78663,78692,29
climbing,78767,78692,78767,75
grooming,78952,78767,78952,185
climbing,79128,78952,79128,176
left_turning,79194,79128,79194,66
scratching,79195,79194,79195,1
sniffing,79275,79195,79275,80
grooming,79276,79275,79276,1
rearing,79360,79276,79360,84
climbing,79499,79360,79499,139
rising,79637,79499,79637,138
sniffing,79727,79637,79727,90
rising,79759,79727,79759,32
grooming,79760,79759,79760,1
rearing,79848,79760,79848,88
grooming,79849,79848,79849,1
sniffing,80046,79849,80046,197
walking,80064,80046,80064,18
sniffing,80149,80064,80149,85
grooming,80311,80149,80311,162
walking,80362,80311,80362,51
climbing,80397,80362,80397,35
walking,80416,80397,80416,19
sniffing,80530,80416,80530,114
trotting,80590,80530,80590,60
walking,80633,80590,80633,43
left_turning,80653,80633,80653,20
sniffing,80662,80653,80662,9
left_turning,80712,80662,80712,50
sniffing,80826,80712,80826,114
walking,80881,80826,80881,55
sniffing,80955,80881,80955,74
rising,80964,80955,80964,9
sniffing,81153,80964,81153,189
climbing,81193,81153,81193,40
left_turning,81218,81193,81218,25
sniffing,81236,81218,81236,18
rising,81251,81236,81251,15
rearing,81318,81251,81318,67
running,81364,81318,81364,46
walking,81490,81364,81490,126
sniffing,81491,81490,81491,1
stepping,81504,81491,81504,13
walking,81590,81504,81590,86
sniffing,81643,81590,81643,53
rising,81662,81643,81662,19
left_turning,81730,81662,81730,68
rising,81731,81730,81731,1
climbing,81772,81731,81772,41
rising,81840,81772,81840,68
climbing,81995,81840,81995,155
walking,82056,81995,82056,61
stepping,82080,82056,82080,24
walking,82093,82080,82093,13
sniffing,82094,82093,82094,1
walking,82181,82094,82181,87
stepping,82236,82181,82236,55
sniffing,82237,82236,82237,1
walking,82266,82237,82266,29
stepping,82301,82266,82301,35
walking,82348,82301,82348,47
sniffing,82450,82348,82450,102
right_turning,82451,82450,82451,1
walking,82463,82451,82463,12
trotting,82507,82463,82507,44
sniffing,82533,82507,82533,26
rearing,82562,82533,82562,29
climbing,82572,82562,82572,10
trotting,82616,82572,82616,44
walking,82692,82616,82692,76
sniffing,82827,82692,82827,135
stepping,82859,82827,82859,32
sniffing,82990,82859,82990,131
walking,83089,82990,83089,99
sniffing,83090,83089,83090,1
trotting,83145,83090,83145,55
rising,83176,83145,83176,31
grooming,83177,83176,83177,1
walking,83223,83177,83223,46
rising,83265,83223,83265,42
rearing,83342,83265,83342,77
grooming,83343,83342,83343,1
sniffing,83344,83343,83344,1
trotting,83345,83344,83345,1
stepping,83386,83345,83386,41
sniffing,83387,83386,83387,1
walking,83487,83387,83487,100
trotting,83499,83487,83499,12
sniffing,83576,83499,83576,77
grooming,83620,83576,83620,44
rearing,83621,83620,83621,1
grooming,84005,83621,84005,384
sniffing,84047,84005,84047,42
rising,84088,84047,84088,41
rearing,84130,84088,84130,42
grooming,84305,84130,84305,175
climbing,84335,84305,84335,30
trotting,84368,84335,84368,33
sniffing,84446,84368,84446,78
rising,84599,84446,84599,153
climbing,84622,84599,84622,23
rearing,84686,84622,84686,64
left_turning,84732,84686,84732,46
trotting,84735,84732,84735,3
walking,84748,84735,84748,13
stepping,84779,84748,84779,31
rising,84821,84779,84821,42
sniffing,84989,84821,84989,168
stepping,85033,84989,85033,44
sniffing,85048,85033,85048,15
stepping,85093,85048,85093,45
sniffing,85226,85093,85226,133
grooming,85256,85226,85256,30
walking,85344,85256,85344,88
sniffing,85378,85344,85378,34
stepping,85390,85378,85390,12
sniffing,85391,85390,85391,1
running,85395,85391,85395,4
walking,85424,85395,85424,29
stepping,85453,85424,85453,29
rising,85526,85453,85526,73
climbing,85600,85526,85600,74
right_turning,85641,85600,85641,41
sniffing,85658,85641,85658,17
rising,85702,85658,85702,44
walking,85775,85702,85775,73
sniffing,85867,85775,85867,92
rising,85947,85867,85947,80
grooming,86107,85947,86107,160
rearing,86125,86107,86125,18
sniffing,86149,86125,86149,24
stepping,86182,86149,86182,33
walking,86210,86182,86210,28
sniffing,86269,86210,86269,59
stepping,86326,86269,86326,57
climbing,86386,86326,86386,60
stepping,86392,86386,86392,6
sniffing,86546,86392,86546,154
stepping,86573,86546,86573,27
walking,86583,86573,86583,10
trotting,86606,86583,86606,23
running,86619,86606,86619,13
right_turning,86662,86619,86662,43
sniffing,86663,86662,86663,1
rising,86664,86663,86664,1
grooming,86697,86664,86697,33
rearing,86722,86697,86722,25
climbing,86838,86722,86838,116
rearing,86928,86838,86928,90
hunching,86968,86928,86968,40
grooming,87117,86968,87117,149
sniffing,87311,87117,87311,194
stepping,87364,87311,87364,53
sniffing,87422,87364,87422,58
stepping,87473,87422,87473,51
grooming,87608,87473,87608,135
scratching,87609,87608,87609,1
sniffing,87610,87609,87610,1
walking,87632,87610,87632,22
rising,87646,87632,87646,14
sniffing,87702,87646,87702,56
grooming,87848,87702,87848,146
sniffing,88053,87848,88053,205
walking,88132,88053,88132,79
stepping,88169,88132,88169,37
walking,88253,88169,88253,84
left_turning,88254,88253,88254,1
grooming,88255,88254,88255,1
rearing,88318,88255,88318,63
grooming,88415,88318,88415,97
left_turning,88466,88415,88466,51
trotting,88509,88466,88509,43
sniffing,88571,88509,88571,62
walking,88595,88571,88595,24
sniffing,88611,88595,88611,16
rearing,88728,88611,88728,117
grooming,88958,88728,88958,230
climbing,89032,88958,89032,74
walking,89062,89032,89062,30
sniffing,89182,89062,89182,120
rising,89185,89182,89185,3
rearing,89186,89185,89186,1
rising,89187,89186,89187,1
sniffing,89382,89187,89382,195
walking,89433,89382,89433,51
stepping,89489,89433,89489,56
sniffing,89490,89489,89490,1
stepping,89521,89490,89521,31
sniffing,89522,89521,89522,1
walking,89609,89522,89609,87
trotting,89645,89609,89645,36
stepping,89694,89645,89694,49
climbing,89816,89694,89816,122
grooming,89901,89816,89901,85
walking,89953,89901,89953,52
sniffing,90071,89953,90071,118
stepping,90123,90071,90123,52
sniffing,90159,90123,90159,36
right_turning,90198,90159,90198,39
running,90215,90198,90215,17
trotting,90243,90215,90243,28
stepping,90328,90243,90328,85
walking,90352,90328,90352,24
sniffing,90426,90352,90426,74
grooming,90701,90426,90701,275
running,90714,90701,90714,13
rearing,90825,90714,90825,111
rising,90826,90825,90826,1
rearing,90827,90826,90827,1
climbing,90828,90827,90828,1
left_turning,90916,90828,90916,88
walking,90918,90916,90918,2
stepping,90991,90918,90991,73
grooming,91101,90991,91101,110
stepping,91185,91101,91185,84
left_turning,91237,91185,91237,52
sniffing,91262,91237,91262,25
trotting,91301,91262,91301,39
walking,91302,91301,91302,1
running,91346,91302,91346,44
trotting,91347,91346,91347,1
sniffing,91488,91347,91488,141
stepping,91553,91488,91553,65
grooming,92014,91553,92014,461
stepping,92052,92014,92052,38
sniffing,92145,92052,92145,93
walking,92154,92145,92154,9
sniffing,92320,92154,92320,166
stepping,92363,92320,92363,43
sniffing,92364,92363,92364,1
rising,92365,92364,92365,1
climbing,92426,92365,92426,61
walking,92509,92426,92509,83
sniffing,92516,92509,92516,7
rising,92553,92516,92553,37
hunching,92647,92553,92647,94
climbing,92744,92647,92744,97
left_turning,92807,92744,92807,63
rising,92808,92807,92808,1
left_turning,92848,92808,92848,40
walking,92882,92848,92882,34
stepping,92963,92882,92963,81
sniffing,93006,92963,93006,43
walking,93047,93006,93047,41
rearing,93077,93047,93077,30
sniffing,93174,93077,93174,97
rearing,93175,93174,93175,1
sniffing,93210,93175,93210,35
grooming,93338,93210,93338,128
hunching,93436,93338,93436,98
grooming,93437,93436,93437,1
rising,93446,93437,93446,9
rearing,93542,93446,93542,96
grooming,93543,93542,93543,1
scratching,93544,93543,93544,1
sniffing,93545,93544,93545,1
walking,93546,93545,93546,1
sniffing,93585,93546,93585,39
rising,93644,93585,93644,59
climbing,93874,93644,93874,230
rising,93897,93874,93897,23
climbing,93910,93897,93910,13
walking,94013,93910,94013,103
grooming,95109,94013,95109,1096
left_turning,95120,95109,95120,11
walking,95188,95120,95188,68
sniffing,95191,95188,95191,3
climbing,95271,95191,95271,80
grooming,95462,95271,95462,191
sniffing,95471,95462,95471,9
rising,95509,95471,95509,38
rearing,95522,95509,95522,13
grooming,95570,95522,95570,48
climbing,95633,95570,95633,63
running,95660,95633,95660,27
walking,95753,95660,95753,93
trotting,95783,95753,95783,30
stepping,95837,95783,95837,54
rising,95846,95837,95846,9
climbing,95914,95846,95914,68
rearing,95956,95914,95956,42
climbing,96051,95956,96051,95
grooming,96324,96051,96324,273
sniffing,96352,96324,96352,28
walking,96385,96352,96385,33
sniffing,96386,96385,96386,1
grooming,96387,96386,96387,1
climbing,96388,96387,96388,1
right_turning,96395,96388,96395,7
stepping,96445,96395,96445,50
sniffing,96489,96445,96489,44
walking,96515,96489,96515,26
stepping,96526,96515,96526,11
sniffing,96578,96526,96578,52
rising,96632,96578,96632,54
stepping,96658,96632,96658,26
sniffing,96862,96658,96862,204
stepping,96884,96862,96884,22
left_turning,96930,96884,96930,46
trotting,96944,96930,96944,14
walking,97080,96944,97080,136
trotting,97104,97080,97104,24
walking,97150,97104,97150,46
stepping,97233,97150,97233,83
walking,97280,97233,97280,47
sniffing,97467,97280,97467,187
rising,97476,97467,97476,9
sniffing,97639,97476,97639,163
trotting,97668,97639,97668,29
sniffing,97979,97668,97979,311
left_turning,98024,97979,98024,45
sniffing,98120,98024,98120,96
grooming,98267,98120,98267,147
sniffing,98421,98267,98421,154
stepping,98455,98421,98455,34
sniffing,98463,98455,98463,8
stepping,98505,98463,98505,42
walking,98584,98505,98584,79
sniffing,98697,98584,98697,113
walking,98698,98697,98698,1
sniffing,98770,98698,98770,72
trotting,98798,98770,98798,28
walking,98811,98798,98811,13
sniffing,98922,98811,98922,111
walking,98962,98922,98962,40
stepping,98992,98962,98992,30
sniffing,99364,98992,99364,372
rearing,99406,99364,99406,42
grooming,99579,99406,99579,173
rearing,99623,99579,99623,44
hunching,99637,99623,99637,14
rearing,99688,99637,99688,51
left_turning,99718,99688,99718,30
grooming,99965,99718,99965,247
left_turning,100014,99965,100014,49
stepping,100034,100014,100034,20
sniffing,100117,100034,100117,83
grooming,100203,100117,100203,86
rearing,100244,100203,100244,41
sniffing,100389,100244,100389,145
rising,100402,100389,100402,13
sniffing,100510,100402,100510,108
walking,100567,100510,100567,57
climbing,100712,100567,100712,145
grooming,101050,100712,101050,338
walking,101087,101050,101087,37
stepping,101092,101087,101092,5
walking,101150,101092,101150,58
stepping,101157,101150,101157,7
jumping,101158,101157,101158,1
grooming,101186,101158,101186,28
sniffing,101380,101186,101380,194
grooming,101618,101380,101618,238
rearing,101619,101618,101619,1
grooming,101620,101619,101620,1
rearing,101683,101620,101683,63
grooming,101710,101683,101710,27
hunching,101757,101710,101757,47
grooming,102023,101757,102023,266
rearing,102084,102023,102084,61
hunching,102148,102084,102148,64
grooming,102149,102148,102149,1
sniffing,102151,102149,102151,2
climbing,102205,102151,102205,54
rearing,102245,102205,102245,40
left_turning,102356,102245,102356,111
climbing,102405,102356,102405,49
rearing,102406,102405,102406,1
climbing,102440,102406,102440,34
walking,102441,102440,102441,1
stepping,102516,102441,102516,75
walking,102551,102516,102551,35
stepping,102563,102551,102563,12
sniffing,102733,102563,102733,170
rising,102749,102733,102749,16
hunching,102880,102749,102880,131
rearing,102987,102880,102987,107
grooming,103057,102987,103057,70
sniffing,103102,103057,103102,45
rising,103151,103102,103151,49
left_turning,103174,103151,103174,23
sniffing,103367,103174,103367,193
walking,103443,103367,103443,76
stepping,103531,103443,103531,88
walking,103576,103531,103576,45
sniffing,103587,103576,103587,11
left_turning,103609,103587,103609,22
sniffing,103804,103609,103804,195
walking,103850,103804,103850,46
climbing,103860,103850,103860,10
walking,103907,103860,103907,47
right_turning,103942,103907,103942,35
sniffing,104035,103942,104035,93
rising,104036,104035,104036,1
climbing,104166,104036,104166,130
rearing,104167,104166,104167,1
grooming,104168,104167,104168,1
rearing,104317,104168,104317,149
grooming,104391,104317,104391,74
hunching,104470,104391,104470,79
rising,104481,104470,104481,11
sniffing,104657,104481,104657,176
stepping,104680,104657,104680,23
grooming,104868,104680,104868,188
left_turning,104910,104868,104910,42
sniffing,104911,104910,104911,1
stepping,104921,104911,104921,10
grooming,105133,104921,105133,212
hunching,105134,105133,105134,1
running,105182,105134,105182,48
walking,105219,105182,105219,37
sniffing,105221,105219,105221,2
rising,105314,105221,105314,93
rearing,105315,105314,105315,1
rising,105439,105315,105439,124
rearing,105466,105439,105466,27
grooming,105467,105466,105467,1
sniffing,105529,105467,105529,62
rising,105582,105529,105582,53
left_turning,105605,105582,105605,23
walking,105608,105605,105608,3
climbing,105609,105608,105609,1
walking,105610,105609,105610,1
sniffing,105640,105610,105640,30
rising,105696,105640,105696,56
sniffing,105775,105696,105775,79
grooming,106040,105775,106040,265
scratching,106041,106040,106041,1
left_turning,106077,106041,106077,36
grooming,106078,106077,106078,1
scratching,106079,106078,106079,1
sniffing,106192,106079,106192,113
rising,106236,106192,106236,44
left_turning,106237,106236,106237,1
stepping,106331,106237,106331,94
sniffing,106332,106331,106332,1
grooming,106547,106332,106547,215
sniffing,106617,106547,106617,70
walking,106665,106617,106665,48
rising,106679,106665,106679,14
left_turning,106762,106679,106762,83
climbing,106763,106762,106763,1
trotting,106808,106763,106808,45
running,106826,106808,106826,18
sniffing,106895,106826,106895,69
left_turning,106958,106895,106958,63
running,106979,106958,106979,21
stepping,107049,106979,107049,70
sniffing,107050,107049,107050,1
rearing,107170,107050,107170,120
grooming,107235,107170,107235,65
sniffing,107309,107235,107309,74
right_turning,107334,107309,107334,25
rearing,107427,107334,107427,93
rising,107478,107427,107478,51
rearing,107516,107478,107516,38
grooming,107523,107516,107523,7
climbing,107633,107523,107633,110
grooming,107694,107633,107694,61
rearing,107746,107694,107746,52
walking,107787,107746,107787,41
sniffing,107843,107787,107843,56
stepping,107891,107843,107891,48
walking,107900,107891,107900,9
sniffing,107941,107900,107941,41
rearing,107942,107941,107942,1
rising,107946,107942,107946,4
grooming,107947,107946,107947,1
climbing,107956,107947,107956,9
grooming,107957,107956,107957,1
rearing,107958,107957,107958,1
rising,107959,107958,107959,1
climbing,108000,107959,108000,41
