revised_movement_label,segBoundary,segBoundary_start,segBoundary_end,length
sniffing,32,0,32,32
walking,86,32,86,54
sniffing,87,86,87,1
walking,105,87,105,18
sniffing,106,105,106,1
grooming,116,106,116,10
trotting,118,116,118,2
running,163,118,163,45
rising,217,163,217,54
sniffing,218,217,218,1
walking,250,218,250,32
rising,251,250,251,1
grooming,275,251,275,24
sniffing,322,275,322,47
rising,323,322,323,1
sniffing,369,323,369,46
rising,395,369,395,26
stepping,440,395,440,45
sniffing,511,440,511,71
walking,512,511,512,1
stepping,527,512,527,15
sniffing,528,527,528,1
stepping,578,528,578,50
sniffing,655,578,655,77
rising,698,655,698,43
walking,792,698,792,94
trotting,825,792,825,33
walking,855,825,855,30
stepping,920,855,920,65
rising,977,920,977,57
stepping,1031,977,1031,54
walking,1106,1031,1106,75
stepping,1133,1106,1133,27
rising,1134,1133,1134,1
left_turning,1157,1134,1157,23
stepping,1252,1157,1252,95
sniffing,1259,1252,1259,7
rising,1307,1259,1307,48
left_turning,1317,1307,1317,10
sniffing,1375,1317,1375,58
left_turning,1406,1375,1406,31
sniffing,1409,1406,1409,3
rising,1448,1409,1448,39
walking,1449,1448,1449,1
stepping,1525,1449,1525,76
rising,1616,1525,1616,91
grooming,1781,1616,1781,165
rising,1782,1781,1782,1
grooming,1858,1782,1858,76
hunching,1859,1858,1859,1
grooming,1926,1859,1926,67
sniffing,2048,1926,2048,122
rising,2051,2048,2051,3
right_turning,2080,2051,2080,29
walking,2123,2080,2123,43
sniffing,2124,2123,2124,1
left_turning,2140,2124,2140,16
sniffing,2419,2140,2419,279
rising,2439,2419,2439,20
stepping,2471,2439,2471,32
rising,2472,2471,2472,1
grooming,2473,2472,2473,1
scratching,2474,2473,2474,1
sniffing,2518,2474,2518,44
left_turning,2546,2518,2546,28
stepping,2595,2546,2595,49
sniffing,2608,2595,2608,13
stepping,2631,2608,2631,23
sniffing,2632,2631,2632,1
rising,2633,2632,2633,1
sniffing,2751,2633,2751,118
rising,2752,2751,2752,1
sniffing,2785,2752,2785,33
walking,2800,2785,2800,15
trotting,2823,2800,2823,23
sniffing,2824,2823,2824,1
grooming,2893,2824,2893,69
stepping,2925,2893,2925,32
sniffing,2926,2925,2926,1
grooming,2950,2926,2950,24
sniffing,2979,2950,2979,29
stepping,3059,2979,3059,80
sniffing,3103,3059,3103,44
left_turning,3129,3103,3129,26
stepping,3158,3129,3158,29
sniffing,3159,3158,3159,1
rising,3186,3159,3186,27
climbing,3221,3186,3221,35
hunching,3265,3221,3265,44
rising,3281,3265,3281,16
rearing,3291,3281,3291,10
hunching,3292,3291,3292,1
rearing,3349,3292,3349,57
rising,3355,3349,3355,6
left_turning,3379,3355,3379,24
sniffing,3471,3379,3471,92
grooming,3534,3471,3534,63
rearing,3542,3534,3542,8
hunching,3582,3542,3582,40
stepping,3647,3582,3647,65
rising,3680,3647,3680,33
walking,3712,3680,3712,32
sniffing,3965,3712,3965,253
trotting,3966,3965,3966,1
sniffing,3993,3966,3993,27
rising,4022,3993,4022,29
running,4045,4022,4045,23
trotting,4116,4045,4116,71
sniffing,4117,4116,4117,1
rising,4118,4117,4118,1
grooming,4274,4118,4274,156
sniffing,4349,4274,4349,75
rising,4391,4349,4391,42
walking,4392,4391,4392,1
sniffing,4463,4392,4463,71
rearing,4558,4463,4558,95
hunching,4590,4558,4590,32
rising,4610,4590,4610,20
sniffing,4628,4610,4628,18
stepping,4650,4628,4650,22
sniffing,4731,4650,4731,81
running,4770,4731,4770,39
trotting,4805,4770,4805,35
walking,4837,4805,4837,32
running,4861,4837,4861,24
stepping,4862,4861,4862,1
walking,4863,4862,4863,1
trotting,4900,4863,4900,37
walking,4959,4900,4959,59
stepping,4960,4959,4960,1
sniffing,5176,4960,5176,216
walking,5207,5176,5207,31
stepping,5220,5207,5220,13
walking,5240,5220,5240,20
rearing,5273,5240,5273,33
rising,5318,5273,5318,45
stepping,5349,5318,5349,31
sniffing,5395,5349,5395,46
rising,5427,5395,5427,32
sniffing,5509,5427,5509,82
walking,5630,5509,5630,121
stepping,5669,5630,5669,39
rising,5670,5669,5670,1
climbing,5722,5670,5722,52
sniffing,5723,5722,5723,1
rising,5748,5723,5748,25
sniffing,5917,5748,5917,169
scratching,5918,5917,5918,1
grooming,5948,5918,5948,30
hunching,5969,5948,5969,21
rising,6045,5969,6045,76
sniffing,6119,6045,6119,74
stepping,6120,6119,6120,1
sniffing,6180,6120,6180,60
left_turning,6237,6180,6237,57
stepping,6238,6237,6238,1
walking,6292,6238,6292,54
trotting,6300,6292,6300,8
rising,6301,6300,6301,1
stepping,6386,6301,6386,85
sniffing,6428,6386,6428,42
walking,6563,6428,6563,135
sniffing,6595,6563,6595,32
trotting,6611,6595,6611,16
stepping,6628,6611,6628,17
rising,6676,6628,6676,48
rearing,6758,6676,6758,82
rising,6802,6758,6802,44
rearing,6803,6802,6803,1
hunching,6842,6803,6842,39
grooming,6843,6842,6843,1
right_turning,6860,6843,6860,17
running,6878,6860,6878,18
trotting,6879,6878,6879,1
rising,6880,6879,6880,1
sniffing,6881,6880,6881,1
right_turning,6897,6881,6897,16
stepping,6921,6897,6921,24
walking,6945,6921,6945,24
trotting,6977,6945,6977,32
stepping,7019,6977,7019,42
sniffing,7077,7019,7077,58
right_turning,7114,7077,7114,37
walking,7141,7114,7141,27
right_turning,7152,7141,7152,11
walking,7164,7152,7164,12
stepping,7190,7164,7190,26
walking,7191,7190,7191,1
stepping,7248,7191,7248,57
walking,7323,7248,7323,75
stepping,7356,7323,7356,33
sniffing,7357,7356,7357,1
rising,7378,7357,7378,21
sniffing,7379,7378,7379,1
grooming,7382,7379,7382,3
rising,7410,7382,7410,28
walking,7412,7410,7412,2
sniffing,7431,7412,7431,19
left_turning,7467,7431,7467,36
walking,7516,7467,7516,49
sniffing,7684,7516,7684,168
rising,7685,7684,7685,1
stepping,7695,7685,7695,10
walking,7752,7695,7752,57
trotting,7768,7752,7768,16
running,7792,7768,7792,24
left_turning,7845,7792,7845,53
sniffing,7918,7845,7918,73
running,7930,7918,7930,12
left_turning,7931,7930,7931,1
sniffing,7942,7931,7942,11
rising,7987,7942,7987,45
stepping,8004,7987,8004,17
sniffing,8023,8004,8023,19
walking,8039,8023,8039,16
stepping,8114,8039,8114,75
trotting,8115,8114,8115,1
running,8128,8115,8128,13
trotting,8160,8128,8160,32
sniffing,8214,8160,8214,54
stepping,8215,8214,8215,1
trotting,8259,8215,8259,44
running,8311,8259,8311,52
stepping,8347,8311,8347,36
walking,8434,8347,8434,87
trotting,8488,8434,8488,54
rising,8513,8488,8513,25
stepping,8514,8513,8514,1
sniffing,8724,8514,8724,210
rising,8726,8724,8726,2
trotting,8766,8726,8766,40
sniffing,8767,8766,8767,1
rising,8768,8767,8768,1
sniffing,8904,8768,8904,136
grooming,8917,8904,8917,13
hunching,8949,8917,8949,32
grooming,9156,8949,9156,207
sniffing,9212,9156,9212,56
grooming,9322,9212,9322,110
sniffing,9346,9322,9346,24
hunching,9395,9346,9395,49
grooming,9396,9395,9396,1
left_turning,9397,9396,9397,1
grooming,9612,9397,9612,215
walking,9656,9612,9656,44
rising,9673,9656,9673,17
walking,9674,9673,9674,1
sniffing,9782,9674,9782,108
grooming,9783,9782,9783,1
left_turning,9826,9783,9826,43
climbing,9920,9826,9920,94
right_turning,9921,9920,9921,1
rearing,9922,9921,9922,1
hunching,9982,9922,9982,60
rearing,10001,9982,10001,19
grooming,10275,10001,10275,274
rearing,10276,10275,10276,1
grooming,10336,10276,10336,60
left_turning,10337,10336,10337,1
trotting,10355,10337,10355,18
walking,10356,10355,10356,1
running,10397,10356,10397,41
sniffing,10442,10397,10442,45
rising,10482,10442,10482,40
climbing,10522,10482,10522,40
left_turning,10534,10522,10534,12
rearing,10581,10534,10581,47
hunching,10592,10581,10592,11
grooming,10593,10592,10593,1
sniffing,10614,10593,10614,21
walking,10647,10614,10647,33
climbing,10694,10647,10694,47
left_turning,10754,10694,10754,60
walking,10755,10754,10755,1
sniffing,10883,10755,10883,128
walking,10893,10883,10893,10
sniffing,11012,10893,11012,119
rising,11047,11012,11047,35
grooming,11382,11047,11382,335
stepping,11419,11382,11419,37
grooming,11575,11419,11575,156
rising,11648,11575,11648,73
walking,11745,11648,11745,97
trotting,11762,11745,11762,17
running,11767,11762,11767,5
sniffing,11826,11767,11826,59
rising,11847,11826,11847,21
climbing,11925,11847,11925,78
left_turning,11960,11925,11960,35
sniffing,11981,11960,11981,21
grooming,12051,11981,12051,70
stepping,12109,12051,12109,58
right_turning,12168,12109,12168,59
walking,12225,12168,12225,57
stepping,12290,12225,12290,65
running,12308,12290,12308,18
rearing,12405,12308,12405,97
hunching,12443,12405,12443,38
grooming,12492,12443,12492,49
hunching,12493,12492,12493,1
rearing,12511,12493,12511,18
grooming,12551,12511,12551,40
left_turning,12582,12551,12582,31
rising,12633,12582,12633,51
sniffing,12691,12633,12691,58
walking,12692,12691,12692,1
climbing,12744,12692,12744,52
rising,12745,12744,12745,1
stepping,12809,12745,12809,64
sniffing,12867,12809,12867,58
rising,12877,12867,12877,10
sniffing,13109,12877,13109,232
rising,13186,13109,13186,77
grooming,13269,13186,13269,83
walking,13290,13269,13290,21
stepping,13328,13290,13328,38
walking,13359,13328,13359,31
sniffing,13360,13359,13360,1
left_turning,13361,13360,13361,1
stepping,13445,13361,13445,84
rearing,13634,13445,13634,189
left_turning,13697,13634,13697,63
climbing,13766,13697,13766,69
grooming,13802,13766,13802,36
rearing,13840,13802,13840,38
rising,13873,13840,13873,33
walking,13874,13873,13874,1
sniffing,13937,13874,13937,63
hunching,13957,13937,13957,20
grooming,13958,13957,13958,1
running,13970,13958,13970,12
left_turning,14017,13970,14017,47
running,14042,14017,14042,25
sniffing,14089,14042,14089,47
rising,14154,14089,14154,65
grooming,14299,14154,14299,145
rearing,14377,14299,14377,78
sniffing,14390,14377,14390,13
stepping,14470,14390,14470,80
rising,14524,14470,14524,54
walking,14583,14524,14583,59
rising,14609,14583,14609,26
sniffing,14610,14609,14610,1
stepping,14618,14610,14618,8
grooming,14637,14618,14637,19
sniffing,14638,14637,14638,1
stepping,14652,14638,14652,14
rising,14696,14652,14696,44
rearing,14712,14696,14712,16
sniffing,14713,14712,14713,1
grooming,14779,14713,14779,66
running,14795,14779,14795,16
walking,14865,14795,14865,70
trotting,14898,14865,14898,33
sniffing,14899,14898,14899,1
trotting,14923,14899,14923,24
stepping,14989,14923,14989,66
sniffing,15069,14989,15069,80
rising,15115,15069,15115,46
rearing,15158,15115,15158,43
sniffing,15235,15158,15235,77
walking,15256,15235,15256,21
rising,15323,15256,15323,67
walking,15378,15323,15378,55
stepping,15403,15378,15403,25
walking,15456,15403,15456,53
stepping,15508,15456,15508,52
walking,15546,15508,15546,38
right_turning,15558,15546,15558,12
walking,15603,15558,15603,45
sniffing,15659,15603,15659,56
walking,15693,15659,15693,34
trotting,15702,15693,15702,9
walking,15810,15702,15810,108
climbing,15871,15810,15871,61
right_turning,15909,15871,15909,38
stepping,15926,15909,15926,17
walking,15973,15926,15973,47
sniffing,16000,15973,16000,27
stepping,16016,16000,16016,16
walking,16074,16016,16074,58
sniffing,16111,16074,16111,37
climbing,16124,16111,16124,13
grooming,16187,16124,16187,63
walking,16250,16187,16250,63
sniffing,16422,16250,16422,172
rising,16455,16422,16455,33
walking,16552,16455,16552,97
sniffing,16588,16552,16588,36
stepping,16597,16588,16597,9
rising,16662,16597,16662,65
walking,16703,16662,16703,41
sniffing,16704,16703,16704,1
rearing,16778,16704,16778,74
grooming,16996,16778,16996,218
rearing,17048,16996,17048,52
grooming,17049,17048,17049,1
running,17062,17049,17062,13
grooming,17063,17062,17063,1
rising,17101,17063,17101,38
grooming,17155,17101,17155,54
rearing,17201,17155,17201,46
walking,17227,17201,17227,26
rising,17268,17227,17268,41
walking,17284,17268,17284,16
rearing,17305,17284,17305,21
hunching,17317,17305,17317,12
grooming,17508,17317,17508,191
sniffing,17544,17508,17544,36
walking,17606,17544,17606,62
grooming,17769,17606,17769,163
sniffing,17821,17769,17821,52
stepping,17890,17821,17890,69
rising,17929,17890,17929,39
trotting,17947,17929,17947,18
walking,18031,17947,18031,84
stepping,18052,18031,18052,21
sniffing,18170,18052,18170,118
rising,18191,18170,18191,21
sniffing,18271,18191,18271,80
grooming,18284,18271,18284,13
rearing,18285,18284,18285,1
climbing,18339,18285,18339,54
right_turning,18354,18339,18354,15
sniffing,18490,18354,18490,136
rising,18505,18490,18505,15
hunching,18549,18505,18549,44
rising,18628,18549,18628,79
sniffing,18761,18628,18761,133
grooming,18762,18761,18762,1
sniffing,18927,18762,18927,165
climbing,18973,18927,18973,46
left_turning,18996,18973,18996,23
walking,19053,18996,19053,57
sniffing,19144,19053,19144,91
rearing,19178,19144,19178,34
stepping,19213,19178,19213,35
sniffing,19227,19213,19227,14
grooming,19360,19227,19360,133
sniffing,19455,19360,19455,95
hunching,19456,19455,19456,1
rearing,19502,19456,19502,46
rising,19507,19502,19507,5
stepping,19548,19507,19548,41
rearing,19551,19548,19551,3
hunching,19552,19551,19552,1
grooming,19812,19552,19812,260
hunching,19845,19812,19845,33
rearing,19926,19845,19926,81
sniffing,19969,19926,19969,43
stepping,19989,19969,19989,20
sniffing,20131,19989,20131,142
stepping,20137,20131,20137,6
rearing,20176,20137,20176,39
grooming,20390,20176,20390,214
rearing,20406,20390,20406,16
trotting,20434,20406,20434,28
rising,20445,20434,20445,11
walking,20536,20445,20536,91
running,20559,20536,20559,23
grooming,20631,20559,20631,72
rising,20656,20631,20656,25
grooming,20693,20656,20693,37
right_turning,20694,20693,20694,1
climbing,20707,20694,20707,13
stepping,20712,20707,20712,5
walking,20755,20712,20755,43
sniffing,20840,20755,20840,85
grooming,20841,20840,20841,1
walking,20887,20841,20887,46
grooming,21044,20887,21044,157
stepping,21089,21044,21089,45
sniffing,21117,21089,21117,28
rising,21175,21117,21175,58
climbing,21176,21175,21176,1
rearing,21179,21176,21179,3
stepping,21207,21179,21207,28
sniffing,21208,21207,21208,1
rearing,21246,21208,21246,38
hunching,21247,21246,21247,1
rearing,21248,21247,21248,1
hunching,21284,21248,21284,36
sniffing,21318,21284,21318,34
hunching,21351,21318,21351,33
grooming,21352,21351,21352,1
rising,21393,21352,21393,41
rearing,21495,21393,21495,102
grooming,21637,21495,21637,142
stepping,21672,21637,21672,35
walking,21716,21672,21716,44
sniffing,21763,21716,21763,47
walking,21799,21763,21799,36
rearing,21882,21799,21882,83
grooming,22051,21882,22051,169
walking,22052,22051,22052,1
trotting,22100,22052,22100,48
grooming,22101,22100,22101,1
sniffing,22201,22101,22201,100
stepping,22251,22201,22251,50
walking,22343,22251,22343,92
sniffing,22344,22343,22344,1
rising,22404,22344,22404,60
rearing,22489,22404,22489,85
grooming,22490,22489,22490,1
rearing,22520,22490,22520,30
climbing,22536,22520,22536,16
stepping,22539,22536,22539,3
rearing,22597,22539,22597,58
grooming,22650,22597,22650,53
rearing,22682,22650,22682,32
grooming,22683,22682,22683,1
running,22692,22683,22692,9
trotting,22716,22692,22716,24
rising,22717,22716,22717,1
walking,22784,22717,22784,67
grooming,22785,22784,22785,1
sniffing,22786,22785,22786,1
rising,22818,22786,22818,32
sniffing,22870,22818,22870,52
rising,22925,22870,22925,55
walking,23024,22925,23024,99
stepping,23068,23024,23068,44
grooming,23241,23068,23241,173
rearing,23275,23241,23275,34
climbing,23391,23275,23391,116
grooming,23710,23391,23710,319
walking,23711,23710,23711,1
stepping,23745,23711,23745,34
sniffing,23825,23745,23825,80
walking,23849,23825,23849,24
sniffing,23850,23849,23850,1
stepping,23920,23850,23920,70
rising,23960,23920,23960,40
stepping,24033,23960,24033,73
sniffing,24076,24033,24076,43
rearing,24111,24076,24111,35
walking,24142,24111,24142,31
rearing,24164,24142,24164,22
stepping,24216,24164,24216,52
grooming,24270,24216,24270,54
climbing,24411,24270,24411,141
grooming,24787,24411,24787,376
left_turning,24804,24787,24804,17
rearing,24822,24804,24822,18
hunching,24823,24822,24823,1
rising,24854,24823,24854,31
stepping,24914,24854,24914,60
grooming,24942,24914,24942,28
stepping,24954,24942,24954,12
walking,24992,24954,24992,38
sniffing,24999,24992,24999,7
stepping,25015,24999,25015,16
grooming,25086,25015,25086,71
climbing,25148,25086,25148,62
trotting,25195,25148,25195,47
sniffing,25196,25195,25196,1
rising,25198,25196,25198,2
rearing,25219,25198,25219,21
grooming,25261,25219,25261,42
walking,25305,25261,25305,44
climbing,25306,25305,25306,1
grooming,25307,25306,25307,1
left_turning,25359,25307,25359,52
walking,25408,25359,25408,49
sniffing,25448,25408,25448,40
rising,25500,25448,25500,52
sniffing,25501,25500,25501,1
right_turning,25502,25501,25502,1
sniffing,25652,25502,25652,150
trotting,25714,25652,25714,62
rising,25734,25714,25734,20
climbing,25790,25734,25790,56
grooming,25829,25790,25829,39
trotting,25869,25829,25869,40
rising,25895,25869,25895,26
walking,25964,25895,25964,69
sniffing,26003,25964,26003,39
hunching,26006,26003,26006,3
grooming,26052,26006,26052,46
rearing,26071,26052,26071,19
hunching,26091,26071,26091,20
grooming,26516,26091,26516,425
left_turning,26615,26516,26615,99
rising,26646,26615,26646,31
sniffing,26647,26646,26647,1
rearing,26667,26647,26667,20
climbing,26736,26667,26736,69
left_turning,26814,26736,26814,78
walking,26865,26814,26865,51
stepping,26901,26865,26901,36
sniffing,26978,26901,26978,77
rising,26982,26978,26982,4
stepping,27050,26982,27050,68
walking,27102,27050,27102,52
trotting,27131,27102,27131,29
sniffing,27227,27131,27227,96
walking,27242,27227,27242,15
sniffing,27302,27242,27302,60
right_turning,27340,27302,27340,38
trotting,27370,27340,27370,30
left_turning,27371,27370,27371,1
walking,27410,27371,27410,39
sniffing,27508,27410,27508,98
rising,27511,27508,27511,3
rearing,27512,27511,27512,1
stepping,27569,27512,27569,57
walking,27639,27569,27639,70
sniffing,27644,27639,27644,5
stepping,27679,27644,27679,35
sniffing,27817,27679,27817,138
grooming,27904,27817,27904,87
rearing,27934,27904,27934,30
left_turning,27935,27934,27935,1
sniffing,27986,27935,27986,51
stepping,27987,27986,27987,1
rising,27988,27987,27988,1
climbing,28041,27988,28041,53
right_turning,28078,28041,28078,37
walking,28152,28078,28152,74
stepping,28205,28152,28205,53
rising,28254,28205,28254,49
stepping,28270,28254,28270,16
sniffing,28271,28270,28271,1
stepping,28307,28271,28307,36
sniffing,28416,28307,28416,109
stepping,28439,28416,28439,23
sniffing,28502,28439,28502,63
left_turning,28503,28502,28503,1
running,28530,28503,28530,27
rearing,28716,28530,28716,186
grooming,28717,28716,28717,1
rearing,28718,28717,28718,1
grooming,29058,28718,29058,340
stepping,29098,29058,29098,40
sniffing,29168,29098,29168,70
left_turning,29218,29168,29218,50
trotting,29230,29218,29230,12
stepping,29277,29230,29277,47
sniffing,29348,29277,29348,71
stepping,29349,29348,29349,1
sniffing,29420,29349,29420,71
stepping,29421,29420,29421,1
sniffing,29422,29421,29422,1
grooming,29452,29422,29452,30
walking,29520,29452,29520,68
rising,29547,29520,29547,27
left_turning,29548,29547,29548,1
right_turning,29581,29548,29581,33
walking,29627,29581,29627,46
trotting,29657,29627,29657,30
sniffing,29658,29657,29658,1
rearing,29732,29658,29732,74
climbing,29733,29732,29733,1
grooming,29840,29733,29840,107
rearing,29955,29840,29955,115
grooming,30111,29955,30111,156
hunching,30191,30111,30191,80
rising,30219,30191,30219,28
trotting,30249,30219,30249,30
walking,30332,30249,30332,83
climbing,30403,30332,30403,71
right_turning,30499,30403,30499,96
rising,30510,30499,30510,11
climbing,30592,30510,30592,82
right_turning,30626,30592,30626,34
stepping,30655,30626,30655,29
trotting,30690,30655,30690,35
walking,30747,30690,30747,57
sniffing,30856,30747,30856,109
right_turning,30931,30856,30931,75
sniffing,30932,30931,30932,1
right_turning,30980,30932,30980,48
stepping,31010,30980,31010,30
sniffing,31136,31010,31136,126
rearing,31213,31136,31213,77
hunching,31214,31213,31214,1
rearing,31264,31214,31264,50
grooming,31411,31264,31411,147
rearing,31412,31411,31412,1
hunching,31415,31412,31415,3
grooming,31749,31415,31749,334
left_turning,31775,31749,31775,26
walking,31790,31775,31790,15
sniffing,31856,31790,31856,66
stepping,31857,31856,31857,1
walking,31913,31857,31913,56
stepping,31983,31913,31983,70
grooming,31991,31983,31991,8
stepping,32067,31991,32067,76
climbing,32127,32067,32127,60
grooming,32128,32127,32128,1
rearing,32218,32128,32218,90
stepping,32242,32218,32242,24
sniffing,32243,32242,32243,1
rising,32264,32243,32264,21
grooming,32332,32264,32332,68
left_turning,32389,32332,32389,57
rising,32424,32389,32424,35
rearing,32425,32424,32425,1
hunching,32510,32425,32510,85
rearing,32595,32510,32595,85
grooming,32596,32595,32596,1
running,32645,32596,32645,49
stepping,32671,32645,32671,26
rising,32678,32671,32678,7
rearing,32780,32678,32780,102
climbing,32906,32780,32906,126
grooming,32916,32906,32916,10
rising,32959,32916,32959,43
walking,32968,32959,32968,9
sniffing,33118,32968,33118,150
walking,33165,33118,33165,47
stepping,33210,33165,33210,45
sniffing,33286,33210,33286,76
rising,33329,33286,33329,43
grooming,33330,33329,33330,1
running,33347,33330,33347,17
trotting,33363,33347,33363,16
rising,33439,33363,33439,76
stepping,33440,33439,33440,1
sniffing,33522,33440,33522,82
trotting,33599,33522,33599,77
left_turning,33642,33599,33642,43
trotting,33657,33642,33657,15
sniffing,33658,33657,33658,1
rearing,33741,33658,33741,83
hunching,33818,33741,33818,77
right_turning,33827,33818,33827,9
running,33864,33827,33864,37
walking,33943,33864,33943,79
climbing,33973,33943,33973,30
grooming,34012,33973,34012,39
walking,34028,34012,34028,16
sniffing,34103,34028,34103,75
grooming,34192,34103,34192,89
hunching,34227,34192,34227,35
sniffing,34228,34227,34228,1
grooming,34309,34228,34309,81
rising,34345,34309,34345,36
walking,34346,34345,34346,1
rising,34367,34346,34367,21
sniffing,34434,34367,34434,67
climbing,34504,34434,34504,70
grooming,34585,34504,34585,81
hunching,34641,34585,34641,56
rearing,34655,34641,34655,14
hunching,34721,34655,34721,66
rearing,34722,34721,34722,1
climbing,34836,34722,34836,114
walking,34846,34836,34846,10
grooming,34847,34846,34847,1
walking,34891,34847,34891,44
left_turning,34911,34891,34911,20
stepping,34955,34911,34955,44
sniffing,34956,34955,34956,1
walking,34985,34956,34985,29
left_turning,35023,34985,35023,38
sniffing,35024,35023,35024,1
running,35025,35024,35025,1
grooming,35068,35025,35068,43
walking,35184,35068,35184,116
running,35200,35184,35200,16
sniffing,35201,35200,35201,1
walking,35251,35201,35251,50
right_turning,35252,35251,35252,1
sniffing,35395,35252,35395,143
trotting,35441,35395,35441,46
rising,35498,35441,35498,57
walking,35523,35498,35523,25
rearing,35708,35523,35708,185
grooming,35767,35708,35767,59
scratching,35768,35767,35768,1
sniffing,35819,35768,35819,51
grooming,35997,35819,35997,178
walking,36021,35997,36021,24
stepping,36077,36021,36077,56
rearing,36112,36077,36112,35
grooming,36155,36112,36155,43
walking,36195,36155,36195,40
sniffing,36213,36195,36213,18
climbing,36296,36213,36296,83
grooming,36351,36296,36351,55
rearing,36365,36351,36365,14
grooming,36479,36365,36479,114
stepping,36534,36479,36534,55
left_turning,36615,36534,36615,81
walking,36686,36615,36686,71
stepping,36694,36686,36694,8
sniffing,36695,36694,36695,1
right_turning,36749,36695,36749,54
sniffing,36750,36749,36750,1
walking,36872,36750,36872,122
sniffing,36942,36872,36942,70
grooming,36943,36942,36943,1
stepping,36983,36943,36983,40
sniffing,37058,36983,37058,75
stepping,37075,37058,37075,17
sniffing,37142,37075,37142,67
walking,37202,37142,37202,60
trotting,37212,37202,37212,10
sniffing,37232,37212,37232,20
left_turning,37251,37232,37251,19
walking,37332,37251,37332,81
sniffing,37426,37332,37426,94
walking,37427,37426,37427,1
stepping,37476,37427,37476,49
climbing,37508,37476,37508,32
rearing,37578,37508,37578,70
grooming,37814,37578,37814,236
rearing,37895,37814,37895,81
sniffing,37896,37895,37896,1
walking,37925,37896,37925,29
trotting,37945,37925,37945,20
rising,37969,37945,37969,24
walking,38017,37969,38017,48
sniffing,38299,38017,38299,282
rearing,38369,38299,38369,70
grooming,38376,38369,38376,7
trotting,38387,38376,38387,11
grooming,38472,38387,38472,85
running,38507,38472,38507,35
left_turning,38543,38507,38543,36
stepping,38610,38543,38610,67
rising,38669,38610,38669,59
sniffing,38734,38669,38734,65
grooming,38755,38734,38755,21
hunching,38789,38755,38789,34
rearing,38808,38789,38808,19
grooming,38868,38808,38868,60
sniffing,38869,38868,38869,1
walking,38951,38869,38951,82
trotting,38995,38951,38995,44
sniffing,39007,38995,39007,12
grooming,39121,39007,39121,114
hunching,39122,39121,39122,1
rearing,39123,39122,39123,1
grooming,39124,39123,39124,1
climbing,39125,39124,39125,1
sniffing,39283,39125,39283,158
rising,39308,39283,39308,25
sniffing,39349,39308,39349,41
rising,39350,39349,39350,1
sniffing,39392,39350,39392,42
rearing,39463,39392,39463,71
sniffing,39464,39463,39464,1
trotting,39500,39464,39500,36
sniffing,39548,39500,39548,48
walking,39627,39548,39627,79
stepping,39653,39627,39653,26
running,39667,39653,39667,14
rearing,39744,39667,39744,77
grooming,39836,39744,39836,92
left_turning,39857,39836,39857,21
sniffing,39858,39857,39858,1
stepping,39902,39858,39902,44
right_turning,39950,39902,39950,48
stepping,39979,39950,39979,29
sniffing,39980,39979,39980,1
grooming,39981,39980,39981,1
sniffing,40014,39981,40014,33
walking,40075,40014,40075,61
sniffing,40203,40075,40203,128
stepping,40217,40203,40217,14
sniffing,40218,40217,40218,1
climbing,40260,40218,40260,42
stepping,40293,40260,40293,33
rising,40294,40293,40294,1
grooming,40446,40294,40446,152
left_turning,40463,40446,40463,17
walking,40467,40463,40467,4
rearing,40468,40467,40468,1
right_turning,40481,40468,40481,13
jumping,40488,40481,40488,7
running,40497,40488,40497,9
walking,40498,40497,40498,1
sniffing,40559,40498,40559,61
grooming,40774,40559,40774,215
rearing,40775,40774,40775,1
left_turning,40815,40775,40815,40
grooming,40832,40815,40832,17
right_turning,40858,40832,40858,26
walking,40920,40858,40920,62
sniffing,41031,40920,41031,111
grooming,41198,41031,41198,167
rising,41216,41198,41216,18
climbing,41405,41216,41405,189
sniffing,41478,41405,41478,73
hunching,41530,41478,41530,52
sniffing,41538,41530,41538,8
stepping,41550,41538,41550,12
walking,41584,41550,41584,34
grooming,41715,41584,41715,131
hunching,41716,41715,41716,1
rearing,41717,41716,41717,1
grooming,41911,41717,41911,194
walking,41931,41911,41931,20
sniffing,41967,41931,41967,36
left_turning,41994,41967,41994,27
rising,42014,41994,42014,20
sniffing,42100,42014,42100,86
rearing,42101,42100,42101,1
grooming,42325,42101,42325,224
sniffing,42394,42325,42394,69
rising,42439,42394,42439,45
walking,42471,42439,42471,32
sniffing,42472,42471,42472,1
trotting,42512,42472,42512,40
walking,42588,42512,42588,76
sniffing,42676,42588,42676,88
hunching,42677,42676,42677,1
grooming,42703,42677,42703,26
rising,42765,42703,42765,62
grooming,42831,42765,42831,66
scratching,42832,42831,42832,1
trotting,42908,42832,42908,76
sniffing,42939,42908,42939,31
trotting,42950,42939,42950,11
rising,42989,42950,42989,39
climbing,43023,42989,43023,34
grooming,43083,43023,43083,60
rearing,43138,43083,43138,55
hunching,43154,43138,43154,16
walking,43226,43154,43226,72
grooming,43227,43226,43227,1
right_turning,43228,43227,43228,1
walking,43283,43228,43283,55
stepping,43314,43283,43314,31
rearing,43432,43314,43432,118
stepping,43530,43432,43530,98
grooming,43531,43530,43531,1
sniffing,43645,43531,43645,114
stepping,43682,43645,43682,37
walking,43695,43682,43695,13
sniffing,43696,43695,43696,1
grooming,43869,43696,43869,173
rearing,43891,43869,43891,22
grooming,44030,43891,44030,139
sniffing,44143,44030,44143,113
trotting,44188,44143,44188,45
grooming,44264,44188,44264,76
hunching,44289,44264,44289,25
rising,44327,44289,44327,38
climbing,44356,44327,44356,29
rising,44414,44356,44414,58
climbing,44563,44414,44563,149
grooming,44623,44563,44623,60
hunching,44647,44623,44647,24
grooming,44680,44647,44680,33
hunching,44726,44680,44726,46
grooming,44745,44726,44745,19
rearing,44775,44745,44775,30
stepping,44790,44775,44790,15
sniffing,45005,44790,45005,215
rearing,45018,45005,45018,13
stepping,45072,45018,45072,54
walking,45073,45072,45073,1
sniffing,45247,45073,45247,174
grooming,45334,45247,45334,87
scratching,45335,45334,45335,1
sniffing,45368,45335,45368,33
grooming,45369,45368,45369,1
walking,45390,45369,45390,21
trotting,45432,45390,45432,42
rearing,45545,45432,45545,113
grooming,45725,45545,45725,180
rearing,45812,45725,45812,87
grooming,45823,45812,45823,11
stepping,45848,45823,45848,25
sniffing,45849,45848,45849,1
walking,45893,45849,45893,44
right_turning,45899,45893,45899,6
walking,45961,45899,45961,62
trotting,46000,45961,46000,39
stepping,46002,46000,46002,2
walking,46042,46002,46042,40
stepping,46118,46042,46118,76
walking,46180,46118,46180,62
sniffing,46203,46180,46203,23
walking,46212,46203,46212,9
sniffing,46357,46212,46357,145
rising,46447,46357,46447,90
rearing,46512,46447,46512,65
grooming,46688,46512,46688,176
sniffing,46701,46688,46701,13
grooming,46845,46701,46845,144
hunching,46907,46845,46907,62
climbing,46908,46907,46908,1
rearing,46988,46908,46988,80
grooming,47233,46988,47233,245
running,47237,47233,47237,4
walking,47301,47237,47301,64
right_turning,47338,47301,47338,37
walking,47377,47338,47377,39
sniffing,47470,47377,47470,93
trotting,47486,47470,47486,16
stepping,47543,47486,47543,57
right_turning,47561,47543,47561,18
climbing,47628,47561,47628,67
left_turning,47697,47628,47697,69
walking,47727,47697,47727,30
climbing,47835,47727,47835,108
grooming,47918,47835,47918,83
scratching,47919,47918,47919,1
sniffing,48031,47919,48031,112
stepping,48033,48031,48033,2
walking,48036,48033,48036,3
sniffing,48095,48036,48095,59
stepping,48124,48095,48124,29
rising,48164,48124,48164,40
climbing,48195,48164,48195,31
stepping,48247,48195,48247,52
walking,48322,48247,48322,75
trotting,48349,48322,48349,27
stepping,48373,48349,48373,24
walking,48435,48373,48435,62
sniffing,48487,48435,48487,52
walking,48582,48487,48582,95
sniffing,48674,48582,48674,92
rising,48680,48674,48680,6
stepping,48728,48680,48728,48
walking,48759,48728,48759,31
stepping,48784,48759,48784,25
sniffing,48785,48784,48785,1
walking,48798,48785,48798,13
sniffing,48801,48798,48801,3
grooming,48995,48801,48995,194
rising,49024,48995,49024,29
rearing,49040,49024,49040,16
grooming,49090,49040,49090,50
climbing,49177,49090,49177,87
grooming,49212,49177,49212,35
hunching,49277,49212,49277,65
grooming,49378,49277,49378,101
rising,49394,49378,49394,16
rearing,49432,49394,49432,38
left_turning,49462,49432,49462,30
walking,49463,49462,49463,1
right_turning,49464,49463,49464,1
stepping,49491,49464,49491,27
sniffing,49532,49491,49532,41
grooming,49536,49532,49536,4
left_turning,49545,49536,49545,9
rearing,49554,49545,49554,9
grooming,49555,49554,49555,1
rearing,49622,49555,49622,67
hunching,49678,49622,49678,56
sniffing,49737,49678,49737,59
walking,49814,49737,49814,77
stepping,49850,49814,49850,36
sniffing,49985,49850,49985,135
rising,50043,49985,50043,58
walking,50044,50043,50044,1
grooming,50710,50044,50710,666
right_turning,50735,50710,50735,25
walking,50742,50735,50742,7
sniffing,50786,50742,50786,44
right_turning,50800,50786,50800,14
sniffing,50801,50800,50801,1
grooming,50802,50801,50802,1
stepping,50854,50802,50854,52
walking,50855,50854,50855,1
stepping,50889,50855,50889,34
sniffing,50986,50889,50986,97
stepping,51073,50986,51073,87
sniffing,51074,51073,51074,1
stepping,51133,51074,51133,59
hunching,51207,51133,51207,74
grooming,51408,51207,51408,201
walking,51409,51408,51409,1
climbing,51410,51409,51410,1
rearing,51471,51410,51471,61
rising,51561,51471,51561,90
sniffing,51648,51561,51648,87
running,51679,51648,51679,31
trotting,51720,51679,51720,41
sniffing,51809,51720,51809,89
grooming,51831,51809,51831,22
rearing,52012,51831,52012,181
rising,52018,52012,52018,6
grooming,52130,52018,52130,112
left_turning,52157,52130,52157,27
sniffing,52221,52157,52221,64
left_turning,52313,52221,52313,92
sniffing,52342,52313,52342,29
rearing,52343,52342,52343,1
stepping,52392,52343,52392,49
right_turning,52441,52392,52441,49
walking,52595,52441,52595,154
climbing,52635,52595,52635,40
left_turning,52683,52635,52683,48
sniffing,52778,52683,52778,95
grooming,52985,52778,52985,207
hunching,52986,52985,52986,1
grooming,53583,52986,53583,597
left_turning,53608,53583,53608,25
walking,53644,53608,53644,36
trotting,53659,53644,53659,15
sniffing,53783,53659,53783,124
stepping,53798,53783,53798,15
sniffing,53799,53798,53799,1
grooming,54230,53799,54230,431
right_turning,54249,54230,54249,19
grooming,54747,54249,54747,498
walking,54794,54747,54794,47
rising,54839,54794,54839,45
climbing,54854,54839,54854,15
trotting,54872,54854,54872,18
sniffing,55000,54872,55000,128
climbing,55061,55000,55061,61
trotting,55108,55061,55108,47
walking,55141,55108,55141,33
sniffing,55241,55141,55241,100
grooming,55487,55241,55487,246
left_turning,55600,55487,55600,113
running,55620,55600,55620,20
rearing,55668,55620,55668,48
grooming,55830,55668,55830,162
sniffing,55875,55830,55875,45
walking,55920,55875,55920,45
left_turning,55957,55920,55957,37
stepping,56010,55957,56010,53
grooming,56173,56010,56173,163
stepping,56182,56173,56182,9
walking,56212,56182,56212,30
grooming,56324,56212,56324,112
walking,56376,56324,56376,52
sniffing,56475,56376,56475,99
right_turning,56507,56475,56507,32
grooming,56508,56507,56508,1
rearing,56512,56508,56512,4
sniffing,56605,56512,56605,93
walking,56633,56605,56633,28
stepping,56644,56633,56644,11
climbing,56726,56644,56726,82
grooming,56871,56726,56871,145
climbing,56946,56871,56946,75
grooming,57180,56946,57180,234
left_turning,57193,57180,57193,13
sniffing,57219,57193,57219,26
walking,57223,57219,57223,4
right_turning,57248,57223,57248,25
running,57268,57248,57268,20
sniffing,57406,57268,57406,138
walking,57457,57406,57457,51
sniffing,57458,57457,57458,1
grooming,57845,57458,57845,387
stepping,57865,57845,57865,20
sniffing,57922,57865,57922,57
walking,57990,57922,57990,68
rising,58086,57990,58086,96
grooming,58087,58086,58087,1
sniffing,58224,58087,58224,137
rising,58225,58224,58225,1
stepping,58311,58225,58311,86
sniffing,58413,58311,58413,102
rising,58499,58413,58499,86
rearing,58500,58499,58500,1
climbing,58587,58500,58587,87
left_turning,58634,58587,58634,47
trotting,58651,58634,58651,17
walking,58666,58651,58666,15
rising,58715,58666,58715,49
rearing,58756,58715,58756,41
walking,58762,58756,58762,6
sniffing,58764,58762,58764,2
rearing,58814,58764,58814,50
walking,58875,58814,58875,61
stepping,58876,58875,58876,1
right_turning,58914,58876,58914,38
walking,58949,58914,58949,35
running,58959,58949,58959,10
rising,58960,58959,58960,1
walking,58969,58960,58969,9
sniffing,59176,58969,59176,207
walking,59252,59176,59252,76
sniffing,59253,59252,59253,1
walking,59260,59253,59260,7
stepping,59290,59260,59290,30
sniffing,59359,59290,59359,69
stepping,59373,59359,59373,14
walking,59422,59373,59422,49
grooming,59648,59422,59648,226
walking,59650,59648,59650,2
stepping,59716,59650,59716,66
sniffing,59745,59716,59745,29
walking,59781,59745,59781,36
right_turning,59804,59781,59804,23
sniffing,59921,59804,59921,117
grooming,60072,59921,60072,151
rearing,60112,60072,60112,40
grooming,60332,60112,60332,220
rearing,60388,60332,60388,56
stepping,60389,60388,60389,1
rearing,60390,60389,60390,1
grooming,60416,60390,60416,26
rearing,60429,60416,60429,13
grooming,60430,60429,60430,1
rearing,60518,60430,60518,88
climbing,60616,60518,60616,98
grooming,60617,60616,60617,1
hunching,60685,60617,60685,68
left_turning,60716,60685,60716,31
walking,60732,60716,60732,16
rearing,60745,60732,60745,13
rising,60746,60745,60746,1
sniffing,60747,60746,60747,1
stepping,60766,60747,60766,19
left_turning,60787,60766,60787,21
walking,60819,60787,60819,32
sniffing,60973,60819,60973,154
walking,60974,60973,60974,1
stepping,61032,60974,61032,58
walking,61098,61032,61098,66
sniffing,61247,61098,61247,149
stepping,61248,61247,61248,1
sniffing,61338,61248,61338,90
rearing,61339,61338,61339,1
hunching,61372,61339,61372,33
rearing,61410,61372,61410,38
grooming,61788,61410,61788,378
rearing,61903,61788,61903,115
grooming,62514,61903,62514,611
rearing,62595,62514,62595,81
grooming,62947,62595,62947,352
stepping,63006,62947,63006,59
rising,63075,63006,63075,69
sniffing,63110,63075,63110,35
scratching,63111,63110,63111,1
left_turning,63150,63111,63150,39
sniffing,63151,63150,63151,1
trotting,63194,63151,63194,43
walking,63283,63194,63283,89
rearing,63284,63283,63284,1
grooming,63622,63284,63622,338
rising,63631,63622,63631,9
grooming,63727,63631,63727,96
left_turning,63808,63727,63808,81
rearing,63824,63808,63824,16
climbing,63966,63824,63966,142
rearing,64069,63966,64069,103
rising,64070,64069,64070,1
stepping,64098,64070,64098,28
sniffing,64137,64098,64137,39
trotting,64190,64137,64190,53
stepping,64235,64190,64235,45
walking,64257,64235,64257,22
stepping,64275,64257,64275,18
sniffing,64317,64275,64317,42
right_turning,64376,64317,64376,59
walking,64424,64376,64424,48
rising,64466,64424,64466,42
sniffing,64537,64466,64537,71
walking,64585,64537,64585,48
climbing,64676,64585,64676,91
left_turning,64704,64676,64704,28
trotting,64710,64704,64710,6
walking,64714,64710,64714,4
sniffing,64734,64714,64734,20
grooming,64950,64734,64950,216
sniffing,64951,64950,64951,1
rising,64975,64951,64975,24
climbing,65028,64975,65028,53
stepping,65067,65028,65067,39
climbing,65185,65067,65185,118
walking,65195,65185,65195,10
sniffing,65219,65195,65219,24
walking,65279,65219,65279,60
sniffing,65280,65279,65280,1
rearing,65290,65280,65290,10
sniffing,65337,65290,65337,47
rearing,65359,65337,65359,22
sniffing,65406,65359,65406,47
walking,65475,65406,65475,69
rising,65476,65475,65476,1
sniffing,65568,65476,65568,92
stepping,65614,65568,65614,46
trotting,65663,65614,65663,49
rising,65853,65663,65853,190
right_turning,65870,65853,65870,17
walking,65908,65870,65908,38
sniffing,65938,65908,65938,30
left_turning,65959,65938,65959,21
grooming,66053,65959,66053,94
sniffing,66101,66053,66101,48
stepping,66122,66101,66122,21
climbing,66145,66122,66145,23
running,66155,66145,66155,10
walking,66224,66155,66224,69
sniffing,66230,66224,66230,6
rising,66256,66230,66256,26
rearing,66271,66256,66271,15
grooming,66272,66271,66272,1
rising,66273,66272,66273,1
grooming,66274,66273,66274,1
rearing,66279,66274,66279,5
stepping,66312,66279,66312,33
left_turning,66357,66312,66357,45
sniffing,66409,66357,66409,52
grooming,66410,66409,66410,1
sniffing,66462,66410,66462,52
walking,66529,66462,66529,67
left_turning,66588,66529,66588,59
running,66636,66588,66636,48
sniffing,66689,66636,66689,53
climbing,66706,66689,66706,17
walking,66771,66706,66771,65
sniffing,66808,66771,66808,37
left_turning,66847,66808,66847,39
trotting,66866,66847,66866,19
sniffing,66867,66866,66867,1
rearing,66918,66867,66918,51
sniffing,67018,66918,67018,100
scratching,67019,67018,67019,1
grooming,67020,67019,67020,1
rearing,67046,67020,67046,26
grooming,67047,67046,67047,1
rearing,67089,67047,67089,42
climbing,67123,67089,67123,34
right_turning,67163,67123,67163,40
walking,67164,67163,67164,1
sniffing,67226,67164,67226,62
walking,67266,67226,67266,40
rising,67362,67266,67362,96
grooming,67494,67362,67494,132
rearing,67576,67494,67576,82
grooming,67741,67576,67741,165
hunching,67742,67741,67742,1
grooming,67743,67742,67743,1
trotting,67785,67743,67785,42
sniffing,67980,67785,67980,195
rising,67984,67980,67984,4
walking,68005,67984,68005,21
sniffing,68071,68005,68071,66
walking,68125,68071,68125,54
sniffing,68211,68125,68211,86
stepping,68325,68211,68325,114
sniffing,68326,68325,68326,1
walking,68430,68326,68430,104
sniffing,68456,68430,68456,26
left_turning,68505,68456,68505,49
sniffing,68633,68505,68633,128
walking,68644,68633,68644,11
stepping,68689,68644,68689,45
sniffing,68694,68689,68694,5
trotting,68723,68694,68723,29
walking,68783,68723,68783,60
sniffing,68897,68783,68897,114
rising,68903,68897,68903,6
grooming,68920,68903,68920,17
left_turning,68921,68920,68921,1
sniffing,68957,68921,68957,36
stepping,69030,68957,69030,73
sniffing,69125,69030,69125,95
left_turning,69181,69125,69181,56
walking,69220,69181,69220,39
sniffing,69281,69220,69281,61
climbing,69290,69281,69290,9
walking,69318,69290,69318,28
sniffing,69319,69318,69319,1
grooming,69424,69319,69424,105
sniffing,69780,69424,69780,356
right_turning,69796,69780,69796,16
grooming,69797,69796,69797,1
hunching,69866,69797,69866,69
grooming,69942,69866,69942,76
hunching,70006,69942,70006,64
climbing,70089,70006,70089,83
right_turning,70148,70089,70148,59
sniffing,70198,70148,70198,50
grooming,70372,70198,70372,174
sniffing,70421,70372,70421,49
stepping,70439,70421,70439,18
sniffing,70539,70439,70539,100
stepping,70650,70539,70650,111
climbing,70774,70650,70774,124
rearing,70786,70774,70786,12
hunching,70992,70786,70992,206
grooming,71018,70992,71018,26
scratching,71019,71018,71019,1
sniffing,71118,71019,71118,99
stepping,71143,71118,71143,25
sniffing,71280,71143,71280,137
stepping,71324,71280,71324,44
sniffing,71325,71324,71325,1
stepping,71369,71325,71369,44
rising,71376,71369,71376,7
rearing,71402,71376,71402,26
grooming,71403,71402,71403,1
rearing,71498,71403,71498,95
sniffing,71515,71498,71515,17
stepping,71541,71515,71541,26
hunching,71557,71541,71557,16
rearing,71558,71557,71558,1
climbing,71586,71558,71586,28
grooming,71587,71586,71587,1
sniffing,71644,71587,71644,57
walking,71707,71644,71707,63
rising,71789,71707,71789,82
sniffing,71790,71789,71790,1
stepping,71860,71790,71860,70
walking,71930,71860,71930,70
sniffing,71933,71930,71933,3
rising,71968,71933,71968,35
rearing,72264,71968,72264,296
walking,72267,72264,72267,3
sniffing,72302,72267,72302,35
right_turning,72308,72302,72308,6
sniffing,72355,72308,72355,47
stepping,72392,72355,72392,37
climbing,72427,72392,72427,35
trotting,72428,72427,72428,1
sniffing,72453,72428,72453,25
left_turning,72468,72453,72468,15
stepping,72547,72468,72547,79
rearing,72647,72547,72647,100
climbing,72761,72647,72761,114
sniffing,72803,72761,72803,42
walking,72804,72803,72804,1
sniffing,72805,72804,72805,1
left_turning,72877,72805,72877,72
sniffing,72883,72877,72883,6
grooming,73019,72883,73019,136
sniffing,73106,73019,73106,87
walking,73145,73106,73145,39
stepping,73170,73145,73170,25
walking,73217,73170,73217,47
sniffing,73356,73217,73356,139
stepping,73357,73356,73357,1
rising,73372,73357,73372,15
climbing,73398,73372,73398,26
walking,73433,73398,73433,35
climbing,73453,73433,73453,20
grooming,73633,73453,73633,180
trotting,73667,73633,73667,34
stepping,73702,73667,73702,35
walking,73733,73702,73733,31
stepping,73781,73733,73781,48
walking,73785,73781,73785,4
trotting,73824,73785,73824,39
stepping,73873,73824,73873,49
sniffing,74034,73873,74034,161
hunching,74035,74034,74035,1
grooming,74036,74035,74036,1
left_turning,74037,74036,74037,1
stepping,74077,74037,74077,40
rearing,74176,74077,74176,99
grooming,74294,74176,74294,118
sniffing,74376,74294,74376,82
left_turning,74423,74376,74423,47
trotting,74438,74423,74438,15
walking,74492,74438,74492,54
sniffing,74539,74492,74539,47
grooming,74540,74539,74540,1
walking,74548,74540,74548,8
stepping,74549,74548,74549,1
walking,74598,74549,74598,49
grooming,74599,74598,74599,1
stepping,74600,74599,74600,1
sniffing,74601,74600,74601,1
stepping,74655,74601,74655,54
sniffing,74671,74655,74671,16
rearing,74711,74671,74711,40
rising,74788,74711,74788,77
climbing,74861,74788,74861,73
stepping,74869,74861,74869,8
walking,74870,74869,74870,1
sniffing,75030,74870,75030,160
left_turning,75033,75030,75033,3
running,75048,75033,75048,15
walking,75097,75048,75097,49
stepping,75205,75097,75205,108
trotting,75214,75205,75214,9
sniffing,75277,75214,75277,63
stepping,75336,75277,75336,59
sniffing,75384,75336,75384,48
grooming,75385,75384,75385,1
climbing,75401,75385,75401,16
grooming,75542,75401,75542,141
walking,75568,75542,75568,26
sniffing,75808,75568,75808,240
stepping,75864,75808,75864,56
sniffing,75931,75864,75931,67
walking,75979,75931,75979,48
sniffing,76037,75979,76037,58
left_turning,76044,76037,76044,7
sniffing,76045,76044,76045,1
grooming,76046,76045,76046,1
rearing,76066,76046,76066,20
running,76094,76066,76094,28
walking,76167,76094,76167,73
left_turning,76189,76167,76189,22
sniffing,76194,76189,76194,5
stepping,76211,76194,76211,17
sniffing,76288,76211,76288,77
right_turning,76309,76288,76309,21
sniffing,76310,76309,76310,1
rearing,76393,76310,76393,83
rising,76437,76393,76437,44
sniffing,76481,76437,76481,44
running,76506,76481,76506,25
walking,76520,76506,76520,14
sniffing,76736,76520,76736,216
rising,76738,76736,76738,2
sniffing,76783,76738,76783,45
stepping,76832,76783,76832,49
climbing,76933,76832,76933,101
rising,76941,76933,76941,8
climbing,77060,76941,77060,119
grooming,77158,77060,77158,98
trotting,77182,77158,77182,24
sniffing,77202,77182,77202,20
climbing,77239,77202,77239,37
grooming,77240,77239,77240,1
walking,77264,77240,77264,24
sniffing,77353,77264,77353,89
right_turning,77373,77353,77373,20
walking,77407,77373,77407,34
sniffing,77451,77407,77451,44
stepping,77487,77451,77487,36
sniffing,77608,77487,77608,121
grooming,77656,77608,77656,48
rearing,77682,77656,77682,26
climbing,77700,77682,77700,18
grooming,77892,77700,77892,192
hunching,77893,77892,77893,1
rearing,77894,77893,77894,1
grooming,77979,77894,77979,85
sniffing,78033,77979,78033,54
right_turning,78069,78033,78069,36
sniffing,78137,78069,78137,68
stepping,78198,78137,78198,61
sniffing,78208,78198,78208,10
stepping,78237,78208,78237,29
sniffing,78238,78237,78238,1
stepping,78253,78238,78253,15
rising,78254,78253,78254,1
stepping,78302,78254,78302,48
walking,78345,78302,78345,43
stepping,78403,78345,78403,58
sniffing,78407,78403,78407,4
grooming,78493,78407,78493,86
sniffing,78569,78493,78569,76
stepping,78591,78569,78591,22
rising,78664,78591,78664,73
sniffing,78706,78664,78706,42
climbing,78754,78706,78754,48
rearing,78803,78754,78803,49
grooming,78945,78803,78945,142
right_turning,78970,78945,78970,25
stepping,79030,78970,79030,60
sniffing,79105,79030,79105,75
rising,79147,79105,79147,42
climbing,79256,79147,79256,109
walking,79257,79256,79257,1
sniffing,79258,79257,79258,1
rising,79265,79258,79265,7
climbing,79319,79265,79319,54
left_turning,79344,79319,79344,25
running,79345,79344,79345,1
walking,79389,79345,79389,44
running,79459,79389,79459,70
rising,79531,79459,79531,72
sniffing,79592,79531,79592,61
walking,79603,79592,79603,11
sniffing,79610,79603,79610,7
right_turning,79652,79610,79652,42
trotting,79660,79652,79660,8
walking,79696,79660,79696,36
sniffing,79803,79696,79803,107
walking,79840,79803,79840,37
right_turning,79841,79840,79841,1
stepping,79844,79841,79844,3
sniffing,79885,79844,79885,41
rising,79920,79885,79920,35
walking,79959,79920,79959,39
sniffing,80059,79959,80059,100
trotting,80101,80059,80101,42
stepping,80102,80101,80102,1
sniffing,80195,80102,80195,93
walking,80196,80195,80196,1
left_turning,80227,80196,80227,31
sniffing,80473,80227,80473,246
stepping,80483,80473,80483,10
right_turning,80526,80483,80526,43
sniffing,80589,80526,80589,63
rising,80602,80589,80602,13
climbing,80624,80602,80624,22
walking,80638,80624,80638,14
stepping,80685,80638,80685,47
sniffing,80713,80685,80713,28
trotting,80746,80713,80746,33
walking,80777,80746,80777,31
sniffing,80799,80777,80799,22
stepping,80873,80799,80873,74
walking,80959,80873,80959,86
sniffing,81109,80959,81109,150
grooming,81341,81109,81341,232
sniffing,81412,81341,81412,71
rising,81419,81412,81419,7
sniffing,81466,81419,81466,47
stepping,81514,81466,81514,48
walking,81524,81514,81524,10
sniffing,81599,81524,81599,75
stepping,81641,81599,81641,42
walking,81642,81641,81642,1
climbing,81643,81642,81643,1
sniffing,81668,81643,81668,25
rearing,81751,81668,81751,83
stepping,81794,81751,81794,43
sniffing,81853,81794,81853,59
walking,81941,81853,81941,88
sniffing,82081,81941,82081,140
grooming,82121,82081,82121,40
sniffing,82257,82121,82257,136
left_turning,82300,82257,82300,43
walking,82303,82300,82303,3
climbing,82306,82303,82306,3
running,82333,82306,82333,27
walking,82348,82333,82348,15
sniffing,82523,82348,82523,175
climbing,82583,82523,82583,60
sniffing,82653,82583,82653,70
left_turning,82694,82653,82694,41
scratching,82695,82694,82695,1
walking,82797,82695,82797,102
left_turning,82831,82797,82831,34
stepping,82863,82831,82863,32
walking,82898,82863,82898,35
rearing,82899,82898,82899,1
climbing,82900,82899,82900,1
left_turning,82921,82900,82921,21
stepping,82922,82921,82922,1
trotting,82927,82922,82927,5
sniffing,83006,82927,83006,79
rising,83019,83006,83019,13
rearing,83048,83019,83048,29
stepping,83106,83048,83106,58
sniffing,83159,83106,83159,53
grooming,83160,83159,83160,1
sniffing,83184,83160,83184,24
stepping,83185,83184,83185,1
running,83230,83185,83230,45
sniffing,83330,83230,83330,100
rising,83347,83330,83347,17
left_turning,83376,83347,83376,29
trotting,83377,83376,83377,1
sniffing,83378,83377,83378,1
grooming,83379,83378,83379,1
rising,83380,83379,83380,1
walking,83384,83380,83384,4
sniffing,83412,83384,83412,28
stepping,83426,83412,83426,14
climbing,83520,83426,83520,94
grooming,84059,83520,84059,539
stepping,84072,84059,84072,13
sniffing,84086,84072,84086,14
right_turning,84135,84086,84135,49
stepping,84166,84135,84166,31
sniffing,84224,84166,84224,58
walking,84333,84224,84333,109
rising,84459,84333,84459,126
stepping,84493,84459,84493,34
rising,84500,84493,84500,7
grooming,84761,84500,84761,261
left_turning,84796,84761,84796,35
walking,84810,84796,84810,14
sniffing,84904,84810,84904,94
grooming,85075,84904,85075,171
rearing,85114,85075,85114,39
left_turning,85186,85114,85186,72
stepping,85219,85186,85219,33
sniffing,85220,85219,85220,1
right_turning,85232,85220,85232,12
sniffing,85326,85232,85326,94
climbing,85414,85326,85414,88
rearing,85429,85414,85429,15
grooming,85430,85429,85430,1
sniffing,85758,85430,85758,328
stepping,85791,85758,85791,33
sniffing,85801,85791,85801,10
walking,85812,85801,85812,11
rearing,85884,85812,85884,72
stepping,85965,85884,85965,81
sniffing,86018,85965,86018,53
grooming,86269,86018,86269,251
rearing,86468,86269,86468,199
hunching,86535,86468,86535,67
rearing,86536,86535,86536,1
climbing,86620,86536,86620,84
rearing,86693,86620,86693,73
climbing,86763,86693,86763,70
walking,86777,86763,86777,14
stepping,86812,86777,86812,35
rearing,86836,86812,86836,24
grooming,86989,86836,86989,153
climbing,86990,86989,86990,1
walking,87014,86990,87014,24
climbing,87194,87014,87194,180
left_turning,87266,87194,87266,72
walking,87289,87266,87289,23
stepping,87348,87289,87348,59
walking,87418,87348,87418,70
rearing,87474,87418,87474,56
grooming,88508,87474,88508,1034
sniffing,88632,88508,88632,124
running,88648,88632,88648,16
walking,88652,88648,88652,4
rearing,88653,88652,88653,1
grooming,88756,88653,88756,103
stepping,88763,88756,88763,7
climbing,88837,88763,88837,74
sniffing,88885,88837,88885,48
walking,88917,88885,88917,32
stepping,88940,88917,88940,23
walking,89000,88940,89000,60
stepping,89001,89000,89001,1
rising,89002,89001,89002,1
rearing,89026,89002,89026,24
grooming,89317,89026,89317,291
rearing,89359,89317,89359,42
rising,89360,89359,89360,1
sniffing,89362,89360,89362,2
left_turning,89363,89362,89363,1
climbing,89568,89363,89568,205
rising,89580,89568,89580,12
rearing,89608,89580,89608,28
walking,89609,89608,89609,1
stepping,89617,89609,89617,8
right_turning,89651,89617,89651,34
walking,89701,89651,89701,50
sniffing,89764,89701,89764,63
right_turning,89768,89764,89768,4
running,89781,89768,89781,13
walking,89861,89781,89861,80
sniffing,89969,89861,89969,108
stepping,90007,89969,90007,38
left_turning,90014,90007,90014,7
walking,90034,90014,90034,20
rising,90053,90034,90053,19
sniffing,90316,90053,90316,263
rising,90363,90316,90363,47
rearing,90488,90363,90488,125
left_turning,90548,90488,90548,60
grooming,90822,90548,90822,274
walking,90926,90822,90926,104
running,90941,90926,90941,15
walking,90980,90941,90980,39
rearing,91031,90980,91031,51
rising,91137,91031,91137,106
sniffing,91198,91137,91198,61
scratching,91199,91198,91199,1
rising,91302,91199,91302,103
sniffing,91354,91302,91354,52
rising,91355,91354,91355,1
sniffing,91356,91355,91356,1
stepping,91402,91356,91402,46
rising,91403,91402,91403,1
rearing,91470,91403,91470,67
grooming,91471,91470,91471,1
sniffing,91644,91471,91644,173
walking,91666,91644,91666,22
stepping,91689,91666,91689,23
walking,91811,91689,91811,122
rising,91896,91811,91896,85
stepping,91930,91896,91930,34
sniffing,91979,91930,91979,49
stepping,92015,91979,92015,36
walking,92061,92015,92061,46
stepping,92079,92061,92079,18
sniffing,92093,92079,92093,14
left_turning,92132,92093,92132,39
grooming,92335,92132,92335,203
rearing,92385,92335,92385,50
sniffing,92386,92385,92386,1
trotting,92434,92386,92434,48
stepping,92474,92434,92474,40
walking,92581,92474,92581,107
stepping,92629,92581,92629,48
trotting,92656,92629,92656,27
walking,92661,92656,92661,5
grooming,92662,92661,92662,1
climbing,92700,92662,92700,38
running,92740,92700,92740,40
trotting,92831,92740,92831,91
walking,92915,92831,92915,84
sniffing,92952,92915,92952,37
rearing,92958,92952,92958,6
grooming,93077,92958,93077,119
rearing,93104,93077,93104,27
climbing,93138,93104,93138,34
rearing,93229,93138,93229,91
climbing,93417,93229,93417,188
left_turning,93494,93417,93494,77
stepping,93514,93494,93514,20
sniffing,93585,93514,93585,71
walking,93626,93585,93626,41
sniffing,93729,93626,93729,103
walking,93798,93729,93798,69
sniffing,93799,93798,93799,1
left_turning,93855,93799,93855,56
rising,93970,93855,93970,115
stepping,94067,93970,94067,97
rearing,94083,94067,94083,16
climbing,94084,94083,94084,1
grooming,94271,94084,94271,187
left_turning,94327,94271,94327,56
hunching,94342,94327,94342,15
rearing,94351,94342,94351,9
rising,94392,94351,94392,41
sniffing,94393,94392,94393,1
right_turning,94446,94393,94446,53
stepping,94470,94446,94470,24
walking,94529,94470,94529,59
rising,94592,94529,94592,63
walking,94593,94592,94593,1
grooming,94594,94593,94594,1
sniffing,94607,94594,94607,13
grooming,94924,94607,94924,317
rearing,95014,94924,95014,90
grooming,95018,95014,95018,4
sniffing,95045,95018,95045,27
walking,95125,95045,95125,80
sniffing,95126,95125,95126,1
rising,95168,95126,95168,42
climbing,95216,95168,95216,48
rearing,95318,95216,95318,102
walking,95396,95318,95396,78
stepping,95433,95396,95433,37
sniffing,95519,95433,95519,86
walking,95543,95519,95543,24
sniffing,95653,95543,95653,110
stepping,95721,95653,95721,68
walking,95760,95721,95760,39
sniffing,95761,95760,95761,1
climbing,95773,95761,95773,12
rearing,95792,95773,95792,19
climbing,95849,95792,95849,57
grooming,95850,95849,95850,1
climbing,96055,95850,96055,205
trotting,96085,96055,96085,30
rising,96086,96085,96086,1
climbing,96104,96086,96104,18
right_turning,96132,96104,96132,28
sniffing,96211,96132,96211,79
stepping,96246,96211,96246,35
sniffing,96247,96246,96247,1
rising,96293,96247,96293,46
stepping,96364,96293,96364,71
sniffing,96445,96364,96445,81
left_turning,96488,96445,96488,43
stepping,96535,96488,96535,47
trotting,96539,96535,96539,4
climbing,96670,96539,96670,131
rearing,96713,96670,96713,43
grooming,96941,96713,96941,228
left_turning,96974,96941,96974,33
rising,96975,96974,96975,1
climbing,97032,96975,97032,57
stepping,97063,97032,97063,31
walking,97075,97063,97075,12
stepping,97120,97075,97120,45
left_turning,97152,97120,97152,32
sniffing,97183,97152,97183,31
walking,97184,97183,97184,1
rising,97206,97184,97206,22
rearing,97231,97206,97231,25
climbing,97311,97231,97311,80
rearing,97472,97311,97472,161
grooming,97682,97472,97682,210
rising,97784,97682,97784,102
sniffing,97785,97784,97785,1
stepping,97844,97785,97844,59
right_turning,97888,97844,97888,44
sniffing,97991,97888,97991,103
stepping,98029,97991,98029,38
walking,98085,98029,98085,56
left_turning,98144,98085,98144,59
walking,98174,98144,98174,30
stepping,98175,98174,98175,1
sniffing,98209,98175,98209,34
walking,98260,98209,98260,51
rising,98284,98260,98284,24
rearing,98439,98284,98439,155
sniffing,98440,98439,98440,1
stepping,98475,98440,98475,35
sniffing,98597,98475,98597,122
rising,98598,98597,98598,1
climbing,98734,98598,98734,136
walking,98797,98734,98797,63
sniffing,98798,98797,98798,1
stepping,98851,98798,98851,53
rearing,98858,98851,98858,7
hunching,98956,98858,98956,98
grooming,99062,98956,99062,106
walking,99107,99062,99107,45
right_turning,99132,99107,99132,25
walking,99194,99132,99194,62
sniffing,99252,99194,99252,58
grooming,99643,99252,99643,391
walking,99686,99643,99686,43
sniffing,99807,99686,99807,121
left_turning,99808,99807,99808,1
stepping,99819,99808,99819,11
sniffing,99820,99819,99820,1
climbing,99821,99820,99821,1
rearing,99866,99821,99866,45
grooming,99867,99866,99867,1
sniffing,99969,99867,99969,102
rearing,99980,99969,99980,11
grooming,100204,99980,100204,224
sniffing,100315,100204,100315,111
left_turning,100369,100315,100369,54
sniffing,100370,100369,100370,1
left_turning,100477,100370,100477,107
grooming,100646,100477,100646,169
hunching,100755,100646,100755,109
grooming,100790,100755,100790,35
sniffing,100880,100790,100880,90
stepping,100944,100880,100944,64
rearing,100966,100944,100966,22
rising,101005,100966,101005,39
sniffing,101140,101005,101140,135
walking,101169,101140,101169,29
rising,101256,101169,101256,87
grooming,101439,101256,101439,183
rearing,101481,101439,101481,42
grooming,101482,101481,101482,1
climbing,101644,101482,101644,162
grooming,101645,101644,101645,1
hunching,101681,101645,101681,36
left_turning,101697,101681,101697,16
sniffing,101851,101697,101851,154
left_turning,101878,101851,101878,27
sniffing,101879,101878,101879,1
rising,101880,101879,101880,1
grooming,101967,101880,101967,87
rearing,102001,101967,102001,34
running,102009,102001,102009,8
walking,102067,102009,102067,58
climbing,102068,102067,102068,1
walking,102123,102068,102123,55
stepping,102212,102123,102212,89
rising,102228,102212,102228,16
grooming,102441,102228,102441,213
rearing,102492,102441,102492,51
grooming,102493,102492,102493,1
sniffing,102494,102493,102494,1
trotting,102550,102494,102550,56
sniffing,102562,102550,102562,12
walking,102604,102562,102604,42
sniffing,102606,102604,102606,2
stepping,102651,102606,102651,45
sniffing,102707,102651,102707,56
walking,102722,102707,102722,15
sniffing,102729,102722,102729,7
left_turning,102817,102729,102817,88
sniffing,102879,102817,102879,62
walking,102939,102879,102939,60
sniffing,102985,102939,102985,46
grooming,103148,102985,103148,163
hunching,103396,103148,103396,248
rearing,103655,103396,103655,259
grooming,103657,103655,103657,2
climbing,103658,103657,103658,1
left_turning,103723,103658,103723,65
stepping,103748,103723,103748,25
sniffing,103759,103748,103759,11
walking,103794,103759,103794,35
sniffing,103947,103794,103947,153
pausing,104091,103947,104091,144
grooming,104232,104091,104232,141
sniffing,104237,104232,104237,5
stepping,104238,104237,104238,1
climbing,104283,104238,104283,45
grooming,104344,104283,104344,61
scratching,104345,104344,104345,1
grooming,104346,104345,104346,1
rearing,104347,104346,104347,1
sniffing,104348,104347,104348,1
rising,104381,104348,104381,33
climbing,104413,104381,104413,32
grooming,104434,104413,104434,21
walking,104470,104434,104470,36
stepping,104502,104470,104502,32
sniffing,104668,104502,104668,166
stepping,104705,104668,104705,37
sniffing,104726,104705,104726,21
grooming,105110,104726,105110,384
rearing,105246,105110,105246,136
climbing,105367,105246,105367,121
rising,105390,105367,105390,23
climbing,105415,105390,105415,25
rearing,105450,105415,105450,35
grooming,105906,105450,105906,456
rearing,106041,105906,106041,135
grooming,106042,106041,106042,1
rearing,106149,106042,106149,107
grooming,106320,106149,106320,171
rearing,106418,106320,106418,98
stepping,106467,106418,106467,49
sniffing,106547,106467,106547,80
left_turning,106566,106547,106566,19
sniffing,106658,106566,106658,92
rearing,106659,106658,106659,1
grooming,106952,106659,106952,293
rearing,106953,106952,106953,1
sniffing,107188,106953,107188,235
scratching,107189,107188,107189,1
sniffing,107306,107189,107306,117
stepping,107362,107306,107362,56
sniffing,107486,107362,107486,124
stepping,107532,107486,107532,46
trotting,107573,107532,107573,41
sniffing,107574,107573,107574,1
grooming,107692,107574,107692,118
stepping,107740,107692,107740,48
sniffing,107786,107740,107786,46
stepping,107789,107786,107789,3
walking,107816,107789,107816,27
stepping,107817,107816,107817,1
climbing,107825,107817,107825,8
right_turning,107860,107825,107860,35
walking,107865,107860,107865,5
stepping,108000,107865,108000,135
