revised_movement_label,segBoundary,segBoundary_start,segBoundary_end,length
right_turning,1,0,1,1
walking,18,1,18,17
trotting,40,18,40,22
stepping,41,40,41,1
walking,68,41,68,27
sniffing,105,68,105,37
stepping,125,105,125,20
rearing,159,125,159,34
sniffing,160,159,160,1
right_turning,201,160,201,41
rising,275,201,275,74
sniffing,276,275,276,1
left_turning,287,276,287,11
hunching,295,287,295,8
grooming,418,295,418,123
left_turning,421,418,421,3
walking,434,421,434,13
sniffing,638,434,638,204
rising,658,638,658,20
stepping,715,658,715,57
grooming,845,715,845,130
rearing,846,845,846,1
hunching,847,846,847,1
grooming,886,847,886,39
sniffing,887,886,887,1
stepping,888,887,888,1
walking,907,888,907,19
stepping,932,907,932,25
walking,1019,932,1019,87
sniffing,1075,1019,1075,56
stepping,1116,1075,1116,41
sniffing,1242,1116,1242,126
stepping,1321,1242,1321,79
sniffing,1322,1321,1322,1
grooming,1323,1322,1323,1
sniffing,1324,1323,1324,1
rising,1371,1324,1371,47
walking,1390,1371,1390,19
trotting,1430,1390,1430,40
walking,1431,1430,1431,1
sniffing,1489,1431,1489,58
rising,1576,1489,1576,87
sniffing,1644,1576,1644,68
stepping,1669,1644,1669,25
walking,1717,1669,1717,48
stepping,1751,1717,1751,34
walking,1838,1751,1838,87
running,1861,1838,1861,23
sniffing,1885,1861,1885,24
rising,1908,1885,1908,23
rearing,1945,1908,1945,37
grooming,1972,1945,1972,27
climbing,2057,1972,2057,85
sniffing,2058,2057,2058,1
stepping,2098,2058,2098,40
rising,2099,2098,2099,1
sniffing,2138,2099,2138,39
rising,2199,2138,2199,61
walking,2213,2199,2213,14
sniffing,2242,2213,2242,29
grooming,2346,2242,2346,104
walking,2391,2346,2391,45
stepping,2412,2391,2412,21
rising,2423,2412,2423,11
rearing,2475,2423,2475,52
grooming,2663,2475,2663,188
sniffing,2714,2663,2714,51
walking,2764,2714,2764,50
stepping,2804,2764,2804,40
sniffing,2805,2804,2805,1
running,2837,2805,2837,32
walking,2854,2837,2854,17
rising,2902,2854,2902,48
sniffing,2903,2902,2903,1
running,2918,2903,2918,15
walking,3024,2918,3024,106
sniffing,3083,3024,3083,59
walking,3150,3083,3150,67
sniffing,3170,3150,3170,20
left_turning,3231,3170,3231,61
trotting,3256,3231,3256,25
sniffing,3268,3256,3268,12
walking,3384,3268,3384,116
sniffing,3422,3384,3422,38
right_turning,3423,3422,3423,1
walking,3437,3423,3437,14
stepping,3474,3437,3474,37
sniffing,3552,3474,3552,78
walking,3666,3552,3666,114
trotting,3679,3666,3679,13
sniffing,3680,3679,3680,1
rising,3687,3680,3687,7
grooming,3726,3687,3726,39
rearing,3766,3726,3766,40
rising,3834,3766,3834,68
walking,3897,3834,3897,63
stepping,3898,3897,3898,1
rising,3919,3898,3919,21
climbing,3976,3919,3976,57
grooming,3977,3976,3977,1
rising,4010,3977,4010,33
left_turning,4089,4010,4089,79
sniffing,4230,4089,4230,141
grooming,4419,4230,4419,189
climbing,4451,4419,4451,32
rearing,4482,4451,4482,31
climbing,4521,4482,4521,39
right_turning,4552,4521,4552,31
sniffing,4590,4552,4590,38
climbing,4620,4590,4620,30
rearing,4621,4620,4621,1
left_turning,4641,4621,4641,20
trotting,4677,4641,4677,36
stepping,4712,4677,4712,35
sniffing,4720,4712,4720,8
trotting,4778,4720,4778,58
running,4797,4778,4797,19
stepping,4836,4797,4836,39
trotting,4837,4836,4837,1
grooming,4856,4837,4856,19
right_turning,4895,4856,4895,39
sniffing,4961,4895,4961,66
rising,4992,4961,4992,31
walking,5044,4992,5044,52
trotting,5104,5044,5104,60
running,5133,5104,5133,29
stepping,5271,5133,5271,138
sniffing,5341,5271,5341,70
rising,5404,5341,5404,63
sniffing,5485,5404,5485,81
rearing,5486,5485,5486,1
stepping,5514,5486,5514,28
sniffing,5649,5514,5649,135
walking,5731,5649,5731,82
trotting,5798,5731,5798,67
stepping,5913,5798,5913,115
rising,5946,5913,5946,33
grooming,6132,5946,6132,186
hunching,6182,6132,6182,50
grooming,6222,6182,6222,40
right_turning,6270,6222,6270,48
walking,6305,6270,6305,35
stepping,6306,6305,6306,1
walking,6376,6306,6376,70
sniffing,6457,6376,6457,81
running,6515,6457,6515,58
walking,6541,6515,6541,26
sniffing,6596,6541,6596,55
rising,6619,6596,6619,23
grooming,6708,6619,6708,89
rising,6712,6708,6712,4
hunching,6768,6712,6768,56
grooming,6769,6768,6769,1
trotting,6806,6769,6806,37
running,6856,6806,6856,50
left_turning,6894,6856,6894,38
sniffing,6895,6894,6895,1
stepping,6942,6895,6942,47
sniffing,6979,6942,6979,37
grooming,7138,6979,7138,159
left_turning,7139,7138,7139,1
grooming,7247,7139,7247,108
left_turning,7275,7247,7275,28
grooming,7351,7275,7351,76
hunching,7368,7351,7368,17
rearing,7457,7368,7457,89
hunching,7483,7457,7483,26
grooming,7612,7483,7612,129
sniffing,7632,7612,7632,20
rising,7651,7632,7651,19
climbing,7755,7651,7755,104
sniffing,7772,7755,7772,17
left_turning,7840,7772,7840,68
running,7876,7840,7876,36
walking,7984,7876,7984,108
stepping,8062,7984,8062,78
sniffing,8099,8062,8099,37
stepping,8127,8099,8127,28
rising,8173,8127,8173,46
sniffing,8174,8173,8174,1
climbing,8218,8174,8218,44
rising,8292,8218,8292,74
hunching,8308,8292,8308,16
grooming,8309,8308,8309,1
walking,8336,8309,8336,27
sniffing,8422,8336,8422,86
rising,8442,8422,8442,20
grooming,8492,8442,8492,50
rearing,8493,8492,8493,1
grooming,8573,8493,8573,80
trotting,8580,8573,8580,7
sniffing,8581,8580,8581,1
walking,8604,8581,8604,23
rising,8691,8604,8691,87
climbing,8769,8691,8769,78
hunching,8799,8769,8799,30
grooming,8815,8799,8815,16
right_turning,8830,8815,8830,15
trotting,8870,8830,8870,40
running,8912,8870,8912,42
walking,8917,8912,8917,5
rising,8918,8917,8918,1
sniffing,8928,8918,8928,10
left_turning,8944,8928,8944,16
rearing,8945,8944,8945,1
grooming,8971,8945,8971,26
sniffing,9070,8971,9070,99
grooming,9232,9070,9232,162
stepping,9258,9232,9258,26
walking,9342,9258,9342,84
left_turning,9418,9342,9418,76
walking,9469,9418,9469,51
sniffing,9616,9469,9616,147
rising,9660,9616,9660,44
running,9670,9660,9670,10
stepping,9710,9670,9710,40
sniffing,9747,9710,9747,37
rising,9815,9747,9815,68
climbing,9876,9815,9876,61
grooming,10094,9876,10094,218
stepping,10123,10094,10123,29
grooming,10213,10123,10213,90
sniffing,10363,10213,10363,150
walking,10386,10363,10386,23
stepping,10397,10386,10397,11
rising,10398,10397,10398,1
left_turning,10440,10398,10440,42
walking,10441,10440,10441,1
trotting,10452,10441,10452,11
rising,10507,10452,10507,55
rearing,10552,10507,10552,45
sniffing,10602,10552,10602,50
trotting,10615,10602,10615,13
sniffing,10733,10615,10733,118
left_turning,10759,10733,10759,26
grooming,10875,10759,10875,116
sniffing,11051,10875,11051,176
left_turning,11106,11051,11106,55
grooming,11117,11106,11117,11
hunching,11175,11117,11175,58
grooming,11250,11175,11250,75
rearing,11320,11250,11320,70
rising,11397,11320,11397,77
hunching,11473,11397,11473,76
climbing,11554,11473,11554,81
grooming,11683,11554,11683,129
rising,11701,11683,11701,18
sniffing,11773,11701,11773,72
stepping,11827,11773,11827,54
grooming,11966,11827,11966,139
rearing,11972,11966,11972,6
climbing,12061,11972,12061,89
rearing,12128,12061,12128,67
grooming,12232,12128,12232,104
stepping,12233,12232,12233,1
sniffing,12288,12233,12288,55
stepping,12329,12288,12329,41
grooming,12408,12329,12408,79
walking,12453,12408,12453,45
rearing,12510,12453,12510,57
grooming,12622,12510,12622,112
sniffing,12660,12622,12660,38
rising,12682,12660,12682,22
stepping,12701,12682,12701,19
trotting,12743,12701,12743,42
running,12768,12743,12768,25
climbing,12839,12768,12839,71
rising,12861,12839,12861,22
grooming,13007,12861,13007,146
sniffing,13133,13007,13133,126
rearing,13192,13133,13192,59
right_turning,13196,13192,13196,4
stepping,13204,13196,13204,8
sniffing,13265,13204,13265,61
left_turning,13337,13265,13337,72
walking,13377,13337,13377,40
rearing,13378,13377,13378,1
climbing,13419,13378,13419,41
left_turning,13470,13419,13470,51
stepping,13566,13470,13566,96
sniffing,13639,13566,13639,73
right_turning,13677,13639,13677,38
walking,13715,13677,13715,38
sniffing,13783,13715,13783,68
rearing,13919,13783,13919,136
grooming,14051,13919,14051,132
walking,14058,14051,14058,7
sniffing,14059,14058,14059,1
stepping,14112,14059,14112,53
sniffing,14113,14112,14113,1
stepping,14175,14113,14175,62
walking,14267,14175,14267,92
stepping,14310,14267,14310,43
trotting,14349,14310,14349,39
stepping,14425,14349,14425,76
sniffing,14453,14425,14453,28
stepping,14475,14453,14475,22
sniffing,14482,14475,14482,7
stepping,14541,14482,14541,59
running,14551,14541,14551,10
walking,14630,14551,14630,79
stepping,14667,14630,14667,37
rising,14698,14667,14698,31
hunching,14699,14698,14699,1
rearing,14774,14699,14774,75
hunching,14788,14774,14788,14
rearing,14809,14788,14809,21
walking,14829,14809,14829,20
sniffing,14935,14829,14935,106
grooming,14936,14935,14936,1
rearing,14971,14936,14971,35
grooming,15182,14971,15182,211
sniffing,15214,15182,15214,32
stepping,15309,15214,15309,95
grooming,15550,15309,15550,241
sniffing,15573,15550,15573,23
rising,15622,15573,15622,49
running,15656,15622,15656,34
stepping,15686,15656,15686,30
grooming,15687,15686,15687,1
sniffing,15794,15687,15794,107
running,15815,15794,15815,21
rearing,15874,15815,15874,59
hunching,15926,15874,15926,52
grooming,15959,15926,15959,33
rearing,16043,15959,16043,84
running,16079,16043,16079,36
climbing,16085,16079,16085,6
left_turning,16124,16085,16124,39
rearing,16150,16124,16150,26
rising,16183,16150,16183,33
climbing,16236,16183,16236,53
grooming,16268,16236,16268,32
scratching,16269,16268,16269,1
rising,16345,16269,16345,76
rearing,16387,16345,16387,42
hunching,16396,16387,16396,9
climbing,16415,16396,16415,19
grooming,16473,16415,16473,58
sniffing,16516,16473,16516,43
stepping,16589,16516,16589,73
sniffing,16606,16589,16606,17
stepping,16690,16606,16690,84
sniffing,16741,16690,16741,51
walking,16742,16741,16742,1
stepping,16803,16742,16803,61
sniffing,16938,16803,16938,135
rearing,17000,16938,17000,62
grooming,17127,17000,17127,127
rising,17191,17127,17191,64
grooming,17372,17191,17372,181
hunching,17422,17372,17422,50
rising,17448,17422,17448,26
sniffing,17503,17448,17503,55
rearing,17579,17503,17579,76
hunching,17599,17579,17599,20
rising,17634,17599,17634,35
stepping,17689,17634,17689,55
sniffing,17803,17689,17803,114
rising,17842,17803,17842,39
walking,17940,17842,17940,98
stepping,17966,17940,17966,26
rising,17997,17966,17997,31
sniffing,18071,17997,18071,74
grooming,18152,18071,18152,81
running,18186,18152,18186,34
stepping,18216,18186,18216,30
sniffing,18293,18216,18293,77
grooming,18520,18293,18520,227
hunching,18531,18520,18531,11
left_turning,18553,18531,18553,22
climbing,18575,18553,18575,22
right_turning,18576,18575,18576,1
walking,18606,18576,18606,30
rising,18705,18606,18705,99
climbing,18754,18705,18754,49
sniffing,18755,18754,18755,1
grooming,18756,18755,18756,1
right_turning,18815,18756,18815,59
stepping,18889,18815,18889,74
right_turning,18890,18889,18890,1
walking,18905,18890,18905,15
stepping,18942,18905,18942,37
trotting,18957,18942,18957,15
walking,18990,18957,18990,33
trotting,19042,18990,19042,52
walking,19120,19042,19120,78
stepping,19127,19120,19127,7
sniffing,19134,19127,19134,7
walking,19207,19134,19207,73
rearing,19282,19207,19282,75
walking,19359,19282,19359,77
rising,19390,19359,19390,31
sniffing,19391,19390,19391,1
left_turning,19394,19391,19394,3
trotting,19434,19394,19434,40
sniffing,19570,19434,19570,136
grooming,19681,19570,19681,111
stepping,19726,19681,19726,45
sniffing,19777,19726,19777,51
rising,19802,19777,19802,25
rearing,19971,19802,19971,169
grooming,20080,19971,20080,109
right_turning,20099,20080,20099,19
stepping,20121,20099,20121,22
sniffing,20308,20121,20308,187
left_turning,20309,20308,20309,1
grooming,20419,20309,20419,110
rising,20420,20419,20420,1
rearing,20515,20420,20515,95
left_turning,20520,20515,20520,5
grooming,21440,20520,21440,920
left_turning,21481,21440,21481,41
walking,21517,21481,21517,36
right_turning,21543,21517,21543,26
walking,21548,21543,21548,5
climbing,21632,21548,21632,84
sniffing,21712,21632,21712,80
walking,21784,21712,21784,72
sniffing,21797,21784,21797,13
grooming,22065,21797,22065,268
sniffing,22066,22065,22066,1
walking,22126,22066,22126,60
rising,22130,22126,22130,4
grooming,22131,22130,22131,1
rising,22164,22131,22164,33
grooming,22331,22164,22331,167
rising,22348,22331,22348,17
grooming,22349,22348,22349,1
right_turning,22374,22349,22374,25
sniffing,22501,22374,22501,127
stepping,22520,22501,22520,19
sniffing,22521,22520,22521,1
rising,22561,22521,22561,40
climbing,22643,22561,22643,82
grooming,22735,22643,22735,92
left_turning,22749,22735,22749,14
right_turning,22766,22749,22766,17
rising,22824,22766,22824,58
sniffing,22848,22824,22848,24
trotting,22890,22848,22890,42
walking,22917,22890,22917,27
trotting,22918,22917,22918,1
walking,22919,22918,22919,1
running,22944,22919,22944,25
rearing,22977,22944,22977,33
grooming,23054,22977,23054,77
trotting,23094,23054,23094,40
stepping,23176,23094,23176,82
rising,23224,23176,23224,48
stepping,23258,23224,23258,34
sniffing,23328,23258,23328,70
walking,23399,23328,23399,71
trotting,23418,23399,23418,19
grooming,23419,23418,23419,1
sniffing,23432,23419,23432,13
rising,23477,23432,23477,45
sniffing,23556,23477,23556,79
stepping,23614,23556,23614,58
sniffing,23615,23614,23615,1
rising,23652,23615,23652,37
stepping,23708,23652,23708,56
grooming,23922,23708,23922,214
trotting,23955,23922,23955,33
rearing,23988,23955,23988,33
grooming,24043,23988,24043,55
rearing,24079,24043,24079,36
grooming,24173,24079,24173,94
rearing,24221,24173,24221,48
walking,24253,24221,24253,32
rising,24298,24253,24298,45
climbing,24314,24298,24314,16
grooming,24372,24314,24372,58
rearing,24472,24372,24472,100
left_turning,24507,24472,24507,35
climbing,24631,24507,24631,124
walking,24686,24631,24686,55
sniffing,24796,24686,24796,110
walking,24854,24796,24854,58
sniffing,24855,24854,24855,1
grooming,24908,24855,24908,53
left_turning,24954,24908,24954,46
running,24957,24954,24957,3
sniffing,24967,24957,24967,10
rising,24968,24967,24968,1
grooming,24969,24968,24969,1
rearing,24993,24969,24993,24
walking,24994,24993,24994,1
sniffing,25001,24994,25001,7
rising,25037,25001,25037,36
sniffing,25083,25037,25083,46
rising,25110,25083,25110,27
stepping,25182,25110,25182,72
rising,25218,25182,25218,36
rearing,25228,25218,25228,10
grooming,25229,25228,25229,1
climbing,25268,25229,25268,39
grooming,25342,25268,25342,74
sniffing,25380,25342,25380,38
walking,25430,25380,25430,50
stepping,25432,25430,25432,2
trotting,25450,25432,25450,18
stepping,25451,25450,25451,1
walking,25496,25451,25496,45
rising,25516,25496,25516,20
walking,25538,25516,25538,22
stepping,25566,25538,25566,28
sniffing,25573,25566,25573,7
walking,25596,25573,25596,23
sniffing,25669,25596,25669,73
walking,25720,25669,25720,51
rising,25750,25720,25750,30
walking,25860,25750,25860,110
grooming,26062,25860,26062,202
left_turning,26086,26062,26086,24
stepping,26124,26086,26124,38
walking,26134,26124,26134,10
grooming,26249,26134,26249,115
climbing,26316,26249,26316,67
sniffing,26516,26316,26516,200
rising,26517,26516,26517,1
stepping,26599,26517,26599,82
sniffing,26689,26599,26689,90
rising,26690,26689,26690,1
walking,26714,26690,26714,24
sniffing,26745,26714,26745,31
walking,26764,26745,26764,19
rising,26773,26764,26773,9
stepping,26791,26773,26791,18
sniffing,26952,26791,26952,161
running,26988,26952,26988,36
sniffing,27067,26988,27067,79
grooming,27467,27067,27467,400
scratching,27468,27467,27468,1
sniffing,27599,27468,27599,131
stepping,27651,27599,27651,52
sniffing,27782,27651,27782,131
left_turning,27815,27782,27815,33
sniffing,27821,27815,27821,6
stepping,27878,27821,27878,57
walking,27879,27878,27879,1
rising,27987,27879,27987,108
sniffing,28028,27987,28028,41
walking,28094,28028,28094,66
stepping,28114,28094,28114,20
rising,28119,28114,28119,5
right_turning,28142,28119,28142,23
grooming,28401,28142,28401,259
rearing,28402,28401,28402,1
walking,28403,28402,28403,1
stepping,28470,28403,28470,67
sniffing,28512,28470,28512,42
walking,28513,28512,28513,1
sniffing,28514,28513,28514,1
walking,28662,28514,28662,148
stepping,28702,28662,28702,40
right_turning,28727,28702,28727,25
stepping,28732,28727,28732,5
climbing,28917,28732,28917,185
trotting,28920,28917,28920,3
rising,28928,28920,28928,8
grooming,28992,28928,28992,64
climbing,29077,28992,29077,85
walking,29098,29077,29098,21
left_turning,29137,29098,29137,39
sniffing,29138,29137,29138,1
grooming,29185,29138,29185,47
sniffing,29299,29185,29299,114
stepping,29324,29299,29324,25
sniffing,29485,29324,29485,161
stepping,29524,29485,29524,39
sniffing,29596,29524,29596,72
walking,29644,29596,29644,48
sniffing,29737,29644,29737,93
grooming,30110,29737,30110,373
rearing,30111,30110,30111,1
grooming,30139,30111,30139,28
sniffing,30190,30139,30190,51
rising,30245,30190,30245,55
stepping,30261,30245,30261,16
sniffing,30302,30261,30302,41
walking,30328,30302,30328,26
right_turning,30374,30328,30374,46
trotting,30404,30374,30404,30
walking,30428,30404,30428,24
sniffing,30429,30428,30429,1
walking,30430,30429,30430,1
left_turning,30462,30430,30462,32
trotting,30492,30462,30492,30
rising,30493,30492,30493,1
climbing,30517,30493,30517,24
walking,30595,30517,30595,78
sniffing,30786,30595,30786,191
grooming,30953,30786,30953,167
rearing,30956,30953,30956,3
hunching,30990,30956,30990,34
grooming,31312,30990,31312,322
stepping,31356,31312,31356,44
sniffing,31357,31356,31357,1
rising,31367,31357,31367,10
rearing,31414,31367,31414,47
stepping,31468,31414,31468,54
sniffing,31531,31468,31531,63
rising,31538,31531,31538,7
climbing,31593,31538,31593,55
right_turning,31682,31593,31682,89
sniffing,31768,31682,31768,86
stepping,31796,31768,31796,28
walking,31808,31796,31808,12
stepping,31867,31808,31867,59
walking,31954,31867,31954,87
trotting,31980,31954,31980,26
walking,31992,31980,31992,12
sniffing,32037,31992,32037,45
walking,32098,32037,32098,61
stepping,32104,32098,32104,6
sniffing,32105,32104,32105,1
grooming,32246,32105,32246,141
rearing,32247,32246,32247,1
grooming,32248,32247,32248,1
walking,32306,32248,32306,58
stepping,32337,32306,32337,31
grooming,32512,32337,32512,175
rising,32538,32512,32538,26
grooming,32799,32538,32799,261
sniffing,33063,32799,33063,264
rearing,33120,33063,33120,57
stepping,33138,33120,33138,18
right_turning,33153,33138,33153,15
rising,33154,33153,33154,1
trotting,33196,33154,33196,42
walking,33253,33196,33253,57
sniffing,33508,33253,33508,255
grooming,33585,33508,33585,77
sniffing,33665,33585,33665,80
grooming,33767,33665,33767,102
hunching,33821,33767,33821,54
rearing,33868,33821,33868,47
grooming,33944,33868,33944,76
walking,33955,33944,33955,11
stepping,33980,33955,33980,25
sniffing,34065,33980,34065,85
stepping,34116,34065,34116,51
sniffing,34410,34116,34410,294
rising,34421,34410,34421,11
sniffing,34451,34421,34451,30
rising,34505,34451,34505,54
sniffing,34506,34505,34506,1
grooming,34535,34506,34535,29
hunching,34581,34535,34581,46
left_turning,34647,34581,34647,66
rising,34650,34647,34650,3
climbing,34688,34650,34688,38
left_turning,34726,34688,34726,38
walking,34734,34726,34734,8
rising,34753,34734,34753,19
climbing,34814,34753,34814,61
grooming,34880,34814,34880,66
climbing,34882,34880,34882,2
trotting,34900,34882,34900,18
sniffing,34953,34900,34953,53
left_turning,34957,34953,34957,4
walking,34977,34957,34977,20
sniffing,34990,34977,34990,13
grooming,35002,34990,35002,12
left_turning,35044,35002,35044,42
sniffing,35063,35044,35063,19
stepping,35115,35063,35115,52
sniffing,35269,35115,35269,154
stepping,35322,35269,35322,53
walking,35370,35322,35370,48
sniffing,35371,35370,35371,1
rising,35399,35371,35399,28
grooming,35657,35399,35657,258
rearing,35801,35657,35801,144
grooming,35802,35801,35802,1
left_turning,35827,35802,35827,25
grooming,35828,35827,35828,1
stepping,35847,35828,35847,19
rising,35929,35847,35929,82
climbing,35969,35929,35969,40
sniffing,36069,35969,36069,100
rising,36103,36069,36103,34
stepping,36161,36103,36161,58
sniffing,36162,36161,36162,1
stepping,36200,36162,36200,38
walking,36223,36200,36223,23
sniffing,36362,36223,36362,139
rising,36396,36362,36396,34
climbing,36505,36396,36505,109
rising,36552,36505,36552,47
grooming,36817,36552,36817,265
rearing,36836,36817,36836,19
grooming,36837,36836,36837,1
rising,36868,36837,36868,31
climbing,36869,36868,36869,1
grooming,36870,36869,36870,1
sniffing,36989,36870,36989,119
walking,36990,36989,36990,1
stepping,37045,36990,37045,55
sniffing,37160,37045,37160,115
grooming,37197,37160,37197,37
stepping,37227,37197,37227,30
walking,37228,37227,37228,1
grooming,37457,37228,37457,229
sniffing,37549,37457,37549,92
rising,37562,37549,37562,13
sniffing,37563,37562,37563,1
rising,37618,37563,37618,55
climbing,37654,37618,37654,36
rearing,37767,37654,37767,113
climbing,37826,37767,37826,59
rearing,37843,37826,37843,17
climbing,37911,37843,37911,68
rising,37957,37911,37957,46
grooming,37959,37957,37959,2
walking,38029,37959,38029,70
sniffing,38061,38029,38061,32
stepping,38146,38061,38146,85
climbing,38199,38146,38199,53
grooming,38204,38199,38204,5
scratching,38205,38204,38205,1
left_turning,38206,38205,38206,1
walking,38235,38206,38235,29
right_turning,38248,38235,38248,13
walking,38308,38248,38308,60
running,38312,38308,38312,4
left_turning,38318,38312,38318,6
sniffing,38361,38318,38361,43
walking,38387,38361,38387,26
trotting,38445,38387,38445,58
left_turning,38472,38445,38472,27
walking,38512,38472,38512,40
sniffing,38525,38512,38525,13
walking,38584,38525,38584,59
stepping,38635,38584,38635,51
walking,38705,38635,38705,70
sniffing,38706,38705,38706,1
rearing,38803,38706,38803,97
grooming,38804,38803,38804,1
hunching,38930,38804,38930,126
rearing,38958,38930,38958,28
climbing,39003,38958,39003,45
hunching,39063,39003,39063,60
sniffing,39064,39063,39064,1
grooming,39067,39064,39067,3
running,39088,39067,39088,21
stepping,39155,39088,39155,67
sniffing,39156,39155,39156,1
walking,39206,39156,39206,50
trotting,39227,39206,39227,21
stepping,39246,39227,39246,19
rising,39293,39246,39293,47
stepping,39358,39293,39358,65
rearing,39390,39358,39390,32
climbing,39429,39390,39429,39
sniffing,39430,39429,39430,1
rising,39482,39430,39482,52
climbing,39483,39482,39483,1
rearing,39517,39483,39517,34
stepping,39558,39517,39558,41
walking,39588,39558,39588,30
stepping,39614,39588,39614,26
walking,39643,39614,39643,29
sniffing,39786,39643,39786,143
rising,39812,39786,39812,26
sniffing,39836,39812,39836,24
rising,39855,39836,39855,19
right_turning,39856,39855,39856,1
walking,39894,39856,39894,38
trotting,39912,39894,39912,18
walking,39965,39912,39965,53
stepping,40005,39965,40005,40
sniffing,40161,40005,40161,156
rising,40195,40161,40195,34
rearing,40237,40195,40237,42
left_turning,40257,40237,40257,20
sniffing,40401,40257,40401,144
walking,40417,40401,40417,16
rising,40434,40417,40434,17
rearing,40519,40434,40519,85
rising,40560,40519,40560,41
rearing,40627,40560,40627,67
grooming,40693,40627,40693,66
walking,40735,40693,40735,42
stepping,40762,40735,40762,27
walking,40817,40762,40817,55
left_turning,40878,40817,40878,61
walking,40879,40878,40879,1
sniffing,40995,40879,40995,116
grooming,41129,40995,41129,134
walking,41165,41129,41165,36
trotting,41166,41165,41166,1
stepping,41184,41166,41184,18
walking,41197,41184,41197,13
running,41198,41197,41198,1
stepping,41218,41198,41218,20
sniffing,41260,41218,41260,42
rising,41358,41260,41358,98
climbing,41414,41358,41414,56
grooming,41568,41414,41568,154
walking,41606,41568,41606,38
trotting,41652,41606,41652,46
rising,41660,41652,41660,8
walking,41664,41660,41664,4
sniffing,41737,41664,41737,73
stepping,41766,41737,41766,29
rising,41798,41766,41798,32
climbing,41928,41798,41928,130
walking,41935,41928,41935,7
sniffing,41971,41935,41971,36
walking,42024,41971,42024,53
left_turning,42076,42024,42076,52
hunching,42098,42076,42098,22
rearing,42099,42098,42099,1
grooming,42140,42099,42140,41
sniffing,42141,42140,42141,1
grooming,42316,42141,42316,175
rearing,42387,42316,42387,71
trotting,42399,42387,42399,12
sniffing,42400,42399,42400,1
rising,42401,42400,42401,1
sniffing,42528,42401,42528,127
walking,42604,42528,42604,76
sniffing,42605,42604,42605,1
trotting,42645,42605,42645,40
sniffing,42709,42645,42709,64
stepping,42733,42709,42733,24
right_turning,42762,42733,42762,29
rising,42793,42762,42793,31
stepping,42846,42793,42846,53
grooming,42859,42846,42859,13
sniffing,42961,42859,42961,102
scratching,42962,42961,42962,1
walking,42988,42962,42988,26
rising,42989,42988,42989,1
grooming,43237,42989,43237,248
climbing,43303,43237,43303,66
stepping,43331,43303,43331,28
sniffing,43332,43331,43332,1
rising,43372,43332,43372,40
grooming,43426,43372,43426,54
rearing,43427,43426,43427,1
rising,43522,43427,43522,95
climbing,43640,43522,43640,118
trotting,43643,43640,43643,3
rising,43666,43643,43666,23
grooming,43793,43666,43793,127
sniffing,43844,43793,43844,51
trotting,43885,43844,43885,41
walking,43886,43885,43886,1
right_turning,43896,43886,43896,10
sniffing,43897,43896,43897,1
grooming,43898,43897,43898,1
left_turning,43956,43898,43956,58
walking,44028,43956,44028,72
stepping,44063,44028,44063,35
sniffing,44130,44063,44130,67
walking,44154,44130,44154,24
sniffing,44402,44154,44402,248
walking,44410,44402,44410,8
stepping,44452,44410,44452,42
right_turning,44536,44452,44536,84
climbing,44662,44536,44662,126
hunching,44693,44662,44693,31
rising,44828,44693,44828,135
sniffing,45277,44828,45277,449
rising,45341,45277,45341,64
climbing,45445,45341,45445,104
grooming,45615,45445,45615,170
sniffing,45709,45615,45709,94
trotting,45714,45709,45714,5
sniffing,45747,45714,45747,33
stepping,45755,45747,45755,8
trotting,45796,45755,45796,41
sniffing,45875,45796,45875,79
stepping,45902,45875,45902,27
grooming,45903,45902,45903,1
rearing,45904,45903,45904,1
rising,45930,45904,45930,26
climbing,45992,45930,45992,62
stepping,46000,45992,46000,8
walking,46072,46000,46072,72
sniffing,46114,46072,46114,42
walking,46139,46114,46139,25
stepping,46176,46139,46176,37
sniffing,46210,46176,46210,34
rising,46216,46210,46216,6
climbing,46245,46216,46245,29
rising,46320,46245,46320,75
rearing,46370,46320,46370,50
sniffing,46371,46370,46371,1
right_turning,46431,46371,46431,60
grooming,46574,46431,46574,143
right_turning,46632,46574,46632,58
sniffing,46633,46632,46633,1
rising,46717,46633,46717,84
sniffing,46739,46717,46739,22
running,46766,46739,46766,27
walking,46769,46766,46769,3
sniffing,46832,46769,46832,63
grooming,47050,46832,47050,218
rising,47098,47050,47098,48
right_turning,47113,47098,47113,15
stepping,47218,47113,47218,105
sniffing,47264,47218,47264,46
right_turning,47273,47264,47273,9
walking,47300,47273,47300,27
right_turning,47320,47300,47320,20
stepping,47384,47320,47384,64
sniffing,47606,47384,47606,222
stepping,47679,47606,47679,73
sniffing,47680,47679,47680,1
rising,47730,47680,47730,50
climbing,47734,47730,47734,4
sniffing,47857,47734,47857,123
walking,47928,47857,47928,71
stepping,47976,47928,47976,48
sniffing,47977,47976,47977,1
right_turning,48053,47977,48053,76
sniffing,48054,48053,48054,1
left_turning,48076,48054,48076,22
stepping,48104,48076,48104,28
sniffing,48212,48104,48212,108
grooming,48371,48212,48371,159
hunching,48372,48371,48372,1
grooming,48438,48372,48438,66
rising,48493,48438,48493,55
rearing,48646,48493,48646,153
grooming,48647,48646,48647,1
stepping,48720,48647,48720,73
right_turning,48729,48720,48729,9
walking,48730,48729,48730,1
rising,48764,48730,48764,34
left_turning,48820,48764,48820,56
grooming,48830,48820,48830,10
sniffing,48905,48830,48905,75
grooming,49000,48905,49000,95
sniffing,49080,49000,49080,80
grooming,49091,49080,49091,11
walking,49092,49091,49092,1
sniffing,49137,49092,49137,45
stepping,49138,49137,49138,1
sniffing,49221,49138,49221,83
left_turning,49238,49221,49238,17
trotting,49263,49238,49263,25
walking,49463,49263,49463,200
sniffing,49649,49463,49649,186
rising,49655,49649,49655,6
climbing,49656,49655,49656,1
walking,49700,49656,49700,44
stepping,49733,49700,49733,33
grooming,49734,49733,49734,1
stepping,49766,49734,49766,32
rising,49828,49766,49828,62
rearing,49857,49828,49857,29
trotting,49891,49857,49891,34
walking,49970,49891,49970,79
stepping,50005,49970,50005,35
sniffing,50076,50005,50076,71
rising,50120,50076,50120,44
climbing,50171,50120,50171,51
rearing,50201,50171,50201,30
rising,50212,50201,50212,11
grooming,50342,50212,50342,130
running,50360,50342,50360,18
walking,50361,50360,50361,1
rearing,50389,50361,50389,28
right_turning,50392,50389,50392,3
rising,50393,50392,50393,1
left_turning,50409,50393,50409,16
sniffing,50425,50409,50425,16
running,50472,50425,50472,47
sniffing,50473,50472,50473,1
rising,50482,50473,50482,9
sniffing,50483,50482,50483,1
rearing,50664,50483,50664,181
rising,50673,50664,50673,9
walking,50736,50673,50736,63
sniffing,50886,50736,50886,150
walking,50969,50886,50969,83
stepping,51064,50969,51064,95
sniffing,51080,51064,51080,16
grooming,51173,51080,51173,93
rising,51198,51173,51198,25
sniffing,51281,51198,51281,83
walking,51311,51281,51311,30
right_turning,51377,51311,51377,66
walking,51454,51377,51454,77
stepping,51506,51454,51506,52
sniffing,51580,51506,51580,74
grooming,51581,51580,51581,1
rearing,51628,51581,51628,47
walking,51676,51628,51676,48
left_turning,51682,51676,51682,6
walking,51724,51682,51724,42
sniffing,51770,51724,51770,46
walking,51834,51770,51834,64
stepping,51883,51834,51883,49
sniffing,51884,51883,51884,1
rising,51931,51884,51931,47
stepping,51996,51931,51996,65
walking,51997,51996,51997,1
sniffing,52010,51997,52010,13
rising,52022,52010,52022,12
climbing,52058,52022,52058,36
rearing,52069,52058,52069,11
rising,52070,52069,52070,1
sniffing,52099,52070,52099,29
stepping,52122,52099,52122,23
sniffing,52192,52122,52192,70
stepping,52214,52192,52214,22
sniffing,52215,52214,52215,1
walking,52273,52215,52273,58
right_turning,52291,52273,52291,18
trotting,52317,52291,52317,26
walking,52354,52317,52354,37
sniffing,52393,52354,52393,39
walking,52394,52393,52394,1
sniffing,52400,52394,52400,6
walking,52462,52400,52462,62
sniffing,52484,52462,52484,22
rising,52539,52484,52539,55
scratching,52540,52539,52540,1
grooming,52541,52540,52541,1
hunching,52572,52541,52572,31
grooming,52579,52572,52579,7
right_turning,52600,52579,52600,21
walking,52601,52600,52601,1
stepping,52632,52601,52632,31
right_turning,52653,52632,52653,21
stepping,52715,52653,52715,62
walking,52767,52715,52767,52
sniffing,52819,52767,52819,52
climbing,52881,52819,52881,62
trotting,52930,52881,52930,49
sniffing,52949,52930,52949,19
rising,52983,52949,52983,34
sniffing,52990,52983,52990,7
grooming,53533,52990,53533,543
rising,53585,53533,53585,52
climbing,53599,53585,53599,14
left_turning,53658,53599,53658,59
grooming,53788,53658,53788,130
rearing,53903,53788,53903,115
grooming,53978,53903,53978,75
climbing,54034,53978,54034,56
trotting,54079,54034,54079,45
stepping,54129,54079,54129,50
rising,54148,54129,54148,19
sniffing,54211,54148,54211,63
walking,54275,54211,54275,64
stepping,54352,54275,54352,77
grooming,54526,54352,54526,174
climbing,54527,54526,54527,1
rearing,54763,54527,54763,236
climbing,54841,54763,54841,78
grooming,54996,54841,54996,155
rearing,55049,54996,55049,53
left_turning,55051,55049,55051,2
sniffing,55089,55051,55089,38
stepping,55142,55089,55142,53
walking,55200,55142,55200,58
stepping,55205,55200,55205,5
climbing,55238,55205,55238,33
left_turning,55267,55238,55267,29
trotting,55293,55267,55293,26
sniffing,55498,55293,55498,205
right_turning,55526,55498,55526,28
stepping,55559,55526,55559,33
sniffing,55663,55559,55663,104
grooming,55835,55663,55835,172
hunching,55863,55835,55863,28
grooming,55893,55863,55893,30
rising,55914,55893,55914,21
climbing,56038,55914,56038,124
rearing,56125,56038,56125,87
running,56163,56125,56163,38
sniffing,56164,56163,56164,1
rearing,56284,56164,56284,120
grooming,56358,56284,56358,74
left_turning,56392,56358,56392,34
walking,56410,56392,56410,18
rearing,56451,56410,56451,41
climbing,56545,56451,56545,94
walking,56602,56545,56602,57
sniffing,56800,56602,56800,198
stepping,56858,56800,56858,58
trotting,56905,56858,56905,47
stepping,56989,56905,56989,84
walking,57015,56989,57015,26
sniffing,57271,57015,57271,256
grooming,57301,57271,57301,30
left_turning,57326,57301,57326,25
walking,57415,57326,57415,89
right_turning,57470,57415,57470,55
grooming,57707,57470,57707,237
stepping,57728,57707,57728,21
sniffing,57883,57728,57883,155
stepping,57902,57883,57902,19
rearing,57971,57902,57971,69
climbing,58047,57971,58047,76
left_turning,58048,58047,58048,1
walking,58063,58048,58063,15
stepping,58073,58063,58073,10
sniffing,58107,58073,58107,34
stepping,58126,58107,58126,19
rising,58141,58126,58141,15
rearing,58252,58141,58252,111
walking,58463,58252,58463,211
sniffing,58471,58463,58471,8
stepping,58518,58471,58518,47
rearing,58534,58518,58534,16
grooming,58561,58534,58561,27
hunching,58588,58561,58588,27
grooming,58923,58588,58923,335
hunching,58970,58923,58970,47
grooming,59030,58970,59030,60
rearing,59031,59030,59031,1
grooming,59252,59031,59252,221
left_turning,59264,59252,59264,12
sniffing,59388,59264,59388,124
stepping,59441,59388,59441,53
trotting,59470,59441,59470,29
rising,59493,59470,59493,23
grooming,59843,59493,59843,350
walking,59844,59843,59844,1
right_turning,59894,59844,59894,50
sniffing,60008,59894,60008,114
stepping,60053,60008,60053,45
sniffing,60186,60053,60186,133
scratching,60187,60186,60187,1
left_turning,60229,60187,60229,42
grooming,60376,60229,60376,147
stepping,60430,60376,60430,54
sniffing,60588,60430,60588,158
left_turning,60645,60588,60645,57
sniffing,60714,60645,60714,69
stepping,60779,60714,60779,65
sniffing,60960,60779,60960,181
stepping,61000,60960,61000,40
grooming,61001,61000,61001,1
running,61035,61001,61035,34
sniffing,61046,61035,61046,11
right_turning,61061,61046,61061,15
sniffing,61089,61061,61089,28
grooming,61203,61089,61203,114
hunching,61259,61203,61259,56
grooming,61298,61259,61298,39
sniffing,61355,61298,61355,57
walking,61403,61355,61403,48
stepping,61404,61403,61404,1
sniffing,61505,61404,61505,101
walking,61524,61505,61524,19
rearing,61583,61524,61583,59
climbing,61665,61583,61665,82
grooming,61700,61665,61700,35
sniffing,61794,61700,61794,94
grooming,62010,61794,62010,216
rising,62045,62010,62045,35
sniffing,62153,62045,62153,108
stepping,62172,62153,62172,19
sniffing,62176,62172,62176,4
stepping,62223,62176,62223,47
climbing,62273,62223,62273,50
stepping,62274,62273,62274,1
grooming,62275,62274,62275,1
rearing,62348,62275,62348,73
climbing,62420,62348,62420,72
grooming,62572,62420,62572,152
walking,62578,62572,62578,6
sniffing,62662,62578,62662,84
left_turning,62728,62662,62728,66
running,62749,62728,62749,21
sniffing,62971,62749,62971,222
rising,63037,62971,63037,66
walking,63087,63037,63087,50
right_turning,63088,63087,63088,1
sniffing,63105,63088,63105,17
stepping,63162,63105,63162,57
walking,63180,63162,63180,18
sniffing,63250,63180,63250,70
grooming,63472,63250,63472,222
left_turning,63484,63472,63484,12
walking,63514,63484,63514,30
sniffing,63547,63514,63547,33
walking,63571,63547,63571,24
stepping,63607,63571,63607,36
sniffing,63740,63607,63740,133
walking,63790,63740,63790,50
grooming,63814,63790,63814,24
left_turning,63845,63814,63845,31
running,63892,63845,63892,47
sniffing,63922,63892,63922,30
walking,63985,63922,63985,63
sniffing,64018,63985,64018,33
grooming,64067,64018,64067,49
rearing,64142,64067,64142,75
climbing,64214,64142,64214,72
stepping,64278,64214,64278,64
climbing,64360,64278,64360,82
sniffing,64438,64360,64438,78
rising,64476,64438,64476,38
rearing,64535,64476,64535,59
climbing,64582,64535,64582,47
left_turning,64656,64582,64656,74
sniffing,64754,64656,64754,98
trotting,64809,64754,64809,55
walking,64816,64809,64816,7
sniffing,64817,64816,64817,1
right_turning,64818,64817,64818,1
sniffing,64844,64818,64844,26
walking,64877,64844,64877,33
sniffing,64937,64877,64937,60
rising,64982,64937,64982,45
sniffing,65073,64982,65073,91
rising,65074,65073,65074,1
climbing,65224,65074,65224,150
running,65252,65224,65252,28
walking,65253,65252,65253,1
sniffing,65278,65253,65278,25
walking,65279,65278,65279,1
sniffing,65280,65279,65280,1
walking,65365,65280,65365,85
sniffing,65477,65365,65477,112
stepping,65552,65477,65552,75
walking,65553,65552,65553,1
grooming,65652,65553,65652,99
sniffing,65746,65652,65746,94
walking,65784,65746,65784,38
sniffing,65798,65784,65798,14
left_turning,65820,65798,65820,22
sniffing,66047,65820,66047,227
trotting,66061,66047,66061,14
grooming,66304,66061,66304,243
trotting,66372,66304,66372,68
stepping,66414,66372,66414,42
rising,66434,66414,66434,20
climbing,66528,66434,66528,94
sniffing,66554,66528,66554,26
walking,66570,66554,66570,16
sniffing,66752,66570,66752,182
grooming,66843,66752,66843,91
scratching,66844,66843,66844,1
grooming,66845,66844,66845,1
sniffing,66846,66845,66846,1
stepping,66867,66846,66867,21
grooming,67025,66867,67025,158
rising,67060,67025,67060,35
climbing,67120,67060,67120,60
rearing,67121,67120,67121,1
grooming,67289,67121,67289,168
sniffing,67350,67289,67350,61
scratching,67351,67350,67351,1
grooming,67352,67351,67352,1
rearing,67443,67352,67443,91
sniffing,67464,67443,67464,21
walking,67468,67464,67468,4
sniffing,67469,67468,67469,1
climbing,67624,67469,67624,155
rearing,67629,67624,67629,5
hunching,67709,67629,67709,80
grooming,67929,67709,67929,220
trotting,67966,67929,67966,37
walking,68001,67966,68001,35
sniffing,68206,68001,68206,205
stepping,68207,68206,68207,1
sniffing,68208,68207,68208,1
trotting,68275,68208,68275,67
stepping,68348,68275,68348,73
walking,68370,68348,68370,22
running,68385,68370,68385,15
rising,68448,68385,68448,63
rearing,68514,68448,68514,66
walking,68515,68514,68515,1
rearing,68607,68515,68607,92
trotting,68674,68607,68674,67
stepping,68709,68674,68709,35
grooming,68886,68709,68886,177
left_turning,68911,68886,68911,25
sniffing,68912,68911,68912,1
trotting,68974,68912,68974,62
walking,68998,68974,68998,24
trotting,69031,68998,69031,33
sniffing,69067,69031,69067,36
stepping,69084,69067,69084,17
sniffing,69085,69084,69085,1
right_turning,69096,69085,69096,11
walking,69159,69096,69159,63
trotting,69178,69159,69178,19
stepping,69204,69178,69204,26
rearing,69265,69204,69265,61
stepping,69304,69265,69304,39
sniffing,69568,69304,69568,264
climbing,69601,69568,69601,33
grooming,69602,69601,69602,1
left_turning,69675,69602,69675,73
stepping,69706,69675,69706,31
sniffing,69708,69706,69708,2
walking,69747,69708,69747,39
sniffing,69897,69747,69897,150
walking,69931,69897,69931,34
rising,69932,69931,69932,1
grooming,70023,69932,70023,91
sniffing,70033,70023,70033,10
hunching,70036,70033,70036,3
sniffing,70174,70036,70174,138
rearing,70179,70174,70179,5
climbing,70195,70179,70195,16
walking,70198,70195,70198,3
stepping,70240,70198,70240,42
sniffing,70241,70240,70241,1
walking,70286,70241,70286,45
climbing,70411,70286,70411,125
rising,70435,70411,70435,24
rearing,70478,70435,70478,43
grooming,70479,70478,70479,1
sniffing,70566,70479,70566,87
right_turning,70588,70566,70588,22
walking,70607,70588,70607,19
sniffing,70608,70607,70608,1
walking,70618,70608,70618,10
rearing,70674,70618,70674,56
grooming,70701,70674,70701,27
trotting,70752,70701,70752,51
walking,70782,70752,70782,30
climbing,70831,70782,70831,49
left_turning,70854,70831,70854,23
stepping,70897,70854,70897,43
sniffing,71055,70897,71055,158
hunching,71056,71055,71056,1
rearing,71106,71056,71106,50
grooming,71749,71106,71749,643
sniffing,71751,71749,71751,2
climbing,71854,71751,71854,103
walking,71855,71854,71855,1
sniffing,71923,71855,71923,68
grooming,72089,71923,72089,166
sniffing,72144,72089,72144,55
right_turning,72202,72144,72202,58
sniffing,72262,72202,72262,60
rising,72263,72262,72263,1
hunching,72319,72263,72319,56
rearing,72334,72319,72334,15
sniffing,72422,72334,72422,88
stepping,72481,72422,72481,59
sniffing,72482,72481,72482,1
walking,72526,72482,72526,44
sniffing,72680,72526,72680,154
left_turning,72727,72680,72727,47
stepping,72776,72727,72776,49
walking,72875,72776,72875,99
sniffing,73101,72875,73101,226
stepping,73139,73101,73139,38
rising,73233,73139,73233,94
rearing,73318,73233,73318,85
hunching,73382,73318,73382,64
rearing,73399,73382,73399,17
grooming,73400,73399,73400,1
climbing,73503,73400,73503,103
rising,73525,73503,73525,22
grooming,73736,73525,73736,211
climbing,73780,73736,73780,44
sniffing,73790,73780,73790,10
stepping,73860,73790,73860,70
grooming,73861,73860,73861,1
rearing,73896,73861,73896,35
grooming,73897,73896,73897,1
left_turning,73952,73897,73952,55
sniffing,74090,73952,74090,138
walking,74154,74090,74154,64
sniffing,74235,74154,74235,81
stepping,74262,74235,74262,27
rearing,74300,74262,74300,38
grooming,74301,74300,74301,1
rearing,74327,74301,74327,26
climbing,74442,74327,74442,115
grooming,74653,74442,74653,211
trotting,74686,74653,74686,33
left_turning,74721,74686,74721,35
rising,74771,74721,74771,50
sniffing,74893,74771,74893,122
walking,74921,74893,74921,28
climbing,74996,74921,74996,75
walking,75006,74996,75006,10
sniffing,75007,75006,75007,1
left_turning,75019,75007,75019,12
sniffing,75028,75019,75028,9
stepping,75081,75028,75081,53
walking,75082,75081,75082,1
sniffing,75164,75082,75164,82
stepping,75197,75164,75197,33
sniffing,75296,75197,75296,99
walking,75310,75296,75310,14
left_turning,75398,75310,75398,88
rearing,75399,75398,75399,1
climbing,75486,75399,75486,87
sniffing,75487,75486,75487,1
stepping,75522,75487,75522,35
sniffing,75643,75522,75643,121
trotting,75657,75643,75657,14
running,75672,75657,75672,15
stepping,75695,75672,75695,23
sniffing,75739,75695,75739,44
walking,75740,75739,75740,1
sniffing,75926,75740,75926,186
walking,75967,75926,75967,41
sniffing,75984,75967,75984,17
stepping,76023,75984,76023,39
grooming,76417,76023,76417,394
rearing,76491,76417,76491,74
stepping,76527,76491,76527,36
trotting,76554,76527,76554,27
sniffing,76624,76554,76624,70
right_turning,76655,76624,76655,31
walking,76656,76655,76656,1
sniffing,76657,76656,76657,1
grooming,76721,76657,76721,64
rearing,76722,76721,76722,1
stepping,76723,76722,76723,1
walking,76786,76723,76786,63
rearing,76820,76786,76820,34
stepping,76845,76820,76845,25
sniffing,76919,76845,76919,74
right_turning,76960,76919,76960,41
sniffing,77045,76960,77045,85
stepping,77064,77045,77064,19
sniffing,77309,77064,77309,245
walking,77347,77309,77347,38
stepping,77397,77347,77397,50
sniffing,77398,77397,77398,1
rising,77421,77398,77421,23
climbing,77477,77421,77477,56
rising,77478,77477,77478,1
sniffing,77583,77478,77583,105
walking,77605,77583,77605,22
stepping,77617,77605,77617,12
rising,77672,77617,77672,55
sniffing,77681,77672,77681,9
rearing,77682,77681,77682,1
hunching,77717,77682,77717,35
grooming,77926,77717,77926,209
scratching,77927,77926,77927,1
grooming,77999,77927,77999,72
scratching,78000,77999,78000,1
grooming,78001,78000,78001,1
scratching,78002,78001,78002,1
grooming,78140,78002,78140,138
trotting,78178,78140,78178,38
stepping,78205,78178,78205,27
walking,78221,78205,78221,16
sniffing,78266,78221,78266,45
grooming,78351,78266,78351,85
running,78391,78351,78391,40
trotting,78416,78391,78416,25
walking,78427,78416,78427,11
stepping,78454,78427,78454,27
climbing,78483,78454,78483,29
trotting,78513,78483,78513,30
walking,78572,78513,78572,59
sniffing,78573,78572,78573,1
rising,78574,78573,78574,1
climbing,78600,78574,78600,26
rising,78601,78600,78601,1
sniffing,78641,78601,78641,40
rearing,78677,78641,78677,36
sniffing,78715,78677,78715,38
stepping,78750,78715,78750,35
sniffing,78751,78750,78751,1
walking,78789,78751,78789,38
sniffing,78890,78789,78890,101
walking,78891,78890,78891,1
sniffing,78912,78891,78912,21
stepping,78929,78912,78929,17
sniffing,78930,78929,78930,1
walking,79011,78930,79011,81
sniffing,79109,79011,79109,98
grooming,79115,79109,79115,6
climbing,79174,79115,79174,59
walking,79215,79174,79215,41
stepping,79236,79215,79236,21
walking,79285,79236,79285,49
sniffing,79286,79285,79286,1
rising,79298,79286,79298,12
rearing,79299,79298,79299,1
right_turning,79305,79299,79305,6
sniffing,79496,79305,79496,191
left_turning,79511,79496,79511,15
running,79561,79511,79561,50
sniffing,79683,79561,79683,122
stepping,79711,79683,79711,28
climbing,79858,79711,79858,147
sniffing,79903,79858,79903,45
rearing,79950,79903,79950,47
stepping,80017,79950,80017,67
walking,80060,80017,80060,43
sniffing,80127,80060,80127,67
walking,80151,80127,80151,24
sniffing,80283,80151,80283,132
right_turning,80306,80283,80306,23
sniffing,80307,80306,80307,1
walking,80308,80307,80308,1
sniffing,80317,80308,80317,9
climbing,80447,80317,80447,130
grooming,80481,80447,80481,34
sniffing,80560,80481,80560,79
walking,80591,80560,80591,31
sniffing,80666,80591,80666,75
rising,80678,80666,80678,12
climbing,80838,80678,80838,160
rearing,80839,80838,80839,1
rising,80857,80839,80857,18
rearing,80917,80857,80917,60
running,80943,80917,80943,26
sniffing,81034,80943,81034,91
pausing,81035,81034,81035,1
sniffing,81126,81035,81126,91
walking,81142,81126,81142,16
sniffing,81402,81142,81402,260
rearing,81423,81402,81423,21
grooming,82325,81423,82325,902
rearing,82355,82325,82355,30
grooming,82356,82355,82356,1
hunching,82443,82356,82443,87
left_turning,82499,82443,82499,56
walking,82532,82499,82532,33
sniffing,82541,82532,82541,9
rising,82542,82541,82542,1
rearing,82563,82542,82563,21
sniffing,82872,82563,82872,309
right_turning,82914,82872,82914,42
stepping,82950,82914,82950,36
sniffing,82951,82950,82951,1
walking,82970,82951,82970,19
sniffing,83023,82970,83023,53
grooming,83130,83023,83130,107
sniffing,83218,83130,83218,88
stepping,83222,83218,83222,4
sniffing,83476,83222,83476,254
walking,83509,83476,83509,33
sniffing,83597,83509,83597,88
grooming,83874,83597,83874,277
rearing,83964,83874,83964,90
rising,84010,83964,84010,46
rearing,84060,84010,84060,50
climbing,84119,84060,84119,59
grooming,84164,84119,84164,45
hunching,84165,84164,84165,1
grooming,84294,84165,84294,129
sniffing,84460,84294,84460,166
walking,84479,84460,84479,19
rearing,84489,84479,84489,10
rising,84493,84489,84493,4
rearing,84562,84493,84562,69
grooming,84563,84562,84563,1
left_turning,84591,84563,84591,28
stepping,84649,84591,84649,58
grooming,84654,84649,84654,5
sniffing,84836,84654,84836,182
rising,84861,84836,84861,25
rearing,84862,84861,84862,1
sniffing,84936,84862,84936,74
walking,84985,84936,84985,49
rearing,85061,84985,85061,76
climbing,85139,85061,85139,78
left_turning,85148,85139,85148,9
stepping,85150,85148,85150,2
sniffing,85185,85150,85185,35
stepping,85196,85185,85196,11
sniffing,85270,85196,85270,74
walking,85271,85270,85271,1
sniffing,85401,85271,85401,130
walking,85402,85401,85402,1
sniffing,85403,85402,85403,1
stepping,85425,85403,85425,22
scratching,85426,85425,85426,1
sniffing,85525,85426,85525,99
rearing,85559,85525,85559,34
grooming,85618,85559,85618,59
rising,85699,85618,85699,81
stepping,85739,85699,85739,40
sniffing,85801,85739,85801,62
stepping,85820,85801,85820,19
sniffing,85995,85820,85995,175
rising,86021,85995,86021,26
climbing,86104,86021,86104,83
stepping,86160,86104,86160,56
sniffing,86161,86160,86161,1
walking,86181,86161,86181,20
rearing,86182,86181,86182,1
hunching,86201,86182,86201,19
rearing,86258,86201,86258,57
grooming,86259,86258,86259,1
right_turning,86325,86259,86325,66
sniffing,86326,86325,86326,1
stepping,86354,86326,86354,28
rising,86413,86354,86413,59
rearing,86470,86413,86470,57
climbing,86489,86470,86489,19
hunching,86490,86489,86490,1
grooming,86756,86490,86756,266
sniffing,86783,86756,86783,27
walking,86814,86783,86814,31
rising,86865,86814,86865,51
sniffing,86866,86865,86866,1
stepping,86974,86866,86974,108
sniffing,87001,86974,87001,27
stepping,87064,87001,87064,63
rising,87065,87064,87065,1
climbing,87128,87065,87128,63
grooming,87139,87128,87139,11
sniffing,87268,87139,87268,129
grooming,87700,87268,87700,432
rearing,87769,87700,87769,69
climbing,87889,87769,87889,120
stepping,87941,87889,87941,52
sniffing,87976,87941,87976,35
trotting,88013,87976,88013,37
stepping,88038,88013,88038,25
running,88069,88038,88069,31
rearing,88070,88069,88070,1
running,88104,88070,88104,34
stepping,88130,88104,88130,26
sniffing,88176,88130,88176,46
rearing,88241,88176,88241,65
grooming,88242,88241,88242,1
rising,88276,88242,88276,34
sniffing,88277,88276,88277,1
rising,88300,88277,88300,23
climbing,88352,88300,88352,52
walking,88426,88352,88426,74
sniffing,88671,88426,88671,245
walking,88753,88671,88753,82
stepping,88778,88753,88778,25
sniffing,88794,88778,88794,16
walking,88892,88794,88892,98
right_turning,88927,88892,88927,35
grooming,88928,88927,88928,1
hunching,89044,88928,89044,116
rising,89065,89044,89065,21
left_turning,89100,89065,89100,35
stepping,89158,89100,89158,58
sniffing,89245,89158,89245,87
rearing,89254,89245,89254,9
stepping,89305,89254,89305,51
sniffing,89432,89305,89432,127
trotting,89461,89432,89461,29
climbing,89614,89461,89614,153
trotting,89646,89614,89646,32
walking,89671,89646,89671,25
sniffing,89672,89671,89672,1
stepping,89673,89672,89673,1
sniffing,89834,89673,89834,161
stepping,89877,89834,89877,43
sniffing,89976,89877,89976,99
walking,89977,89976,89977,1
trotting,89978,89977,89978,1
walking,90057,89978,90057,79
stepping,90107,90057,90107,50
grooming,91018,90107,91018,911
right_turning,91034,91018,91034,16
walking,91037,91034,91037,3
grooming,91038,91037,91038,1
rising,91039,91038,91039,1
grooming,91180,91039,91180,141
sniffing,91256,91180,91256,76
left_turning,91332,91256,91332,76
sniffing,91381,91332,91381,49
stepping,91421,91381,91421,40
left_turning,91456,91421,91456,35
walking,91516,91456,91516,60
stepping,91553,91516,91553,37
rearing,91602,91553,91602,49
climbing,91743,91602,91743,141
grooming,91782,91743,91782,39
hunching,91812,91782,91812,30
stepping,91813,91812,91813,1
walking,91855,91813,91855,42
stepping,91869,91855,91869,14
sniffing,91939,91869,91939,70
rising,92009,91939,92009,70
left_turning,92069,92009,92069,60
walking,92111,92069,92111,42
stepping,92144,92111,92144,33
rising,92200,92144,92200,56
rearing,92254,92200,92254,54
stepping,92280,92254,92280,26
grooming,92281,92280,92281,1
stepping,92344,92281,92344,63
walking,92371,92344,92371,27
sniffing,92410,92371,92410,39
walking,92455,92410,92455,45
sniffing,92529,92455,92529,74
hunching,92667,92529,92667,138
rearing,92736,92667,92736,69
climbing,92806,92736,92806,70
walking,92907,92806,92907,101
stepping,92959,92907,92959,52
walking,93007,92959,93007,48
climbing,93043,93007,93043,36
rearing,93082,93043,93082,39
rising,93083,93082,93083,1
stepping,93189,93083,93189,106
walking,93250,93189,93250,61
stepping,93296,93250,93296,46
sniffing,93303,93296,93303,7
walking,93359,93303,93359,56
rearing,93487,93359,93487,128
climbing,93576,93487,93576,89
rearing,93591,93576,93591,15
grooming,93592,93591,93592,1
sniffing,93708,93592,93708,116
rising,93781,93708,93781,73
climbing,93835,93781,93835,54
sniffing,93872,93835,93872,37
walking,93925,93872,93925,53
stepping,93978,93925,93978,53
sniffing,94066,93978,94066,88
scratching,94067,94066,94067,1
sniffing,94091,94067,94091,24
rising,94154,94091,94154,63
climbing,94260,94154,94260,106
rearing,94351,94260,94351,91
rising,94452,94351,94452,101
right_turning,94475,94452,94475,23
stepping,94528,94475,94528,53
grooming,95003,94528,95003,475
rearing,95040,95003,95040,37
climbing,95085,95040,95085,45
left_turning,95094,95085,95094,9
walking,95143,95094,95143,49
stepping,95172,95143,95172,29
walking,95192,95172,95192,20
stepping,95298,95192,95298,106
grooming,95443,95298,95443,145
rearing,95444,95443,95444,1
trotting,95470,95444,95470,26
walking,95471,95470,95471,1
sniffing,95474,95471,95474,3
right_turning,95514,95474,95514,40
stepping,95563,95514,95563,49
walking,95592,95563,95592,29
sniffing,95999,95592,95999,407
climbing,96000,95999,96000,1
rearing,96106,96000,96106,106
grooming,96425,96106,96425,319
running,96468,96425,96468,43
trotting,96529,96468,96529,61
rising,96602,96529,96602,73
rearing,96613,96602,96613,11
rising,96618,96613,96618,5
trotting,96619,96618,96619,1
stepping,96622,96619,96622,3
rising,96661,96622,96661,39
climbing,96667,96661,96667,6
rearing,96833,96667,96833,166
climbing,96868,96833,96868,35
stepping,96927,96868,96927,59
left_turning,96964,96927,96964,37
rising,97007,96964,97007,43
rearing,97031,97007,97031,24
sniffing,97098,97031,97098,67
rearing,97120,97098,97120,22
rising,97196,97120,97196,76
climbing,97336,97196,97336,140
right_turning,97368,97336,97368,32
walking,97372,97368,97372,4
sniffing,97373,97372,97373,1
rearing,97446,97373,97446,73
hunching,97474,97446,97474,28
rising,97530,97474,97530,56
grooming,97540,97530,97540,10
sniffing,97617,97540,97617,77
stepping,97690,97617,97690,73
walking,97732,97690,97732,42
sniffing,97758,97732,97758,26
walking,97803,97758,97803,45
stepping,97880,97803,97880,77
jumping,97899,97880,97899,19
walking,97952,97899,97952,53
right_turning,97970,97952,97970,18
sniffing,98071,97970,98071,101
left_turning,98109,98071,98109,38
walking,98157,98109,98157,48
sniffing,98279,98157,98279,122
walking,98350,98279,98350,71
sniffing,98454,98350,98454,104
stepping,98564,98454,98564,110
rising,98565,98564,98565,1
climbing,98583,98565,98583,18
rearing,98682,98583,98682,99
hunching,98780,98682,98780,98
climbing,98781,98780,98781,1
grooming,99090,98781,99090,309
rising,99140,99090,99140,50
sniffing,99187,99140,99187,47
left_turning,99240,99187,99240,53
walking,99311,99240,99311,71
sniffing,99391,99311,99391,80
rising,99421,99391,99421,30
left_turning,99474,99421,99474,53
stepping,99493,99474,99493,19
walking,99558,99493,99558,65
sniffing,99715,99558,99715,157
rearing,99716,99715,99716,1
rising,99764,99716,99764,48
climbing,99765,99764,99765,1
left_turning,99815,99765,99815,50
stepping,99868,99815,99868,53
walking,99888,99868,99888,20
stepping,99920,99888,99920,32
sniffing,100087,99920,100087,167
stepping,100149,100087,100149,62
sniffing,100168,100149,100168,19
rising,100294,100168,100294,126
rearing,100295,100294,100295,1
hunching,100383,100295,100383,88
rearing,100384,100383,100384,1
left_turning,100432,100384,100432,48
hunching,100451,100432,100451,19
grooming,100452,100451,100452,1
rearing,100545,100452,100545,93
sniffing,100646,100545,100646,101
rearing,100647,100646,100647,1
grooming,101243,100647,101243,596
hunching,101259,101243,101259,16
climbing,101272,101259,101272,13
stepping,101305,101272,101305,33
sniffing,101306,101305,101306,1
hunching,101369,101306,101369,63
grooming,101517,101369,101517,148
rearing,101576,101517,101576,59
grooming,101837,101576,101837,261
rearing,101898,101837,101898,61
rising,101906,101898,101906,8
hunching,101916,101906,101916,10
grooming,102394,101916,102394,478
sniffing,102457,102394,102457,63
grooming,102805,102457,102805,348
left_turning,102835,102805,102835,30
trotting,102904,102835,102904,69
walking,102909,102904,102909,5
sniffing,102969,102909,102969,60
left_turning,102989,102969,102989,20
sniffing,103089,102989,103089,100
stepping,103118,103089,103118,29
sniffing,103119,103118,103119,1
right_turning,103164,103119,103164,45
walking,103184,103164,103184,20
stepping,103240,103184,103240,56
walking,103241,103240,103241,1
sniffing,103394,103241,103394,153
rising,103410,103394,103410,16
sniffing,103480,103410,103480,70
left_turning,103541,103480,103541,61
sniffing,103555,103541,103555,14
walking,103567,103555,103567,12
sniffing,103584,103567,103584,17
rising,103585,103584,103585,1
rearing,103586,103585,103586,1
climbing,103670,103586,103670,84
trotting,103706,103670,103706,36
climbing,103707,103706,103707,1
grooming,103708,103707,103708,1
rearing,103717,103708,103717,9
stepping,103718,103717,103718,1
right_turning,103764,103718,103764,46
stepping,103822,103764,103822,58
walking,103823,103822,103823,1
stepping,103869,103823,103869,46
sniffing,103939,103869,103939,70
rising,104037,103939,104037,98
climbing,104214,104037,104214,177
rising,104282,104214,104282,68
climbing,104348,104282,104348,66
rearing,104349,104348,104349,1
left_turning,104350,104349,104350,1
walking,104394,104350,104394,44
sniffing,104456,104394,104456,62
left_turning,104457,104456,104457,1
sniffing,104535,104457,104535,78
scratching,104536,104535,104536,1
right_turning,104573,104536,104573,37
trotting,104600,104573,104600,27
running,104601,104600,104601,1
trotting,104617,104601,104617,16
right_turning,104624,104617,104624,7
stepping,104625,104624,104625,1
walking,104626,104625,104626,1
grooming,105102,104626,105102,476
hunching,105200,105102,105200,98
left_turning,105250,105200,105250,50
walking,105275,105250,105275,25
stepping,105308,105275,105308,33
sniffing,105417,105308,105417,109
stepping,105422,105417,105422,5
sniffing,105561,105422,105561,139
trotting,105590,105561,105590,29
stepping,105608,105590,105608,18
walking,105638,105608,105638,30
sniffing,105711,105638,105711,73
rearing,105712,105711,105712,1
sniffing,105713,105712,105713,1
walking,105757,105713,105757,44
stepping,105765,105757,105765,8
sniffing,105814,105765,105814,49
trotting,105868,105814,105868,54
stepping,105903,105868,105903,35
climbing,106040,105903,106040,137
rearing,106080,106040,106080,40
climbing,106172,106080,106172,92
rising,106173,106172,106173,1
sniffing,106335,106173,106335,162
stepping,106344,106335,106344,9
right_turning,106351,106344,106351,7
sniffing,106379,106351,106379,28
grooming,106911,106379,106911,532
sniffing,106912,106911,106912,1
stepping,106947,106912,106947,35
trotting,107002,106947,107002,55
rising,107044,107002,107044,42
rearing,107131,107044,107131,87
sniffing,107132,107131,107132,1
grooming,107133,107132,107133,1
hunching,107167,107133,107167,34
left_turning,107187,107167,107187,20
sniffing,107349,107187,107349,162
rising,107443,107349,107443,94
left_turning,107470,107443,107470,27
sniffing,107619,107470,107619,149
rearing,107752,107619,107752,133
grooming,107753,107752,107753,1
sniffing,107899,107753,107899,146
walking,107900,107899,107900,1
sniffing,107980,107900,107980,80
left_turning,108000,107980,108000,20
