revised_movement_label,segBoundary,segBoundary_start,segBoundary_end,length
stepping,15,0,15,15
sniffing,16,15,16,1
rising,43,16,43,27
rearing,54,43,54,11
right_turning,74,54,74,20
walking,75,74,75,1
rising,77,75,77,2
rearing,151,77,151,74
grooming,304,151,304,153
sniffing,362,304,362,58
rising,372,362,372,10
rearing,421,372,421,49
walking,472,421,472,51
sniffing,498,472,498,26
rising,540,498,540,42
stepping,598,540,598,58
trotting,656,598,656,58
walking,717,656,717,61
sniffing,797,717,797,80
rising,843,797,843,46
stepping,844,843,844,1
rising,846,844,846,2
running,909,846,909,63
walking,935,909,935,26
sniffing,992,935,992,57
left_turning,993,992,993,1
rising,1041,993,1041,48
right_turning,1100,1041,1100,59
trotting,1142,1100,1142,42
running,1182,1142,1182,40
trotting,1239,1182,1239,57
sniffing,1240,1239,1240,1
left_turning,1290,1240,1290,50
walking,1315,1290,1315,25
sniffing,1352,1315,1352,37
rearing,1383,1352,1383,31
grooming,1437,1383,1437,54
trotting,1472,1437,1472,35
grooming,1473,1472,1473,1
climbing,1532,1473,1532,59
grooming,1533,1532,1533,1
hunching,1598,1533,1598,65
grooming,1645,1598,1645,47
left_turning,1647,1645,1647,2
walking,1665,1647,1665,18
sniffing,1755,1665,1755,90
grooming,1921,1755,1921,166
sniffing,1993,1921,1993,72
left_turning,2003,1993,2003,10
running,2021,2003,2021,18
trotting,2069,2021,2069,48
grooming,2178,2069,2178,109
hunching,2197,2178,2197,19
grooming,2294,2197,2294,97
right_turning,2333,2294,2333,39
sniffing,2415,2333,2415,82
rising,2485,2415,2485,70
sniffing,2582,2485,2582,97
rising,2601,2582,2601,19
grooming,2602,2601,2602,1
hunching,2644,2602,2644,42
grooming,2670,2644,2670,26
hunching,2703,2670,2703,33
sniffing,2746,2703,2746,43
walking,2826,2746,2826,80
sniffing,2947,2826,2947,121
stepping,2948,2947,2948,1
walking,2991,2948,2991,43
sniffing,3027,2991,3027,36
trotting,3083,3027,3083,56
walking,3286,3083,3286,203
left_turning,3379,3286,3379,93
stepping,3380,3379,3380,1
walking,3401,3380,3401,21
stepping,3456,3401,3456,55
right_turning,3497,3456,3497,41
stepping,3538,3497,3538,41
sniffing,3631,3538,3631,93
stepping,3695,3631,3695,64
walking,3696,3695,3696,1
sniffing,3734,3696,3734,38
rising,3748,3734,3748,14
right_turning,3766,3748,3766,18
stepping,3862,3766,3862,96
walking,3926,3862,3926,64
stepping,3989,3926,3989,63
sniffing,3991,3989,3991,2
rising,3992,3991,3992,1
trotting,4014,3992,4014,22
walking,4056,4014,4056,42
stepping,4100,4056,4100,44
grooming,4101,4100,4101,1
sniffing,4148,4101,4148,47
left_turning,4217,4148,4217,69
walking,4251,4217,4251,34
rearing,4327,4251,4327,76
hunching,4357,4327,4357,30
rising,4358,4357,4358,1
climbing,4395,4358,4395,37
left_turning,4432,4395,4432,37
running,4482,4432,4482,50
walking,4510,4482,4510,28
trotting,4555,4510,4555,45
rising,4605,4555,4605,50
sniffing,4647,4605,4647,42
rising,4663,4647,4663,16
sniffing,4835,4663,4835,172
left_turning,4886,4835,4886,51
walking,4936,4886,4936,50
left_turning,4982,4936,4982,46
walking,5003,4982,5003,21
stepping,5087,5003,5087,84
sniffing,5088,5087,5088,1
rising,5149,5088,5149,61
sniffing,5235,5149,5235,86
hunching,5268,5235,5268,33
grooming,5269,5268,5269,1
rearing,5334,5269,5334,65
walking,5418,5334,5418,84
running,5424,5418,5424,6
trotting,5460,5424,5460,36
stepping,5487,5460,5487,27
sniffing,5492,5487,5492,5
rising,5504,5492,5504,12
left_turning,5505,5504,5505,1
right_turning,5524,5505,5524,19
walking,5574,5524,5574,50
sniffing,5686,5574,5686,112
rising,5711,5686,5711,25
sniffing,5712,5711,5712,1
rising,5784,5712,5784,72
walking,5785,5784,5785,1
stepping,5795,5785,5795,10
sniffing,5864,5795,5864,69
left_turning,5865,5864,5865,1
sniffing,5909,5865,5909,44
left_turning,5937,5909,5937,28
stepping,5966,5937,5966,29
walking,6047,5966,6047,81
stepping,6063,6047,6063,16
trotting,6064,6063,6064,1
walking,6086,6064,6086,22
stepping,6087,6086,6087,1
sniffing,6088,6087,6088,1
stepping,6119,6088,6119,31
sniffing,6123,6119,6123,4
stepping,6193,6123,6193,70
rising,6281,6193,6281,88
sniffing,6377,6281,6377,96
grooming,6475,6377,6475,98
hunching,6476,6475,6476,1
grooming,6917,6476,6917,441
rising,6978,6917,6978,61
walking,7030,6978,7030,52
rising,7038,7030,7038,8
sniffing,7060,7038,7060,22
rising,7086,7060,7086,26
climbing,7160,7086,7160,74
left_turning,7171,7160,7171,11
sniffing,7510,7171,7510,339
stepping,7559,7510,7559,49
sniffing,7616,7559,7616,57
rising,7636,7616,7636,20
sniffing,7657,7636,7657,21
walking,7712,7657,7712,55
trotting,7766,7712,7766,54
running,7784,7766,7784,18
sniffing,8131,7784,8131,347
grooming,8308,8131,8308,177
sniffing,8368,8308,8368,60
stepping,8404,8368,8404,36
sniffing,8548,8404,8548,144
stepping,8585,8548,8585,37
walking,8586,8585,8586,1
trotting,8631,8586,8631,45
stepping,8693,8631,8693,62
trotting,8710,8693,8710,17
walking,8711,8710,8711,1
sniffing,8845,8711,8845,134
walking,8865,8845,8865,20
running,8891,8865,8891,26
trotting,8917,8891,8917,26
walking,8936,8917,8936,19
rising,8958,8936,8958,22
sniffing,9078,8958,9078,120
rising,9079,9078,9079,1
climbing,9136,9079,9136,57
rearing,9245,9136,9245,109
grooming,9246,9245,9246,1
rising,9282,9246,9282,36
grooming,9530,9282,9530,248
rearing,9639,9530,9639,109
grooming,9640,9639,9640,1
walking,9657,9640,9657,17
stepping,9680,9657,9680,23
sniffing,9702,9680,9702,22
climbing,9721,9702,9721,19
rising,9763,9721,9763,42
rearing,9818,9763,9818,55
grooming,9826,9818,9826,8
hunching,9893,9826,9893,67
rearing,9952,9893,9952,59
stepping,9978,9952,9978,26
right_turning,10007,9978,10007,29
walking,10056,10007,10056,49
stepping,10081,10056,10081,25
sniffing,10172,10081,10172,91
running,10190,10172,10190,18
stepping,10213,10190,10213,23
walking,10279,10213,10279,66
left_turning,10336,10279,10336,57
sniffing,10385,10336,10385,49
right_turning,10386,10385,10386,1
walking,10437,10386,10437,51
sniffing,10485,10437,10485,48
rising,10489,10485,10489,4
running,10512,10489,10512,23
stepping,10513,10512,10513,1
rising,10547,10513,10547,34
left_turning,10548,10547,10548,1
running,10557,10548,10557,9
stepping,10585,10557,10585,28
sniffing,10723,10585,10723,138
trotting,10748,10723,10748,25
rising,10768,10748,10768,20
grooming,10814,10768,10814,46
climbing,10845,10814,10845,31
sniffing,10864,10845,10864,19
grooming,10881,10864,10881,17
sniffing,10951,10881,10951,70
rising,10977,10951,10977,26
stepping,11031,10977,11031,54
rising,11080,11031,11080,49
sniffing,11125,11080,11125,45
stepping,11126,11125,11126,1
sniffing,11228,11126,11228,102
stepping,11249,11228,11249,21
rising,11250,11249,11250,1
stepping,11313,11250,11313,63
rearing,11325,11313,11325,12
rising,11326,11325,11326,1
sniffing,11345,11326,11345,19
stepping,11385,11345,11385,40
walking,11451,11385,11451,66
rising,11489,11451,11489,38
running,11503,11489,11503,14
rearing,11594,11503,11594,91
sniffing,11656,11594,11656,62
rising,11736,11656,11736,80
climbing,11750,11736,11750,14
grooming,11751,11750,11751,1
rearing,11752,11751,11752,1
hunching,11783,11752,11783,31
left_turning,11833,11783,11833,50
climbing,11896,11833,11896,63
rising,11933,11896,11933,37
hunching,12011,11933,12011,78
grooming,12012,12011,12012,1
hunching,12061,12012,12061,49
grooming,12087,12061,12087,26
rising,12155,12087,12155,68
rearing,12246,12155,12246,91
stepping,12292,12246,12292,46
walking,12308,12292,12308,16
sniffing,12309,12308,12309,1
walking,12310,12309,12310,1
stepping,12364,12310,12364,54
walking,12380,12364,12380,16
stepping,12419,12380,12419,39
walking,12436,12419,12436,17
sniffing,12553,12436,12553,117
stepping,12615,12553,12615,62
rising,12639,12615,12639,24
grooming,12775,12639,12775,136
sniffing,12889,12775,12889,114
stepping,12950,12889,12950,61
grooming,13093,12950,13093,143
rising,13142,13093,13142,49
stepping,13194,13142,13194,52
right_turning,13228,13194,13228,34
left_turning,13298,13228,13298,70
climbing,13330,13298,13330,32
grooming,13338,13330,13338,8
rising,13362,13338,13362,24
grooming,13525,13362,13525,163
sniffing,13666,13525,13666,141
hunching,13691,13666,13691,25
sniffing,13879,13691,13879,188
rising,13880,13879,13880,1
sniffing,14069,13880,14069,189
stepping,14088,14069,14088,19
rising,14157,14088,14157,69
walking,14216,14157,14216,59
sniffing,14262,14216,14262,46
climbing,14297,14262,14297,35
grooming,14298,14297,14298,1
climbing,14348,14298,14348,50
left_turning,14372,14348,14372,24
sniffing,14388,14372,14388,16
grooming,14515,14388,14515,127
running,14532,14515,14532,17
walking,14562,14532,14562,30
right_turning,14600,14562,14600,38
running,14608,14600,14608,8
stepping,14683,14608,14683,75
walking,14721,14683,14721,38
stepping,14797,14721,14797,76
right_turning,14819,14797,14819,22
climbing,14874,14819,14874,55
grooming,15032,14874,15032,158
walking,15072,15032,15072,40
rising,15088,15072,15088,16
sniffing,15116,15088,15116,28
rearing,15180,15116,15180,64
climbing,15216,15180,15216,36
rising,15271,15216,15271,55
left_turning,15344,15271,15344,73
stepping,15393,15344,15393,49
trotting,15394,15393,15394,1
walking,15449,15394,15449,55
stepping,15472,15449,15472,23
grooming,15663,15472,15663,191
sniffing,15784,15663,15784,121
walking,15883,15784,15883,99
rising,15889,15883,15889,6
grooming,15902,15889,15902,13
rising,16022,15902,16022,120
climbing,16108,16022,16108,86
left_turning,16165,16108,16165,57
sniffing,16235,16165,16235,70
rising,16264,16235,16264,29
climbing,16314,16264,16314,50
grooming,16532,16314,16532,218
sniffing,16533,16532,16533,1
right_turning,16534,16533,16534,1
grooming,16568,16534,16568,34
trotting,16614,16568,16614,46
grooming,16623,16614,16623,9
sniffing,16650,16623,16650,27
right_turning,16670,16650,16670,20
stepping,16719,16670,16719,49
rising,16720,16719,16720,1
stepping,16779,16720,16779,59
sniffing,16780,16779,16780,1
rearing,16781,16780,16781,1
hunching,16782,16781,16782,1
rising,16876,16782,16876,94
left_turning,16894,16876,16894,18
sniffing,17017,16894,17017,123
trotting,17036,17017,17036,19
rearing,17073,17036,17073,37
left_turning,17108,17073,17108,35
stepping,17109,17108,17109,1
walking,17163,17109,17163,54
trotting,17201,17163,17201,38
rising,17234,17201,17234,33
walking,17283,17234,17283,49
left_turning,17284,17283,17284,1
walking,17342,17284,17342,58
trotting,17369,17342,17369,27
walking,17426,17369,17426,57
stepping,17431,17426,17431,5
grooming,17561,17431,17561,130
hunching,17588,17561,17588,27
grooming,17637,17588,17637,49
sniffing,17638,17637,17638,1
rising,17663,17638,17663,25
climbing,17698,17663,17698,35
stepping,17764,17698,17764,66
trotting,17801,17764,17801,37
sniffing,17891,17801,17891,90
rising,17895,17891,17895,4
walking,17919,17895,17919,24
rising,17932,17919,17932,13
sniffing,17976,17932,17976,44
climbing,17998,17976,17998,22
sniffing,18040,17998,18040,42
left_turning,18069,18040,18069,29
walking,18136,18069,18136,67
sniffing,18222,18136,18222,86
trotting,18266,18222,18266,44
rising,18384,18266,18384,118
trotting,18421,18384,18421,37
walking,18464,18421,18464,43
sniffing,18465,18464,18465,1
right_turning,18511,18465,18511,46
walking,18562,18511,18562,51
sniffing,18623,18562,18623,61
stepping,18652,18623,18652,29
sniffing,18680,18652,18680,28
stepping,18703,18680,18703,23
left_turning,18712,18703,18712,9
walking,18729,18712,18729,17
stepping,18826,18729,18826,97
walking,18862,18826,18862,36
trotting,18882,18862,18882,20
walking,18939,18882,18939,57
stepping,18995,18939,18995,56
sniffing,19058,18995,19058,63
rising,19090,19058,19090,32
grooming,19270,19090,19270,180
trotting,19271,19270,19271,1
grooming,19443,19271,19443,172
hunching,19444,19443,19444,1
grooming,19581,19444,19581,137
rearing,19915,19581,19915,334
left_turning,19980,19915,19980,65
grooming,20245,19980,20245,265
sniffing,20246,20245,20246,1
climbing,20309,20246,20309,63
sniffing,20442,20309,20442,133
walking,20454,20442,20454,12
sniffing,20582,20454,20582,128
grooming,20583,20582,20583,1
rearing,20610,20583,20610,27
sniffing,20611,20610,20611,1
stepping,20686,20611,20686,75
walking,20687,20686,20687,1
stepping,20688,20687,20688,1
walking,20708,20688,20708,20
sniffing,20763,20708,20763,55
rearing,20776,20763,20776,13
grooming,20777,20776,20777,1
rearing,20859,20777,20859,82
grooming,20966,20859,20966,107
walking,20996,20966,20996,30
rising,21093,20996,21093,97
walking,21177,21093,21177,84
stepping,21228,21177,21228,51
sniffing,21339,21228,21339,111
rearing,21377,21339,21377,38
climbing,21378,21377,21378,1
rising,21388,21378,21388,10
walking,21444,21388,21444,56
sniffing,21541,21444,21541,97
rising,21587,21541,21587,46
walking,21689,21587,21689,102
sniffing,21798,21689,21798,109
trotting,21816,21798,21816,18
walking,21848,21816,21848,32
grooming,21976,21848,21976,128
climbing,22115,21976,22115,139
walking,22213,22115,22213,98
sniffing,22226,22213,22226,13
rising,22260,22226,22260,34
grooming,22333,22260,22333,73
rising,22334,22333,22334,1
walking,22395,22334,22395,61
stepping,22396,22395,22396,1
grooming,22555,22396,22555,159
stepping,22556,22555,22556,1
rising,22557,22556,22557,1
climbing,22664,22557,22664,107
sniffing,22734,22664,22734,70
walking,22814,22734,22814,80
stepping,22843,22814,22843,29
grooming,22844,22843,22844,1
hunching,22860,22844,22860,16
rearing,22974,22860,22974,114
stepping,22989,22974,22989,15
sniffing,23039,22989,23039,50
stepping,23079,23039,23079,40
grooming,23219,23079,23219,140
rearing,23343,23219,23343,124
climbing,23388,23343,23388,45
stepping,23389,23388,23389,1
sniffing,23503,23389,23503,114
grooming,23504,23503,23504,1
sniffing,23627,23504,23627,123
rearing,23628,23627,23628,1
walking,23699,23628,23699,71
sniffing,23700,23699,23700,1
walking,23710,23700,23710,10
right_turning,23753,23710,23753,43
stepping,23760,23753,23760,7
sniffing,23842,23760,23842,82
left_turning,23875,23842,23875,33
stepping,23882,23875,23882,7
grooming,23883,23882,23883,1
stepping,23923,23883,23923,40
sniffing,23978,23923,23978,55
rearing,23979,23978,23979,1
walking,24020,23979,24020,41
sniffing,24095,24020,24095,75
stepping,24141,24095,24141,46
sniffing,24288,24141,24288,147
left_turning,24362,24288,24362,74
grooming,24428,24362,24428,66
rearing,24535,24428,24535,107
climbing,24616,24535,24616,81
left_turning,24640,24616,24640,24
stepping,24656,24640,24656,16
sniffing,24720,24656,24720,64
hunching,24721,24720,24721,1
climbing,24804,24721,24804,83
rising,24818,24804,24818,14
stepping,24869,24818,24869,51
walking,24915,24869,24915,46
sniffing,24963,24915,24963,48
rising,25026,24963,25026,63
sniffing,25027,25026,25027,1
grooming,25076,25027,25076,49
sniffing,25077,25076,25077,1
grooming,25097,25077,25097,20
rearing,25133,25097,25133,36
grooming,25520,25133,25520,387
hunching,25545,25520,25545,25
stepping,25582,25545,25582,37
walking,25589,25582,25589,7
stepping,25613,25589,25613,24
walking,25655,25613,25655,42
stepping,25693,25655,25693,38
grooming,25938,25693,25938,245
hunching,26098,25938,26098,160
grooming,26153,26098,26153,55
sniffing,26160,26153,26160,7
walking,26175,26160,26175,15
grooming,26232,26175,26232,57
right_turning,26248,26232,26248,16
running,26272,26248,26272,24
walking,26288,26272,26288,16
sniffing,26362,26288,26362,74
walking,26409,26362,26409,47
stepping,26438,26409,26438,29
sniffing,26463,26438,26463,25
stepping,26515,26463,26515,52
rising,26538,26515,26538,23
sniffing,26561,26538,26561,23
grooming,26769,26561,26769,208
climbing,26770,26769,26770,1
sniffing,26882,26770,26882,112
stepping,26930,26882,26930,48
sniffing,27154,26930,27154,224
walking,27178,27154,27178,24
left_turning,27242,27178,27242,64
sniffing,27322,27242,27322,80
rising,27361,27322,27361,39
climbing,27384,27361,27384,23
grooming,27603,27384,27603,219
sniffing,27636,27603,27636,33
left_turning,27670,27636,27670,34
walking,27722,27670,27722,52
sniffing,27736,27722,27736,14
walking,27804,27736,27804,68
rising,27812,27804,27812,8
climbing,27856,27812,27856,44
grooming,27867,27856,27867,11
rearing,27868,27867,27868,1
hunching,27869,27868,27869,1
grooming,28284,27869,28284,415
left_turning,28335,28284,28335,51
grooming,28336,28335,28336,1
sniffing,28426,28336,28426,90
grooming,28561,28426,28561,135
left_turning,28619,28561,28619,58
rising,28668,28619,28668,49
right_turning,28720,28668,28720,52
stepping,28737,28720,28737,17
hunching,28738,28737,28738,1
grooming,28754,28738,28754,16
hunching,28755,28754,28755,1
left_turning,28779,28755,28779,24
stepping,28780,28779,28780,1
right_turning,28793,28780,28793,13
walking,28798,28793,28798,5
stepping,28824,28798,28824,26
sniffing,28915,28824,28915,91
rising,28935,28915,28935,20
rearing,28936,28935,28936,1
grooming,28937,28936,28937,1
rising,28970,28937,28970,33
sniffing,29081,28970,29081,111
stepping,29140,29081,29140,59
sniffing,29263,29140,29263,123
walking,29388,29263,29388,125
left_turning,29425,29388,29425,37
walking,29451,29425,29451,26
sniffing,29467,29451,29467,16
stepping,29477,29467,29477,10
rearing,29653,29477,29653,176
grooming,29811,29653,29811,158
rearing,29860,29811,29860,49
grooming,30160,29860,30160,300
walking,30161,30160,30161,1
sniffing,30173,30161,30173,12
rising,30235,30173,30235,62
stepping,30286,30235,30286,51
walking,30287,30286,30287,1
sniffing,30434,30287,30434,147
walking,30435,30434,30435,1
sniffing,30436,30435,30436,1
stepping,30453,30436,30453,17
sniffing,30596,30453,30596,143
left_turning,30624,30596,30624,28
rearing,30625,30624,30625,1
left_turning,30626,30625,30626,1
grooming,30630,30626,30630,4
rearing,30653,30630,30653,23
grooming,30654,30653,30654,1
rearing,30844,30654,30844,190
stepping,30893,30844,30893,49
rising,30894,30893,30894,1
climbing,30895,30894,30895,1
running,30926,30895,30926,31
trotting,30953,30926,30953,27
stepping,30985,30953,30985,32
sniffing,31033,30985,31033,48
rising,31034,31033,31034,1
climbing,31035,31034,31035,1
walking,31060,31035,31060,25
sniffing,31061,31060,31061,1
right_turning,31083,31061,31083,22
trotting,31142,31083,31142,59
walking,31226,31142,31226,84
running,31238,31226,31238,12
stepping,31292,31238,31292,54
climbing,31345,31292,31345,53
running,31358,31345,31358,13
sniffing,31359,31358,31359,1
grooming,31455,31359,31455,96
rearing,31551,31455,31551,96
grooming,31697,31551,31697,146
left_turning,31716,31697,31716,19
walking,31768,31716,31768,52
grooming,31983,31768,31983,215
running,31990,31983,31990,7
sniffing,32088,31990,32088,98
stepping,32089,32088,32089,1
right_turning,32117,32089,32117,28
walking,32184,32117,32184,67
stepping,32212,32184,32212,28
sniffing,32312,32212,32312,100
climbing,32353,32312,32353,41
grooming,32491,32353,32491,138
rearing,32569,32491,32569,78
grooming,32628,32569,32628,59
rising,32629,32628,32629,1
stepping,32648,32629,32648,19
sniffing,32685,32648,32685,37
rising,32690,32685,32690,5
rearing,32727,32690,32727,37
grooming,32728,32727,32728,1
walking,32763,32728,32763,35
sniffing,32764,32763,32764,1
walking,32775,32764,32775,11
grooming,33001,32775,33001,226
running,33002,33001,33002,1
grooming,33003,33002,33003,1
sniffing,33004,33003,33004,1
grooming,33057,33004,33057,53
sniffing,33058,33057,33058,1
grooming,33070,33058,33070,12
rearing,33186,33070,33186,116
grooming,33187,33186,33187,1
rearing,33256,33187,33256,69
climbing,33361,33256,33361,105
stepping,33412,33361,33412,51
walking,33472,33412,33472,60
rising,33473,33472,33473,1
climbing,33573,33473,33573,100
left_turning,33593,33573,33593,20
scratching,33594,33593,33594,1
grooming,33678,33594,33678,84
sniffing,33708,33678,33708,30
walking,33729,33708,33729,21
stepping,33773,33729,33773,44
right_turning,33774,33773,33774,1
stepping,33820,33774,33820,46
running,33859,33820,33859,39
left_turning,33910,33859,33910,51
climbing,33922,33910,33922,12
sniffing,33999,33922,33999,77
left_turning,34029,33999,34029,30
rising,34030,34029,34030,1
grooming,34135,34030,34135,105
scratching,34136,34135,34136,1
sniffing,34173,34136,34173,37
trotting,34205,34173,34205,32
left_turning,34275,34205,34275,70
grooming,34276,34275,34276,1
hunching,34348,34276,34348,72
rearing,34351,34348,34351,3
left_turning,34366,34351,34366,15
running,34374,34366,34374,8
walking,34484,34374,34484,110
sniffing,34488,34484,34488,4
stepping,34506,34488,34506,18
sniffing,34578,34506,34578,72
grooming,34685,34578,34685,107
rearing,34736,34685,34736,51
hunching,34764,34736,34764,28
grooming,35069,34764,35069,305
scratching,35070,35069,35070,1
sniffing,35139,35070,35139,69
stepping,35187,35139,35187,48
walking,35239,35187,35239,52
climbing,35324,35239,35324,85
walking,35418,35324,35418,94
left_turning,35447,35418,35447,29
grooming,35448,35447,35448,1
sniffing,35561,35448,35561,113
grooming,35585,35561,35585,24
walking,35654,35585,35654,69
stepping,35690,35654,35690,36
sniffing,35697,35690,35697,7
rising,35728,35697,35728,31
rearing,35836,35728,35836,108
grooming,35935,35836,35935,99
walking,35956,35935,35956,21
grooming,36250,35956,36250,294
right_turning,36271,36250,36271,21
grooming,36362,36271,36362,91
left_turning,36376,36362,36376,14
walking,36430,36376,36430,54
rearing,36529,36430,36529,99
left_turning,36554,36529,36554,25
stepping,36591,36554,36591,37
grooming,36698,36591,36698,107
sniffing,36824,36698,36824,126
stepping,36878,36824,36878,54
sniffing,36879,36878,36879,1
rising,36880,36879,36880,1
climbing,36935,36880,36935,55
grooming,37015,36935,37015,80
sniffing,37133,37015,37133,118
stepping,37134,37133,37134,1
sniffing,37226,37134,37226,92
walking,37257,37226,37257,31
sniffing,37382,37257,37382,125
grooming,37610,37382,37610,228
walking,37638,37610,37638,28
sniffing,37736,37638,37736,98
grooming,37843,37736,37843,107
hunching,38003,37843,38003,160
rearing,38004,38003,38004,1
climbing,38074,38004,38074,70
trotting,38121,38074,38121,47
rising,38122,38121,38122,1
climbing,38123,38122,38123,1
grooming,38398,38123,38398,275
sniffing,38502,38398,38502,104
grooming,38594,38502,38594,92
walking,38617,38594,38617,23
sniffing,38668,38617,38668,51
grooming,38823,38668,38823,155
sniffing,38866,38823,38866,43
grooming,38867,38866,38867,1
stepping,38921,38867,38921,54
sniffing,38922,38921,38922,1
walking,38923,38922,38923,1
sniffing,39099,38923,39099,176
stepping,39109,39099,39109,10
sniffing,39169,39109,39169,60
grooming,39261,39169,39261,92
rearing,39283,39261,39283,22
stepping,39299,39283,39299,16
running,39317,39299,39317,18
rearing,39402,39317,39402,85
left_turning,39454,39402,39454,52
rising,39456,39454,39456,2
climbing,39569,39456,39569,113
stepping,39608,39569,39608,39
walking,39631,39608,39631,23
running,39632,39631,39632,1
trotting,39657,39632,39657,25
sniffing,39810,39657,39810,153
stepping,39815,39810,39815,5
running,39846,39815,39846,31
walking,39908,39846,39908,62
stepping,39967,39908,39967,59
left_turning,39978,39967,39978,11
trotting,40029,39978,40029,51
sniffing,40115,40029,40115,86
left_turning,40161,40115,40161,46
sniffing,40345,40161,40345,184
stepping,40401,40345,40401,56
walking,40436,40401,40436,35
sniffing,40497,40436,40497,61
stepping,40511,40497,40511,14
sniffing,40550,40511,40550,39
walking,40563,40550,40563,13
sniffing,40583,40563,40583,20
stepping,40584,40583,40584,1
sniffing,40753,40584,40753,169
left_turning,40766,40753,40766,13
stepping,40809,40766,40809,43
sniffing,40836,40809,40836,27
grooming,40931,40836,40931,95
sniffing,41046,40931,41046,115
walking,41054,41046,41054,8
stepping,41063,41054,41063,9
sniffing,41135,41063,41135,72
walking,41162,41135,41162,27
sniffing,41222,41162,41222,60
stepping,41248,41222,41248,26
left_turning,41296,41248,41296,48
sniffing,41316,41296,41316,20
right_turning,41361,41316,41361,45
walking,41439,41361,41439,78
grooming,41677,41439,41677,238
walking,41683,41677,41683,6
sniffing,41699,41683,41699,16
right_turning,41700,41699,41700,1
jumping,41829,41700,41829,129
right_turning,41872,41829,41872,43
walking,41905,41872,41905,33
sniffing,41997,41905,41997,92
climbing,42047,41997,42047,50
stepping,42097,42047,42097,50
walking,42148,42097,42148,51
sniffing,42180,42148,42180,32
climbing,42273,42180,42273,93
grooming,42367,42273,42367,94
rearing,42439,42367,42439,72
climbing,42486,42439,42486,47
grooming,42664,42486,42664,178
rearing,42785,42664,42785,121
grooming,42845,42785,42845,60
hunching,42855,42845,42855,10
rearing,42865,42855,42865,10
sniffing,42887,42865,42887,22
stepping,42965,42887,42965,78
climbing,43044,42965,43044,79
left_turning,43091,43044,43091,47
sniffing,43092,43091,43092,1
grooming,43202,43092,43202,110
climbing,43221,43202,43221,19
rearing,43286,43221,43286,65
rising,43287,43286,43287,1
climbing,43324,43287,43324,37
grooming,43425,43324,43425,101
sniffing,43435,43425,43435,10
rising,43495,43435,43495,60
walking,43531,43495,43531,36
sniffing,43551,43531,43551,20
left_turning,43571,43551,43571,20
rising,43741,43571,43741,170
sniffing,43803,43741,43803,62
rising,43804,43803,43804,1
rearing,43832,43804,43832,28
climbing,43892,43832,43892,60
grooming,43913,43892,43913,21
hunching,44000,43913,44000,87
rising,44069,44000,44069,69
walking,44090,44069,44090,21
sniffing,44214,44090,44214,124
trotting,44243,44214,44243,29
walking,44308,44243,44308,65
sniffing,44373,44308,44373,65
rising,44432,44373,44432,59
grooming,44433,44432,44433,1
rearing,44555,44433,44555,122
grooming,44624,44555,44624,69
sniffing,44693,44624,44693,69
rearing,44737,44693,44737,44
grooming,44813,44737,44813,76
left_turning,44877,44813,44877,64
sniffing,44956,44877,44956,79
right_turning,44995,44956,44995,39
stepping,45032,44995,45032,37
sniffing,45033,45032,45033,1
walking,45108,45033,45108,75
trotting,45124,45108,45124,16
left_turning,45143,45124,45143,19
sniffing,45316,45143,45316,173
climbing,45336,45316,45336,20
grooming,45447,45336,45447,111
stepping,45509,45447,45509,62
walking,45518,45509,45518,9
trotting,45569,45518,45569,51
sniffing,45651,45569,45651,82
grooming,45762,45651,45762,111
sniffing,45998,45762,45998,236
rising,46028,45998,46028,30
left_turning,46029,46028,46029,1
sniffing,46097,46029,46097,68
trotting,46149,46097,46149,52
walking,46201,46149,46201,52
grooming,46291,46201,46291,90
sniffing,46354,46291,46354,63
stepping,46398,46354,46398,44
trotting,46404,46398,46404,6
walking,46464,46404,46464,60
stepping,46493,46464,46493,29
sniffing,46668,46493,46668,175
rising,46680,46668,46680,12
stepping,46712,46680,46712,32
sniffing,46932,46712,46932,220
trotting,46958,46932,46958,26
stepping,46975,46958,46975,17
sniffing,47122,46975,47122,147
grooming,47213,47122,47213,91
running,47233,47213,47233,20
right_turning,47257,47233,47257,24
walking,47258,47257,47258,1
sniffing,47314,47258,47314,56
rising,47340,47314,47340,26
rearing,47365,47340,47365,25
rising,47430,47365,47430,65
rearing,47477,47430,47477,47
grooming,47602,47477,47602,125
scratching,47603,47602,47603,1
walking,47617,47603,47617,14
climbing,47675,47617,47675,58
walking,47725,47675,47725,50
stepping,47726,47725,47726,1
climbing,47765,47726,47765,39
walking,47812,47765,47812,47
stepping,47834,47812,47834,22
right_turning,47837,47834,47837,3
stepping,47861,47837,47861,24
sniffing,48023,47861,48023,162
rising,48027,48023,48027,4
grooming,48066,48027,48066,39
scratching,48067,48066,48067,1
grooming,48249,48067,48249,182
left_turning,48262,48249,48262,13
grooming,48808,48262,48808,546
sniffing,48869,48808,48869,61
scratching,48870,48869,48870,1
grooming,48871,48870,48871,1
climbing,49180,48871,49180,309
sniffing,49204,49180,49204,24
right_turning,49205,49204,49205,1
grooming,49273,49205,49273,68
climbing,49314,49273,49314,41
rearing,49408,49314,49408,94
left_turning,49436,49408,49436,28
walking,49493,49436,49493,57
sniffing,49640,49493,49640,147
rising,49664,49640,49664,24
walking,49756,49664,49756,92
stepping,49795,49756,49795,39
sniffing,49901,49795,49901,106
stepping,49929,49901,49929,28
right_turning,49969,49929,49969,40
sniffing,50142,49969,50142,173
stepping,50190,50142,50190,48
sniffing,50250,50190,50250,60
walking,50305,50250,50305,55
stepping,50348,50305,50348,43
grooming,50489,50348,50489,141
left_turning,50523,50489,50523,34
walking,50592,50523,50592,69
sniffing,50694,50592,50694,102
pausing,50786,50694,50786,92
sniffing,50787,50786,50787,1
grooming,50875,50787,50875,88
trotting,50929,50875,50929,54
sniffing,51082,50929,51082,153
rising,51083,51082,51083,1
grooming,51319,51083,51319,236
left_turning,51382,51319,51382,63
walking,51424,51382,51424,42
stepping,51478,51424,51478,54
sniffing,51511,51478,51511,33
left_turning,51600,51511,51600,89
grooming,51802,51600,51802,202
running,51835,51802,51835,33
rising,51836,51835,51836,1
climbing,51944,51836,51944,108
running,51975,51944,51975,31
sniffing,52060,51975,52060,85
right_turning,52065,52060,52065,5
left_turning,52121,52065,52121,56
sniffing,52171,52121,52171,50
left_turning,52212,52171,52212,41
hunching,52338,52212,52338,126
grooming,52339,52338,52339,1
scratching,52340,52339,52340,1
grooming,52494,52340,52494,154
rearing,52601,52494,52601,107
climbing,52680,52601,52680,79
grooming,52788,52680,52788,108
sniffing,52945,52788,52945,157
grooming,53095,52945,53095,150
walking,53202,53095,53202,107
stepping,53213,53202,53213,11
sniffing,53372,53213,53372,159
stepping,53387,53372,53387,15
walking,53435,53387,53435,48
stepping,53455,53435,53455,20
sniffing,53456,53455,53456,1
walking,53476,53456,53476,20
trotting,53490,53476,53490,14
left_turning,53520,53490,53520,30
rearing,53602,53520,53602,82
climbing,53706,53602,53706,104
right_turning,53734,53706,53734,28
rising,53755,53734,53755,21
grooming,53756,53755,53756,1
left_turning,53773,53756,53773,17
sniffing,53786,53773,53786,13
walking,53839,53786,53839,53
sniffing,53944,53839,53944,105
walking,54021,53944,54021,77
stepping,54063,54021,54063,42
sniffing,54129,54063,54129,66
right_turning,54170,54129,54170,41
walking,54211,54170,54211,41
hunching,54255,54211,54255,44
rearing,54403,54255,54403,148
grooming,54620,54403,54620,217
rearing,54653,54620,54653,33
grooming,54764,54653,54764,111
sniffing,54823,54764,54823,59
grooming,54824,54823,54824,1
left_turning,54825,54824,54825,1
stepping,54832,54825,54832,7
grooming,54833,54832,54833,1
climbing,54870,54833,54870,37
trotting,54905,54870,54905,35
stepping,54910,54905,54910,5
trotting,54960,54910,54960,50
running,54966,54960,54966,6
sniffing,55044,54966,55044,78
grooming,55045,55044,55045,1
left_turning,55092,55045,55092,47
sniffing,55114,55092,55114,22
trotting,55161,55114,55161,47
sniffing,55178,55161,55178,17
grooming,55200,55178,55200,22
scratching,55201,55200,55201,1
left_turning,55249,55201,55249,48
walking,55281,55249,55281,32
stepping,55286,55281,55286,5
sniffing,55392,55286,55392,106
stepping,55445,55392,55445,53
sniffing,55518,55445,55518,73
walking,55560,55518,55560,42
climbing,55577,55560,55577,17
stepping,55618,55577,55618,41
walking,55695,55618,55695,77
sniffing,55696,55695,55696,1
grooming,55697,55696,55697,1
stepping,55698,55697,55698,1
sniffing,55740,55698,55740,42
running,55747,55740,55747,7
stepping,55787,55747,55787,40
sniffing,55971,55787,55971,184
grooming,56048,55971,56048,77
climbing,56049,56048,56049,1
sniffing,56132,56049,56132,83
walking,56191,56132,56191,59
hunching,56192,56191,56192,1
rearing,56316,56192,56316,124
walking,56429,56316,56429,113
sniffing,56528,56429,56528,99
walking,56550,56528,56550,22
sniffing,56596,56550,56596,46
rising,56615,56596,56615,19
sniffing,56792,56615,56792,177
stepping,56821,56792,56821,29
sniffing,56885,56821,56885,64
grooming,57044,56885,57044,159
rearing,57079,57044,57079,35
climbing,57080,57079,57080,1
trotting,57093,57080,57093,13
stepping,57133,57093,57133,40
climbing,57214,57133,57214,81
grooming,57351,57214,57351,137
stepping,57387,57351,57387,36
rearing,57388,57387,57388,1
stepping,57392,57388,57392,4
sniffing,57397,57392,57397,5
stepping,57401,57397,57401,4
sniffing,57402,57401,57402,1
stepping,57450,57402,57450,48
sniffing,57451,57450,57451,1
grooming,57571,57451,57571,120
sniffing,57654,57571,57654,83
walking,57748,57654,57748,94
sniffing,57755,57748,57755,7
rearing,57756,57755,57756,1
jumping,57802,57756,57802,46
grooming,58026,57802,58026,224
hunching,58027,58026,58027,1
grooming,58675,58027,58675,648
sniffing,58688,58675,58688,13
walking,58766,58688,58766,78
stepping,58815,58766,58815,49
rearing,58816,58815,58816,1
grooming,58941,58816,58941,125
rearing,59014,58941,59014,73
running,59041,59014,59041,27
walking,59068,59041,59068,27
stepping,59099,59068,59099,31
sniffing,59175,59099,59175,76
walking,59201,59175,59201,26
stepping,59204,59201,59204,3
sniffing,59245,59204,59245,41
rising,59250,59245,59250,5
climbing,59284,59250,59284,34
grooming,59352,59284,59352,68
left_turning,59429,59352,59429,77
right_turning,59430,59429,59430,1
sniffing,59493,59430,59493,63
left_turning,59503,59493,59503,10
sniffing,59706,59503,59706,203
climbing,59753,59706,59753,47
trotting,59793,59753,59793,40
sniffing,59794,59793,59794,1
rising,59795,59794,59795,1
climbing,59988,59795,59988,193
rearing,60120,59988,60120,132
grooming,60384,60120,60384,264
stepping,60447,60384,60447,63
sniffing,60472,60447,60472,25
trotting,60519,60472,60519,47
stepping,60540,60519,60540,21
rearing,60578,60540,60578,38
hunching,60598,60578,60598,20
grooming,60768,60598,60768,170
rearing,60801,60768,60801,33
grooming,60887,60801,60887,86
sniffing,61000,60887,61000,113
rearing,61106,61000,61106,106
climbing,61136,61106,61136,30
walking,61137,61136,61137,1
sniffing,61143,61137,61143,6
stepping,61144,61143,61144,1
grooming,61167,61144,61167,23
trotting,61168,61167,61168,1
walking,61241,61168,61241,73
stepping,61248,61241,61248,7
sniffing,61518,61248,61518,270
stepping,61519,61518,61519,1
running,61556,61519,61556,37
trotting,61560,61556,61560,4
sniffing,61636,61560,61636,76
stepping,61650,61636,61650,14
grooming,61750,61650,61750,100
stepping,61785,61750,61785,35
grooming,61991,61785,61991,206
walking,62044,61991,62044,53
sniffing,62061,62044,62061,17
walking,62090,62061,62090,29
trotting,62099,62090,62099,9
sniffing,62228,62099,62228,129
left_turning,62273,62228,62273,45
walking,62274,62273,62274,1
rising,62344,62274,62344,70
stepping,62351,62344,62351,7
walking,62392,62351,62392,41
sniffing,62435,62392,62435,43
walking,62508,62435,62508,73
stepping,62563,62508,62563,55
sniffing,62591,62563,62591,28
stepping,62598,62591,62598,7
sniffing,62670,62598,62670,72
walking,62775,62670,62775,105
stepping,62778,62775,62778,3
left_turning,62799,62778,62799,21
sniffing,63169,62799,63169,370
rising,63170,63169,63170,1
climbing,63281,63170,63281,111
rising,63315,63281,63315,34
climbing,63378,63315,63378,63
walking,63401,63378,63401,23
rising,63421,63401,63421,20
left_turning,63432,63421,63432,11
walking,63469,63432,63469,37
trotting,63473,63469,63473,4
right_turning,63512,63473,63512,39
trotting,63530,63512,63530,18
sniffing,63531,63530,63531,1
right_turning,63535,63531,63535,4
running,63566,63535,63566,31
walking,63568,63566,63568,2
rising,63608,63568,63608,40
stepping,63623,63608,63623,15
sniffing,63663,63623,63663,40
stepping,63706,63663,63706,43
sniffing,63746,63706,63746,40
stepping,63794,63746,63794,48
sniffing,63898,63794,63898,104
rearing,63899,63898,63899,1
grooming,63900,63899,63900,1
rearing,63964,63900,63964,64
hunching,64091,63964,64091,127
grooming,64272,64091,64272,181
sniffing,64302,64272,64302,30
walking,64320,64302,64320,18
climbing,64506,64320,64506,186
walking,64533,64506,64533,27
rising,64548,64533,64548,15
rearing,64638,64548,64638,90
grooming,64986,64638,64986,348
hunching,65144,64986,65144,158
grooming,65445,65144,65445,301
hunching,65536,65445,65536,91
grooming,65537,65536,65537,1
scratching,65538,65537,65538,1
sniffing,65581,65538,65581,43
grooming,65582,65581,65582,1
sniffing,65618,65582,65618,36
stepping,65652,65618,65652,34
trotting,65692,65652,65692,40
sniffing,65864,65692,65864,172
left_turning,65915,65864,65915,51
walking,65916,65915,65916,1
left_turning,65931,65916,65931,15
trotting,65953,65931,65953,22
walking,66031,65953,66031,78
rising,66113,66031,66113,82
sniffing,66117,66113,66117,4
right_turning,66123,66117,66123,6
sniffing,66169,66123,66169,46
rising,66170,66169,66170,1
rearing,66226,66170,66226,56
walking,66272,66226,66272,46
sniffing,66298,66272,66298,26
walking,66334,66298,66334,36
rearing,66341,66334,66341,7
walking,66342,66341,66342,1
rising,66366,66342,66366,24
hunching,66406,66366,66406,40
left_turning,66439,66406,66439,33
walking,66576,66439,66576,137
sniffing,66577,66576,66577,1
grooming,66597,66577,66597,20
hunching,66683,66597,66683,86
grooming,67598,66683,67598,915
sniffing,67664,67598,67664,66
walking,67714,67664,67714,50
rising,67851,67714,67851,137
grooming,67986,67851,67986,135
climbing,68013,67986,68013,27
running,68026,68013,68026,13
rising,68081,68026,68081,55
walking,68129,68081,68129,48
stepping,68188,68129,68188,59
grooming,68265,68188,68265,77
rising,68327,68265,68327,62
sniffing,68480,68327,68480,153
scratching,68481,68480,68481,1
sniffing,68485,68481,68485,4
rising,68526,68485,68526,41
climbing,68634,68526,68634,108
left_turning,68669,68634,68669,35
climbing,68718,68669,68718,49
grooming,68834,68718,68834,116
rising,68859,68834,68859,25
sniffing,68920,68859,68920,61
rising,68932,68920,68932,12
climbing,68962,68932,68962,30
rising,69012,68962,69012,50
rearing,69450,69012,69450,438
climbing,69495,69450,69495,45
walking,69528,69495,69528,33
trotting,69554,69528,69554,26
stepping,69602,69554,69602,48
rearing,69705,69602,69705,103
rising,69706,69705,69706,1
sniffing,69707,69706,69707,1
rising,69807,69707,69807,100
climbing,69849,69807,69849,42
rising,69900,69849,69900,51
rearing,69942,69900,69942,42
sniffing,70070,69942,70070,128
stepping,70096,70070,70096,26
climbing,70195,70096,70195,99
rising,70238,70195,70238,43
sniffing,70239,70238,70239,1
left_turning,70308,70239,70308,69
grooming,70611,70308,70611,303
sniffing,70703,70611,70703,92
stepping,70752,70703,70752,49
left_turning,70771,70752,70771,19
climbing,70856,70771,70856,85
grooming,70857,70856,70857,1
hunching,70933,70857,70933,76
sniffing,70934,70933,70934,1
grooming,71206,70934,71206,272
stepping,71275,71206,71275,69
sniffing,71336,71275,71336,61
left_turning,71337,71336,71337,1
grooming,71461,71337,71461,124
walking,71492,71461,71492,31
trotting,71527,71492,71527,35
climbing,71609,71527,71609,82
rising,71681,71609,71681,72
sniffing,71816,71681,71816,135
hunching,71859,71816,71859,43
grooming,71860,71859,71860,1
rearing,71908,71860,71908,48
grooming,71993,71908,71993,85
walking,72036,71993,72036,43
climbing,72144,72036,72144,108
sniffing,72145,72144,72145,1
right_turning,72175,72145,72175,30
walking,72252,72175,72252,77
sniffing,72307,72252,72307,55
rising,72386,72307,72386,79
rearing,72387,72386,72387,1
trotting,72398,72387,72398,11
walking,72451,72398,72451,53
right_turning,72452,72451,72452,1
stepping,72453,72452,72453,1
right_turning,72476,72453,72476,23
sniffing,72544,72476,72544,68
walking,72545,72544,72545,1
sniffing,72665,72545,72665,120
left_turning,72746,72665,72746,81
stepping,72810,72746,72810,64
sniffing,72926,72810,72926,116
left_turning,72952,72926,72952,26
sniffing,73145,72952,73145,193
grooming,73146,73145,73146,1
left_turning,73176,73146,73176,30
stepping,73190,73176,73190,14
grooming,73241,73190,73241,51
stepping,73294,73241,73294,53
sniffing,73480,73294,73480,186
rising,73520,73480,73520,40
rearing,73782,73520,73782,262
hunching,74032,73782,74032,250
grooming,74176,74032,74176,144
rearing,74210,74176,74210,34
sniffing,74350,74210,74350,140
rising,74354,74350,74354,4
sniffing,74368,74354,74368,14
grooming,74541,74368,74541,173
sniffing,74611,74541,74611,70
stepping,74635,74611,74635,24
sniffing,74704,74635,74704,69
rising,74705,74704,74705,1
climbing,74706,74705,74706,1
sniffing,74881,74706,74881,175
stepping,74896,74881,74896,15
sniffing,74897,74896,74897,1
left_turning,74912,74897,74912,15
climbing,74994,74912,74994,82
grooming,75095,74994,75095,101
walking,75103,75095,75103,8
sniffing,75128,75103,75128,25
walking,75182,75128,75182,54
stepping,75223,75182,75223,41
walking,75267,75223,75267,44
sniffing,75271,75267,75271,4
stepping,75288,75271,75288,17
climbing,75409,75288,75409,121
grooming,75767,75409,75767,358
sniffing,75882,75767,75882,115
rising,75908,75882,75908,26
climbing,75909,75908,75909,1
trotting,75956,75909,75956,47
sniffing,76001,75956,76001,45
right_turning,76005,76001,76005,4
stepping,76041,76005,76041,36
left_turning,76069,76041,76069,28
sniffing,76115,76069,76115,46
grooming,76184,76115,76184,69
walking,76202,76184,76202,18
sniffing,76301,76202,76301,99
stepping,76328,76301,76328,27
sniffing,76378,76328,76378,50
walking,76379,76378,76379,1
sniffing,76630,76379,76630,251
grooming,76652,76630,76652,22
trotting,76653,76652,76653,1
walking,76701,76653,76701,48
sniffing,76863,76701,76863,162
stepping,76916,76863,76916,53
running,76942,76916,76942,26
walking,76996,76942,76996,54
rearing,77352,76996,77352,356
hunching,77385,77352,77385,33
climbing,77386,77385,77386,1
trotting,77414,77386,77414,28
sniffing,77435,77414,77435,21
stepping,77463,77435,77463,28
sniffing,77582,77463,77582,119
grooming,77583,77582,77583,1
rearing,77637,77583,77637,54
left_turning,77707,77637,77707,70
grooming,77755,77707,77755,48
left_turning,77808,77755,77808,53
running,77812,77808,77812,4
trotting,77890,77812,77890,78
walking,77931,77890,77931,41
trotting,77947,77931,77947,16
stepping,77992,77947,77992,45
sniffing,77993,77992,77993,1
grooming,78105,77993,78105,112
hunching,78157,78105,78157,52
left_turning,78229,78157,78229,72
climbing,78230,78229,78230,1
running,78287,78230,78287,57
trotting,78288,78287,78288,1
rearing,78291,78288,78291,3
sniffing,78292,78291,78292,1
rearing,78583,78292,78583,291
grooming,78584,78583,78584,1
left_turning,78597,78584,78597,13
grooming,78919,78597,78919,322
right_turning,78926,78919,78926,7
trotting,78970,78926,78970,44
sniffing,79216,78970,79216,246
walking,79243,79216,79243,27
stepping,79272,79243,79272,29
sniffing,79501,79272,79501,229
grooming,79502,79501,79502,1
sniffing,79503,79502,79503,1
grooming,79660,79503,79660,157
sniffing,79673,79660,79673,13
walking,79703,79673,79703,30
sniffing,79752,79703,79752,49
rising,79810,79752,79810,58
left_turning,79862,79810,79862,52
stepping,79885,79862,79885,23
sniffing,80010,79885,80010,125
trotting,80058,80010,80058,48
stepping,80096,80058,80096,38
walking,80151,80096,80151,55
sniffing,80181,80151,80181,30
walking,80182,80181,80182,1
sniffing,80357,80182,80357,175
stepping,80402,80357,80402,45
sniffing,80598,80402,80598,196
left_turning,80667,80598,80667,69
sniffing,80748,80667,80748,81
climbing,80832,80748,80832,84
grooming,80833,80832,80833,1
walking,80904,80833,80904,71
sniffing,81232,80904,81232,328
walking,81310,81232,81310,78
sniffing,81382,81310,81382,72
hunching,81466,81382,81466,84
grooming,81474,81466,81474,8
rearing,81607,81474,81607,133
climbing,81720,81607,81720,113
sniffing,81721,81720,81721,1
walking,81845,81721,81845,124
sniffing,81848,81845,81848,3
trotting,81875,81848,81875,27
stepping,81921,81875,81921,46
grooming,81922,81921,81922,1
stepping,81934,81922,81934,12
grooming,82041,81934,82041,107
climbing,82126,82041,82126,85
rearing,82136,82126,82136,10
climbing,82166,82136,82166,30
running,82178,82166,82178,12
stepping,82217,82178,82217,39
left_turning,82255,82217,82255,38
trotting,82264,82255,82264,9
rearing,82277,82264,82277,13
grooming,82302,82277,82302,25
stepping,82331,82302,82331,29
right_turning,82332,82331,82332,1
stepping,82342,82332,82342,10
climbing,82343,82342,82343,1
grooming,82344,82343,82344,1
walking,82408,82344,82408,64
stepping,82428,82408,82428,20
left_turning,82439,82428,82439,11
hunching,82478,82439,82478,39
grooming,82479,82478,82479,1
rearing,82502,82479,82502,23
grooming,82503,82502,82503,1
walking,82686,82503,82686,183
stepping,82730,82686,82730,44
walking,82758,82730,82758,28
sniffing,82814,82758,82814,56
stepping,82843,82814,82843,29
climbing,83000,82843,83000,157
walking,83044,83000,83044,44
trotting,83062,83044,83062,18
rearing,83157,83062,83157,95
rising,83187,83157,83187,30
sniffing,83196,83187,83196,9
stepping,83238,83196,83238,42
rising,83304,83238,83304,66
climbing,83305,83304,83305,1
grooming,83306,83305,83306,1
walking,83417,83306,83417,111
stepping,83474,83417,83474,57
sniffing,83623,83474,83623,149
grooming,83853,83623,83853,230
stepping,83889,83853,83889,36
right_turning,83945,83889,83945,56
walking,84049,83945,84049,104
sniffing,84050,84049,84050,1
stepping,84121,84050,84121,71
sniffing,84150,84121,84150,29
stepping,84212,84150,84212,62
walking,84262,84212,84262,50
sniffing,84393,84262,84393,131
walking,84482,84393,84482,89
sniffing,84519,84482,84519,37
rising,84576,84519,84576,57
rearing,84655,84576,84655,79
sniffing,84690,84655,84690,35
walking,84790,84690,84790,100
trotting,84830,84790,84830,40
sniffing,84863,84830,84863,33
grooming,85011,84863,85011,148
sniffing,85019,85011,85019,8
stepping,85058,85019,85058,39
running,85066,85058,85066,8
stepping,85117,85066,85117,51
climbing,85192,85117,85192,75
running,85205,85192,85205,13
walking,85256,85205,85256,51
sniffing,85365,85256,85365,109
stepping,85399,85365,85399,34
trotting,85408,85399,85408,9
walking,85497,85408,85497,89
rising,85517,85497,85517,20
rearing,85621,85517,85621,104
grooming,85655,85621,85655,34
walking,85729,85655,85729,74
grooming,86062,85729,86062,333
rearing,86063,86062,86063,1
stepping,86125,86063,86125,62
sniffing,86150,86125,86150,25
stepping,86166,86150,86166,16
sniffing,86167,86166,86167,1
right_turning,86170,86167,86170,3
sniffing,86219,86170,86219,49
walking,86236,86219,86236,17
sniffing,86390,86236,86390,154
stepping,86394,86390,86394,4
walking,86473,86394,86473,79
rising,86618,86473,86618,145
grooming,86619,86618,86619,1
right_turning,86631,86619,86631,12
stepping,86679,86631,86679,48
sniffing,86706,86679,86706,27
rising,86866,86706,86866,160
grooming,87178,86866,87178,312
sniffing,87204,87178,87204,26
grooming,87730,87204,87730,526
sniffing,87831,87730,87831,101
stepping,87880,87831,87880,49
walking,87926,87880,87926,46
sniffing,88118,87926,88118,192
grooming,88195,88118,88195,77
sniffing,88345,88195,88345,150
walking,88419,88345,88419,74
sniffing,88420,88419,88420,1
left_turning,88425,88420,88425,5
trotting,88457,88425,88457,32
stepping,88510,88457,88510,53
left_turning,88568,88510,88568,58
trotting,88627,88568,88627,59
sniffing,88694,88627,88694,67
walking,88786,88694,88786,92
sniffing,88881,88786,88881,95
grooming,88927,88881,88927,46
sniffing,89056,88927,89056,129
walking,89087,89056,89087,31
sniffing,89088,89087,89088,1
walking,89177,89088,89177,89
sniffing,89178,89177,89178,1
trotting,89234,89178,89234,56
sniffing,89270,89234,89270,36
stepping,89314,89270,89314,44
sniffing,89339,89314,89339,25
grooming,89483,89339,89483,144
rearing,89532,89483,89532,49
climbing,89716,89532,89716,184
trotting,89780,89716,89780,64
right_turning,89808,89780,89808,28
stepping,89832,89808,89832,24
sniffing,89911,89832,89911,79
scratching,89912,89911,89912,1
sniffing,89913,89912,89913,1
walking,89914,89913,89914,1
sniffing,90014,89914,90014,100
left_turning,90040,90014,90040,26
rearing,90141,90040,90141,101
climbing,90195,90141,90195,54
walking,90204,90195,90204,9
sniffing,90280,90204,90280,76
walking,90331,90280,90331,51
stepping,90332,90331,90332,1
rising,90422,90332,90422,90
sniffing,90423,90422,90423,1
rearing,90522,90423,90522,99
walking,90531,90522,90531,9
stepping,90558,90531,90558,27
rearing,90562,90558,90562,4
rising,90602,90562,90602,40
left_turning,90656,90602,90656,54
sniffing,90810,90656,90810,154
grooming,90811,90810,90811,1
rising,90812,90811,90812,1
right_turning,90834,90812,90834,22
stepping,90835,90834,90835,1
walking,90888,90835,90888,53
rising,90904,90888,90904,16
grooming,91304,90904,91304,400
walking,91348,91304,91348,44
running,91411,91348,91411,63
sniffing,91443,91411,91443,32
grooming,91609,91443,91609,166
walking,91706,91609,91706,97
sniffing,91808,91706,91808,102
rising,91827,91808,91827,19
walking,91828,91827,91828,1
stepping,91937,91828,91937,109
sniffing,91990,91937,91990,53
rearing,91991,91990,91991,1
stepping,92027,91991,92027,36
grooming,92028,92027,92028,1
sniffing,92115,92028,92115,87
stepping,92146,92115,92146,31
sniffing,92185,92146,92185,39
stepping,92256,92185,92256,71
sniffing,92259,92256,92259,3
left_turning,92296,92259,92296,37
sniffing,92337,92296,92337,41
walking,92372,92337,92372,35
stepping,92418,92372,92418,46
rising,92419,92418,92419,1
walking,92438,92419,92438,19
stepping,92481,92438,92481,43
sniffing,92544,92481,92544,63
right_turning,92546,92544,92546,2
stepping,92586,92546,92586,40
sniffing,92587,92586,92587,1
right_turning,92606,92587,92606,19
walking,92666,92606,92666,60
trotting,92676,92666,92676,10
walking,92707,92676,92707,31
climbing,92781,92707,92781,74
grooming,92782,92781,92782,1
sniffing,92783,92782,92783,1
stepping,92828,92783,92828,45
sniffing,92879,92828,92879,51
stepping,92955,92879,92955,76
grooming,93045,92955,93045,90
rearing,93074,93045,93074,29
grooming,93125,93074,93125,51
scratching,93126,93125,93126,1
right_turning,93128,93126,93128,2
sniffing,93129,93128,93129,1
walking,93202,93129,93202,73
rearing,93446,93202,93446,244
grooming,93447,93446,93447,1
rising,93499,93447,93499,52
sniffing,93500,93499,93500,1
scratching,93501,93500,93501,1
left_turning,93536,93501,93536,35
sniffing,93558,93536,93558,22
stepping,93607,93558,93607,49
climbing,93608,93607,93608,1
rearing,93647,93608,93647,39
walking,93716,93647,93716,69
sniffing,93749,93716,93749,33
grooming,93789,93749,93789,40
rearing,93820,93789,93820,31
grooming,93821,93820,93821,1
hunching,93883,93821,93883,62
rising,93984,93883,93984,101
climbing,94029,93984,94029,45
left_turning,94052,94029,94052,23
walking,94083,94052,94083,31
stepping,94103,94083,94103,20
walking,94182,94103,94182,79
sniffing,94183,94182,94183,1
climbing,94256,94183,94256,73
stepping,94280,94256,94280,24
rearing,94293,94280,94293,13
climbing,94294,94293,94294,1
sniffing,94372,94294,94372,78
walking,94452,94372,94452,80
jumping,94457,94452,94457,5
walking,94466,94457,94466,9
stepping,94482,94466,94482,16
climbing,94513,94482,94513,31
left_turning,94555,94513,94555,42
walking,94604,94555,94604,49
sniffing,94725,94604,94725,121
left_turning,94752,94725,94752,27
grooming,94753,94752,94753,1
right_turning,94791,94753,94791,38
sniffing,94857,94791,94857,66
rearing,94947,94857,94947,90
grooming,95202,94947,95202,255
walking,95255,95202,95255,53
trotting,95286,95255,95286,31
stepping,95343,95286,95343,57
trotting,95344,95343,95344,1
stepping,95367,95344,95367,23
trotting,95431,95367,95431,64
running,95439,95431,95439,8
sniffing,95508,95439,95508,69
grooming,95674,95508,95674,166
stepping,95761,95674,95761,87
sniffing,95828,95761,95828,67
rising,95960,95828,95960,132
sniffing,96022,95960,96022,62
stepping,96101,96022,96101,79
sniffing,96110,96101,96110,9
grooming,96195,96110,96195,85
rearing,96250,96195,96250,55
stepping,96278,96250,96278,28
rearing,96279,96278,96279,1
grooming,96335,96279,96335,56
running,96361,96335,96361,26
stepping,96388,96361,96388,27
walking,96491,96388,96491,103
sniffing,96492,96491,96492,1
grooming,96770,96492,96770,278
rearing,96811,96770,96811,41
stepping,96817,96811,96817,6
sniffing,96914,96817,96914,97
trotting,96938,96914,96938,24
sniffing,96939,96938,96939,1
grooming,96940,96939,96940,1
left_turning,96972,96940,96972,32
walking,96973,96972,96973,1
sniffing,97230,96973,97230,257
rearing,97231,97230,97231,1
stepping,97290,97231,97290,59
walking,97317,97290,97317,27
sniffing,97375,97317,97375,58
rising,97409,97375,97409,34
left_turning,97450,97409,97450,41
walking,97503,97450,97503,53
right_turning,97561,97503,97561,58
sniffing,97562,97561,97562,1
walking,97571,97562,97571,9
rising,97759,97571,97759,188
climbing,97827,97759,97827,68
grooming,97933,97827,97933,106
sniffing,98134,97933,98134,201
rising,98135,98134,98135,1
grooming,98334,98135,98334,199
rising,98335,98334,98335,1
sniffing,98468,98335,98468,133
trotting,98526,98468,98526,58
walking,98666,98526,98666,140
sniffing,99362,98666,99362,696
walking,99363,99362,99363,1
stepping,99396,99363,99396,33
sniffing,99439,99396,99439,43
rearing,99545,99439,99545,106
grooming,99762,99545,99762,217
left_turning,99826,99762,99826,64
grooming,100011,99826,100011,185
hunching,100033,100011,100033,22
rearing,100079,100033,100079,46
hunching,100134,100079,100134,55
rearing,100209,100134,100209,75
stepping,100234,100209,100234,25
walking,100259,100234,100259,25
sniffing,100310,100259,100310,51
rising,100361,100310,100361,51
sniffing,100362,100361,100362,1
walking,100398,100362,100398,36
sniffing,100426,100398,100426,28
left_turning,100444,100426,100444,18
grooming,100479,100444,100479,35
hunching,100499,100479,100499,20
left_turning,100512,100499,100512,13
sniffing,100551,100512,100551,39
walking,100576,100551,100576,25
sniffing,100577,100576,100577,1
stepping,100582,100577,100582,5
sniffing,100801,100582,100801,219
grooming,100802,100801,100802,1
climbing,100881,100802,100881,79
sniffing,100882,100881,100882,1
walking,100883,100882,100883,1
sniffing,100884,100883,100884,1
walking,100908,100884,100908,24
rising,101008,100908,101008,100
stepping,101009,101008,101009,1
sniffing,101167,101009,101167,158
grooming,101426,101167,101426,259
sniffing,101509,101426,101509,83
left_turning,101579,101509,101579,70
sniffing,101704,101579,101704,125
stepping,101724,101704,101724,20
rising,101729,101724,101729,5
rearing,101775,101729,101775,46
hunching,101776,101775,101776,1
rearing,101777,101776,101777,1
grooming,101778,101777,101778,1
sniffing,101836,101778,101836,58
scratching,101837,101836,101837,1
sniffing,101880,101837,101880,43
walking,101890,101880,101890,10
stepping,101921,101890,101921,31
grooming,101987,101921,101987,66
rearing,102034,101987,102034,47
grooming,102156,102034,102156,122
hunching,102236,102156,102236,80
grooming,102335,102236,102335,99
left_turning,102387,102335,102387,52
hunching,102478,102387,102478,91
left_turning,102479,102478,102479,1
grooming,102516,102479,102516,37
climbing,102604,102516,102604,88
grooming,102605,102604,102605,1
hunching,102636,102605,102636,31
left_turning,102637,102636,102637,1
grooming,102853,102637,102853,216
scratching,102854,102853,102854,1
sniffing,102916,102854,102916,62
stepping,102987,102916,102987,71
rearing,103044,102987,103044,57
grooming,103203,103044,103203,159
rearing,103227,103203,103227,24
grooming,103595,103227,103595,368
sniffing,103596,103595,103596,1
grooming,103597,103596,103597,1
left_turning,103636,103597,103636,39
sniffing,103664,103636,103664,28
rearing,103665,103664,103665,1
grooming,103786,103665,103786,121
climbing,103800,103786,103800,14
grooming,103841,103800,103841,41
rearing,103842,103841,103842,1
grooming,104269,103842,104269,427
left_turning,104301,104269,104301,32
walking,104302,104301,104302,1
stepping,104367,104302,104367,65
sniffing,104409,104367,104409,42
rising,104523,104409,104523,114
sniffing,104601,104523,104601,78
trotting,104623,104601,104623,22
walking,104675,104623,104675,52
trotting,104720,104675,104720,45
stepping,104738,104720,104738,18
sniffing,104739,104738,104739,1
stepping,104769,104739,104769,30
rising,104770,104769,104770,1
sniffing,104877,104770,104877,107
rising,104905,104877,104905,28
stepping,104998,104905,104998,93
sniffing,105072,104998,105072,74
stepping,105087,105072,105087,15
walking,105128,105087,105128,41
climbing,105266,105128,105266,138
stepping,105345,105266,105345,79
sniffing,105478,105345,105478,133
grooming,105610,105478,105610,132
rearing,105654,105610,105654,44
grooming,105939,105654,105939,285
sniffing,105969,105939,105969,30
left_turning,105976,105969,105976,7
running,106032,105976,106032,56
walking,106051,106032,106051,19
sniffing,106322,106051,106322,271
hunching,106441,106322,106441,119
rearing,106508,106441,106508,67
trotting,106514,106508,106514,6
walking,106586,106514,106586,72
sniffing,106686,106586,106686,100
rising,106708,106686,106708,22
climbing,106716,106708,106716,8
trotting,106740,106716,106740,24
stepping,106767,106740,106767,27
walking,106785,106767,106785,18
stepping,106844,106785,106844,59
sniffing,106921,106844,106921,77
climbing,106970,106921,106970,49
running,106971,106970,106971,1
sniffing,107136,106971,107136,165
walking,107235,107136,107235,99
left_turning,107310,107235,107310,75
sniffing,107457,107310,107457,147
rising,107550,107457,107550,93
climbing,107588,107550,107588,38
rearing,107594,107588,107594,6
right_turning,107624,107594,107624,30
walking,107632,107624,107632,8
rising,107692,107632,107692,60
sniffing,107706,107692,107706,14
rising,107769,107706,107769,63
grooming,107770,107769,107770,1
rearing,107937,107770,107937,167
hunching,108000,107937,108000,63
