revised_movement_label,segBoundary,segBoundary_start,segBoundary_end,length
left_turning,51,0,51,51
running,76,51,76,25
walking,77,76,77,1
stepping,108,77,108,31
sniffing,224,108,224,116
walking,225,224,225,1
sniffing,226,225,226,1
left_turning,258,226,258,32
sniffing,274,258,274,16
walking,290,274,290,16
sniffing,324,290,324,34
grooming,498,324,498,174
sniffing,499,498,499,1
stepping,500,499,500,1
left_turning,543,500,543,43
sniffing,608,543,608,65
stepping,661,608,661,53
sniffing,691,661,691,30
rising,728,691,728,37
sniffing,729,728,729,1
rising,771,729,771,42
walking,780,771,780,9
trotting,799,780,799,19
stepping,837,799,837,38
sniffing,838,837,838,1
rising,900,838,900,62
walking,927,900,927,27
trotting,946,927,946,19
sniffing,947,946,947,1
walking,956,947,956,9
sniffing,991,956,991,35
right_turning,1009,991,1009,18
stepping,1038,1009,1038,29
walking,1109,1038,1109,71
stepping,1143,1109,1143,34
sniffing,1144,1143,1144,1
stepping,1214,1144,1214,70
grooming,1261,1214,1261,47
trotting,1330,1261,1330,69
running,1337,1330,1337,7
walking,1368,1337,1368,31
sniffing,1440,1368,1440,72
walking,1501,1440,1501,61
stepping,1528,1501,1528,27
right_turning,1567,1528,1567,39
running,1576,1567,1576,9
stepping,1626,1576,1626,50
sniffing,1720,1626,1720,94
rising,1729,1720,1729,9
right_turning,1745,1729,1745,16
walking,1762,1745,1762,17
rising,1871,1762,1871,109
walking,1875,1871,1875,4
rising,1878,1875,1878,3
climbing,1927,1878,1927,49
sniffing,1967,1927,1967,40
rising,2024,1967,2024,57
grooming,2047,2024,2047,23
walking,2076,2047,2076,29
stepping,2110,2076,2110,34
left_turning,2196,2110,2196,86
walking,2293,2196,2293,97
rising,2346,2293,2346,53
rearing,2413,2346,2413,67
rising,2424,2413,2424,11
hunching,2474,2424,2474,50
sniffing,2475,2474,2475,1
trotting,2476,2475,2476,1
rising,2477,2476,2477,1
stepping,2524,2477,2524,47
walking,2538,2524,2538,14
sniffing,2539,2538,2539,1
grooming,2548,2539,2548,9
stepping,2604,2548,2604,56
rising,2663,2604,2663,59
rearing,2745,2663,2745,82
grooming,2825,2745,2825,80
walking,2837,2825,2837,12
stepping,2852,2837,2852,15
rising,2914,2852,2914,62
sniffing,2973,2914,2973,59
rising,3013,2973,3013,40
grooming,3111,3013,3111,98
rising,3121,3111,3121,10
left_turning,3224,3121,3224,103
grooming,3453,3224,3453,229
rising,3482,3453,3482,29
rearing,3483,3482,3483,1
hunching,3525,3483,3525,42
rearing,3567,3525,3567,42
grooming,3675,3567,3675,108
left_turning,3695,3675,3695,20
stepping,3733,3695,3733,38
grooming,3816,3733,3816,83
sniffing,3958,3816,3958,142
walking,4059,3958,4059,101
rising,4079,4059,4079,20
rearing,4080,4079,4080,1
rising,4085,4080,4085,5
sniffing,4105,4085,4105,20
walking,4176,4105,4176,71
trotting,4215,4176,4215,39
walking,4240,4215,4240,25
running,4241,4240,4241,1
stepping,4264,4241,4264,23
sniffing,4334,4264,4334,70
running,4364,4334,4364,30
stepping,4400,4364,4400,36
rising,4462,4400,4462,62
sniffing,4564,4462,4564,102
rising,4599,4564,4599,35
rearing,4634,4599,4634,35
walking,4713,4634,4713,79
rising,4723,4713,4723,10
hunching,4773,4723,4773,50
grooming,4774,4773,4774,1
rearing,4818,4774,4818,44
left_turning,4819,4818,4819,1
walking,4867,4819,4867,48
left_turning,4892,4867,4892,25
sniffing,4893,4892,4893,1
rearing,4961,4893,4961,68
hunching,4987,4961,4987,26
grooming,5163,4987,5163,176
walking,5185,5163,5185,22
sniffing,5198,5185,5198,13
rearing,5206,5198,5206,8
hunching,5275,5206,5275,69
grooming,5278,5275,5278,3
hunching,5339,5278,5339,61
climbing,5422,5339,5422,83
sniffing,5460,5422,5460,38
walking,5461,5460,5461,1
stepping,5538,5461,5538,77
walking,5581,5538,5581,43
sniffing,5610,5581,5610,29
right_turning,5637,5610,5637,27
sniffing,5705,5637,5705,68
rising,5706,5705,5706,1
trotting,5725,5706,5725,19
rising,5788,5725,5788,63
walking,5824,5788,5824,36
sniffing,5825,5824,5825,1
rising,5836,5825,5836,11
climbing,5856,5836,5856,20
grooming,5994,5856,5994,138
sniffing,6190,5994,6190,196
stepping,6216,6190,6216,26
rising,6290,6216,6290,74
sniffing,6291,6290,6291,1
stepping,6292,6291,6292,1
trotting,6332,6292,6332,40
walking,6391,6332,6391,59
stepping,6429,6391,6429,38
rising,6449,6429,6449,20
rearing,6528,6449,6528,79
rising,6583,6528,6583,55
sniffing,6612,6583,6612,29
trotting,6647,6612,6647,35
sniffing,6838,6647,6838,191
walking,6884,6838,6884,46
sniffing,7002,6884,7002,118
rising,7003,7002,7003,1
rearing,7045,7003,7045,42
rising,7046,7045,7046,1
walking,7050,7046,7050,4
trotting,7058,7050,7058,8
walking,7118,7058,7118,60
sniffing,7150,7118,7150,32
rising,7178,7150,7178,28
grooming,7179,7178,7179,1
climbing,7207,7179,7207,28
left_turning,7271,7207,7271,64
running,7308,7271,7308,37
trotting,7360,7308,7360,52
rising,7402,7360,7402,42
sniffing,7535,7402,7535,133
rearing,7697,7535,7697,162
rising,7704,7697,7704,7
left_turning,7708,7704,7708,4
running,7740,7708,7740,32
trotting,7802,7740,7802,62
rising,7833,7802,7833,31
stepping,7893,7833,7893,60
trotting,7940,7893,7940,47
running,7968,7940,7968,28
trotting,8010,7968,8010,42
walking,8050,8010,8050,40
sniffing,8117,8050,8117,67
walking,8141,8117,8141,24
sniffing,8169,8141,8169,28
rising,8186,8169,8186,17
grooming,8336,8186,8336,150
walking,8388,8336,8388,52
sniffing,8414,8388,8414,26
grooming,8581,8414,8581,167
sniffing,8598,8581,8598,17
stepping,8697,8598,8697,99
rising,8729,8697,8729,32
walking,8831,8729,8831,102
sniffing,8832,8831,8832,1
rising,8883,8832,8883,51
sniffing,8891,8883,8891,8
rising,8930,8891,8930,39
sniffing,8931,8930,8931,1
left_turning,8990,8931,8990,59
trotting,9056,8990,9056,66
sniffing,9116,9056,9116,60
stepping,9145,9116,9145,29
sniffing,9260,9145,9260,115
rising,9309,9260,9309,49
walking,9354,9309,9354,45
rearing,9444,9354,9444,90
grooming,9535,9444,9535,91
climbing,9612,9535,9612,77
sniffing,9707,9612,9707,95
stepping,9736,9707,9736,29
walking,9797,9736,9797,61
sniffing,9869,9797,9869,72
trotting,9889,9869,9889,20
walking,9922,9889,9922,33
stepping,9980,9922,9980,58
walking,9981,9980,9981,1
stepping,10032,9981,10032,51
sniffing,10060,10032,10060,28
grooming,10061,10060,10061,1
climbing,10113,10061,10113,52
grooming,10149,10113,10149,36
sniffing,10161,10149,10161,12
stepping,10208,10161,10208,47
sniffing,10313,10208,10313,105
grooming,10368,10313,10368,55
right_turning,10410,10368,10410,42
rearing,10449,10410,10449,39
hunching,10496,10449,10496,47
sniffing,10550,10496,10550,54
stepping,10563,10550,10563,13
right_turning,10583,10563,10583,20
running,10602,10583,10602,19
sniffing,10603,10602,10603,1
rising,10616,10603,10616,13
climbing,10675,10616,10675,59
rearing,10676,10675,10676,1
sniffing,10684,10676,10684,8
walking,10725,10684,10725,41
sniffing,10840,10725,10840,115
hunching,10841,10840,10841,1
grooming,10842,10841,10842,1
rearing,10899,10842,10899,57
grooming,11091,10899,11091,192
running,11118,11091,11118,27
walking,11148,11118,11148,30
trotting,11179,11148,11179,31
sniffing,11266,11179,11266,87
rising,11286,11266,11286,20
grooming,11440,11286,11440,154
sniffing,11593,11440,11593,153
rising,11638,11593,11638,45
walking,11673,11638,11673,35
grooming,11769,11673,11769,96
running,11783,11769,11783,14
walking,11840,11783,11840,57
stepping,11863,11840,11863,23
grooming,11979,11863,11979,116
running,12015,11979,12015,36
sniffing,12016,12015,12016,1
grooming,12040,12016,12040,24
stepping,12061,12040,12061,21
sniffing,12062,12061,12062,1
stepping,12064,12062,12064,2
rising,12079,12064,12079,15
hunching,12114,12079,12114,35
grooming,12136,12114,12136,22
rearing,12137,12136,12137,1
rising,12138,12137,12138,1
climbing,12177,12138,12177,39
rearing,12279,12177,12279,102
grooming,12328,12279,12328,49
sniffing,12448,12328,12448,120
left_turning,12492,12448,12492,44
grooming,12633,12492,12633,141
rearing,12695,12633,12695,62
grooming,12696,12695,12696,1
running,12725,12696,12725,29
stepping,12775,12725,12775,50
sniffing,12796,12775,12796,21
stepping,12819,12796,12819,23
grooming,12832,12819,12832,13
hunching,12871,12832,12871,39
rearing,12872,12871,12872,1
climbing,12941,12872,12941,69
grooming,13098,12941,13098,157
sniffing,13112,13098,13112,14
grooming,13141,13112,13141,29
running,13158,13141,13158,17
walking,13196,13158,13196,38
stepping,13205,13196,13205,9
rising,13237,13205,13237,32
walking,13283,13237,13283,46
stepping,13311,13283,13311,28
walking,13330,13311,13330,19
stepping,13383,13330,13383,53
walking,13384,13383,13384,1
stepping,13395,13384,13395,11
right_turning,13474,13395,13474,79
sniffing,13498,13474,13498,24
grooming,13499,13498,13499,1
left_turning,13507,13499,13507,8
trotting,13536,13507,13536,29
stepping,13586,13536,13586,50
sniffing,13587,13586,13587,1
walking,13590,13587,13590,3
stepping,13758,13590,13758,168
grooming,13878,13758,13878,120
climbing,13908,13878,13908,30
grooming,14102,13908,14102,194
climbing,14138,14102,14138,36
sniffing,14227,14138,14227,89
hunching,14250,14227,14250,23
grooming,14298,14250,14298,48
sniffing,14299,14298,14299,1
stepping,14301,14299,14301,2
walking,14355,14301,14355,54
sniffing,14358,14355,14358,3
rising,14413,14358,14413,55
rearing,14465,14413,14465,52
grooming,14501,14465,14501,36
walking,14548,14501,14548,47
sniffing,14549,14548,14549,1
rising,14578,14549,14578,29
rearing,14579,14578,14579,1
sniffing,14580,14579,14580,1
stepping,14581,14580,14581,1
right_turning,14614,14581,14614,33
trotting,14650,14614,14650,36
sniffing,14718,14650,14718,68
rising,14720,14718,14720,2
running,14750,14720,14750,30
sniffing,14848,14750,14848,98
stepping,14909,14848,14909,61
sniffing,14980,14909,14980,71
grooming,15071,14980,15071,91
left_turning,15101,15071,15101,30
walking,15153,15101,15153,52
grooming,15248,15153,15248,95
rising,15265,15248,15265,17
running,15279,15265,15279,14
walking,15298,15279,15298,19
rising,15386,15298,15386,88
grooming,15500,15386,15500,114
stepping,15564,15500,15564,64
running,15595,15564,15595,31
stepping,15619,15595,15619,24
rising,15674,15619,15674,55
rearing,15675,15674,15675,1
stepping,15742,15675,15742,67
trotting,15804,15742,15804,62
sniffing,15850,15804,15850,46
rising,15931,15850,15931,81
climbing,15960,15931,15960,29
sniffing,15985,15960,15985,25
rising,15986,15985,15986,1
running,15999,15986,15999,13
stepping,16021,15999,16021,22
sniffing,16093,16021,16093,72
grooming,16094,16093,16094,1
rearing,16137,16094,16137,43
grooming,16217,16137,16217,80
hunching,16218,16217,16218,1
grooming,16239,16218,16239,21
trotting,16286,16239,16286,47
walking,16287,16286,16287,1
sniffing,16412,16287,16412,125
walking,16459,16412,16459,47
sniffing,16460,16459,16460,1
stepping,16501,16460,16501,41
right_turning,16508,16501,16508,7
walking,16540,16508,16540,32
trotting,16588,16540,16588,48
running,16606,16588,16606,18
sniffing,16648,16606,16648,42
rising,16649,16648,16649,1
hunching,16720,16649,16720,71
rearing,16765,16720,16765,45
hunching,16803,16765,16803,38
grooming,16894,16803,16894,91
rising,16957,16894,16957,63
grooming,16958,16957,16958,1
walking,17024,16958,17024,66
sniffing,17025,17024,17025,1
rising,17039,17025,17039,14
walking,17061,17039,17061,22
running,17107,17061,17107,46
rearing,17140,17107,17140,33
climbing,17201,17140,17201,61
right_turning,17202,17201,17202,1
stepping,17246,17202,17246,44
sniffing,17247,17246,17247,1
right_turning,17283,17247,17283,36
walking,17362,17283,17362,79
sniffing,17482,17362,17482,120
grooming,17516,17482,17516,34
rearing,17556,17516,17556,40
hunching,17606,17556,17606,50
rearing,17672,17606,17672,66
grooming,17883,17672,17883,211
sniffing,17968,17883,17968,85
climbing,17976,17968,17976,8
grooming,18172,17976,18172,196
rearing,18207,18172,18207,35
grooming,18368,18207,18368,161
rearing,18369,18368,18369,1
sniffing,18384,18369,18384,15
walking,18385,18384,18385,1
sniffing,18525,18385,18525,140
walking,18548,18525,18548,23
stepping,18584,18548,18584,36
sniffing,18585,18584,18585,1
rising,18666,18585,18666,81
left_turning,18671,18666,18671,5
walking,18774,18671,18774,103
rising,18820,18774,18820,46
stepping,18881,18820,18881,61
walking,18972,18881,18972,91
stepping,19063,18972,19063,91
sniffing,19124,19063,19124,61
climbing,19200,19124,19200,76
sniffing,19287,19200,19287,87
walking,19296,19287,19296,9
trotting,19340,19296,19340,44
running,19359,19340,19359,19
stepping,19360,19359,19360,1
rearing,19462,19360,19462,102
left_turning,19504,19462,19504,42
walking,19524,19504,19524,20
stepping,19595,19524,19595,71
climbing,19637,19595,19637,42
sniffing,19638,19637,19638,1
climbing,19709,19638,19709,71
grooming,19868,19709,19868,159
right_turning,19889,19868,19889,21
walking,19935,19889,19935,46
right_turning,19949,19935,19949,14
sniffing,20036,19949,20036,87
grooming,20248,20036,20248,212
scratching,20249,20248,20249,1
sniffing,20250,20249,20250,1
stepping,20285,20250,20285,35
sniffing,20361,20285,20361,76
right_turning,20381,20361,20381,20
trotting,20436,20381,20436,55
rising,20437,20436,20437,1
sniffing,20438,20437,20438,1
climbing,20471,20438,20471,33
rising,20520,20471,20520,49
grooming,20593,20520,20593,73
running,20604,20593,20604,11
walking,20631,20604,20631,27
sniffing,20632,20631,20632,1
walking,20670,20632,20670,38
sniffing,20791,20670,20791,121
grooming,20876,20791,20876,85
left_turning,20909,20876,20909,33
walking,21027,20909,21027,118
sniffing,21126,21027,21126,99
rising,21177,21126,21177,51
walking,21224,21177,21224,47
rising,21295,21224,21295,71
rearing,21325,21295,21325,30
stepping,21372,21325,21372,47
sniffing,21537,21372,21537,165
stepping,21608,21537,21608,71
sniffing,21658,21608,21658,50
walking,21671,21658,21671,13
rising,21758,21671,21758,87
walking,21762,21758,21762,4
stepping,21768,21762,21768,6
rising,21804,21768,21804,36
grooming,21847,21804,21847,43
stepping,21859,21847,21859,12
walking,21864,21859,21864,5
sniffing,22083,21864,22083,219
stepping,22084,22083,22084,1
left_turning,22125,22084,22125,41
grooming,22162,22125,22162,37
rearing,22164,22162,22164,2
grooming,22279,22164,22279,115
climbing,22402,22279,22402,123
trotting,22417,22402,22417,15
right_turning,22435,22417,22435,18
sniffing,22436,22435,22436,1
grooming,22437,22436,22437,1
sniffing,22506,22437,22506,69
left_turning,22521,22506,22521,15
trotting,22588,22521,22588,67
sniffing,22758,22588,22758,170
rising,22767,22758,22767,9
rearing,22841,22767,22841,74
walking,22883,22841,22883,42
sniffing,22927,22883,22927,44
rising,22961,22927,22961,34
grooming,23003,22961,23003,42
hunching,23072,23003,23072,69
grooming,23073,23072,23073,1
sniffing,23096,23073,23096,23
grooming,23179,23096,23179,83
sniffing,23234,23179,23234,55
trotting,23279,23234,23279,45
walking,23280,23279,23280,1
rising,23308,23280,23308,28
climbing,23309,23308,23309,1
left_turning,23316,23309,23316,7
walking,23321,23316,23321,5
sniffing,23399,23321,23399,78
rising,23438,23399,23438,39
sniffing,23487,23438,23487,49
right_turning,23511,23487,23511,24
walking,23559,23511,23559,48
sniffing,23560,23559,23560,1
rising,23597,23560,23597,37
walking,23634,23597,23634,37
sniffing,23747,23634,23747,113
walking,23814,23747,23814,67
stepping,23833,23814,23833,19
walking,23850,23833,23850,17
sniffing,24012,23850,24012,162
stepping,24063,24012,24063,51
sniffing,24064,24063,24064,1
stepping,24182,24064,24182,118
rising,24183,24182,24183,1
sniffing,24238,24183,24238,55
walking,24304,24238,24304,66
trotting,24322,24304,24322,18
sniffing,24478,24322,24478,156
rising,24529,24478,24529,51
sniffing,24652,24529,24652,123
rising,24698,24652,24698,46
sniffing,24772,24698,24772,74
grooming,24828,24772,24828,56
rising,24907,24828,24907,79
climbing,24944,24907,24944,37
grooming,25035,24944,25035,91
hunching,25071,25035,25071,36
sniffing,25160,25071,25160,89
walking,25189,25160,25189,29
sniffing,25275,25189,25275,86
stepping,25354,25275,25354,79
sniffing,25478,25354,25478,124
stepping,25516,25478,25516,38
running,25524,25516,25524,8
walking,25546,25524,25546,22
stepping,25549,25546,25549,3
sniffing,25551,25549,25551,2
rising,25570,25551,25570,19
stepping,25611,25570,25611,41
walking,25626,25611,25626,15
stepping,25699,25626,25699,73
grooming,25700,25699,25700,1
walking,25767,25700,25767,67
sniffing,25812,25767,25812,45
running,25844,25812,25844,32
grooming,25852,25844,25852,8
walking,25881,25852,25881,29
sniffing,25966,25881,25966,85
right_turning,25998,25966,25998,32
running,26034,25998,26034,36
rearing,26086,26034,26086,52
grooming,26237,26086,26237,151
sniffing,26287,26237,26287,50
stepping,26298,26287,26298,11
right_turning,26300,26298,26300,2
climbing,26383,26300,26383,83
grooming,26384,26383,26384,1
sniffing,26552,26384,26552,168
climbing,26555,26552,26555,3
stepping,26656,26555,26656,101
rising,26681,26656,26681,25
sniffing,26797,26681,26797,116
rising,26850,26797,26850,53
sniffing,26853,26850,26853,3
grooming,27007,26853,27007,154
sniffing,27066,27007,27066,59
climbing,27067,27066,27067,1
stepping,27096,27067,27096,29
walking,27097,27096,27097,1
stepping,27130,27097,27130,33
sniffing,27244,27130,27244,114
rising,27315,27244,27315,71
walking,27377,27315,27377,62
rearing,27413,27377,27413,36
sniffing,27417,27413,27417,4
running,27454,27417,27454,37
right_turning,27528,27454,27528,74
trotting,27568,27528,27568,40
walking,27655,27568,27655,87
rising,27678,27655,27678,23
climbing,27748,27678,27748,70
grooming,27961,27748,27961,213
walking,27962,27961,27962,1
stepping,27983,27962,27983,21
sniffing,28070,27983,28070,87
grooming,28386,28070,28386,316
left_turning,28391,28386,28391,5
trotting,28425,28391,28425,34
rising,28467,28425,28467,42
stepping,28516,28467,28516,49
rising,28517,28516,28517,1
left_turning,28569,28517,28569,52
sniffing,28618,28569,28618,49
walking,28677,28618,28677,59
sniffing,28735,28677,28735,58
grooming,28736,28735,28736,1
sniffing,28737,28736,28737,1
rising,28768,28737,28768,31
sniffing,28796,28768,28796,28
grooming,28812,28796,28812,16
right_turning,28854,28812,28854,42
stepping,28860,28854,28860,6
grooming,28952,28860,28952,92
rearing,28979,28952,28979,27
rising,28981,28979,28981,2
hunching,29051,28981,29051,70
grooming,29115,29051,29115,64
left_turning,29153,29115,29153,38
stepping,29227,29153,29227,74
running,29246,29227,29246,19
walking,29274,29246,29274,28
sniffing,29331,29274,29331,57
left_turning,29386,29331,29386,55
walking,29411,29386,29411,25
sniffing,29412,29411,29412,1
trotting,29430,29412,29430,18
stepping,29467,29430,29467,37
left_turning,29477,29467,29477,10
running,29501,29477,29501,24
walking,29530,29501,29530,29
sniffing,29783,29530,29783,253
left_turning,29872,29783,29872,89
stepping,29930,29872,29930,58
left_turning,29950,29930,29950,20
walking,30014,29950,30014,64
sniffing,30085,30014,30085,71
grooming,30132,30085,30132,47
rising,30133,30132,30133,1
climbing,30217,30133,30217,84
grooming,30218,30217,30218,1
running,30231,30218,30231,13
walking,30306,30231,30306,75
sniffing,30307,30306,30307,1
stepping,30335,30307,30335,28
walking,30336,30335,30336,1
stepping,30385,30336,30385,49
sniffing,30456,30385,30456,71
grooming,30457,30456,30457,1
walking,30489,30457,30489,32
sniffing,30535,30489,30535,46
walking,30558,30535,30558,23
sniffing,30599,30558,30599,41
stepping,30607,30599,30607,8
walking,30671,30607,30671,64
stepping,30736,30671,30736,65
sniffing,30794,30736,30794,58
rising,30806,30794,30806,12
climbing,30851,30806,30851,45
left_turning,30956,30851,30956,105
running,30965,30956,30965,9
sniffing,30966,30965,30966,1
grooming,30967,30966,30967,1
walking,30970,30967,30970,3
stepping,30996,30970,30996,26
rearing,31009,30996,31009,13
walking,31010,31009,31010,1
sniffing,31037,31010,31037,27
stepping,31098,31037,31098,61
climbing,31139,31098,31139,41
stepping,31144,31139,31144,5
sniffing,31217,31144,31217,73
left_turning,31273,31217,31273,56
climbing,31347,31273,31347,74
grooming,31534,31347,31534,187
trotting,31577,31534,31577,43
sniffing,31688,31577,31688,111
stepping,31723,31688,31723,35
climbing,31823,31723,31823,100
sniffing,31824,31823,31824,1
stepping,31873,31824,31873,49
sniffing,31874,31873,31874,1
rising,31893,31874,31893,19
walking,31933,31893,31933,40
sniffing,31946,31933,31946,13
stepping,31983,31946,31983,37
grooming,32121,31983,32121,138
rearing,32176,32121,32176,55
hunching,32196,32176,32196,20
grooming,32321,32196,32321,125
sniffing,32546,32321,32546,225
left_turning,32595,32546,32595,49
trotting,32633,32595,32633,38
sniffing,32634,32633,32634,1
stepping,32660,32634,32660,26
walking,32700,32660,32700,40
trotting,32733,32700,32733,33
walking,32774,32733,32774,41
stepping,32811,32774,32811,37
sniffing,32884,32811,32884,73
grooming,32968,32884,32968,84
rearing,32969,32968,32969,1
grooming,33107,32969,33107,138
left_turning,33124,33107,33124,17
walking,33125,33124,33125,1
stepping,33213,33125,33213,88
rearing,33216,33213,33216,3
rising,33242,33216,33242,26
stepping,33307,33242,33307,65
walking,33322,33307,33322,15
stepping,33354,33322,33354,32
right_turning,33421,33354,33421,67
running,33440,33421,33440,19
trotting,33470,33440,33470,30
stepping,33511,33470,33511,41
trotting,33570,33511,33570,59
sniffing,33640,33570,33640,70
climbing,33710,33640,33710,70
stepping,33746,33710,33746,36
walking,33815,33746,33815,69
running,33875,33815,33875,60
trotting,33887,33875,33887,12
walking,33975,33887,33975,88
rising,33983,33975,33983,8
climbing,33984,33983,33984,1
left_turning,34021,33984,34021,37
right_turning,34027,34021,34027,6
trotting,34060,34027,34060,33
walking,34121,34060,34121,61
sniffing,34129,34121,34129,8
walking,34133,34129,34133,4
sniffing,34213,34133,34213,80
climbing,34272,34213,34272,59
left_turning,34321,34272,34321,49
rearing,34377,34321,34377,56
grooming,34378,34377,34378,1
rising,34436,34378,34436,58
climbing,34575,34436,34575,139
grooming,34576,34575,34576,1
running,34585,34576,34585,9
walking,34686,34585,34686,101
sniffing,34785,34686,34785,99
stepping,34827,34785,34827,42
walking,34898,34827,34898,71
rearing,34951,34898,34951,53
rising,35058,34951,35058,107
grooming,35178,35058,35178,120
rearing,35194,35178,35194,16
grooming,35259,35194,35259,65
rearing,35273,35259,35273,14
grooming,35584,35273,35584,311
right_turning,35585,35584,35585,1
stepping,35605,35585,35605,20
sniffing,35754,35605,35754,149
right_turning,35805,35754,35805,51
walking,35868,35805,35868,63
stepping,35909,35868,35909,41
sniffing,36031,35909,36031,122
climbing,36130,36031,36130,99
left_turning,36193,36130,36193,63
walking,36239,36193,36239,46
stepping,36250,36239,36250,11
rising,36335,36250,36335,85
walking,36398,36335,36398,63
sniffing,36427,36398,36427,29
walking,36450,36427,36450,23
trotting,36488,36450,36488,38
climbing,36518,36488,36518,30
sniffing,36536,36518,36536,18
left_turning,36581,36536,36581,45
hunching,36591,36581,36591,10
grooming,36592,36591,36592,1
rearing,36593,36592,36593,1
climbing,36594,36593,36594,1
sniffing,36598,36594,36598,4
walking,36615,36598,36615,17
stepping,36681,36615,36681,66
sniffing,36827,36681,36827,146
grooming,37014,36827,37014,187
sniffing,37097,37014,37097,83
walking,37106,37097,37106,9
sniffing,37145,37106,37145,39
trotting,37197,37145,37197,52
stepping,37260,37197,37260,63
walking,37332,37260,37332,72
sniffing,37392,37332,37392,60
left_turning,37451,37392,37451,59
walking,37510,37451,37510,59
sniffing,37511,37510,37511,1
left_turning,37535,37511,37535,24
sniffing,37655,37535,37655,120
stepping,37715,37655,37715,60
rising,37732,37715,37732,17
stepping,37791,37732,37791,59
sniffing,37859,37791,37859,68
walking,37950,37859,37950,91
rising,37995,37950,37995,45
sniffing,37996,37995,37996,1
walking,38039,37996,38039,43
sniffing,38057,38039,38057,18
hunching,38066,38057,38066,9
rearing,38230,38066,38230,164
hunching,38243,38230,38243,13
rearing,38340,38243,38340,97
grooming,38453,38340,38453,113
climbing,38515,38453,38515,62
running,38549,38515,38549,34
stepping,38556,38549,38556,7
sniffing,38557,38556,38557,1
walking,38639,38557,38639,82
sniffing,38724,38639,38724,85
rising,38797,38724,38797,73
hunching,38798,38797,38798,1
rising,38863,38798,38863,65
sniffing,38864,38863,38864,1
rising,38884,38864,38884,20
rearing,38954,38884,38954,70
left_turning,39011,38954,39011,57
walking,39035,39011,39035,24
sniffing,39036,39035,39036,1
rising,39079,39036,39079,43
rearing,39119,39079,39119,40
hunching,39120,39119,39120,1
grooming,39139,39120,39139,19
rearing,39285,39139,39285,146
hunching,39286,39285,39286,1
rearing,39364,39286,39364,78
grooming,39435,39364,39435,71
sniffing,39653,39435,39653,218
stepping,39685,39653,39685,32
sniffing,39797,39685,39797,112
left_turning,39846,39797,39846,49
trotting,39850,39846,39850,4
right_turning,39860,39850,39860,10
running,39880,39860,39880,20
climbing,39905,39880,39905,25
left_turning,39925,39905,39925,20
stepping,39948,39925,39948,23
sniffing,40050,39948,40050,102
rearing,40135,40050,40135,85
grooming,40275,40135,40275,140
stepping,40278,40275,40278,3
trotting,40335,40278,40335,57
sniffing,40336,40335,40336,1
stepping,40359,40336,40359,23
climbing,40419,40359,40419,60
right_turning,40460,40419,40460,41
rising,40523,40460,40523,63
climbing,40524,40523,40524,1
rearing,40525,40524,40525,1
walking,40562,40525,40562,37
rising,40634,40562,40634,72
sniffing,40635,40634,40635,1
grooming,40796,40635,40796,161
rising,40806,40796,40806,10
right_turning,40833,40806,40833,27
sniffing,40834,40833,40834,1
grooming,40920,40834,40920,86
rearing,41016,40920,41016,96
climbing,41088,41016,41088,72
left_turning,41089,41088,41089,1
grooming,41099,41089,41099,10
rising,41112,41099,41112,13
trotting,41145,41112,41145,33
sniffing,41201,41145,41201,56
running,41238,41201,41238,37
climbing,41293,41238,41293,55
walking,41311,41293,41311,18
sniffing,41437,41311,41437,126
walking,41453,41437,41453,16
stepping,41523,41453,41523,70
walking,41559,41523,41559,36
stepping,41598,41559,41598,39
walking,41671,41598,41671,73
sniffing,41683,41671,41683,12
stepping,41762,41683,41762,79
rearing,41826,41762,41826,64
sniffing,41827,41826,41827,1
walking,41888,41827,41888,61
stepping,41896,41888,41896,8
walking,41916,41896,41916,20
running,41923,41916,41923,7
stepping,41971,41923,41971,48
grooming,42090,41971,42090,119
rising,42168,42090,42168,78
climbing,42224,42168,42224,56
stepping,42229,42224,42229,5
sniffing,42273,42229,42273,44
grooming,42274,42273,42274,1
right_turning,42275,42274,42275,1
sniffing,42276,42275,42276,1
rearing,42357,42276,42357,81
right_turning,42373,42357,42373,16
sniffing,42374,42373,42374,1
right_turning,42396,42374,42396,22
walking,42422,42396,42422,26
stepping,42425,42422,42425,3
rising,42426,42425,42426,1
sniffing,42427,42426,42427,1
rising,42492,42427,42492,65
sniffing,42559,42492,42559,67
left_turning,42624,42559,42624,65
walking,42661,42624,42661,37
sniffing,42662,42661,42662,1
left_turning,42663,42662,42663,1
running,42664,42663,42664,1
sniffing,42707,42664,42707,43
stepping,42751,42707,42751,44
walking,42797,42751,42797,46
grooming,42902,42797,42902,105
rearing,43035,42902,43035,133
grooming,43168,43035,43168,133
trotting,43197,43168,43197,29
sniffing,43247,43197,43247,50
climbing,43288,43247,43288,41
grooming,43497,43288,43497,209
stepping,43540,43497,43540,43
rearing,43541,43540,43541,1
climbing,43602,43541,43602,61
rising,43654,43602,43654,52
grooming,43815,43654,43815,161
rearing,43854,43815,43854,39
climbing,43884,43854,43884,30
left_turning,43889,43884,43889,5
rising,43892,43889,43892,3
left_turning,43938,43892,43938,46
walking,43972,43938,43972,34
rearing,43998,43972,43998,26
left_turning,44031,43998,44031,33
sniffing,44104,44031,44104,73
stepping,44129,44104,44129,25
rising,44148,44129,44148,19
rearing,44186,44148,44186,38
climbing,44377,44186,44377,191
grooming,44378,44377,44378,1
sniffing,44439,44378,44439,61
stepping,44478,44439,44478,39
running,44487,44478,44487,9
stepping,44502,44487,44502,15
sniffing,44549,44502,44549,47
walking,44572,44549,44572,23
stepping,44608,44572,44608,36
sniffing,44707,44608,44707,99
climbing,44770,44707,44770,63
grooming,44887,44770,44887,117
rearing,44909,44887,44909,22
sniffing,44997,44909,44997,88
hunching,45080,44997,45080,83
grooming,45081,45080,45081,1
rising,45082,45081,45082,1
stepping,45152,45082,45152,70
walking,45204,45152,45204,52
trotting,45238,45204,45238,34
sniffing,45295,45238,45295,57
stepping,45371,45295,45371,76
walking,45447,45371,45447,76
sniffing,45540,45447,45540,93
trotting,45552,45540,45552,12
rising,45578,45552,45578,26
grooming,45611,45578,45611,33
rearing,45668,45611,45668,57
grooming,46052,45668,46052,384
hunching,46116,46052,46116,64
grooming,46117,46116,46117,1
climbing,46197,46117,46197,80
rising,46259,46197,46259,62
rearing,46264,46259,46264,5
climbing,46318,46264,46318,54
rising,46337,46318,46337,19
rearing,46338,46337,46338,1
grooming,46339,46338,46339,1
rearing,46429,46339,46429,90
hunching,46477,46429,46477,48
grooming,46851,46477,46851,374
rearing,46879,46851,46879,28
hunching,46880,46879,46880,1
rearing,47177,46880,47177,297
grooming,47276,47177,47276,99
stepping,47344,47276,47344,68
walking,47434,47344,47434,90
sniffing,47463,47434,47463,29
stepping,47464,47463,47464,1
walking,47482,47464,47482,18
sniffing,47498,47482,47498,16
walking,47543,47498,47543,45
rising,47604,47543,47604,61
rearing,47630,47604,47630,26
rising,47680,47630,47680,50
grooming,47938,47680,47938,258
sniffing,48007,47938,48007,69
stepping,48056,48007,48056,49
walking,48074,48056,48074,18
sniffing,48116,48074,48116,42
left_turning,48171,48116,48171,55
stepping,48192,48171,48192,21
left_turning,48289,48192,48289,97
sniffing,48318,48289,48318,29
right_turning,48345,48318,48345,27
trotting,48395,48345,48395,50
walking,48433,48395,48433,38
running,48474,48433,48474,41
sniffing,48565,48474,48565,91
grooming,48729,48565,48729,164
stepping,48745,48729,48745,16
walking,48798,48745,48798,53
sniffing,48845,48798,48845,47
stepping,48897,48845,48897,52
walking,48933,48897,48933,36
sniffing,49040,48933,49040,107
stepping,49115,49040,49115,75
running,49138,49115,49138,23
sniffing,49272,49138,49272,134
walking,49322,49272,49322,50
stepping,49353,49322,49353,31
sniffing,49366,49353,49366,13
stepping,49380,49366,49380,14
sniffing,49381,49380,49381,1
walking,49475,49381,49475,94
rising,49481,49475,49481,6
walking,49482,49481,49482,1
sniffing,49483,49482,49483,1
stepping,49500,49483,49500,17
sniffing,49593,49500,49593,93
rising,49644,49593,49644,51
stepping,49697,49644,49697,53
sniffing,49778,49697,49778,81
walking,49789,49778,49789,11
stepping,49851,49789,49851,62
sniffing,49900,49851,49900,49
grooming,50094,49900,50094,194
rising,50152,50094,50152,58
rearing,50201,50152,50201,49
climbing,50284,50201,50284,83
stepping,50338,50284,50338,54
trotting,50392,50338,50392,54
left_turning,50437,50392,50437,45
grooming,50721,50437,50721,284
sniffing,50858,50721,50858,137
stepping,50927,50858,50927,69
rising,50971,50927,50971,44
climbing,51014,50971,51014,43
stepping,51080,51014,51080,66
rising,51118,51080,51118,38
hunching,51119,51118,51119,1
grooming,51143,51119,51143,24
rearing,51175,51143,51175,32
grooming,51342,51175,51342,167
left_turning,51343,51342,51343,1
rearing,51353,51343,51353,10
stepping,51362,51353,51362,9
grooming,51494,51362,51494,132
climbing,51543,51494,51543,49
right_turning,51563,51543,51563,20
stepping,51610,51563,51610,47
walking,51648,51610,51648,38
rearing,51802,51648,51802,154
climbing,52011,51802,52011,209
stepping,52012,52011,52012,1
walking,52087,52012,52087,75
sniffing,52139,52087,52139,52
left_turning,52207,52139,52207,68
stepping,52252,52207,52252,45
climbing,52328,52252,52328,76
walking,52393,52328,52393,65
right_turning,52444,52393,52444,51
sniffing,52545,52444,52545,101
rearing,52605,52545,52605,60
rising,52606,52605,52606,1
rearing,52658,52606,52658,52
climbing,52711,52658,52711,53
grooming,52808,52711,52808,97
climbing,52854,52808,52854,46
trotting,52860,52854,52860,6
sniffing,52891,52860,52891,31
grooming,53220,52891,53220,329
climbing,53330,53220,53330,110
walking,53332,53330,53332,2
sniffing,53333,53332,53333,1
stepping,53404,53333,53404,71
sniffing,53455,53404,53455,51
climbing,53456,53455,53456,1
grooming,53665,53456,53665,209
rising,53666,53665,53666,1
rearing,53675,53666,53675,9
grooming,54190,53675,54190,515
stepping,54237,54190,54237,47
hunching,54259,54237,54259,22
grooming,54260,54259,54260,1
rearing,54280,54260,54280,20
sniffing,54281,54280,54281,1
grooming,54282,54281,54282,1
rearing,54326,54282,54326,44
stepping,54361,54326,54361,35
rising,54410,54361,54410,49
hunching,54483,54410,54483,73
grooming,54605,54483,54605,122
sniffing,54741,54605,54741,136
left_turning,54785,54741,54785,44
trotting,54840,54785,54840,55
left_turning,54910,54840,54910,70
rising,54925,54910,54925,15
hunching,54974,54925,54974,49
stepping,54986,54974,54986,12
walking,55005,54986,55005,19
running,55064,55005,55064,59
stepping,55099,55064,55099,35
walking,55126,55099,55126,27
right_turning,55142,55126,55142,16
stepping,55147,55142,55147,5
running,55157,55147,55157,10
rising,55218,55157,55218,61
climbing,55381,55218,55381,163
rearing,55407,55381,55407,26
trotting,55465,55407,55465,58
sniffing,55564,55465,55564,99
rising,55631,55564,55631,67
stepping,55693,55631,55693,62
sniffing,55694,55693,55694,1
rising,55705,55694,55705,11
rearing,55706,55705,55706,1
climbing,55707,55706,55707,1
rearing,55708,55707,55708,1
grooming,55779,55708,55779,71
hunching,55807,55779,55807,28
rearing,55824,55807,55824,17
sniffing,55858,55824,55858,34
stepping,55899,55858,55899,41
walking,55908,55899,55908,9
sniffing,55936,55908,55936,28
left_turning,56000,55936,56000,64
rising,56075,56000,56075,75
sniffing,56133,56075,56133,58
grooming,56134,56133,56134,1
left_turning,56155,56134,56155,21
walking,56201,56155,56201,46
sniffing,56236,56201,56236,35
left_turning,56271,56236,56271,35
sniffing,56347,56271,56347,76
rising,56417,56347,56417,70
rearing,56507,56417,56507,90
climbing,56582,56507,56582,75
rearing,56603,56582,56603,21
climbing,56681,56603,56681,78
grooming,56682,56681,56682,1
right_turning,56695,56682,56695,13
walking,56777,56695,56777,82
sniffing,56778,56777,56778,1
walking,56825,56778,56825,47
trotting,56859,56825,56859,34
walking,56875,56859,56875,16
stepping,56898,56875,56898,23
walking,56934,56898,56934,36
stepping,56979,56934,56979,45
right_turning,56987,56979,56987,8
sniffing,56988,56987,56988,1
rising,57037,56988,57037,49
grooming,57038,57037,57038,1
sniffing,57123,57038,57123,85
stepping,57149,57123,57149,26
sniffing,57150,57149,57150,1
stepping,57185,57150,57185,35
sniffing,57186,57185,57186,1
stepping,57237,57186,57237,51
sniffing,57434,57237,57434,197
walking,57493,57434,57493,59
stepping,57516,57493,57516,23
grooming,57517,57516,57517,1
running,57535,57517,57535,18
walking,57589,57535,57589,54
trotting,57600,57589,57600,11
left_turning,57601,57600,57601,1
scratching,57602,57601,57602,1
grooming,57776,57602,57776,174
left_turning,57785,57776,57785,9
rearing,57833,57785,57833,48
grooming,58119,57833,58119,286
hunching,58122,58119,58122,3
grooming,58123,58122,58123,1
rearing,58183,58123,58183,60
climbing,58211,58183,58211,28
grooming,58749,58211,58749,538
rising,58862,58749,58862,113
climbing,58986,58862,58986,124
trotting,59005,58986,59005,19
rearing,59070,59005,59070,65
rising,59114,59070,59114,44
left_turning,59162,59114,59162,48
walking,59163,59162,59163,1
stepping,59185,59163,59185,22
scratching,59186,59185,59186,1
stepping,59187,59186,59187,1
sniffing,59316,59187,59316,129
rising,59361,59316,59361,45
sniffing,59477,59361,59477,116
rising,59537,59477,59537,60
rearing,59538,59537,59538,1
grooming,59539,59538,59539,1
rearing,59540,59539,59540,1
trotting,59570,59540,59570,30
walking,59578,59570,59578,8
sniffing,59629,59578,59629,51
stepping,59660,59629,59660,31
sniffing,59727,59660,59727,67
walking,59779,59727,59779,52
sniffing,59808,59779,59808,29
stepping,59809,59808,59809,1
sniffing,60000,59809,60000,191
stepping,60022,60000,60022,22
sniffing,60100,60022,60100,78
rising,60157,60100,60157,57
rearing,60218,60157,60218,61
climbing,60259,60218,60259,41
left_turning,60260,60259,60260,1
sniffing,60326,60260,60326,66
trotting,60344,60326,60344,18
sniffing,60395,60344,60395,51
rising,60462,60395,60462,67
climbing,60502,60462,60502,40
grooming,60846,60502,60846,344
sniffing,60847,60846,60847,1
stepping,60890,60847,60890,43
sniffing,61078,60890,61078,188
stepping,61108,61078,61108,30
sniffing,61109,61108,61109,1
rising,61143,61109,61143,34
grooming,61179,61143,61179,36
rearing,61202,61179,61202,23
grooming,61203,61202,61203,1
climbing,61214,61203,61214,11
stepping,61238,61214,61238,24
sniffing,61308,61238,61308,70
grooming,61415,61308,61415,107
rearing,61464,61415,61464,49
stepping,61523,61464,61523,59
walking,61524,61523,61524,1
sniffing,61543,61524,61543,19
climbing,61610,61543,61610,67
left_turning,61649,61610,61649,39
walking,61707,61649,61707,58
stepping,61724,61707,61724,17
hunching,61725,61724,61725,1
grooming,61726,61725,61726,1
hunching,61781,61726,61781,55
grooming,61782,61781,61782,1
trotting,61827,61782,61827,45
sniffing,61828,61827,61828,1
rearing,61903,61828,61903,75
grooming,61904,61903,61904,1
rearing,61969,61904,61969,65
left_turning,62017,61969,62017,48
walking,62081,62017,62081,64
stepping,62123,62081,62123,42
trotting,62133,62123,62133,10
sniffing,62224,62133,62224,91
running,62233,62224,62233,9
rearing,62266,62233,62266,33
running,62310,62266,62310,44
grooming,62521,62310,62521,211
sniffing,62630,62521,62630,109
rising,62631,62630,62631,1
rearing,62640,62631,62640,9
sniffing,62711,62640,62711,71
grooming,62990,62711,62990,279
sniffing,63041,62990,63041,51
climbing,63053,63041,63053,12
walking,63086,63053,63086,33
sniffing,63275,63086,63275,189
stepping,63287,63275,63287,12
left_turning,63288,63287,63288,1
trotting,63289,63288,63289,1
rising,63428,63289,63428,139
climbing,63445,63428,63445,17
grooming,63618,63445,63618,173
rearing,63683,63618,63683,65
climbing,63875,63683,63875,192
walking,63927,63875,63927,52
sniffing,63928,63927,63928,1
rising,63957,63928,63957,29
sniffing,63967,63957,63967,10
stepping,64016,63967,64016,49
climbing,64041,64016,64041,25
rearing,64077,64041,64077,36
grooming,64362,64077,64362,285
rising,64363,64362,64363,1
rearing,64364,64363,64364,1
rising,64397,64364,64397,33
sniffing,64411,64397,64411,14
walking,64456,64411,64456,45
sniffing,64724,64456,64724,268
rising,64735,64724,64735,11
grooming,64949,64735,64949,214
sniffing,64950,64949,64950,1
stepping,64974,64950,64974,24
climbing,65072,64974,65072,98
rising,65096,65072,65096,24
sniffing,65122,65096,65122,26
hunching,65188,65122,65188,66
grooming,65341,65188,65341,153
walking,65383,65341,65383,42
stepping,65426,65383,65426,43
rising,65438,65426,65438,12
grooming,65615,65438,65615,177
right_turning,65625,65615,65625,10
trotting,65637,65625,65637,12
walking,65638,65637,65638,1
left_turning,65674,65638,65674,36
stepping,65776,65674,65776,102
climbing,65838,65776,65838,62
stepping,65883,65838,65883,45
sniffing,65933,65883,65933,50
right_turning,65951,65933,65951,18
climbing,65958,65951,65958,7
hunching,65959,65958,65959,1
grooming,66020,65959,66020,61
stepping,66045,66020,66045,25
hunching,66094,66045,66094,49
rearing,66222,66094,66222,128
sniffing,66229,66222,66229,7
rising,66281,66229,66281,52
left_turning,66331,66281,66331,50
sniffing,66478,66331,66478,147
walking,66501,66478,66501,23
running,66505,66501,66505,4
walking,66545,66505,66545,40
sniffing,66554,66545,66554,9
walking,66632,66554,66632,78
right_turning,66633,66632,66633,1
walking,66650,66633,66650,17
trotting,66697,66650,66697,47
sniffing,66818,66697,66818,121
rearing,66980,66818,66980,162
grooming,66981,66980,66981,1
rearing,66996,66981,66996,15
sniffing,67109,66996,67109,113
grooming,67113,67109,67113,4
rising,67130,67113,67130,17
climbing,67131,67130,67131,1
left_turning,67146,67131,67146,15
rising,67152,67146,67152,6
climbing,67291,67152,67291,139
grooming,67300,67291,67300,9
sniffing,67301,67300,67301,1
hunching,67311,67301,67311,10
grooming,67432,67311,67432,121
rearing,67489,67432,67489,57
sniffing,67615,67489,67615,126
rising,67641,67615,67641,26
rearing,67689,67641,67689,48
rising,67690,67689,67690,1
rearing,67745,67690,67745,55
climbing,67862,67745,67862,117
rearing,67863,67862,67863,1
sniffing,68067,67863,68067,204
grooming,68103,68067,68103,36
left_turning,68151,68103,68151,48
hunching,68201,68151,68201,50
grooming,68442,68201,68442,241
sniffing,68510,68442,68510,68
right_turning,68517,68510,68517,7
trotting,68539,68517,68539,22
sniffing,68543,68539,68543,4
walking,68634,68543,68634,91
sniffing,68641,68634,68641,7
stepping,68670,68641,68670,29
sniffing,68787,68670,68787,117
walking,68806,68787,68806,19
sniffing,68916,68806,68916,110
rising,68953,68916,68953,37
left_turning,69000,68953,69000,47
stepping,69059,69000,69059,59
walking,69060,69059,69060,1
stepping,69094,69060,69094,34
walking,69189,69094,69189,95
rising,69223,69189,69223,34
grooming,69626,69223,69626,403
rearing,69627,69626,69627,1
rising,69639,69627,69639,12
climbing,69781,69639,69781,142
left_turning,69813,69781,69813,32
rearing,69909,69813,69909,96
left_turning,69930,69909,69930,21
scratching,69931,69930,69931,1
walking,69961,69931,69961,30
stepping,69968,69961,69968,7
walking,70035,69968,70035,67
sniffing,70144,70035,70144,109
rising,70164,70144,70164,20
sniffing,70189,70164,70189,25
stepping,70232,70189,70232,43
rearing,70233,70232,70233,1
hunching,70279,70233,70279,46
rearing,70347,70279,70347,68
hunching,70348,70347,70348,1
rearing,70437,70348,70437,89
grooming,70438,70437,70438,1
rearing,70540,70438,70540,102
hunching,70541,70540,70541,1
rearing,70566,70541,70566,25
stepping,70614,70566,70614,48
walking,70624,70614,70624,10
sniffing,70869,70624,70869,245
stepping,70937,70869,70937,68
rearing,70981,70937,70981,44
grooming,70995,70981,70995,14
rearing,71285,70995,71285,290
grooming,71961,71285,71961,676
left_turning,71962,71961,71962,1
walking,71998,71962,71998,36
stepping,72005,71998,72005,7
walking,72029,72005,72029,24
sniffing,72113,72029,72113,84
grooming,72114,72113,72114,1
rearing,72222,72114,72222,108
sniffing,72293,72222,72293,71
walking,72357,72293,72357,64
stepping,72429,72357,72429,72
walking,72461,72429,72461,32
sniffing,72462,72461,72462,1
stepping,72513,72462,72513,51
sniffing,72541,72513,72541,28
walking,72590,72541,72590,49
sniffing,72610,72590,72610,20
walking,72641,72610,72641,31
left_turning,72642,72641,72642,1
rising,72647,72642,72647,5
left_turning,72682,72647,72682,35
sniffing,72900,72682,72900,218
walking,72980,72900,72980,80
sniffing,72981,72980,72981,1
rising,72995,72981,72995,14
rearing,73045,72995,73045,50
grooming,73668,73045,73668,623
rearing,73726,73668,73726,58
climbing,73828,73726,73828,102
walking,73841,73828,73841,13
stepping,73856,73841,73856,15
sniffing,73965,73856,73965,109
scratching,73966,73965,73966,1
grooming,74136,73966,74136,170
right_turning,74188,74136,74188,52
sniffing,74314,74188,74314,126
rearing,74334,74314,74334,20
rising,74416,74334,74416,82
rearing,74436,74416,74436,20
rising,74496,74436,74496,60
climbing,74524,74496,74524,28
walking,74552,74524,74552,28
stepping,74599,74552,74599,47
right_turning,74639,74599,74639,40
sniffing,74640,74639,74640,1
stepping,74653,74640,74653,13
climbing,74728,74653,74728,75
left_turning,74789,74728,74789,61
walking,74826,74789,74826,37
stepping,74832,74826,74832,6
sniffing,74833,74832,74833,1
walking,74834,74833,74834,1
sniffing,74920,74834,74920,86
right_turning,74971,74920,74971,51
stepping,75035,74971,75035,64
walking,75064,75035,75064,29
sniffing,75128,75064,75128,64
rising,75192,75128,75192,64
stepping,75193,75192,75193,1
sniffing,75194,75193,75194,1
hunching,75195,75194,75195,1
rearing,75229,75195,75229,34
grooming,75303,75229,75303,74
trotting,75326,75303,75326,23
running,75345,75326,75345,19
walking,75415,75345,75415,70
stepping,75431,75415,75431,16
sniffing,75460,75431,75460,29
grooming,75461,75460,75461,1
climbing,75462,75461,75462,1
sniffing,75463,75462,75463,1
grooming,75633,75463,75633,170
climbing,75665,75633,75665,32
left_turning,75694,75665,75694,29
trotting,75726,75694,75726,32
walking,75727,75726,75727,1
sniffing,75792,75727,75792,65
right_turning,75838,75792,75838,46
stepping,75844,75838,75844,6
walking,75932,75844,75932,88
sniffing,75967,75932,75967,35
right_turning,75977,75967,75977,10
sniffing,76054,75977,76054,77
walking,76129,76054,76129,75
right_turning,76183,76129,76183,54
grooming,76641,76183,76641,458
climbing,76674,76641,76674,33
rising,76712,76674,76712,38
climbing,76729,76712,76729,17
sniffing,76809,76729,76809,80
stepping,76845,76809,76845,36
walking,76913,76845,76913,68
grooming,77028,76913,77028,115
sniffing,77029,77028,77029,1
rising,77056,77029,77056,27
hunching,77070,77056,77070,14
grooming,77074,77070,77074,4
rearing,77084,77074,77084,10
sniffing,77117,77084,77117,33
left_turning,77118,77117,77118,1
sniffing,77217,77118,77217,99
stepping,77285,77217,77285,68
sniffing,77313,77285,77313,28
rearing,77320,77313,77320,7
sniffing,77369,77320,77369,49
stepping,77407,77369,77407,38
walking,77474,77407,77474,67
sniffing,77596,77474,77596,122
rising,77628,77596,77628,32
climbing,77719,77628,77719,91
grooming,77830,77719,77830,111
right_turning,77865,77830,77865,35
walking,77905,77865,77905,40
stepping,77963,77905,77963,58
climbing,77964,77963,77964,1
grooming,78026,77964,78026,62
sniffing,78083,78026,78083,57
rising,78118,78083,78118,35
climbing,78196,78118,78196,78
running,78206,78196,78206,10
walking,78258,78206,78258,52
stepping,78317,78258,78317,59
walking,78319,78317,78319,2
stepping,78378,78319,78378,59
right_turning,78389,78378,78389,11
climbing,78447,78389,78447,58
right_turning,78448,78447,78448,1
walking,78522,78448,78522,74
stepping,78573,78522,78573,51
sniffing,78597,78573,78597,24
stepping,78616,78597,78616,19
sniffing,78774,78616,78774,158
trotting,78819,78774,78819,45
climbing,78921,78819,78921,102
grooming,78922,78921,78922,1
hunching,78977,78922,78977,55
rising,79052,78977,79052,75
rearing,79126,79052,79126,74
grooming,79127,79126,79127,1
climbing,79190,79127,79190,63
rising,79241,79190,79241,51
sniffing,79328,79241,79328,87
left_turning,79379,79328,79379,51
walking,79380,79379,79380,1
sniffing,79381,79380,79381,1
grooming,79470,79381,79470,89
sniffing,79569,79470,79569,99
grooming,80008,79569,80008,439
sniffing,80035,80008,80035,27
hunching,80053,80035,80053,18
sniffing,80056,80053,80056,3
grooming,80216,80056,80216,160
left_turning,80252,80216,80252,36
stepping,80336,80252,80336,84
rearing,80429,80336,80429,93
stepping,80488,80429,80488,59
walking,80557,80488,80557,69
trotting,80601,80557,80601,44
sniffing,80717,80601,80717,116
stepping,80740,80717,80740,23
sniffing,80748,80740,80748,8
walking,80790,80748,80790,42
sniffing,80791,80790,80791,1
stepping,80840,80791,80840,49
left_turning,80881,80840,80881,41
climbing,80938,80881,80938,57
sniffing,81073,80938,81073,135
walking,81110,81073,81110,37
sniffing,81392,81110,81392,282
left_turning,81401,81392,81401,9
stepping,81452,81401,81452,51
trotting,81467,81452,81467,15
stepping,81549,81467,81549,82
trotting,81580,81549,81580,31
stepping,81620,81580,81620,40
rising,81629,81620,81629,9
grooming,82117,81629,82117,488
right_turning,82157,82117,82157,40
walking,82158,82157,82158,1
stepping,82197,82158,82197,39
sniffing,82222,82197,82222,25
grooming,82327,82222,82327,105
rearing,82360,82327,82360,33
running,82403,82360,82403,43
sniffing,82463,82403,82463,60
grooming,82620,82463,82620,157
sniffing,82621,82620,82621,1
rising,82629,82621,82629,8
rearing,82635,82629,82635,6
rising,82672,82635,82672,37
walking,82703,82672,82703,31
grooming,82760,82703,82760,57
rearing,82802,82760,82802,42
grooming,82803,82802,82803,1
hunching,82906,82803,82906,103
stepping,82969,82906,82969,63
sniffing,83048,82969,83048,79
right_turning,83073,83048,83073,25
stepping,83108,83073,83108,35
sniffing,83120,83108,83120,12
rising,83121,83120,83121,1
grooming,83206,83121,83206,85
rising,83262,83206,83262,56
climbing,83297,83262,83297,35
grooming,83413,83297,83413,116
sniffing,83489,83413,83489,76
walking,83551,83489,83551,62
rearing,83604,83551,83604,53
stepping,83652,83604,83652,48
grooming,83653,83652,83653,1
stepping,83689,83653,83689,36
hunching,83690,83689,83690,1
grooming,83691,83690,83691,1
right_turning,83719,83691,83719,28
grooming,83774,83719,83774,55
rearing,83780,83774,83780,6
grooming,84408,83780,84408,628
climbing,84466,84408,84466,58
walking,84518,84466,84518,52
sniffing,84591,84518,84591,73
rising,84615,84591,84615,24
walking,84630,84615,84630,15
climbing,84631,84630,84631,1
left_turning,84649,84631,84649,18
walking,84650,84649,84650,1
sniffing,84739,84650,84739,89
right_turning,84753,84739,84753,14
walking,84829,84753,84829,76
rearing,84830,84829,84830,1
grooming,85152,84830,85152,322
rearing,85367,85152,85367,215
climbing,85368,85367,85368,1
sniffing,85369,85368,85369,1
hunching,85449,85369,85449,80
grooming,85563,85449,85563,114
trotting,85585,85563,85585,22
walking,85617,85585,85617,32
stepping,85644,85617,85644,27
walking,85742,85644,85742,98
stepping,85779,85742,85779,37
climbing,85794,85779,85794,15
running,85806,85794,85806,12
walking,85810,85806,85810,4
stepping,85854,85810,85854,44
rising,85915,85854,85915,61
climbing,85995,85915,85995,80
grooming,85996,85995,85996,1
walking,86069,85996,86069,73
stepping,86124,86069,86124,55
trotting,86145,86124,86145,21
rising,86187,86145,86187,42
grooming,86188,86187,86188,1
scratching,86189,86188,86189,1
grooming,86190,86189,86190,1
rising,86234,86190,86234,44
rearing,86298,86234,86298,64
stepping,86374,86298,86374,76
grooming,86672,86374,86672,298
sniffing,86865,86672,86865,193
stepping,86923,86865,86923,58
walking,86975,86923,86975,52
right_turning,87032,86975,87032,57
walking,87103,87032,87103,71
sniffing,87134,87103,87134,31
stepping,87187,87134,87187,53
climbing,87247,87187,87247,60
sniffing,87320,87247,87320,73
right_turning,87332,87320,87332,12
grooming,87852,87332,87852,520
rearing,87934,87852,87934,82
grooming,87935,87934,87935,1
rearing,87939,87935,87939,4
rising,87995,87939,87995,56
rearing,88031,87995,88031,36
hunching,88177,88031,88177,146
rearing,88178,88177,88178,1
rising,88179,88178,88179,1
climbing,88262,88179,88262,83
walking,88303,88262,88303,41
stepping,88347,88303,88347,44
trotting,88350,88347,88350,3
stepping,88375,88350,88375,25
rising,88420,88375,88420,45
right_turning,88454,88420,88454,34
left_turning,88484,88454,88484,30
climbing,88621,88484,88621,137
sniffing,88725,88621,88725,104
rising,88794,88725,88794,69
rearing,88795,88794,88795,1
sniffing,88891,88795,88891,96
rising,88941,88891,88941,50
walking,88946,88941,88946,5
right_turning,88986,88946,88986,40
trotting,89014,88986,89014,28
rising,89015,89014,89015,1
climbing,89131,89015,89131,116
right_turning,89150,89131,89150,19
sniffing,89172,89150,89172,22
rising,89197,89172,89197,25
sniffing,89245,89197,89245,48
stepping,89294,89245,89294,49
walking,89333,89294,89333,39
sniffing,89363,89333,89363,30
walking,89399,89363,89399,36
sniffing,89400,89399,89400,1
trotting,89452,89400,89452,52
sniffing,89528,89452,89528,76
walking,89530,89528,89530,2
climbing,89612,89530,89612,82
rising,89633,89612,89633,21
climbing,89777,89633,89777,144
right_turning,89820,89777,89820,43
walking,89861,89820,89861,41
sniffing,89928,89861,89928,67
climbing,90047,89928,90047,119
grooming,90185,90047,90185,138
rearing,90238,90185,90238,53
climbing,90378,90238,90378,140
grooming,90686,90378,90686,308
stepping,90705,90686,90705,19
rearing,90753,90705,90753,48
sniffing,90853,90753,90853,100
rearing,90854,90853,90854,1
left_turning,90863,90854,90863,9
rising,90930,90863,90930,67
rearing,90957,90930,90957,27
stepping,91056,90957,91056,99
sniffing,91131,91056,91131,75
left_turning,91155,91131,91155,24
walking,91222,91155,91222,67
stepping,91284,91222,91284,62
walking,91345,91284,91345,61
stepping,91425,91345,91425,80
rearing,91635,91425,91635,210
hunching,91728,91635,91728,93
grooming,92948,91728,92948,1220
walking,92949,92948,92949,1
grooming,92950,92949,92950,1
rising,93047,92950,93047,97
sniffing,93091,93047,93091,44
stepping,93092,93091,93092,1
rising,93093,93092,93093,1
grooming,93094,93093,93094,1
sniffing,93095,93094,93095,1
stepping,93122,93095,93122,27
trotting,93169,93122,93169,47
sniffing,93175,93169,93175,6
pausing,93500,93175,93500,325
sniffing,93522,93500,93522,22
rearing,93578,93522,93578,56
grooming,93849,93578,93849,271
sniffing,93862,93849,93862,13
walking,93923,93862,93923,61
sniffing,93924,93923,93924,1
grooming,94007,93924,94007,83
rearing,94008,94007,94008,1
climbing,94238,94008,94238,230
grooming,94239,94238,94239,1
rearing,94297,94239,94297,58
sniffing,94365,94297,94365,68
stepping,94441,94365,94441,76
sniffing,94474,94441,94474,33
rising,94475,94474,94475,1
sniffing,94476,94475,94476,1
rising,94564,94476,94564,88
climbing,94657,94564,94657,93
left_turning,94765,94657,94765,108
stepping,94794,94765,94794,29
rising,94867,94794,94867,73
stepping,94868,94867,94868,1
sniffing,95067,94868,95067,199
left_turning,95125,95067,95125,58
rearing,95171,95125,95171,46
rising,95184,95171,95184,13
grooming,95185,95184,95185,1
rising,95219,95185,95219,34
rearing,95248,95219,95248,29
stepping,95249,95248,95249,1
sniffing,95250,95249,95250,1
walking,95349,95250,95349,99
climbing,95474,95349,95474,125
rearing,95568,95474,95568,94
walking,95647,95568,95647,79
stepping,95648,95647,95648,1
climbing,95662,95648,95662,14
rearing,95773,95662,95773,111
jumping,95774,95773,95774,1
right_turning,95813,95774,95813,39
walking,95819,95813,95819,6
sniffing,95915,95819,95915,96
climbing,95971,95915,95971,56
grooming,96245,95971,96245,274
right_turning,96283,96245,96283,38
walking,96301,96283,96301,18
sniffing,96501,96301,96501,200
climbing,96557,96501,96557,56
rearing,96635,96557,96635,78
climbing,96710,96635,96710,75
grooming,96788,96710,96788,78
walking,96834,96788,96834,46
stepping,96899,96834,96899,65
trotting,96914,96899,96914,15
stepping,96931,96914,96931,17
sniffing,96991,96931,96991,60
right_turning,97003,96991,97003,12
stepping,97079,97003,97079,76
walking,97109,97079,97109,30
right_turning,97194,97109,97194,85
stepping,97237,97194,97237,43
sniffing,97250,97237,97250,13
walking,97256,97250,97256,6
sniffing,97383,97256,97383,127
stepping,97384,97383,97384,1
grooming,97437,97384,97437,53
rearing,97471,97437,97471,34
grooming,97479,97471,97479,8
right_turning,97528,97479,97528,49
rising,97580,97528,97580,52
climbing,97590,97580,97590,10
sniffing,97600,97590,97600,10
stepping,97664,97600,97664,64
sniffing,97665,97664,97665,1
trotting,97666,97665,97666,1
climbing,97678,97666,97678,12
left_turning,97729,97678,97729,51
rising,97784,97729,97784,55
climbing,97868,97784,97868,84
running,97904,97868,97904,36
walking,97960,97904,97960,56
sniffing,98075,97960,98075,115
climbing,98153,98075,98153,78
grooming,98154,98153,98154,1
stepping,98166,98154,98166,12
walking,98189,98166,98189,23
sniffing,98202,98189,98202,13
scratching,98203,98202,98203,1
sniffing,98407,98203,98407,204
stepping,98418,98407,98418,11
rearing,98470,98418,98470,52
grooming,98768,98470,98768,298
climbing,98818,98768,98818,50
right_turning,98847,98818,98847,29
running,98864,98847,98864,17
walking,98914,98864,98914,50
running,98973,98914,98973,59
sniffing,99071,98973,99071,98
rising,99129,99071,99129,58
sniffing,99300,99129,99300,171
left_turning,99393,99300,99393,93
sniffing,99416,99393,99416,23
stepping,99417,99416,99417,1
rising,99475,99417,99475,58
stepping,99511,99475,99511,36
rising,99535,99511,99535,24
climbing,99588,99535,99588,53
rearing,99645,99588,99645,57
sniffing,99803,99645,99803,158
stepping,99864,99803,99864,61
rising,99896,99864,99896,32
sniffing,99917,99896,99917,21
grooming,99920,99917,99920,3
walking,99973,99920,99973,53
stepping,100023,99973,100023,50
grooming,100024,100023,100024,1
rising,100046,100024,100046,22
grooming,100126,100046,100126,80
sniffing,100127,100126,100127,1
walking,100155,100127,100155,28
climbing,100249,100155,100249,94
sniffing,100302,100249,100302,53
rising,100322,100302,100322,20
hunching,100327,100322,100327,5
grooming,100456,100327,100456,129
stepping,100518,100456,100518,62
sniffing,100586,100518,100586,68
left_turning,100677,100586,100677,91
sniffing,100759,100677,100759,82
grooming,101595,100759,101595,836
sniffing,101725,101595,101725,130
walking,101799,101725,101799,74
sniffing,101880,101799,101880,81
left_turning,101899,101880,101899,19
grooming,102119,101899,102119,220
sniffing,102120,102119,102120,1
stepping,102121,102120,102121,1
sniffing,102241,102121,102241,120
rising,102405,102241,102405,164
sniffing,102451,102405,102451,46
rising,102518,102451,102518,67
rearing,102519,102518,102519,1
grooming,102520,102519,102520,1
rising,102583,102520,102583,63
rearing,102606,102583,102606,23
left_turning,102668,102606,102668,62
stepping,102669,102668,102669,1
sniffing,102734,102669,102734,65
left_turning,102760,102734,102760,26
walking,102764,102760,102764,4
left_turning,102841,102764,102841,77
running,102895,102841,102895,54
stepping,102907,102895,102907,12
sniffing,103084,102907,103084,177
stepping,103113,103084,103113,29
jumping,103114,103113,103114,1
grooming,103115,103114,103115,1
walking,103142,103115,103142,27
rising,103178,103142,103178,36
rearing,103240,103178,103240,62
hunching,103241,103240,103241,1
grooming,103684,103241,103684,443
hunching,103704,103684,103704,20
grooming,103705,103704,103705,1
sniffing,103752,103705,103752,47
stepping,103810,103752,103810,58
rearing,103920,103810,103920,110
sniffing,103921,103920,103921,1
rising,103922,103921,103922,1
left_turning,103923,103922,103923,1
scratching,103924,103923,103924,1
grooming,103925,103924,103925,1
walking,103981,103925,103981,56
stepping,104023,103981,104023,42
left_turning,104055,104023,104055,32
walking,104073,104055,104073,18
stepping,104080,104073,104080,7
trotting,104142,104080,104142,62
sniffing,104218,104142,104218,76
walking,104238,104218,104238,20
sniffing,104251,104238,104251,13
grooming,104445,104251,104445,194
left_turning,104483,104445,104483,38
sniffing,104607,104483,104607,124
rising,104669,104607,104669,62
grooming,104670,104669,104670,1
rearing,104792,104670,104792,122
scratching,104793,104792,104793,1
rising,104794,104793,104794,1
sniffing,104804,104794,104804,10
stepping,104815,104804,104815,11
walking,104840,104815,104840,25
trotting,104863,104840,104863,23
walking,104917,104863,104917,54
stepping,104934,104917,104934,17
sniffing,104984,104934,104984,50
trotting,105009,104984,105009,25
walking,105023,105009,105023,14
left_turning,105037,105023,105037,14
stepping,105072,105037,105072,35
climbing,105135,105072,105135,63
grooming,105150,105135,105150,15
climbing,105196,105150,105196,46
trotting,105197,105196,105197,1
walking,105221,105197,105221,24
climbing,105318,105221,105318,97
left_turning,105356,105318,105356,38
sniffing,105735,105356,105735,379
stepping,105741,105735,105741,6
sniffing,105837,105741,105837,96
stepping,105878,105837,105878,41
walking,105913,105878,105913,35
rising,105979,105913,105979,66
stepping,106050,105979,106050,71
sniffing,106101,106050,106101,51
scratching,106102,106101,106102,1
left_turning,106165,106102,106165,63
walking,106220,106165,106220,55
trotting,106269,106220,106269,49
sniffing,106304,106269,106304,35
walking,106335,106304,106335,31
stepping,106362,106335,106362,27
sniffing,106363,106362,106363,1
stepping,106414,106363,106414,51
sniffing,106415,106414,106415,1
walking,106419,106415,106419,4
sniffing,106576,106419,106576,157
walking,106618,106576,106618,42
climbing,106708,106618,106708,90
rearing,106732,106708,106732,24
grooming,106946,106732,106946,214
sniffing,106947,106946,106947,1
left_turning,106962,106947,106962,15
sniffing,106977,106962,106977,15
stepping,107006,106977,107006,29
rearing,107007,107006,107007,1
sniffing,107173,107007,107173,166
rearing,107289,107173,107289,116
climbing,107348,107289,107348,59
walking,107409,107348,107409,61
sniffing,107457,107409,107457,48
left_turning,107487,107457,107487,30
walking,107536,107487,107536,49
stepping,107567,107536,107567,31
sniffing,107585,107567,107585,18
stepping,107657,107585,107657,72
walking,107712,107657,107712,55
trotting,107742,107712,107742,30
stepping,107745,107742,107745,3
sniffing,107856,107745,107856,111
rearing,107909,107856,107909,53
walking,107910,107909,107910,1
sniffing,108000,107910,108000,90
