revised_movement_label,segBoundary,segBoundary_start,segBoundary_end,length
left_turning,9,0,9,9
trotting,65,9,65,56
sniffing,66,65,66,1
walking,67,66,67,1
stepping,100,67,100,33
walking,275,100,275,175
rising,336,275,336,61
rearing,343,336,343,7
climbing,410,343,410,67
walking,450,410,450,40
stepping,451,450,451,1
sniffing,452,451,452,1
grooming,553,452,553,101
trotting,554,553,554,1
running,589,554,589,35
walking,664,589,664,75
sniffing,683,664,683,19
rising,709,683,709,26
sniffing,828,709,828,119
stepping,888,828,888,60
running,911,888,911,23
walking,927,911,927,16
stepping,952,927,952,25
grooming,964,952,964,12
hunching,997,964,997,33
rising,1004,997,1004,7
sniffing,1005,1004,1005,1
walking,1006,1005,1006,1
sniffing,1022,1006,1022,16
running,1068,1022,1068,46
stepping,1108,1068,1108,40
walking,1212,1108,1212,104
rearing,1383,1212,1383,171
rising,1384,1383,1384,1
climbing,1447,1384,1447,63
rising,1505,1447,1505,58
right_turning,1524,1505,1524,19
walking,1525,1524,1525,1
sniffing,1566,1525,1566,41
rising,1600,1566,1600,34
walking,1643,1600,1643,43
stepping,1718,1643,1718,75
right_turning,1743,1718,1743,25
stepping,1800,1743,1800,57
sniffing,2160,1800,2160,360
walking,2184,2160,2184,24
stepping,2272,2184,2272,88
left_turning,2273,2272,2273,1
running,2277,2273,2277,4
trotting,2281,2277,2281,4
sniffing,2316,2281,2316,35
stepping,2366,2316,2366,50
trotting,2371,2366,2371,5
walking,2432,2371,2432,61
sniffing,2489,2432,2489,57
walking,2547,2489,2547,58
sniffing,2548,2547,2548,1
running,2566,2548,2566,18
stepping,2570,2566,2570,4
running,2616,2570,2616,46
sniffing,2617,2616,2617,1
stepping,2701,2617,2701,84
sniffing,2867,2701,2867,166
walking,2912,2867,2912,45
trotting,2942,2912,2942,30
running,2945,2942,2945,3
trotting,3019,2945,3019,74
walking,3076,3019,3076,57
trotting,3100,3076,3100,24
walking,3101,3100,3101,1
sniffing,3161,3101,3161,60
grooming,3162,3161,3162,1
rearing,3163,3162,3163,1
grooming,3302,3163,3302,139
walking,3329,3302,3329,27
sniffing,3431,3329,3431,102
grooming,3436,3431,3436,5
left_turning,3489,3436,3489,53
sniffing,3490,3489,3490,1
right_turning,3514,3490,3514,24
sniffing,3647,3514,3647,133
left_turning,3698,3647,3698,51
sniffing,3717,3698,3717,19
rearing,3812,3717,3812,95
rising,3837,3812,3837,25
left_turning,3856,3837,3856,19
running,3869,3856,3869,13
walking,3881,3869,3881,12
trotting,3919,3881,3919,38
walking,3962,3919,3962,43
rising,4005,3962,4005,43
rearing,4044,4005,4044,39
grooming,4184,4044,4184,140
rising,4239,4184,4239,55
left_turning,4288,4239,4288,49
walking,4328,4288,4328,40
sniffing,4386,4328,4386,58
rising,4410,4386,4410,24
sniffing,4440,4410,4440,30
stepping,4494,4440,4494,54
sniffing,4503,4494,4503,9
left_turning,4526,4503,4526,23
stepping,4571,4526,4571,45
sniffing,4572,4571,4572,1
walking,4580,4572,4580,8
sniffing,4636,4580,4636,56
rising,4692,4636,4692,56
sniffing,4770,4692,4770,78
stepping,4787,4770,4787,17
walking,4822,4787,4822,35
trotting,4870,4822,4870,48
sniffing,4926,4870,4926,56
running,4961,4926,4961,35
trotting,4990,4961,4990,29
sniffing,4991,4990,4991,1
rising,5021,4991,5021,30
sniffing,5289,5021,5289,268
left_turning,5290,5289,5290,1
running,5305,5290,5305,15
walking,5306,5305,5306,1
left_turning,5358,5306,5358,52
sniffing,5649,5358,5649,291
rising,5670,5649,5670,21
trotting,5679,5670,5679,9
walking,5753,5679,5753,74
right_turning,5778,5753,5778,25
stepping,5800,5778,5800,22
rising,5801,5800,5801,1
walking,5891,5801,5891,90
stepping,5929,5891,5929,38
rising,5999,5929,5999,70
sniffing,6038,5999,6038,39
rising,6039,6038,6039,1
left_turning,6111,6039,6111,72
rearing,6153,6111,6153,42
rising,6155,6153,6155,2
rearing,6156,6155,6156,1
grooming,6323,6156,6323,167
rearing,6324,6323,6324,1
climbing,6383,6324,6383,59
right_turning,6427,6383,6427,44
walking,6491,6427,6491,64
trotting,6494,6491,6494,3
running,6521,6494,6521,27
trotting,6588,6521,6588,67
walking,6589,6588,6589,1
stepping,6605,6589,6605,16
left_turning,6686,6605,6686,81
grooming,6878,6686,6878,192
rearing,6883,6878,6883,5
grooming,6979,6883,6979,96
right_turning,6994,6979,6994,15
walking,7047,6994,7047,53
stepping,7102,7047,7102,55
left_turning,7173,7102,7173,71
walking,7190,7173,7190,17
sniffing,7292,7190,7292,102
stepping,7295,7292,7295,3
rising,7352,7295,7352,57
walking,7388,7352,7388,36
rising,7389,7388,7389,1
rearing,7535,7389,7535,146
hunching,7562,7535,7562,27
rising,7595,7562,7595,33
rearing,7655,7595,7655,60
climbing,7692,7655,7692,37
rearing,7693,7692,7693,1
grooming,7740,7693,7740,47
sniffing,7761,7740,7761,21
grooming,7989,7761,7989,228
hunching,8020,7989,8020,31
grooming,8021,8020,8021,1
rising,8047,8021,8047,26
sniffing,8105,8047,8105,58
stepping,8132,8105,8132,27
rising,8185,8132,8185,53
stepping,8270,8185,8270,85
rising,8298,8270,8298,28
walking,8353,8298,8353,55
sniffing,8587,8353,8587,234
left_turning,8612,8587,8612,25
stepping,8639,8612,8639,27
sniffing,8699,8639,8699,60
walking,8706,8699,8706,7
running,8726,8706,8726,20
walking,8741,8726,8741,15
sniffing,8796,8741,8796,55
walking,8833,8796,8833,37
trotting,8904,8833,8904,71
walking,8986,8904,8986,82
rising,9017,8986,9017,31
walking,9091,9017,9091,74
sniffing,9128,9091,9128,37
walking,9209,9128,9209,81
sniffing,9318,9209,9318,109
rising,9346,9318,9346,28
sniffing,9426,9346,9426,80
hunching,9537,9426,9537,111
rearing,9627,9537,9627,90
hunching,9699,9627,9699,72
rearing,9732,9699,9732,33
climbing,9827,9732,9827,95
rearing,9913,9827,9913,86
climbing,9968,9913,9968,55
left_turning,10015,9968,10015,47
running,10028,10015,10028,13
walking,10032,10028,10032,4
rising,10080,10032,10080,48
rearing,10143,10080,10143,63
right_turning,10203,10143,10203,60
walking,10233,10203,10233,30
stepping,10272,10233,10272,39
rising,10273,10272,10273,1
walking,10324,10273,10324,51
sniffing,10325,10324,10325,1
rising,10336,10325,10336,11
grooming,10513,10336,10513,177
hunching,10570,10513,10570,57
sniffing,10684,10570,10684,114
walking,10710,10684,10710,26
sniffing,10880,10710,10880,170
rearing,11022,10880,11022,142
hunching,11064,11022,11064,42
grooming,11194,11064,11194,130
sniffing,11226,11194,11226,32
grooming,11287,11226,11287,61
sniffing,11315,11287,11315,28
walking,11353,11315,11353,38
sniffing,11455,11353,11455,102
grooming,11583,11455,11583,128
sniffing,11648,11583,11648,65
rearing,11707,11648,11707,59
sniffing,11708,11707,11708,1
walking,11745,11708,11745,37
rising,11771,11745,11771,26
grooming,11873,11771,11873,102
stepping,11940,11873,11940,67
grooming,12001,11940,12001,61
rearing,12075,12001,12075,74
stepping,12110,12075,12110,35
running,12113,12110,12113,3
rising,12144,12113,12144,31
sniffing,12145,12144,12145,1
grooming,12296,12145,12296,151
walking,12322,12296,12322,26
grooming,12352,12322,12352,30
rearing,12423,12352,12423,71
walking,12529,12423,12529,106
stepping,12568,12529,12568,39
climbing,12628,12568,12628,60
right_turning,12636,12628,12636,8
sniffing,12721,12636,12721,85
walking,12817,12721,12817,96
grooming,12934,12817,12934,117
rising,12956,12934,12956,22
climbing,13027,12956,13027,71
running,13072,13027,13072,45
stepping,13092,13072,13092,20
walking,13185,13092,13185,93
stepping,13263,13185,13263,78
sniffing,13298,13263,13298,35
hunching,13308,13298,13308,10
grooming,13449,13308,13449,141
rising,13450,13449,13450,1
stepping,13502,13450,13502,52
sniffing,13524,13502,13524,22
trotting,13590,13524,13590,66
stepping,13680,13590,13680,90
trotting,13726,13680,13726,46
sniffing,13791,13726,13791,65
stepping,13841,13791,13841,50
sniffing,13953,13841,13953,112
grooming,14162,13953,14162,209
walking,14236,14162,14236,74
rising,14282,14236,14282,46
running,14305,14282,14305,23
walking,14373,14305,14373,68
grooming,14437,14373,14437,64
climbing,14505,14437,14505,68
grooming,14600,14505,14600,95
hunching,14616,14600,14616,16
rearing,14637,14616,14637,21
hunching,14638,14637,14638,1
climbing,14659,14638,14659,21
stepping,14681,14659,14681,22
walking,14752,14681,14752,71
sniffing,14795,14752,14795,43
stepping,14796,14795,14796,1
grooming,14797,14796,14797,1
sniffing,14859,14797,14859,62
rising,14873,14859,14873,14
grooming,14930,14873,14930,57
walking,14931,14930,14931,1
sniffing,14932,14931,14932,1
walking,14950,14932,14950,18
grooming,15016,14950,15016,66
sniffing,15018,15016,15018,2
rising,15107,15018,15107,89
walking,15145,15107,15145,38
grooming,15181,15145,15181,36
rising,15210,15181,15210,29
walking,15244,15210,15244,34
sniffing,15245,15244,15245,1
walking,15250,15245,15250,5
sniffing,15254,15250,15254,4
running,15277,15254,15277,23
sniffing,15328,15277,15328,51
grooming,15450,15328,15450,122
climbing,15460,15450,15460,10
grooming,15461,15460,15461,1
sniffing,15545,15461,15545,84
stepping,15550,15545,15550,5
right_turning,15553,15550,15553,3
walking,15605,15553,15605,52
sniffing,15606,15605,15606,1
walking,15660,15606,15660,54
trotting,15706,15660,15706,46
sniffing,15792,15706,15792,86
grooming,15804,15792,15804,12
sniffing,15818,15804,15818,14
grooming,15928,15818,15928,110
left_turning,15961,15928,15961,33
walking,15977,15961,15977,16
rearing,16012,15977,16012,35
climbing,16057,16012,16057,45
grooming,16058,16057,16058,1
right_turning,16108,16058,16108,50
stepping,16225,16108,16225,117
sniffing,16275,16225,16275,50
rearing,16276,16275,16276,1
left_turning,16306,16276,16306,30
trotting,16337,16306,16337,31
stepping,16357,16337,16357,20
running,16386,16357,16386,29
rising,16437,16386,16437,51
trotting,16470,16437,16470,33
sniffing,16516,16470,16516,46
left_turning,16552,16516,16552,36
walking,16626,16552,16626,74
stepping,16670,16626,16670,44
walking,16671,16670,16671,1
sniffing,16761,16671,16761,90
grooming,16762,16761,16762,1
rearing,16823,16762,16823,61
climbing,16843,16823,16843,20
grooming,16891,16843,16891,48
stepping,16907,16891,16907,16
running,16913,16907,16913,6
rising,16955,16913,16955,42
left_turning,16980,16955,16980,25
running,16998,16980,16998,18
stepping,17024,16998,17024,26
walking,17134,17024,17134,110
trotting,17154,17134,17154,20
rising,17155,17154,17155,1
rearing,17244,17155,17244,89
grooming,17295,17244,17295,51
rising,17334,17295,17334,39
rearing,17457,17334,17457,123
walking,17494,17457,17494,37
running,17527,17494,17527,33
walking,17541,17527,17541,14
left_turning,17542,17541,17542,1
running,17562,17542,17562,20
walking,17641,17562,17641,79
trotting,17688,17641,17688,47
rising,17767,17688,17767,79
climbing,17885,17767,17885,118
left_turning,17886,17885,17886,1
walking,17935,17886,17935,49
stepping,17955,17935,17955,20
walking,17956,17955,17956,1
trotting,18020,17956,18020,64
stepping,18023,18020,18023,3
grooming,18210,18023,18210,187
rising,18211,18210,18211,1
left_turning,18238,18211,18238,27
grooming,18239,18238,18239,1
stepping,18260,18239,18260,21
walking,18311,18260,18311,51
stepping,18430,18311,18430,119
sniffing,18460,18430,18460,30
left_turning,18471,18460,18471,11
rising,18508,18471,18508,37
grooming,18539,18508,18539,31
stepping,18540,18539,18540,1
sniffing,18591,18540,18591,51
grooming,18592,18591,18592,1
sniffing,18593,18592,18593,1
stepping,18635,18593,18635,42
trotting,18651,18635,18651,16
rising,18721,18651,18721,70
sniffing,18794,18721,18794,73
left_turning,18886,18794,18886,92
sniffing,18932,18886,18932,46
hunching,18933,18932,18933,1
rearing,18951,18933,18951,18
sniffing,19066,18951,19066,115
rising,19124,19066,19124,58
grooming,19220,19124,19220,96
walking,19275,19220,19275,55
stepping,19328,19275,19328,53
sniffing,19397,19328,19397,69
rising,19443,19397,19443,46
left_turning,19460,19443,19460,17
grooming,19520,19460,19520,60
trotting,19548,19520,19548,28
sniffing,19562,19548,19562,14
rising,19612,19562,19612,50
grooming,19798,19612,19798,186
sniffing,19838,19798,19838,40
stepping,19903,19838,19903,65
walking,19935,19903,19935,32
stepping,20032,19935,20032,97
rearing,20057,20032,20057,25
climbing,20085,20057,20085,28
walking,20109,20085,20109,24
sniffing,20217,20109,20217,108
stepping,20244,20217,20244,27
walking,20275,20244,20275,31
right_turning,20281,20275,20281,6
stepping,20326,20281,20326,45
walking,20353,20326,20353,27
trotting,20377,20353,20377,24
rising,20383,20377,20383,6
left_turning,20444,20383,20444,61
walking,20462,20444,20462,18
grooming,20463,20462,20463,1
rearing,20518,20463,20518,55
grooming,20519,20518,20519,1
rearing,20575,20519,20575,56
grooming,20724,20575,20724,149
hunching,20752,20724,20752,28
sniffing,20790,20752,20790,38
stepping,20824,20790,20824,34
rearing,20879,20824,20879,55
walking,20934,20879,20934,55
sniffing,20935,20934,20935,1
walking,20973,20935,20973,38
grooming,20997,20973,20997,24
hunching,21012,20997,21012,15
grooming,21161,21012,21161,149
running,21204,21161,21204,43
trotting,21256,21204,21256,52
sniffing,21323,21256,21323,67
left_turning,21385,21323,21385,62
walking,21416,21385,21416,31
trotting,21438,21416,21438,22
sniffing,21474,21438,21474,36
rising,21475,21474,21475,1
sniffing,21570,21475,21570,95
trotting,21608,21570,21608,38
stepping,21648,21608,21648,40
sniffing,21871,21648,21871,223
rearing,21908,21871,21908,37
sniffing,21975,21908,21975,67
grooming,21976,21975,21976,1
running,22017,21976,22017,41
trotting,22095,22017,22095,78
sniffing,22123,22095,22123,28
rising,22124,22123,22124,1
stepping,22127,22124,22127,3
left_turning,22182,22127,22182,55
sniffing,22201,22182,22201,19
climbing,22237,22201,22237,36
right_turning,22246,22237,22246,9
walking,22247,22246,22247,1
right_turning,22258,22247,22258,11
sniffing,22271,22258,22271,13
climbing,22325,22271,22325,54
right_turning,22346,22325,22346,21
walking,22392,22346,22392,46
sniffing,22445,22392,22445,53
stepping,22482,22445,22482,37
rising,22508,22482,22508,26
rearing,22509,22508,22509,1
hunching,22559,22509,22559,50
rearing,22618,22559,22618,59
hunching,22675,22618,22675,57
grooming,22769,22675,22769,94
right_turning,22782,22769,22782,13
stepping,22794,22782,22794,12
walking,22876,22794,22876,82
sniffing,22924,22876,22924,48
walking,23017,22924,23017,93
stepping,23055,23017,23055,38
sniffing,23056,23055,23056,1
rising,23094,23056,23094,38
stepping,23146,23094,23146,52
walking,23147,23146,23147,1
sniffing,23201,23147,23201,54
rearing,23282,23201,23282,81
stepping,23308,23282,23308,26
sniffing,23309,23308,23309,1
rising,23331,23309,23331,22
sniffing,23332,23331,23332,1
grooming,23475,23332,23475,143
climbing,23485,23475,23485,10
right_turning,23486,23485,23486,1
stepping,23517,23486,23517,31
sniffing,23821,23517,23821,304
stepping,23866,23821,23866,45
sniffing,23908,23866,23908,42
walking,23943,23908,23943,35
grooming,24067,23943,24067,124
sniffing,24122,24067,24122,55
rearing,24125,24122,24125,3
sniffing,24173,24125,24173,48
rearing,24180,24173,24180,7
grooming,24373,24180,24373,193
rising,24447,24373,24447,74
sniffing,24448,24447,24448,1
rising,24468,24448,24468,20
walking,24556,24468,24556,88
trotting,24559,24556,24559,3
sniffing,24581,24559,24581,22
walking,24597,24581,24597,16
sniffing,24861,24597,24861,264
walking,24936,24861,24936,75
sniffing,25077,24936,25077,141
trotting,25112,25077,25112,35
sniffing,25169,25112,25169,57
right_turning,25202,25169,25202,33
walking,25239,25202,25239,37
rearing,25273,25239,25273,34
grooming,25322,25273,25322,49
left_turning,25340,25322,25340,18
walking,25355,25340,25355,15
sniffing,25410,25355,25410,55
rising,25436,25410,25436,26
rearing,25499,25436,25499,63
hunching,25500,25499,25500,1
grooming,25626,25500,25626,126
stepping,25635,25626,25635,9
sniffing,25716,25635,25716,81
grooming,25780,25716,25780,64
rearing,25814,25780,25814,34
sniffing,25871,25814,25871,57
grooming,26175,25871,26175,304
hunching,26212,26175,26212,37
grooming,26213,26212,26213,1
sniffing,26287,26213,26287,74
rising,26328,26287,26328,41
sniffing,26343,26328,26343,15
grooming,26457,26343,26457,114
walking,26522,26457,26522,65
stepping,26595,26522,26595,73
sniffing,26748,26595,26748,153
walking,26806,26748,26806,58
sniffing,26884,26806,26884,78
grooming,27086,26884,27086,202
walking,27127,27086,27127,41
sniffing,27133,27127,27133,6
left_turning,27134,27133,27134,1
walking,27189,27134,27189,55
sniffing,27305,27189,27305,116
grooming,27331,27305,27331,26
stepping,27363,27331,27363,32
walking,27422,27363,27422,59
grooming,27526,27422,27526,104
sniffing,27588,27526,27588,62
walking,27603,27588,27603,15
stepping,27665,27603,27665,62
sniffing,27758,27665,27758,93
walking,27759,27758,27759,1
sniffing,27781,27759,27781,22
walking,27823,27781,27823,42
left_turning,27898,27823,27898,75
walking,27994,27898,27994,96
sniffing,28011,27994,28011,17
grooming,28130,28011,28130,119
hunching,28131,28130,28131,1
scratching,28132,28131,28132,1
grooming,28420,28132,28420,288
stepping,28458,28420,28458,38
sniffing,28518,28458,28518,60
rising,28556,28518,28556,38
rearing,28610,28556,28610,54
grooming,29027,28610,29027,417
hunching,29051,29027,29051,24
grooming,29056,29051,29056,5
scratching,29057,29056,29057,1
sniffing,29075,29057,29075,18
stepping,29118,29075,29118,43
walking,29192,29118,29192,74
left_turning,29279,29192,29279,87
stepping,29317,29279,29317,38
sniffing,29318,29317,29318,1
stepping,29361,29318,29361,43
walking,29365,29361,29365,4
stepping,29426,29365,29426,61
rising,29497,29426,29497,71
sniffing,29534,29497,29534,37
rising,29556,29534,29556,22
stepping,29590,29556,29590,34
grooming,29817,29590,29817,227
hunching,29828,29817,29828,11
grooming,30095,29828,30095,267
left_turning,30141,30095,30141,46
sniffing,30346,30141,30346,205
left_turning,30374,30346,30374,28
grooming,30451,30374,30451,77
left_turning,30493,30451,30493,42
walking,30513,30493,30513,20
sniffing,30542,30513,30542,29
walking,30631,30542,30631,89
left_turning,30681,30631,30681,50
sniffing,30682,30681,30682,1
grooming,30816,30682,30816,134
rearing,30817,30816,30817,1
grooming,30818,30817,30818,1
walking,30819,30818,30819,1
sniffing,30892,30819,30892,73
stepping,30947,30892,30947,55
walking,31014,30947,31014,67
rising,31052,31014,31052,38
grooming,31126,31052,31126,74
trotting,31159,31126,31159,33
walking,31190,31159,31190,31
rising,31254,31190,31254,64
sniffing,31298,31254,31298,44
climbing,31327,31298,31327,29
sniffing,31382,31327,31382,55
running,31400,31382,31400,18
trotting,31437,31400,31437,37
grooming,31767,31437,31767,330
rising,31783,31767,31783,16
climbing,31789,31783,31789,6
sniffing,31896,31789,31896,107
stepping,31946,31896,31946,50
sniffing,32043,31946,32043,97
grooming,32175,32043,32175,132
left_turning,32196,32175,32196,21
stepping,32265,32196,32265,69
climbing,32472,32265,32472,207
left_turning,32509,32472,32509,37
sniffing,32599,32509,32599,90
grooming,32723,32599,32723,124
hunching,32799,32723,32799,76
grooming,33103,32799,33103,304
sniffing,33104,33103,33104,1
grooming,33220,33104,33220,116
rearing,33314,33220,33314,94
rising,33389,33314,33389,75
trotting,33397,33389,33397,8
sniffing,33424,33397,33424,27
walking,33488,33424,33488,64
sniffing,33520,33488,33520,32
grooming,33830,33520,33830,310
hunching,33898,33830,33898,68
stepping,33970,33898,33970,72
left_turning,33971,33970,33971,1
rearing,33993,33971,33993,22
walking,34068,33993,34068,75
sniffing,34192,34068,34192,124
stepping,34200,34192,34200,8
left_turning,34246,34200,34246,46
grooming,34509,34246,34509,263
hunching,34559,34509,34559,50
grooming,34560,34559,34560,1
walking,34580,34560,34580,20
rising,34608,34580,34608,28
hunching,34609,34608,34609,1
sniffing,34693,34609,34693,84
rising,34749,34693,34749,56
grooming,34927,34749,34927,178
walking,34959,34927,34959,32
sniffing,34996,34959,34996,37
grooming,35103,34996,35103,107
running,35119,35103,35119,16
stepping,35136,35119,35136,17
sniffing,35137,35136,35137,1
walking,35195,35137,35195,58
sniffing,35196,35195,35196,1
left_turning,35252,35196,35252,56
rising,35266,35252,35266,14
grooming,35397,35266,35397,131
hunching,35454,35397,35454,57
rearing,35459,35454,35459,5
walking,35490,35459,35490,31
sniffing,35522,35490,35522,32
walking,35592,35522,35592,70
stepping,35593,35592,35593,1
rearing,35594,35593,35594,1
hunching,35595,35594,35595,1
grooming,35713,35595,35713,118
stepping,35718,35713,35718,5
rising,35742,35718,35742,24
sniffing,35840,35742,35840,98
walking,35896,35840,35896,56
trotting,35946,35896,35946,50
sniffing,35995,35946,35995,49
rising,35996,35995,35996,1
stepping,36044,35996,36044,48
sniffing,36219,36044,36219,175
grooming,36602,36219,36602,383
sniffing,36688,36602,36688,86
right_turning,36705,36688,36705,17
walking,36714,36705,36714,9
stepping,36747,36714,36747,33
right_turning,36784,36747,36784,37
sniffing,36919,36784,36919,135
hunching,37037,36919,37037,118
grooming,37324,37037,37324,287
rearing,37383,37324,37383,59
grooming,37477,37383,37477,94
jumping,37510,37477,37510,33
right_turning,37544,37510,37544,34
stepping,37545,37544,37545,1
sniffing,37596,37545,37596,51
stepping,37636,37596,37636,40
sniffing,37857,37636,37857,221
walking,37919,37857,37919,62
sniffing,38015,37919,38015,96
climbing,38016,38015,38016,1
rising,38082,38016,38082,66
climbing,38168,38082,38168,86
running,38209,38168,38209,41
walking,38261,38209,38261,52
sniffing,38303,38261,38303,42
right_turning,38324,38303,38324,21
stepping,38376,38324,38376,52
right_turning,38393,38376,38393,17
stepping,38418,38393,38418,25
walking,38445,38418,38445,27
sniffing,38446,38445,38446,1
left_turning,38476,38446,38476,30
sniffing,38528,38476,38528,52
grooming,38529,38528,38529,1
left_turning,38597,38529,38597,68
stepping,38612,38597,38612,15
rising,38662,38612,38662,50
climbing,38719,38662,38719,57
rising,38786,38719,38786,67
grooming,38787,38786,38787,1
scratching,38788,38787,38788,1
walking,38881,38788,38881,93
rising,38949,38881,38949,68
stepping,39005,38949,39005,56
left_turning,39056,39005,39056,51
sniffing,39057,39056,39057,1
rearing,39058,39057,39058,1
climbing,39063,39058,39063,5
trotting,39074,39063,39074,11
stepping,39102,39074,39102,28
sniffing,39169,39102,39169,67
rising,39260,39169,39260,91
rearing,39335,39260,39335,75
rising,39367,39335,39367,32
climbing,39429,39367,39429,62
grooming,39499,39429,39499,70
stepping,39559,39499,39559,60
running,39576,39559,39576,17
sniffing,39759,39576,39759,183
trotting,39797,39759,39797,38
stepping,39861,39797,39861,64
left_turning,39915,39861,39915,54
hunching,40008,39915,40008,93
stepping,40048,40008,40048,40
sniffing,40067,40048,40067,19
left_turning,40145,40067,40145,78
stepping,40163,40145,40163,18
sniffing,40164,40163,40164,1
stepping,40182,40164,40182,18
sniffing,40252,40182,40252,70
walking,40253,40252,40253,1
sniffing,40301,40253,40301,48
walking,40367,40301,40367,66
climbing,40408,40367,40408,41
rearing,40494,40408,40494,86
grooming,40684,40494,40684,190
rearing,40688,40684,40688,4
grooming,40695,40688,40695,7
scratching,40696,40695,40696,1
walking,40750,40696,40750,54
rising,40789,40750,40789,39
sniffing,40790,40789,40790,1
walking,40837,40790,40837,47
sniffing,41028,40837,41028,191
trotting,41035,41028,41035,7
walking,41050,41035,41050,15
stepping,41074,41050,41074,24
sniffing,41076,41074,41076,2
climbing,41128,41076,41128,52
stepping,41149,41128,41149,21
sniffing,41162,41149,41162,13
walking,41201,41162,41201,39
sniffing,41259,41201,41259,58
trotting,41321,41259,41321,62
walking,41332,41321,41332,11
rising,41408,41332,41408,76
rearing,41474,41408,41474,66
sniffing,41475,41474,41475,1
walking,41481,41475,41481,6
sniffing,41524,41481,41524,43
hunching,41608,41524,41608,84
grooming,41647,41608,41647,39
left_turning,41714,41647,41714,67
walking,41758,41714,41758,44
trotting,41784,41758,41784,26
sniffing,41801,41784,41801,17
walking,41916,41801,41916,115
sniffing,42012,41916,42012,96
right_turning,42015,42012,42015,3
stepping,42083,42015,42083,68
rising,42110,42083,42110,27
climbing,42151,42110,42151,41
walking,42178,42151,42178,27
grooming,42224,42178,42224,46
rearing,42246,42224,42246,22
grooming,42247,42246,42247,1
right_turning,42279,42247,42279,32
stepping,42344,42279,42344,65
sniffing,42345,42344,42345,1
grooming,42530,42345,42530,185
climbing,42578,42530,42578,48
trotting,42601,42578,42601,23
walking,42658,42601,42658,57
stepping,42717,42658,42717,59
rising,42718,42717,42718,1
sniffing,42846,42718,42846,128
walking,42899,42846,42899,53
grooming,42930,42899,42930,31
rising,42952,42930,42952,22
sniffing,42973,42952,42973,21
grooming,42984,42973,42984,11
hunching,43009,42984,43009,25
sniffing,43015,43009,43015,6
grooming,43114,43015,43114,99
walking,43158,43114,43158,44
sniffing,43281,43158,43281,123
walking,43282,43281,43282,1
sniffing,43345,43282,43345,63
stepping,43383,43345,43383,38
sniffing,43721,43383,43721,338
grooming,43932,43721,43932,211
walking,43956,43932,43956,24
stepping,43979,43956,43979,23
grooming,44091,43979,44091,112
left_turning,44174,44091,44174,83
stepping,44217,44174,44217,43
sniffing,44223,44217,44223,6
climbing,44284,44223,44284,61
rearing,44349,44284,44349,65
grooming,44350,44349,44350,1
walking,44395,44350,44395,45
sniffing,44418,44395,44418,23
grooming,44487,44418,44487,69
walking,44543,44487,44543,56
sniffing,44586,44543,44586,43
grooming,44869,44586,44869,283
sniffing,44969,44869,44969,100
rising,44972,44969,44972,3
climbing,44992,44972,44992,20
grooming,45018,44992,45018,26
left_turning,45045,45018,45045,27
trotting,45108,45045,45108,63
sniffing,45166,45108,45166,58
rising,45205,45166,45205,39
sniffing,45272,45205,45272,67
left_turning,45332,45272,45332,60
walking,45378,45332,45378,46
right_turning,45393,45378,45393,15
running,45421,45393,45421,28
right_turning,45451,45421,45451,30
grooming,45507,45451,45507,56
climbing,45596,45507,45596,89
sniffing,45703,45596,45703,107
left_turning,45759,45703,45759,56
walking,45873,45759,45873,114
running,45884,45873,45884,11
walking,45912,45884,45912,28
trotting,45934,45912,45934,22
walking,45999,45934,45999,65
right_turning,46000,45999,46000,1
trotting,46043,46000,46043,43
sniffing,46121,46043,46121,78
left_turning,46181,46121,46181,60
hunching,46209,46181,46209,28
grooming,46421,46209,46421,212
stepping,46452,46421,46452,31
rearing,46453,46452,46453,1
grooming,46523,46453,46523,70
rearing,46550,46523,46550,27
climbing,46552,46550,46552,2
walking,46682,46552,46682,130
sniffing,46683,46682,46683,1
rising,46703,46683,46703,20
hunching,46723,46703,46723,20
grooming,46797,46723,46797,74
scratching,46798,46797,46798,1
sniffing,46821,46798,46821,23
stepping,46856,46821,46856,35
walking,46914,46856,46914,58
climbing,46987,46914,46987,73
walking,47023,46987,47023,36
sniffing,47024,47023,47024,1
stepping,47067,47024,47067,43
sniffing,47261,47067,47261,194
grooming,47433,47261,47433,172
rearing,47487,47433,47487,54
right_turning,47503,47487,47503,16
rearing,47613,47503,47613,110
sniffing,47683,47613,47683,70
stepping,47717,47683,47717,34
sniffing,47737,47717,47737,20
stepping,47748,47737,47748,11
sniffing,47801,47748,47801,53
stepping,47826,47801,47826,25
sniffing,47878,47826,47878,52
right_turning,47902,47878,47902,24
sniffing,47938,47902,47938,36
walking,47969,47938,47969,31
climbing,48026,47969,48026,57
trotting,48052,48026,48052,26
climbing,48053,48052,48053,1
rearing,48126,48053,48126,73
grooming,48127,48126,48127,1
sniffing,48217,48127,48217,90
scratching,48218,48217,48218,1
left_turning,48228,48218,48228,10
sniffing,48239,48228,48239,11
rising,48286,48239,48286,47
climbing,48287,48286,48287,1
grooming,48288,48287,48288,1
trotting,48313,48288,48313,25
walking,48314,48313,48314,1
sniffing,48370,48314,48370,56
stepping,48435,48370,48435,65
climbing,48500,48435,48500,65
sniffing,48501,48500,48501,1
walking,48502,48501,48502,1
grooming,48503,48502,48503,1
climbing,48604,48503,48604,101
stepping,48612,48604,48612,8
sniffing,48852,48612,48852,240
right_turning,48876,48852,48876,24
trotting,48889,48876,48889,13
walking,48948,48889,48948,59
sniffing,48949,48948,48949,1
rising,48993,48949,48993,44
right_turning,49013,48993,49013,20
running,49037,49013,49037,24
left_turning,49038,49037,49038,1
stepping,49068,49038,49068,30
sniffing,49216,49068,49216,148
grooming,49263,49216,49263,47
rearing,49364,49263,49364,101
sniffing,49392,49364,49392,28
walking,49427,49392,49427,35
sniffing,49491,49427,49491,64
rising,49510,49491,49510,19
climbing,49565,49510,49565,55
walking,49566,49565,49566,1
sniffing,49631,49566,49631,65
rising,49656,49631,49656,25
left_turning,49683,49656,49683,27
rising,49742,49683,49742,59
rearing,49894,49742,49894,152
grooming,49895,49894,49895,1
rearing,49999,49895,49999,104
sniffing,50021,49999,50021,22
grooming,50174,50021,50174,153
rising,50263,50174,50263,89
rearing,50364,50263,50364,101
climbing,50423,50364,50423,59
walking,50560,50423,50560,137
right_turning,50575,50560,50575,15
sniffing,50665,50575,50665,90
right_turning,50685,50665,50685,20
walking,50695,50685,50695,10
trotting,50707,50695,50707,12
stepping,50762,50707,50762,55
running,50775,50762,50775,13
sniffing,50872,50775,50872,97
grooming,50873,50872,50873,1
rearing,50876,50873,50876,3
rising,50893,50876,50893,17
grooming,51030,50893,51030,137
hunching,51031,51030,51031,1
grooming,51122,51031,51122,91
stepping,51126,51122,51126,4
rising,51146,51126,51146,20
climbing,51202,51146,51202,56
grooming,51203,51202,51203,1
walking,51204,51203,51204,1
sniffing,51235,51204,51235,31
grooming,51236,51235,51236,1
climbing,51249,51236,51249,13
walking,51282,51249,51282,33
stepping,51314,51282,51314,32
climbing,51382,51314,51382,68
walking,51383,51382,51383,1
grooming,51415,51383,51415,32
rising,51424,51415,51424,9
walking,51483,51424,51483,59
sniffing,51517,51483,51517,34
walking,51579,51517,51579,62
rising,51580,51579,51580,1
grooming,51581,51580,51581,1
rising,51653,51581,51653,72
right_turning,51690,51653,51690,37
sniffing,51691,51690,51691,1
grooming,51692,51691,51692,1
rising,51733,51692,51733,41
climbing,51862,51733,51862,129
trotting,51892,51862,51892,30
sniffing,51957,51892,51957,65
grooming,51958,51957,51958,1
right_turning,52006,51958,52006,48
walking,52078,52006,52078,72
sniffing,52182,52078,52182,104
grooming,52360,52182,52360,178
sniffing,52557,52360,52557,197
grooming,52727,52557,52727,170
walking,52796,52727,52796,69
sniffing,52921,52796,52921,125
climbing,52937,52921,52937,16
rising,52986,52937,52986,49
hunching,53025,52986,53025,39
rearing,53107,53025,53107,82
hunching,53108,53107,53108,1
grooming,53162,53108,53162,54
sniffing,53163,53162,53163,1
walking,53170,53163,53170,7
stepping,53205,53170,53205,35
running,53221,53205,53221,16
stepping,53288,53221,53288,67
sniffing,53330,53288,53330,42
walking,53353,53330,53353,23
trotting,53371,53353,53371,18
walking,53428,53371,53428,57
rising,53435,53428,53435,7
rearing,53510,53435,53510,75
left_turning,53586,53510,53586,76
walking,53589,53586,53589,3
stepping,53597,53589,53597,8
sniffing,53636,53597,53636,39
grooming,53637,53636,53637,1
trotting,53660,53637,53660,23
sniffing,53661,53660,53661,1
trotting,53689,53661,53689,28
sniffing,53690,53689,53690,1
rising,53691,53690,53691,1
walking,53763,53691,53763,72
stepping,53812,53763,53812,49
sniffing,53831,53812,53831,19
left_turning,53899,53831,53899,68
running,53935,53899,53935,36
sniffing,54137,53935,54137,202
left_turning,54159,54137,54159,22
sniffing,54173,54159,54173,14
walking,54174,54173,54174,1
sniffing,54357,54174,54357,183
stepping,54392,54357,54392,35
sniffing,54436,54392,54436,44
rearing,54437,54436,54437,1
grooming,54491,54437,54491,54
left_turning,54500,54491,54500,9
running,54510,54500,54510,10
stepping,54561,54510,54561,51
sniffing,54562,54561,54562,1
walking,54603,54562,54603,41
stepping,54614,54603,54614,11
sniffing,54615,54614,54615,1
grooming,54679,54615,54679,64
climbing,54770,54679,54770,91
grooming,54771,54770,54771,1
hunching,54862,54771,54862,91
sniffing,54874,54862,54874,12
left_turning,54900,54874,54900,26
walking,54937,54900,54937,37
stepping,55008,54937,55008,71
hunching,55041,55008,55041,33
rising,55061,55041,55061,20
sniffing,55062,55061,55062,1
rearing,55082,55062,55082,20
grooming,55346,55082,55346,264
rearing,55402,55346,55402,56
grooming,55403,55402,55403,1
sniffing,55523,55403,55523,120
rising,55536,55523,55536,13
walking,55611,55536,55611,75
grooming,55799,55611,55799,188
rearing,55895,55799,55895,96
grooming,56565,55895,56565,670
hunching,56650,56565,56650,85
grooming,56753,56650,56753,103
walking,56806,56753,56806,53
sniffing,56840,56806,56840,34
rearing,56855,56840,56855,15
hunching,56856,56855,56856,1
grooming,56953,56856,56953,97
hunching,56954,56953,56954,1
grooming,57184,56954,57184,230
rearing,57185,57184,57185,1
left_turning,57190,57185,57190,5
stepping,57228,57190,57228,38
sniffing,57264,57228,57264,36
grooming,57272,57264,57272,8
climbing,57321,57272,57321,49
grooming,57451,57321,57451,130
sniffing,57551,57451,57551,100
stepping,57565,57551,57565,14
grooming,57566,57565,57566,1
climbing,57638,57566,57638,72
walking,57680,57638,57680,42
sniffing,57729,57680,57729,49
grooming,57809,57729,57809,80
rearing,57861,57809,57861,52
climbing,57875,57861,57875,14
left_turning,57903,57875,57903,28
sniffing,57964,57903,57964,61
rearing,58062,57964,58062,98
left_turning,58119,58062,58119,57
hunching,58159,58119,58159,40
grooming,58161,58159,58161,2
walking,58210,58161,58210,49
sniffing,58476,58210,58476,266
stepping,58494,58476,58494,18
sniffing,58562,58494,58562,68
rearing,58621,58562,58621,59
walking,58668,58621,58668,47
trotting,58713,58668,58713,45
walking,58735,58713,58735,22
trotting,58759,58735,58759,24
walking,58778,58759,58778,19
stepping,58825,58778,58825,47
sniffing,58872,58825,58872,47
rising,58899,58872,58899,27
rearing,58991,58899,58991,92
walking,58999,58991,58999,8
sniffing,59115,58999,59115,116
rising,59116,59115,59116,1
sniffing,59162,59116,59162,46
walking,59163,59162,59163,1
sniffing,59202,59163,59202,39
climbing,59265,59202,59265,63
stepping,59297,59265,59297,32
sniffing,59298,59297,59298,1
rearing,59299,59298,59299,1
climbing,59351,59299,59351,52
right_turning,59377,59351,59377,26
walking,59471,59377,59471,94
sniffing,59489,59471,59489,18
left_turning,59513,59489,59513,24
walking,59520,59513,59520,7
sniffing,59558,59520,59558,38
rising,59577,59558,59577,19
grooming,59622,59577,59622,45
rearing,59664,59622,59664,42
grooming,60325,59664,60325,661
stepping,60399,60325,60399,74
walking,60403,60399,60403,4
stepping,60404,60403,60404,1
sniffing,60441,60404,60441,37
grooming,60530,60441,60530,89
left_turning,60575,60530,60575,45
walking,60619,60575,60619,44
sniffing,60691,60619,60691,72
stepping,60692,60691,60692,1
left_turning,60739,60692,60739,47
sniffing,60895,60739,60895,156
left_turning,60896,60895,60896,1
trotting,60916,60896,60916,20
walking,61007,60916,61007,91
left_turning,61016,61007,61016,9
walking,61051,61016,61051,35
stepping,61093,61051,61093,42
rearing,61113,61093,61113,20
hunching,61123,61113,61123,10
rising,61186,61123,61186,63
left_turning,61189,61186,61189,3
stepping,61238,61189,61238,49
trotting,61277,61238,61277,39
sniffing,61286,61277,61286,9
walking,61300,61286,61300,14
stepping,61389,61300,61389,89
walking,61423,61389,61423,34
stepping,61458,61423,61458,35
trotting,61486,61458,61486,28
left_turning,61580,61486,61580,94
stepping,61588,61580,61588,8
sniffing,61589,61588,61589,1
rising,61590,61589,61590,1
left_turning,61610,61590,61610,20
rising,61658,61610,61658,48
stepping,61677,61658,61677,19
sniffing,61814,61677,61814,137
rising,61841,61814,61841,27
left_turning,61843,61841,61843,2
sniffing,61844,61843,61844,1
walking,61862,61844,61862,18
sniffing,61915,61862,61915,53
left_turning,61979,61915,61979,64
stepping,62002,61979,62002,23
sniffing,62003,62002,62003,1
rising,62028,62003,62028,25
climbing,62077,62028,62077,49
rearing,62129,62077,62129,52
grooming,62518,62129,62518,389
running,62564,62518,62564,46
walking,62619,62564,62619,55
stepping,62642,62619,62642,23
rising,62692,62642,62692,50
grooming,62693,62692,62693,1
rearing,62727,62693,62727,34
grooming,62728,62727,62728,1
scratching,62729,62728,62729,1
left_turning,62730,62729,62730,1
stepping,62754,62730,62754,24
left_turning,62784,62754,62784,30
sniffing,62808,62784,62808,24
grooming,62809,62808,62809,1
hunching,62847,62809,62847,38
grooming,62848,62847,62848,1
left_turning,62854,62848,62854,6
trotting,62892,62854,62892,38
sniffing,62905,62892,62905,13
walking,62910,62905,62910,5
left_turning,62959,62910,62959,49
stepping,63011,62959,63011,52
sniffing,63012,63011,63012,1
right_turning,63041,63012,63041,29
walking,63186,63041,63186,145
rising,63211,63186,63211,25
left_turning,63240,63211,63240,29
walking,63241,63240,63241,1
sniffing,63242,63241,63242,1
stepping,63269,63242,63269,27
sniffing,63322,63269,63322,53
trotting,63351,63322,63351,29
sniffing,63352,63351,63352,1
walking,63405,63352,63405,53
stepping,63460,63405,63460,55
trotting,63461,63460,63461,1
sniffing,63462,63461,63462,1
rising,63489,63462,63489,27
grooming,63612,63489,63612,123
sniffing,63630,63612,63630,18
stepping,63687,63630,63687,57
sniffing,63738,63687,63738,51
rising,63739,63738,63739,1
sniffing,63785,63739,63785,46
left_turning,63806,63785,63806,21
sniffing,63841,63806,63841,35
left_turning,63869,63841,63869,28
sniffing,63870,63869,63870,1
hunching,63921,63870,63921,51
grooming,63972,63921,63972,51
sniffing,64013,63972,64013,41
walking,64052,64013,64052,39
running,64059,64052,64059,7
sniffing,64137,64059,64137,78
stepping,64239,64137,64239,102
walking,64271,64239,64271,32
stepping,64299,64271,64299,28
left_turning,64371,64299,64371,72
sniffing,64372,64371,64372,1
trotting,64412,64372,64412,40
stepping,64448,64412,64448,36
rearing,64466,64448,64466,18
hunching,64493,64466,64493,27
grooming,64533,64493,64533,40
sniffing,64549,64533,64549,16
rising,64578,64549,64578,29
grooming,65265,64578,65265,687
rearing,65266,65265,65266,1
grooming,65441,65266,65441,175
sniffing,65480,65441,65480,39
left_turning,65531,65480,65531,51
sniffing,65552,65531,65552,21
grooming,65553,65552,65553,1
sniffing,65566,65553,65566,13
grooming,66206,65566,66206,640
left_turning,66219,66206,66219,13
sniffing,66274,66219,66274,55
stepping,66319,66274,66319,45
sniffing,66374,66319,66374,55
walking,66426,66374,66426,52
sniffing,66427,66426,66427,1
rearing,66428,66427,66428,1
climbing,66443,66428,66443,15
grooming,66672,66443,66672,229
left_turning,66703,66672,66703,31
walking,66737,66703,66737,34
right_turning,66749,66737,66749,12
trotting,66787,66749,66787,38
walking,66832,66787,66832,45
climbing,66833,66832,66833,1
grooming,67464,66833,67464,631
hunching,67493,67464,67493,29
rearing,67534,67493,67534,41
grooming,67639,67534,67639,105
scratching,67640,67639,67640,1
sniffing,67641,67640,67641,1
grooming,67755,67641,67755,114
rising,67796,67755,67796,41
grooming,67950,67796,67950,154
rising,67957,67950,67957,7
sniffing,67958,67957,67958,1
grooming,68001,67958,68001,43
sniffing,68129,68001,68129,128
walking,68188,68129,68188,59
stepping,68260,68188,68260,72
rising,68271,68260,68271,11
rearing,68283,68271,68283,12
grooming,68562,68283,68562,279
left_turning,68593,68562,68593,31
sniffing,68634,68593,68634,41
rising,68723,68634,68723,89
running,68744,68723,68744,21
rising,68801,68744,68801,57
climbing,68965,68801,68965,164
rising,69001,68965,69001,36
climbing,69317,69001,69317,316
left_turning,69373,69317,69373,56
stepping,69388,69373,69388,15
walking,69402,69388,69402,14
sniffing,69498,69402,69498,96
stepping,69508,69498,69508,10
hunching,69509,69508,69509,1
grooming,69510,69509,69510,1
walking,69587,69510,69587,77
grooming,69751,69587,69751,164
left_turning,69800,69751,69800,49
stepping,69822,69800,69822,22
rearing,69836,69822,69836,14
stepping,69845,69836,69845,9
sniffing,69878,69845,69878,33
scratching,69879,69878,69879,1
sniffing,69907,69879,69907,28
scratching,69908,69907,69908,1
sniffing,69909,69908,69909,1
left_turning,69910,69909,69910,1
sniffing,69933,69910,69933,23
stepping,69993,69933,69993,60
trotting,70041,69993,70041,48
walking,70068,70041,70068,27
sniffing,70193,70068,70193,125
grooming,70382,70193,70382,189
sniffing,70383,70382,70383,1
grooming,70402,70383,70402,19
rising,70450,70402,70450,48
sniffing,70451,70450,70451,1
left_turning,70470,70451,70470,19
trotting,70526,70470,70526,56
walking,70559,70526,70559,33
sniffing,70642,70559,70642,83
right_turning,70686,70642,70686,44
walking,70841,70686,70841,155
sniffing,70954,70841,70954,113
stepping,71013,70954,71013,59
sniffing,71054,71013,71054,41
left_turning,71077,71054,71077,23
sniffing,71142,71077,71142,65
rising,71248,71142,71248,106
climbing,71252,71248,71252,4
right_turning,71282,71252,71282,30
sniffing,71283,71282,71283,1
grooming,71284,71283,71284,1
rearing,71285,71284,71285,1
left_turning,71286,71285,71286,1
sniffing,71390,71286,71390,104
hunching,71477,71390,71477,87
grooming,71678,71477,71678,201
rearing,71679,71678,71679,1
grooming,71680,71679,71680,1
sniffing,71735,71680,71735,55
scratching,71736,71735,71736,1
grooming,71738,71736,71738,2
rising,71805,71738,71805,67
climbing,71865,71805,71865,60
walking,71883,71865,71883,18
stepping,71884,71883,71884,1
sniffing,72149,71884,72149,265
grooming,72242,72149,72242,93
sniffing,72243,72242,72243,1
left_turning,72250,72243,72250,7
rising,72304,72250,72304,54
walking,72328,72304,72328,24
sniffing,72369,72328,72369,41
stepping,72402,72369,72402,33
trotting,72426,72402,72426,24
running,72453,72426,72453,27
rising,72575,72453,72575,122
sniffing,72784,72575,72784,209
walking,72862,72784,72862,78
stepping,72917,72862,72917,55
sniffing,72977,72917,72977,60
trotting,73001,72977,73001,24
walking,73022,73001,73022,21
sniffing,73138,73022,73138,116
right_turning,73166,73138,73166,28
sniffing,73209,73166,73209,43
right_turning,73224,73209,73224,15
sniffing,73278,73224,73278,54
stepping,73322,73278,73322,44
sniffing,73677,73322,73677,355
trotting,73681,73677,73681,4
stepping,73708,73681,73708,27
walking,73717,73708,73717,9
stepping,73742,73717,73742,25
sniffing,73766,73742,73766,24
stepping,73801,73766,73801,35
walking,73826,73801,73826,25
stepping,73871,73826,73871,45
walking,73872,73871,73872,1
sniffing,73940,73872,73940,68
stepping,74008,73940,74008,68
walking,74049,74008,74049,41
stepping,74146,74049,74146,97
sniffing,74251,74146,74251,105
stepping,74298,74251,74298,47
climbing,74352,74298,74352,54
grooming,74369,74352,74369,17
sniffing,74455,74369,74455,86
walking,74472,74455,74472,17
rearing,74517,74472,74517,45
left_turning,74570,74517,74570,53
walking,74655,74570,74655,85
trotting,74690,74655,74690,35
rising,74691,74690,74691,1
sniffing,74702,74691,74702,11
walking,74757,74702,74757,55
stepping,74783,74757,74783,26
grooming,74805,74783,74805,22
climbing,74806,74805,74806,1
stepping,74827,74806,74827,21
rearing,74851,74827,74851,24
hunching,74866,74851,74866,15
rearing,74951,74866,74951,85
hunching,74967,74951,74967,16
rearing,74968,74967,74968,1
walking,75017,74968,75017,49
right_turning,75049,75017,75049,32
walking,75058,75049,75058,9
sniffing,75109,75058,75109,51
stepping,75170,75109,75170,61
rearing,75171,75170,75171,1
grooming,75332,75171,75332,161
sniffing,75395,75332,75395,63
grooming,75462,75395,75462,67
walking,75496,75462,75496,34
stepping,75549,75496,75549,53
sniffing,75574,75549,75574,25
grooming,75642,75574,75642,68
walking,75729,75642,75729,87
sniffing,75873,75729,75873,144
left_turning,75982,75873,75982,109
sniffing,76092,75982,76092,110
grooming,76093,76092,76093,1
climbing,76131,76093,76131,38
grooming,76371,76131,76371,240
rearing,76374,76371,76374,3
stepping,76403,76374,76403,29
right_turning,76421,76403,76421,18
sniffing,76450,76421,76450,29
grooming,76629,76450,76629,179
rearing,76630,76629,76630,1
stepping,76631,76630,76631,1
rising,76699,76631,76699,68
sniffing,76893,76699,76893,194
walking,76928,76893,76928,35
stepping,76931,76928,76931,3
sniffing,76991,76931,76991,60
grooming,77185,76991,77185,194
left_turning,77186,77185,77186,1
walking,77257,77186,77257,71
right_turning,77258,77257,77258,1
sniffing,77259,77258,77259,1
walking,77260,77259,77260,1
sniffing,77373,77260,77373,113
walking,77375,77373,77375,2
sniffing,77646,77375,77646,271
walking,77753,77646,77753,107
stepping,77773,77753,77773,20
rearing,77810,77773,77810,37
stepping,77856,77810,77856,46
sniffing,77857,77856,77857,1
walking,77874,77857,77874,17
sniffing,77875,77874,77875,1
walking,77905,77875,77905,30
rearing,78043,77905,78043,138
left_turning,78053,78043,78053,10
walking,78059,78053,78059,6
sniffing,78193,78059,78193,134
stepping,78222,78193,78222,29
sniffing,78223,78222,78223,1
hunching,78224,78223,78224,1
rearing,78225,78224,78225,1
grooming,78654,78225,78654,429
sniffing,78736,78654,78736,82
grooming,78917,78736,78917,181
sniffing,79024,78917,79024,107
stepping,79048,79024,79048,24
left_turning,79126,79048,79126,78
hunching,79196,79126,79196,70
grooming,79292,79196,79292,96
sniffing,79371,79292,79371,79
walking,79436,79371,79436,65
sniffing,79604,79436,79604,168
stepping,79637,79604,79637,33
trotting,79677,79637,79677,40
stepping,79704,79677,79704,27
grooming,79838,79704,79838,134
rearing,79893,79838,79893,55
sniffing,79894,79893,79894,1
rearing,79940,79894,79940,46
stepping,79941,79940,79941,1
climbing,80055,79941,80055,114
right_turning,80056,80055,80056,1
walking,80098,80056,80098,42
trotting,80165,80098,80165,67
stepping,80238,80165,80238,73
sniffing,80239,80238,80239,1
stepping,80315,80239,80315,76
walking,80365,80315,80365,50
stepping,80467,80365,80467,102
rising,80542,80467,80542,75
sniffing,80654,80542,80654,112
walking,80679,80654,80679,25
sniffing,80690,80679,80690,11
stepping,80737,80690,80737,47
sniffing,80801,80737,80801,64
stepping,80820,80801,80820,19
rising,80914,80820,80914,94
sniffing,80926,80914,80926,12
climbing,81017,80926,81017,91
walking,81037,81017,81037,20
rising,81038,81037,81038,1
rearing,81101,81038,81101,63
climbing,81152,81101,81152,51
walking,81218,81152,81218,66
sniffing,81372,81218,81372,154
stepping,81373,81372,81373,1
sniffing,81464,81373,81464,91
rising,81465,81464,81465,1
rearing,81554,81465,81554,89
hunching,81555,81554,81555,1
rising,81580,81555,81580,25
stepping,81626,81580,81626,46
rising,81718,81626,81718,92
rearing,81800,81718,81800,82
hunching,81839,81800,81839,39
grooming,81840,81839,81840,1
stepping,81914,81840,81914,74
rearing,81942,81914,81942,28
walking,81996,81942,81996,54
right_turning,82018,81996,82018,22
climbing,82136,82018,82136,118
rearing,82172,82136,82172,36
rising,82195,82172,82195,23
grooming,83388,82195,83388,1193
right_turning,83425,83388,83425,37
sniffing,83457,83425,83457,32
rearing,83491,83457,83491,34
sniffing,83611,83491,83611,120
walking,83643,83611,83643,32
sniffing,83761,83643,83761,118
walking,83775,83761,83775,14
stepping,83794,83775,83794,19
rising,83795,83794,83795,1
grooming,84065,83795,84065,270
trotting,84092,84065,84092,27
walking,84138,84092,84138,46
stepping,84176,84138,84176,38
sniffing,84251,84176,84251,75
stepping,84324,84251,84324,73
sniffing,84405,84324,84405,81
climbing,84519,84405,84519,114
rearing,84612,84519,84612,93
climbing,84630,84612,84630,18
left_turning,84660,84630,84660,30
stepping,84703,84660,84703,43
rising,84708,84703,84708,5
grooming,85142,84708,85142,434
walking,85226,85142,85226,84
sniffing,85227,85226,85227,1
right_turning,85238,85227,85238,11
sniffing,85280,85238,85280,42
walking,85295,85280,85295,15
stepping,85316,85295,85316,21
hunching,85386,85316,85386,70
grooming,85387,85386,85387,1
rising,85410,85387,85410,23
climbing,85607,85410,85607,197
rising,85683,85607,85683,76
rearing,85732,85683,85732,49
grooming,86133,85732,86133,401
sniffing,86244,86133,86244,111
grooming,86245,86244,86245,1
rising,86280,86245,86280,35
rearing,86283,86280,86283,3
grooming,86418,86283,86418,135
hunching,86474,86418,86474,56
rearing,86565,86474,86565,91
sniffing,86716,86565,86716,151
left_turning,86752,86716,86752,36
stepping,86794,86752,86794,42
grooming,87207,86794,87207,413
climbing,87257,87207,87257,50
walking,87265,87257,87265,8
sniffing,87338,87265,87338,73
grooming,87475,87338,87475,137
climbing,87526,87475,87526,51
rearing,87572,87526,87572,46
grooming,87573,87572,87573,1
sniffing,87631,87573,87631,58
rising,87658,87631,87658,27
grooming,87934,87658,87934,276
rearing,87935,87934,87935,1
grooming,88049,87935,88049,114
rising,88063,88049,88063,14
rearing,88064,88063,88064,1
grooming,88065,88064,88065,1
scratching,88066,88065,88066,1
grooming,88325,88066,88325,259
scratching,88326,88325,88326,1
grooming,88327,88326,88327,1
walking,88328,88327,88328,1
sniffing,88662,88328,88662,334
grooming,89144,88662,89144,482
rising,89145,89144,89145,1
sniffing,89166,89145,89166,21
walking,89194,89166,89194,28
sniffing,89297,89194,89297,103
walking,89365,89297,89365,68
stepping,89366,89365,89366,1
right_turning,89391,89366,89391,25
stepping,89436,89391,89436,45
sniffing,89445,89436,89445,9
left_turning,89480,89445,89480,35
walking,89542,89480,89542,62
sniffing,89634,89542,89634,92
walking,89635,89634,89635,1
sniffing,89646,89635,89646,11
rising,89663,89646,89663,17
rearing,89691,89663,89691,28
hunching,89839,89691,89839,148
grooming,90234,89839,90234,395
left_turning,90267,90234,90267,33
walking,90283,90267,90283,16
sniffing,90284,90283,90284,1
stepping,90325,90284,90325,41
grooming,90502,90325,90502,177
rising,90503,90502,90503,1
grooming,90553,90503,90553,50
trotting,90604,90553,90604,51
rearing,90662,90604,90662,58
climbing,90767,90662,90767,105
rearing,90853,90767,90853,86
grooming,90936,90853,90936,83
stepping,90971,90936,90971,35
sniffing,90997,90971,90997,26
right_turning,91035,90997,91035,38
stepping,91085,91035,91085,50
sniffing,91216,91085,91216,131
rising,91332,91216,91332,116
stepping,91395,91332,91395,63
right_turning,91429,91395,91429,34
walking,91430,91429,91430,1
sniffing,91546,91430,91546,116
rising,91626,91546,91626,80
climbing,91712,91626,91712,86
walking,91776,91712,91776,64
trotting,91811,91776,91811,35
rising,91852,91811,91852,41
grooming,91923,91852,91923,71
left_turning,91966,91923,91966,43
stepping,92011,91966,92011,45
sniffing,92012,92011,92012,1
right_turning,92032,92012,92032,20
rising,92033,92032,92033,1
climbing,92124,92033,92124,91
walking,92177,92124,92177,53
sniffing,92192,92177,92192,15
trotting,92245,92192,92245,53
sniffing,92246,92245,92246,1
grooming,92318,92246,92318,72
right_turning,92319,92318,92319,1
trotting,92348,92319,92348,29
stepping,92389,92348,92389,41
climbing,92390,92389,92390,1
left_turning,92422,92390,92422,32
grooming,92515,92422,92515,93
rearing,92516,92515,92516,1
hunching,92604,92516,92604,88
rising,92646,92604,92646,42
grooming,92702,92646,92702,56
sniffing,92703,92702,92703,1
rearing,92704,92703,92704,1
grooming,92705,92704,92705,1
rearing,92779,92705,92779,74
climbing,92809,92779,92809,30
rearing,92937,92809,92937,128
left_turning,92941,92937,92941,4
sniffing,93034,92941,93034,93
rising,93035,93034,93035,1
left_turning,93054,93035,93054,19
sniffing,93117,93054,93117,63
trotting,93137,93117,93137,20
walking,93182,93137,93182,45
left_turning,93199,93182,93199,17
sniffing,93303,93199,93303,104
rearing,93349,93303,93349,46
hunching,93392,93349,93392,43
rearing,93405,93392,93405,13
climbing,93406,93405,93406,1
rearing,93494,93406,93494,88
rising,93509,93494,93509,15
climbing,93536,93509,93536,27
grooming,93633,93536,93633,97
sniffing,93634,93633,93634,1
grooming,93981,93634,93981,347
sniffing,94242,93981,94242,261
rising,94311,94242,94311,69
rearing,94332,94311,94332,21
climbing,94333,94332,94333,1
rearing,94417,94333,94417,84
sniffing,94524,94417,94524,107
grooming,94730,94524,94730,206
sniffing,94810,94730,94810,80
walking,94913,94810,94913,103
trotting,94952,94913,94952,39
sniffing,95291,94952,95291,339
trotting,95348,95291,95348,57
walking,95380,95348,95380,32
sniffing,95381,95380,95381,1
climbing,95512,95381,95512,131
left_turning,95575,95512,95575,63
stepping,95595,95575,95595,20
climbing,95755,95595,95755,160
left_turning,95828,95755,95828,73
sniffing,95876,95828,95876,48
trotting,95927,95876,95927,51
running,95958,95927,95958,31
walking,96001,95958,96001,43
running,96026,96001,96026,25
rearing,96090,96026,96090,64
grooming,96091,96090,96091,1
rearing,96110,96091,96110,19
climbing,96169,96110,96169,59
rearing,96289,96169,96289,120
climbing,96313,96289,96313,24
trotting,96315,96313,96315,2
climbing,96331,96315,96331,16
grooming,96526,96331,96526,195
walking,96550,96526,96550,24
trotting,96586,96550,96586,36
walking,96625,96586,96625,39
stepping,96668,96625,96668,43
grooming,96936,96668,96936,268
rearing,96937,96936,96937,1
hunching,96938,96937,96938,1
grooming,97346,96938,97346,408
stepping,97405,97346,97405,59
walking,97429,97405,97429,24
stepping,97442,97429,97442,13
walking,97515,97442,97515,73
sniffing,97552,97515,97552,37
left_turning,97614,97552,97614,62
walking,97681,97614,97681,67
sniffing,97682,97681,97682,1
left_turning,97683,97682,97683,1
hunching,97690,97683,97690,7
rearing,97729,97690,97729,39
sniffing,97730,97729,97730,1
rearing,97817,97730,97817,87
climbing,97848,97817,97848,31
left_turning,97850,97848,97850,2
stepping,97862,97850,97862,12
sniffing,97870,97862,97870,8
stepping,97886,97870,97886,16
right_turning,97926,97886,97926,40
rearing,97941,97926,97941,15
sniffing,97975,97941,97975,34
rising,97976,97975,97976,1
grooming,98112,97976,98112,136
stepping,98160,98112,98160,48
sniffing,98286,98160,98286,126
walking,98351,98286,98351,65
stepping,98384,98351,98384,33
rearing,98410,98384,98410,26
rising,98455,98410,98455,45
right_turning,98476,98455,98476,21
walking,98509,98476,98509,33
trotting,98510,98509,98510,1
stepping,98521,98510,98521,11
left_turning,98554,98521,98554,33
rearing,98596,98554,98596,42
left_turning,98625,98596,98625,29
walking,98673,98625,98673,48
sniffing,98778,98673,98778,105
walking,98837,98778,98837,59
trotting,98910,98837,98910,73
sniffing,99040,98910,99040,130
rising,99099,99040,99099,59
sniffing,99100,99099,99100,1
stepping,99215,99100,99215,115
rising,99216,99215,99216,1
sniffing,99339,99216,99339,123
rising,99371,99339,99371,32
sniffing,99372,99371,99372,1
rising,99415,99372,99415,43
rearing,99456,99415,99456,41
grooming,99794,99456,99794,338
rearing,99908,99794,99908,114
climbing,100100,99908,100100,192
trotting,100113,100100,100113,13
rearing,100114,100113,100114,1
grooming,100240,100114,100240,126
rearing,100335,100240,100335,95
grooming,100434,100335,100434,99
rearing,100435,100434,100435,1
grooming,100499,100435,100499,64
rearing,100540,100499,100540,41
hunching,100567,100540,100567,27
grooming,100568,100567,100568,1
scratching,100569,100568,100569,1
sniffing,100634,100569,100634,65
left_turning,100652,100634,100652,18
sniffing,100743,100652,100743,91
walking,100782,100743,100782,39
sniffing,100784,100782,100784,2
stepping,100802,100784,100802,18
trotting,100803,100802,100803,1
stepping,100850,100803,100850,47
sniffing,101052,100850,101052,202
rising,101091,101052,101091,39
rearing,101121,101091,101121,30
climbing,101416,101121,101416,295
right_turning,101468,101416,101468,52
sniffing,101550,101468,101550,82
rising,101634,101550,101634,84
grooming,102006,101634,102006,372
rising,102047,102006,102047,41
rearing,102391,102047,102391,344
sniffing,102392,102391,102392,1
stepping,102400,102392,102400,8
sniffing,102489,102400,102489,89
left_turning,102539,102489,102539,50
walking,102566,102539,102566,27
sniffing,102769,102566,102769,203
left_turning,102835,102769,102835,66
walking,102867,102835,102867,32
stepping,102934,102867,102934,67
sniffing,103181,102934,103181,247
walking,103249,103181,103249,68
jumping,103250,103249,103250,1
rearing,103291,103250,103291,41
walking,103359,103291,103359,68
sniffing,103368,103359,103368,9
left_turning,103406,103368,103406,38
trotting,103432,103406,103432,26
walking,103462,103432,103462,30
sniffing,103598,103462,103598,136
rising,103612,103598,103612,14
grooming,103613,103612,103613,1
left_turning,103638,103613,103638,25
rising,103639,103638,103639,1
walking,103671,103639,103671,32
rising,103672,103671,103672,1
rearing,103673,103672,103673,1
grooming,103713,103673,103713,40
rearing,103714,103713,103714,1
grooming,103759,103714,103759,45
hunching,103795,103759,103795,36
rearing,103856,103795,103856,61
sniffing,103976,103856,103976,120
hunching,104028,103976,104028,52
grooming,104297,104028,104297,269
rising,104417,104297,104417,120
rearing,104474,104417,104474,57
hunching,104517,104474,104517,43
rearing,104555,104517,104555,38
grooming,104561,104555,104561,6
stepping,104579,104561,104579,18
sniffing,104580,104579,104580,1
stepping,104610,104580,104610,30
grooming,104755,104610,104755,145
left_turning,104814,104755,104814,59
rearing,104909,104814,104909,95
sniffing,104923,104909,104923,14
grooming,105043,104923,105043,120
sniffing,105070,105043,105070,27
left_turning,105100,105070,105100,30
running,105107,105100,105107,7
stepping,105159,105107,105159,52
sniffing,105180,105159,105180,21
grooming,105378,105180,105378,198
left_turning,105379,105378,105379,1
rising,105380,105379,105380,1
hunching,105427,105380,105427,47
rearing,105503,105427,105503,76
stepping,105565,105503,105565,62
sniffing,105641,105565,105641,76
climbing,105710,105641,105710,69
rearing,105744,105710,105744,34
grooming,105753,105744,105753,9
rearing,105762,105753,105762,9
grooming,105876,105762,105876,114
sniffing,105971,105876,105971,95
stepping,105978,105971,105978,7
sniffing,105979,105978,105979,1
walking,106046,105979,106046,67
grooming,106304,106046,106304,258
climbing,106305,106304,106305,1
hunching,106335,106305,106335,30
grooming,106491,106335,106491,156
rearing,106525,106491,106525,34
hunching,106544,106525,106544,19
grooming,106858,106544,106858,314
rearing,106859,106858,106859,1
grooming,106860,106859,106860,1
hunching,106864,106860,106864,4
rearing,106882,106864,106882,18
climbing,106883,106882,106883,1
grooming,107033,106883,107033,150
climbing,107101,107033,107101,68
walking,107163,107101,107163,62
left_turning,107176,107163,107176,13
grooming,107381,107176,107381,205
rearing,107500,107381,107500,119
grooming,107501,107500,107501,1
rearing,107502,107501,107502,1
grooming,107667,107502,107667,165
left_turning,107727,107667,107727,60
walking,107741,107727,107741,14
trotting,107742,107741,107742,1
right_turning,107754,107742,107754,12
walking,107784,107754,107784,30
sniffing,107894,107784,107894,110
stepping,107907,107894,107907,13
sniffing,108000,107907,108000,93
