revised_movement_label,segBoundary,segBoundary_start,segBoundary_end,length
left_turning,23,0,23,23
sniffing,138,23,138,115
walking,139,138,139,1
rising,199,139,199,60
grooming,200,199,200,1
walking,201,200,201,1
sniffing,202,201,202,1
walking,205,202,205,3
left_turning,354,205,354,149
rising,450,354,450,96
grooming,472,450,472,22
rearing,473,472,473,1
sniffing,542,473,542,69
left_turning,543,542,543,1
walking,630,543,630,87
sniffing,631,630,631,1
rearing,653,631,653,22
climbing,689,653,689,36
right_turning,750,689,750,61
sniffing,764,750,764,14
rising,795,764,795,31
walking,831,795,831,36
sniffing,835,831,835,4
left_turning,883,835,883,48
rising,901,883,901,18
sniffing,962,901,962,61
grooming,1161,962,1161,199
rising,1234,1161,1234,73
left_turning,1260,1234,1260,26
sniffing,1398,1260,1398,138
rising,1399,1398,1399,1
right_turning,1400,1399,1400,1
running,1414,1400,1414,14
trotting,1447,1414,1447,33
rising,1448,1447,1448,1
sniffing,1563,1448,1563,115
stepping,1638,1563,1638,75
walking,1681,1638,1681,43
stepping,1707,1681,1707,26
sniffing,1737,1707,1737,30
walking,1806,1737,1806,69
stepping,1820,1806,1820,14
right_turning,1844,1820,1844,24
walking,1909,1844,1909,65
trotting,1968,1909,1968,59
sniffing,1969,1968,1969,1
rising,2003,1969,2003,34
walking,2028,2003,2028,25
stepping,2029,2028,2029,1
sniffing,2038,2029,2038,9
walking,2163,2038,2163,125
stepping,2169,2163,2169,6
rising,2170,2169,2170,1
stepping,2223,2170,2223,53
walking,2307,2223,2307,84
rising,2319,2307,2319,12
walking,2377,2319,2377,58
rising,2378,2377,2378,1
sniffing,2484,2378,2484,106
rising,2578,2484,2578,94
left_turning,2613,2578,2613,35
walking,2666,2613,2666,53
stepping,2669,2666,2669,3
sniffing,2670,2669,2670,1
grooming,2671,2670,2671,1
rising,2693,2671,2693,22
rearing,2794,2693,2794,101
rising,2807,2794,2807,13
sniffing,2811,2807,2811,4
rising,2858,2811,2858,47
stepping,2900,2858,2900,42
left_turning,2916,2900,2916,16
running,2972,2916,2972,56
walking,3048,2972,3048,76
trotting,3104,3048,3104,56
walking,3187,3104,3187,83
hunching,3222,3187,3222,35
grooming,3308,3222,3308,86
right_turning,3309,3308,3309,1
stepping,3391,3309,3391,82
rearing,3420,3391,3420,29
grooming,3489,3420,3489,69
sniffing,3562,3489,3562,73
grooming,3592,3562,3592,30
rearing,3756,3592,3756,164
sniffing,3857,3756,3857,101
walking,3858,3857,3858,1
trotting,3903,3858,3903,45
running,3920,3903,3920,17
walking,4003,3920,4003,83
rising,4049,4003,4049,46
walking,4077,4049,4077,28
sniffing,4217,4077,4217,140
walking,4251,4217,4251,34
rising,4277,4251,4277,26
stepping,4304,4277,4304,27
sniffing,4325,4304,4325,21
stepping,4411,4325,4411,86
trotting,4430,4411,4430,19
stepping,4460,4430,4460,30
walking,4495,4460,4495,35
sniffing,4527,4495,4527,32
right_turning,4561,4527,4561,34
running,4594,4561,4594,33
walking,4620,4594,4620,26
sniffing,4656,4620,4656,36
walking,4657,4656,4657,1
sniffing,4701,4657,4701,44
stepping,4749,4701,4749,48
sniffing,4906,4749,4906,157
climbing,4945,4906,4945,39
sniffing,4946,4945,4946,1
walking,4947,4946,4947,1
stepping,4961,4947,4961,14
walking,4986,4961,4986,25
stepping,5073,4986,5073,87
trotting,5084,5073,5084,11
walking,5184,5084,5184,100
grooming,5412,5184,5412,228
left_turning,5421,5412,5421,9
sniffing,5442,5421,5442,21
stepping,5481,5442,5481,39
rising,5507,5481,5507,26
sniffing,5574,5507,5574,67
stepping,5631,5574,5631,57
walking,5700,5631,5700,69
sniffing,5779,5700,5779,79
rising,5793,5779,5793,14
right_turning,5811,5793,5811,18
walking,5885,5811,5885,74
sniffing,5952,5885,5952,67
stepping,5953,5952,5953,1
sniffing,6028,5953,6028,75
rising,6029,6028,6029,1
walking,6036,6029,6036,7
stepping,6080,6036,6080,44
sniffing,6202,6080,6202,122
rising,6208,6202,6208,6
sniffing,6209,6208,6209,1
grooming,6260,6209,6260,51
rearing,6261,6260,6261,1
rising,6349,6261,6349,88
rearing,6352,6349,6352,3
rising,6354,6352,6354,2
right_turning,6429,6354,6429,75
running,6462,6429,6462,33
trotting,6483,6462,6483,21
walking,6505,6483,6505,22
rising,6566,6505,6566,61
rearing,6602,6566,6602,36
rising,6603,6602,6603,1
trotting,6638,6603,6638,35
walking,6677,6638,6677,39
sniffing,6678,6677,6678,1
rising,6726,6678,6726,48
sniffing,6727,6726,6727,1
walking,6775,6727,6775,48
rising,6797,6775,6797,22
grooming,6883,6797,6883,86
walking,6959,6883,6959,76
stepping,6987,6959,6987,28
trotting,7055,6987,7055,68
sniffing,7121,7055,7121,66
grooming,7129,7121,7129,8
stepping,7274,7129,7274,145
sniffing,7296,7274,7296,22
right_turning,7297,7296,7297,1
walking,7360,7297,7360,63
sniffing,7361,7360,7361,1
stepping,7396,7361,7396,35
left_turning,7397,7396,7397,1
walking,7410,7397,7410,13
trotting,7448,7410,7448,38
sniffing,7532,7448,7532,84
stepping,7552,7532,7552,20
walking,7605,7552,7605,53
rising,7606,7605,7606,1
walking,7643,7606,7643,37
stepping,7650,7643,7650,7
sniffing,7704,7650,7704,54
walking,7742,7704,7742,38
stepping,7769,7742,7769,27
sniffing,7770,7769,7770,1
rising,7776,7770,7776,6
left_turning,7834,7776,7834,58
stepping,7863,7834,7863,29
walking,7903,7863,7903,40
rising,7904,7903,7904,1
rearing,7907,7904,7907,3
walking,7964,7907,7964,57
trotting,7981,7964,7981,17
walking,7987,7981,7987,6
right_turning,8016,7987,8016,29
sniffing,8122,8016,8122,106
rising,8123,8122,8123,1
left_turning,8138,8123,8138,15
sniffing,8169,8138,8169,31
grooming,8318,8169,8318,149
scratching,8319,8318,8319,1
rising,8320,8319,8320,1
grooming,8377,8320,8377,57
left_turning,8401,8377,8401,24
rising,8402,8401,8402,1
sniffing,8409,8402,8409,7
grooming,8541,8409,8541,132
stepping,8596,8541,8596,55
walking,8683,8596,8683,87
sniffing,8717,8683,8717,34
rising,8813,8717,8813,96
stepping,8819,8813,8819,6
rising,8820,8819,8820,1
grooming,8840,8820,8840,20
sniffing,8854,8840,8854,14
grooming,9057,8854,9057,203
stepping,9108,9057,9108,51
walking,9149,9108,9149,41
stepping,9195,9149,9195,46
walking,9335,9195,9335,140
grooming,9509,9335,9509,174
left_turning,9546,9509,9546,37
sniffing,9698,9546,9698,152
left_turning,9738,9698,9738,40
walking,9797,9738,9797,59
stepping,9861,9797,9861,64
walking,9952,9861,9952,91
sniffing,9970,9952,9970,18
rearing,9974,9970,9974,4
climbing,10011,9974,10011,37
grooming,10104,10011,10104,93
sniffing,10175,10104,10175,71
grooming,10331,10175,10331,156
sniffing,10500,10331,10500,169
right_turning,10501,10500,10501,1
trotting,10519,10501,10519,18
sniffing,10520,10519,10520,1
grooming,10685,10520,10685,165
scratching,10686,10685,10686,1
sniffing,10774,10686,10774,88
stepping,10803,10774,10803,29
sniffing,10806,10803,10806,3
running,10810,10806,10810,4
climbing,10811,10810,10811,1
sniffing,10829,10811,10829,18
stepping,10860,10829,10860,31
walking,10893,10860,10893,33
stepping,10976,10893,10976,83
rising,11001,10976,11001,25
left_turning,11002,11001,11002,1
walking,11040,11002,11040,38
right_turning,11101,11040,11101,61
sniffing,11332,11101,11332,231
hunching,11404,11332,11404,72
rearing,11433,11404,11433,29
right_turning,11492,11433,11492,59
walking,11508,11492,11508,16
sniffing,11511,11508,11511,3
walking,11550,11511,11550,39
rising,11551,11550,11551,1
hunching,11601,11551,11601,50
rearing,11662,11601,11662,61
hunching,11768,11662,11768,106
rearing,11770,11768,11770,2
grooming,11840,11770,11840,70
sniffing,11884,11840,11884,44
rising,11974,11884,11974,90
sniffing,12048,11974,12048,74
rising,12050,12048,12050,2
stepping,12125,12050,12125,75
grooming,12126,12125,12126,1
hunching,12151,12126,12151,25
grooming,12205,12151,12205,54
running,12241,12205,12241,36
sniffing,12266,12241,12266,25
rising,12291,12266,12291,25
left_turning,12345,12291,12345,54
stepping,12349,12345,12349,4
grooming,12498,12349,12498,149
walking,12515,12498,12515,17
rising,12516,12515,12516,1
climbing,12581,12516,12581,65
grooming,12779,12581,12779,198
sniffing,12942,12779,12942,163
stepping,12996,12942,12996,54
rising,13027,12996,13027,31
walking,13051,13027,13051,24
grooming,13120,13051,13120,69
right_turning,13121,13120,13121,1
trotting,13122,13121,13122,1
walking,13155,13122,13155,33
sniffing,13169,13155,13169,14
stepping,13221,13169,13221,52
rising,13273,13221,13273,52
sniffing,13433,13273,13433,160
rearing,13456,13433,13456,23
hunching,13492,13456,13492,36
rising,13555,13492,13555,63
grooming,13620,13555,13620,65
scratching,13621,13620,13621,1
trotting,13658,13621,13658,37
stepping,13703,13658,13703,45
grooming,13704,13703,13704,1
rearing,13709,13704,13709,5
grooming,13793,13709,13793,84
sniffing,13794,13793,13794,1
rising,13844,13794,13844,50
sniffing,13853,13844,13853,9
stepping,13905,13853,13905,52
sniffing,13912,13905,13912,7
grooming,13913,13912,13913,1
running,13945,13913,13945,32
sniffing,13973,13945,13973,28
walking,13988,13973,13988,15
sniffing,14066,13988,14066,78
running,14113,14066,14113,47
left_turning,14166,14113,14166,53
trotting,14182,14166,14182,16
sniffing,14183,14182,14183,1
rising,14220,14183,14220,37
sniffing,14414,14220,14414,194
running,14425,14414,14425,11
left_turning,14491,14425,14491,66
sniffing,14528,14491,14528,37
stepping,14550,14528,14550,22
sniffing,14689,14550,14689,139
left_turning,14710,14689,14710,21
walking,14739,14710,14739,29
stepping,14774,14739,14774,35
grooming,15055,14774,15055,281
rising,15123,15055,15123,68
stepping,15137,15123,15137,14
sniffing,15188,15137,15188,51
walking,15249,15188,15249,61
trotting,15256,15249,15256,7
sniffing,15392,15256,15392,136
rising,15412,15392,15412,20
grooming,15413,15412,15413,1
trotting,15437,15413,15437,24
running,15485,15437,15485,48
walking,15523,15485,15523,38
stepping,15557,15523,15557,34
walking,15601,15557,15601,44
sniffing,15602,15601,15602,1
left_turning,15647,15602,15647,45
stepping,15666,15647,15666,19
grooming,15815,15666,15815,149
running,15817,15815,15817,2
sniffing,15864,15817,15864,47
walking,15954,15864,15954,90
stepping,16019,15954,16019,65
rising,16091,16019,16091,72
stepping,16154,16091,16154,63
rising,16246,16154,16246,92
sniffing,16325,16246,16325,79
stepping,16350,16325,16350,25
walking,16368,16350,16368,18
grooming,16443,16368,16443,75
walking,16471,16443,16471,28
sniffing,16533,16471,16533,62
walking,16534,16533,16534,1
sniffing,16601,16534,16601,67
stepping,16665,16601,16665,64
right_turning,16699,16665,16699,34
grooming,16856,16699,16856,157
walking,16908,16856,16908,52
sniffing,17002,16908,17002,94
stepping,17027,17002,17027,25
sniffing,17178,17027,17178,151
rising,17212,17178,17212,34
grooming,17346,17212,17346,134
rearing,17417,17346,17417,71
stepping,17444,17417,17444,27
right_turning,17445,17444,17445,1
stepping,17512,17445,17512,67
walking,17558,17512,17558,46
grooming,17679,17558,17679,121
hunching,17680,17679,17680,1
rearing,17713,17680,17713,33
hunching,17719,17713,17719,6
grooming,17838,17719,17838,119
climbing,17892,17838,17892,54
grooming,17893,17892,17893,1
rising,17922,17893,17922,29
sniffing,17928,17922,17928,6
walking,17932,17928,17932,4
stepping,17943,17932,17943,11
sniffing,18036,17943,18036,93
rising,18049,18036,18049,13
grooming,18067,18049,18067,18
rising,18088,18067,18088,21
left_turning,18099,18088,18099,11
grooming,18132,18099,18132,33
walking,18198,18132,18198,66
sniffing,18199,18198,18199,1
grooming,18258,18199,18258,59
stepping,18268,18258,18268,10
sniffing,18405,18268,18405,137
right_turning,18444,18405,18444,39
climbing,18480,18444,18480,36
walking,18495,18480,18495,15
stepping,18555,18495,18555,60
walking,18556,18555,18556,1
climbing,18626,18556,18626,70
walking,18726,18626,18726,100
grooming,18727,18726,18727,1
sniffing,18747,18727,18747,20
grooming,18787,18747,18787,40
left_turning,18858,18787,18858,71
rearing,18888,18858,18888,30
rising,18890,18888,18890,2
stepping,18926,18890,18926,36
sniffing,18957,18926,18957,31
running,18984,18957,18984,27
sniffing,19026,18984,19026,42
rising,19077,19026,19077,51
sniffing,19078,19077,19078,1
left_turning,19144,19078,19144,66
walking,19215,19144,19215,71
stepping,19234,19215,19234,19
walking,19251,19234,19251,17
rising,19263,19251,19263,12
stepping,19276,19263,19276,13
walking,19301,19276,19301,25
stepping,19332,19301,19332,31
sniffing,19378,19332,19378,46
stepping,19449,19378,19449,71
sniffing,19519,19449,19519,70
rearing,19556,19519,19556,37
rising,19578,19556,19578,22
grooming,19579,19578,19579,1
stepping,19596,19579,19596,17
walking,19651,19596,19651,55
sniffing,19739,19651,19739,88
stepping,19740,19739,19740,1
sniffing,19889,19740,19889,149
trotting,19890,19889,19890,1
stepping,19891,19890,19891,1
sniffing,19923,19891,19923,32
grooming,20146,19923,20146,223
hunching,20218,20146,20218,72
grooming,20280,20218,20280,62
left_turning,20306,20280,20306,26
grooming,20494,20306,20494,188
hunching,20502,20494,20502,8
rearing,20551,20502,20551,49
grooming,20688,20551,20688,137
left_turning,20711,20688,20711,23
walking,20712,20711,20712,1
sniffing,20718,20712,20718,6
stepping,20755,20718,20755,37
walking,20785,20755,20785,30
sniffing,20879,20785,20879,94
left_turning,21012,20879,21012,133
grooming,21013,21012,21013,1
rearing,21021,21013,21021,8
hunching,21069,21021,21069,48
rising,21081,21069,21081,12
sniffing,21103,21081,21103,22
rising,21119,21103,21119,16
sniffing,21134,21119,21134,15
stepping,21188,21134,21188,54
grooming,21348,21188,21348,160
walking,21379,21348,21379,31
sniffing,21380,21379,21380,1
stepping,21381,21380,21381,1
rising,21382,21381,21382,1
sniffing,21395,21382,21395,13
stepping,21456,21395,21456,61
sniffing,21522,21456,21522,66
rearing,21545,21522,21545,23
hunching,21587,21545,21587,42
grooming,21605,21587,21605,18
left_turning,21645,21605,21645,40
walking,21665,21645,21665,20
sniffing,21750,21665,21750,85
grooming,21803,21750,21803,53
stepping,21819,21803,21819,16
rising,21855,21819,21855,36
climbing,21856,21855,21856,1
trotting,21902,21856,21902,46
rising,21903,21902,21903,1
walking,21940,21903,21940,37
stepping,21955,21940,21955,15
running,21976,21955,21976,21
trotting,22031,21976,22031,55
running,22064,22031,22064,33
stepping,22095,22064,22095,31
sniffing,22151,22095,22151,56
rising,22152,22151,22152,1
grooming,22270,22152,22270,118
left_turning,22292,22270,22292,22
rising,22335,22292,22335,43
sniffing,22336,22335,22336,1
stepping,22363,22336,22363,27
sniffing,22364,22363,22364,1
grooming,22499,22364,22499,135
walking,22534,22499,22534,35
sniffing,22553,22534,22553,19
rising,22734,22553,22734,181
sniffing,22750,22734,22750,16
rearing,22838,22750,22838,88
left_turning,22855,22838,22855,17
grooming,22866,22855,22866,11
climbing,22910,22866,22910,44
sniffing,22911,22910,22911,1
grooming,23042,22911,23042,131
sniffing,23247,23042,23247,205
left_turning,23256,23247,23256,9
stepping,23285,23256,23285,29
sniffing,23339,23285,23339,54
rising,23340,23339,23340,1
walking,23386,23340,23386,46
sniffing,23423,23386,23423,37
hunching,23428,23423,23428,5
rearing,23434,23428,23434,6
grooming,23457,23434,23457,23
rearing,23458,23457,23458,1
sniffing,23533,23458,23533,75
trotting,23608,23533,23608,75
sniffing,23777,23608,23777,169
walking,23778,23777,23778,1
stepping,23846,23778,23846,68
sniffing,24011,23846,24011,165
stepping,24012,24011,24012,1
rising,24049,24012,24049,37
stepping,24084,24049,24084,35
rising,24101,24084,24101,17
climbing,24102,24101,24102,1
sniffing,24103,24102,24103,1
grooming,24118,24103,24118,15
stepping,24157,24118,24157,39
walking,24204,24157,24204,47
sniffing,24350,24204,24350,146
rising,24351,24350,24351,1
walking,24383,24351,24383,32
sniffing,24442,24383,24442,59
stepping,24473,24442,24473,31
sniffing,24560,24473,24560,87
walking,24562,24560,24562,2
sniffing,24563,24562,24563,1
rising,24674,24563,24674,111
hunching,24722,24674,24722,48
rising,24728,24722,24728,6
left_turning,24758,24728,24758,30
walking,24792,24758,24792,34
sniffing,24917,24792,24917,125
stepping,24918,24917,24918,1
sniffing,25003,24918,25003,85
trotting,25047,25003,25047,44
rising,25067,25047,25067,20
grooming,25127,25067,25127,60
left_turning,25159,25127,25159,32
walking,25250,25159,25250,91
stepping,25289,25250,25289,39
walking,25346,25289,25346,57
right_turning,25370,25346,25370,24
stepping,25410,25370,25410,40
sniffing,25438,25410,25438,28
left_turning,25464,25438,25464,26
trotting,25481,25464,25481,17
walking,25517,25481,25517,36
sniffing,25518,25517,25518,1
walking,25548,25518,25548,30
sniffing,25551,25548,25551,3
climbing,25601,25551,25601,50
right_turning,25632,25601,25632,31
sniffing,25702,25632,25702,70
stepping,25768,25702,25768,66
sniffing,25769,25768,25769,1
grooming,25985,25769,25985,216
running,26024,25985,26024,39
stepping,26033,26024,26033,9
sniffing,26154,26033,26154,121
trotting,26155,26154,26155,1
sniffing,26156,26155,26156,1
walking,26219,26156,26219,63
rising,26233,26219,26233,14
sniffing,26267,26233,26267,34
stepping,26364,26267,26364,97
walking,26365,26364,26365,1
trotting,26392,26365,26392,27
walking,26439,26392,26439,47
hunching,26483,26439,26483,44
stepping,26572,26483,26572,89
sniffing,26673,26572,26673,101
left_turning,26744,26673,26744,71
sniffing,26792,26744,26792,48
grooming,26925,26792,26925,133
sniffing,26968,26925,26968,43
rising,27020,26968,27020,52
hunching,27067,27020,27067,47
grooming,27203,27067,27203,136
left_turning,27220,27203,27220,17
trotting,27229,27220,27229,9
sniffing,27279,27229,27279,50
stepping,27335,27279,27335,56
sniffing,27419,27335,27419,84
rearing,27459,27419,27459,40
hunching,27512,27459,27512,53
grooming,27618,27512,27618,106
walking,27687,27618,27687,69
sniffing,27811,27687,27811,124
grooming,27860,27811,27860,49
running,27873,27860,27873,13
walking,27874,27873,27874,1
sniffing,27937,27874,27937,63
running,27966,27937,27966,29
stepping,28024,27966,28024,58
right_turning,28079,28024,28079,55
walking,28144,28079,28144,65
sniffing,28207,28144,28207,63
climbing,28264,28207,28264,57
grooming,28334,28264,28334,70
sniffing,28500,28334,28500,166
grooming,28670,28500,28670,170
walking,28727,28670,28727,57
sniffing,28729,28727,28729,2
grooming,28870,28729,28870,141
hunching,28940,28870,28940,70
grooming,28941,28940,28941,1
right_turning,28959,28941,28959,18
walking,29016,28959,29016,57
rearing,29045,29016,29045,29
grooming,29231,29045,29231,186
sniffing,29341,29231,29341,110
rising,29395,29341,29395,54
sniffing,29461,29395,29461,66
walking,29492,29461,29492,31
rising,29525,29492,29525,33
grooming,29583,29525,29583,58
rising,29590,29583,29590,7
stepping,29591,29590,29591,1
rearing,29717,29591,29717,126
left_turning,29718,29717,29718,1
grooming,29821,29718,29821,103
running,29823,29821,29823,2
walking,29862,29823,29862,39
stepping,29902,29862,29902,40
rearing,29958,29902,29958,56
left_turning,29994,29958,29994,36
walking,30041,29994,30041,47
sniffing,30105,30041,30105,64
climbing,30183,30105,30183,78
grooming,30184,30183,30184,1
running,30205,30184,30205,21
walking,30258,30205,30258,53
sniffing,30328,30258,30328,70
grooming,30329,30328,30329,1
sniffing,30531,30329,30531,202
climbing,30582,30531,30582,51
right_turning,30628,30582,30628,46
sniffing,30712,30628,30712,84
rearing,30747,30712,30747,35
grooming,30812,30747,30812,65
left_turning,30813,30812,30813,1
grooming,30945,30813,30945,132
rising,30977,30945,30977,32
walking,31038,30977,31038,61
right_turning,31069,31038,31069,31
walking,31127,31069,31127,58
sniffing,31268,31127,31268,141
stepping,31305,31268,31305,37
walking,31383,31305,31383,78
stepping,31461,31383,31461,78
rising,31495,31461,31495,34
rearing,31496,31495,31496,1
stepping,31563,31496,31563,67
sniffing,31627,31563,31627,64
left_turning,31719,31627,31719,92
running,31740,31719,31740,21
trotting,31790,31740,31790,50
walking,31870,31790,31870,80
left_turning,32023,31870,32023,153
sniffing,32028,32023,32028,5
rising,32096,32028,32096,68
stepping,32151,32096,32151,55
sniffing,32170,32151,32170,19
grooming,32171,32170,32171,1
sniffing,32289,32171,32289,118
trotting,32320,32289,32320,31
walking,32378,32320,32378,58
trotting,32393,32378,32393,15
sniffing,32430,32393,32430,37
grooming,32676,32430,32676,246
hunching,32704,32676,32704,28
rearing,32707,32704,32707,3
grooming,32747,32707,32747,40
hunching,32819,32747,32819,72
grooming,32820,32819,32820,1
left_turning,32821,32820,32821,1
running,32845,32821,32845,24
grooming,32846,32845,32846,1
sniffing,32893,32846,32893,47
rising,32940,32893,32940,47
stepping,32946,32940,32946,6
rearing,32977,32946,32977,31
rising,32986,32977,32986,9
sniffing,32987,32986,32987,1
right_turning,33005,32987,33005,18
walking,33015,33005,33015,10
rising,33016,33015,33016,1
right_turning,33019,33016,33019,3
climbing,33033,33019,33033,14
grooming,33184,33033,33184,151
stepping,33251,33184,33251,67
rearing,33335,33251,33335,84
walking,33336,33335,33336,1
stepping,33374,33336,33374,38
sniffing,33518,33374,33518,144
stepping,33547,33518,33547,29
grooming,33698,33547,33698,151
walking,33736,33698,33736,38
running,33766,33736,33766,30
walking,33813,33766,33813,47
sniffing,33814,33813,33814,1
stepping,33815,33814,33815,1
sniffing,33863,33815,33863,48
grooming,33870,33863,33870,7
rising,33881,33870,33881,11
sniffing,33882,33881,33882,1
stepping,33934,33882,33934,52
walking,33958,33934,33958,24
rearing,34007,33958,34007,49
hunching,34101,34007,34101,94
rearing,34144,34101,34144,43
grooming,34160,34144,34160,16
sniffing,34190,34160,34190,30
stepping,34207,34190,34207,17
rising,34223,34207,34223,16
sniffing,34296,34223,34296,73
rising,34397,34296,34397,101
hunching,34401,34397,34401,4
grooming,34467,34401,34467,66
climbing,34470,34467,34470,3
running,34498,34470,34498,28
grooming,34499,34498,34499,1
climbing,34552,34499,34552,53
walking,34678,34552,34678,126
sniffing,34757,34678,34757,79
stepping,34792,34757,34792,35
climbing,34793,34792,34793,1
left_turning,34796,34793,34796,3
walking,34914,34796,34914,118
sniffing,35012,34914,35012,98
grooming,35345,35012,35345,333
rearing,35369,35345,35369,24
stepping,35370,35369,35370,1
rising,35371,35370,35371,1
hunching,35453,35371,35453,82
rearing,35466,35453,35466,13
stepping,35493,35466,35493,27
trotting,35532,35493,35532,39
left_turning,35601,35532,35601,69
sniffing,35668,35601,35668,67
grooming,35984,35668,35984,316
running,36002,35984,36002,18
walking,36003,36002,36003,1
sniffing,36056,36003,36056,53
walking,36115,36056,36115,59
stepping,36189,36115,36189,74
walking,36222,36189,36222,33
sniffing,36309,36222,36309,87
rising,36352,36309,36352,43
walking,36415,36352,36415,63
rising,36416,36415,36416,1
sniffing,36466,36416,36466,50
stepping,36552,36466,36552,86
walking,36634,36552,36634,82
sniffing,36817,36634,36817,183
walking,36864,36817,36864,47
stepping,36909,36864,36909,45
climbing,36995,36909,36995,86
running,37035,36995,37035,40
walking,37168,37035,37168,133
sniffing,37281,37168,37281,113
walking,37348,37281,37348,67
running,37360,37348,37360,12
walking,37389,37360,37389,29
rearing,37454,37389,37454,65
climbing,37488,37454,37488,34
sniffing,37610,37488,37610,122
stepping,37641,37610,37641,31
sniffing,37661,37641,37661,20
rearing,37681,37661,37681,20
grooming,37703,37681,37703,22
rearing,37726,37703,37726,23
climbing,37774,37726,37774,48
running,37782,37774,37782,8
sniffing,37826,37782,37826,44
rising,37827,37826,37827,1
hunching,37884,37827,37884,57
grooming,38053,37884,38053,169
climbing,38151,38053,38151,98
left_turning,38228,38151,38228,77
sniffing,38270,38228,38270,42
stepping,38275,38270,38275,5
right_turning,38308,38275,38308,33
sniffing,38309,38308,38309,1
right_turning,38333,38309,38333,24
stepping,38370,38333,38370,37
right_turning,38371,38370,38371,1
sniffing,38530,38371,38530,159
left_turning,38591,38530,38591,61
sniffing,38600,38591,38600,9
walking,38643,38600,38643,43
sniffing,38666,38643,38666,23
walking,38680,38666,38680,14
sniffing,38858,38680,38858,178
grooming,38859,38858,38859,1
rising,38875,38859,38875,16
grooming,38876,38875,38876,1
sniffing,38877,38876,38877,1
left_turning,38910,38877,38910,33
walking,38953,38910,38953,43
sniffing,39099,38953,39099,146
rising,39102,39099,39102,3
rearing,39124,39102,39124,22
grooming,39125,39124,39125,1
rearing,39166,39125,39166,41
grooming,39209,39166,39209,43
hunching,39266,39209,39266,57
rearing,39341,39266,39341,75
left_turning,39395,39341,39395,54
rearing,39439,39395,39439,44
walking,39478,39439,39478,39
rising,39505,39478,39505,27
walking,39525,39505,39525,20
stepping,39564,39525,39564,39
walking,39629,39564,39629,65
sniffing,39673,39629,39673,44
walking,39709,39673,39709,36
sniffing,39774,39709,39774,65
stepping,39799,39774,39799,25
rising,39800,39799,39800,1
stepping,39842,39800,39842,42
sniffing,39935,39842,39935,93
trotting,39936,39935,39936,1
sniffing,39937,39936,39937,1
left_turning,39944,39937,39944,7
sniffing,39945,39944,39945,1
rising,40020,39945,40020,75
hunching,40021,40020,40021,1
rearing,40022,40021,40022,1
hunching,40030,40022,40030,8
sniffing,40091,40030,40091,61
rearing,40167,40091,40167,76
grooming,40308,40167,40308,141
trotting,40330,40308,40330,22
sniffing,40532,40330,40532,202
rising,40579,40532,40579,47
stepping,40602,40579,40602,23
sniffing,40603,40602,40603,1
walking,40696,40603,40696,93
sniffing,40759,40696,40759,63
scratching,40760,40759,40760,1
sniffing,40845,40760,40845,85
grooming,40852,40845,40852,7
sniffing,40950,40852,40950,98
stepping,40951,40950,40951,1
sniffing,41113,40951,41113,162
stepping,41150,41113,41150,37
climbing,41186,41150,41186,36
grooming,41357,41186,41357,171
rising,41403,41357,41403,46
climbing,41519,41403,41519,116
stepping,41542,41519,41542,23
climbing,41597,41542,41597,55
rising,41598,41597,41598,1
stepping,41644,41598,41644,46
grooming,41802,41644,41802,158
climbing,41872,41802,41872,70
left_turning,41904,41872,41904,32
sniffing,41917,41904,41917,13
trotting,41945,41917,41945,28
walking,41993,41945,41993,48
sniffing,42031,41993,42031,38
rising,42032,42031,42032,1
sniffing,42070,42032,42070,38
grooming,42259,42070,42259,189
sniffing,42360,42259,42360,101
stepping,42405,42360,42405,45
sniffing,42406,42405,42406,1
walking,42490,42406,42490,84
sniffing,42493,42490,42493,3
grooming,42494,42493,42494,1
walking,42497,42494,42497,3
rising,42592,42497,42592,95
climbing,42693,42592,42693,101
right_turning,42704,42693,42704,11
sniffing,42797,42704,42797,93
grooming,42798,42797,42798,1
left_turning,42799,42798,42799,1
stepping,42839,42799,42839,40
walking,42844,42839,42844,5
sniffing,42874,42844,42874,30
rearing,42884,42874,42884,10
left_turning,42888,42884,42888,4
sniffing,42944,42888,42944,56
rearing,42945,42944,42945,1
grooming,43241,42945,43241,296
left_turning,43313,43241,43313,72
stepping,43329,43313,43329,16
sniffing,43472,43329,43472,143
trotting,43485,43472,43485,13
walking,43514,43485,43514,29
sniffing,43617,43514,43617,103
rising,43648,43617,43648,31
climbing,43774,43648,43774,126
grooming,43776,43774,43776,2
sniffing,43826,43776,43826,50
stepping,43888,43826,43888,62
rising,43926,43888,43926,38
grooming,43958,43926,43958,32
rearing,44018,43958,44018,60
grooming,44239,44018,44239,221
sniffing,44240,44239,44240,1
grooming,44428,44240,44428,188
sniffing,44467,44428,44467,39
walking,44485,44467,44485,18
rising,44490,44485,44490,5
right_turning,44546,44490,44546,56
trotting,44564,44546,44564,18
stepping,44639,44564,44639,75
walking,44640,44639,44640,1
sniffing,44641,44640,44641,1
walking,44717,44641,44717,76
rising,44728,44717,44728,11
climbing,44842,44728,44842,114
running,44865,44842,44865,23
rising,44907,44865,44907,42
sniffing,44951,44907,44951,44
walking,44952,44951,44952,1
sniffing,44953,44952,44953,1
grooming,44966,44953,44966,13
sniffing,45130,44966,45130,164
grooming,45593,45130,45593,463
walking,45624,45593,45624,31
trotting,45660,45624,45660,36
sniffing,45684,45660,45684,24
stepping,45764,45684,45764,80
walking,45765,45764,45765,1
sniffing,45766,45765,45766,1
right_turning,45809,45766,45809,43
running,45845,45809,45845,36
rising,45846,45845,45846,1
rearing,45847,45846,45847,1
stepping,45872,45847,45872,25
sniffing,45873,45872,45873,1
left_turning,45889,45873,45889,16
walking,45973,45889,45973,84
sniffing,45977,45973,45977,4
walking,46047,45977,46047,70
sniffing,46048,46047,46048,1
scratching,46049,46048,46049,1
stepping,46110,46049,46110,61
walking,46124,46110,46124,14
sniffing,46194,46124,46194,70
rising,46277,46194,46277,83
climbing,46331,46277,46331,54
walking,46350,46331,46350,19
right_turning,46388,46350,46388,38
running,46433,46388,46433,45
stepping,46434,46433,46434,1
walking,46469,46434,46469,35
right_turning,46488,46469,46488,19
running,46526,46488,46526,38
rising,46527,46526,46527,1
rearing,46562,46527,46562,35
hunching,46649,46562,46649,87
sniffing,46805,46649,46805,156
walking,46830,46805,46830,25
stepping,46871,46830,46871,41
rising,46882,46871,46882,11
rearing,46988,46882,46988,106
hunching,47055,46988,47055,67
rising,47084,47055,47084,29
rearing,47085,47084,47085,1
grooming,47156,47085,47156,71
hunching,47157,47156,47157,1
rearing,47243,47157,47243,86
left_turning,47298,47243,47298,55
rising,47329,47298,47329,31
walking,47447,47329,47447,118
rising,47448,47447,47448,1
left_turning,47449,47448,47449,1
walking,47492,47449,47492,43
stepping,47521,47492,47521,29
sniffing,47522,47521,47522,1
hunching,47536,47522,47536,14
grooming,47661,47536,47661,125
left_turning,47671,47661,47671,10
rising,47724,47671,47724,53
grooming,48003,47724,48003,279
sniffing,48004,48003,48004,1
walking,48060,48004,48060,56
climbing,48121,48060,48121,61
stepping,48130,48121,48130,9
climbing,48234,48130,48234,104
running,48240,48234,48240,6
sniffing,48381,48240,48381,141
grooming,48739,48381,48739,358
walking,48926,48739,48926,187
rearing,48927,48926,48927,1
hunching,48928,48927,48928,1
walking,48943,48928,48943,15
sniffing,48944,48943,48944,1
stepping,49026,48944,49026,82
sniffing,49067,49026,49067,41
grooming,49092,49067,49092,25
stepping,49143,49092,49143,51
rearing,49172,49143,49172,29
climbing,49189,49172,49189,17
grooming,49349,49189,49349,160
right_turning,49414,49349,49414,65
walking,49479,49414,49479,65
stepping,49480,49479,49480,1
sniffing,49524,49480,49524,44
rising,49540,49524,49540,16
grooming,49716,49540,49716,176
stepping,49795,49716,49795,79
sniffing,49899,49795,49899,104
walking,49963,49899,49963,64
sniffing,50072,49963,50072,109
grooming,50082,50072,50082,10
rising,50140,50082,50140,58
left_turning,50169,50140,50169,29
sniffing,50243,50169,50243,74
grooming,50279,50243,50279,36
rearing,50290,50279,50290,11
left_turning,50291,50290,50291,1
stepping,50314,50291,50314,23
right_turning,50315,50314,50315,1
grooming,50474,50315,50474,159
left_turning,50505,50474,50505,31
sniffing,50888,50505,50888,383
stepping,50941,50888,50941,53
grooming,50942,50941,50942,1
rising,50967,50942,50967,25
grooming,50968,50967,50968,1
sniffing,51097,50968,51097,129
stepping,51141,51097,51141,44
scratching,51142,51141,51142,1
sniffing,51143,51142,51143,1
rising,51144,51143,51144,1
stepping,51161,51144,51161,17
sniffing,51162,51161,51162,1
walking,51163,51162,51163,1
stepping,51196,51163,51196,33
sniffing,51197,51196,51197,1
right_turning,51204,51197,51204,7
sniffing,51244,51204,51244,40
stepping,51325,51244,51325,81
sniffing,51413,51325,51413,88
left_turning,51495,51413,51495,82
sniffing,51677,51495,51677,182
grooming,51879,51677,51879,202
rearing,51880,51879,51880,1
stepping,51896,51880,51896,16
sniffing,51955,51896,51955,59
left_turning,51991,51955,51991,36
scratching,51992,51991,51992,1
left_turning,52004,51992,52004,12
sniffing,52010,52004,52010,6
right_turning,52018,52010,52018,8
sniffing,52025,52018,52025,7
grooming,52269,52025,52269,244
rearing,52287,52269,52287,18
rising,52302,52287,52302,15
rearing,52303,52302,52303,1
climbing,52363,52303,52363,60
grooming,52409,52363,52409,46
scratching,52410,52409,52410,1
grooming,52411,52410,52411,1
sniffing,52495,52411,52495,84
rising,52512,52495,52512,17
left_turning,52553,52512,52553,41
sniffing,52573,52553,52573,20
walking,52583,52573,52583,10
trotting,52591,52583,52591,8
stepping,52628,52591,52628,37
sniffing,52629,52628,52629,1
left_turning,52737,52629,52737,108
scratching,52738,52737,52738,1
grooming,52770,52738,52770,32
rearing,52799,52770,52799,29
grooming,52871,52799,52871,72
rising,52906,52871,52906,35
rearing,52943,52906,52943,37
stepping,52945,52943,52945,2
rising,52961,52945,52961,16
sniffing,53001,52961,53001,40
stepping,53026,53001,53026,25
sniffing,53141,53026,53141,115
walking,53181,53141,53181,40
right_turning,53253,53181,53253,72
walking,53421,53253,53421,168
stepping,53446,53421,53446,25
walking,53478,53446,53478,32
stepping,53525,53478,53525,47
running,53560,53525,53560,35
jumping,53643,53560,53643,83
rearing,53824,53643,53824,181
climbing,53918,53824,53918,94
rearing,53966,53918,53966,48
rising,54001,53966,54001,35
right_turning,54020,54001,54020,19
grooming,54021,54020,54021,1
rising,54051,54021,54051,30
sniffing,54106,54051,54106,55
grooming,54338,54106,54338,232
rising,54355,54338,54355,17
climbing,54405,54355,54405,50
walking,54448,54405,54448,43
climbing,54535,54448,54535,87
sniffing,54536,54535,54536,1
walking,54568,54536,54568,32
stepping,54605,54568,54605,37
walking,54704,54605,54704,99
stepping,54747,54704,54747,43
sniffing,54875,54747,54875,128
rising,54925,54875,54925,50
stepping,54944,54925,54944,19
grooming,54960,54944,54960,16
trotting,54977,54960,54977,17
running,54983,54977,54983,6
rising,54984,54983,54984,1
climbing,55058,54984,55058,74
trotting,55076,55058,55076,18
stepping,55083,55076,55083,7
sniffing,55204,55083,55204,121
walking,55252,55204,55252,48
sniffing,55253,55252,55253,1
left_turning,55276,55253,55276,23
walking,55287,55276,55287,11
sniffing,55417,55287,55417,130
rising,55472,55417,55472,55
sniffing,55481,55472,55481,9
left_turning,55532,55481,55532,51
sniffing,55544,55532,55544,12
walking,55559,55544,55559,15
stepping,55578,55559,55578,19
rising,55592,55578,55592,14
climbing,55598,55592,55598,6
stepping,55615,55598,55615,17
walking,55661,55615,55661,46
left_turning,55662,55661,55662,1
sniffing,55770,55662,55770,108
rising,55812,55770,55812,42
hunching,55818,55812,55818,6
left_turning,55830,55818,55830,12
walking,55831,55830,55831,1
sniffing,55946,55831,55946,115
stepping,55990,55946,55990,44
sniffing,56068,55990,56068,78
stepping,56106,56068,56106,38
sniffing,56205,56106,56205,99
stepping,56217,56205,56217,12
trotting,56271,56217,56271,54
stepping,56286,56271,56286,15
grooming,56356,56286,56356,70
hunching,56406,56356,56406,50
grooming,56407,56406,56407,1
sniffing,56408,56407,56408,1
rising,56417,56408,56417,9
rearing,56461,56417,56461,44
grooming,56774,56461,56774,313
scratching,56775,56774,56775,1
walking,56904,56775,56904,129
hunching,56905,56904,56905,1
right_turning,56941,56905,56941,36
running,56958,56941,56958,17
stepping,56988,56958,56988,30
walking,56989,56988,56989,1
rising,56990,56989,56990,1
left_turning,57012,56990,57012,22
walking,57068,57012,57068,56
sniffing,57212,57068,57212,144
stepping,57259,57212,57259,47
sniffing,57383,57259,57383,124
rising,57482,57383,57482,99
sniffing,57558,57482,57558,76
walking,57559,57558,57559,1
trotting,57578,57559,57578,19
running,57602,57578,57602,24
grooming,57695,57602,57695,93
sniffing,57696,57695,57696,1
rising,57747,57696,57747,51
rearing,57815,57747,57815,68
hunching,57850,57815,57850,35
grooming,57851,57850,57851,1
sniffing,57867,57851,57867,16
walking,57910,57867,57910,43
rising,57939,57910,57939,29
sniffing,57940,57939,57940,1
left_turning,57955,57940,57955,15
sniffing,58119,57955,58119,164
grooming,58120,58119,58120,1
walking,58121,58120,58121,1
sniffing,58222,58121,58222,101
left_turning,58234,58222,58234,12
trotting,58256,58234,58256,22
rising,58271,58256,58271,15
sniffing,58346,58271,58346,75
walking,58376,58346,58376,30
stepping,58412,58376,58412,36
walking,58413,58412,58413,1
hunching,58425,58413,58425,12
rearing,58532,58425,58532,107
grooming,58579,58532,58579,47
right_turning,58612,58579,58612,33
running,58623,58612,58623,11
rising,58639,58623,58639,16
sniffing,58715,58639,58715,76
left_turning,58786,58715,58786,71
scratching,58787,58786,58787,1
sniffing,58961,58787,58961,174
walking,59027,58961,59027,66
sniffing,59164,59027,59164,137
left_turning,59215,59164,59215,51
sniffing,59258,59215,59258,43
stepping,59259,59258,59259,1
walking,59347,59259,59347,88
rising,59383,59347,59383,36
grooming,59580,59383,59580,197
sniffing,59581,59580,59581,1
rearing,59582,59581,59582,1
climbing,59640,59582,59640,58
walking,59641,59640,59641,1
climbing,59642,59641,59642,1
trotting,59654,59642,59654,12
walking,59657,59654,59657,3
trotting,59670,59657,59670,13
sniffing,59689,59670,59689,19
right_turning,59714,59689,59714,25
sniffing,59840,59714,59840,126
stepping,59878,59840,59878,38
sniffing,59897,59878,59897,19
walking,59898,59897,59898,1
climbing,60007,59898,60007,109
left_turning,60051,60007,60051,44
grooming,60460,60051,60460,409
rearing,60531,60460,60531,71
grooming,60715,60531,60715,184
right_turning,60748,60715,60748,33
sniffing,60749,60748,60749,1
walking,60760,60749,60760,11
rising,60774,60760,60774,14
climbing,60798,60774,60798,24
rearing,60886,60798,60886,88
rising,60901,60886,60901,15
sniffing,60920,60901,60920,19
trotting,60921,60920,60921,1
stepping,60936,60921,60936,15
rising,61008,60936,61008,72
climbing,61009,61008,61009,1
grooming,61010,61009,61010,1
left_turning,61054,61010,61054,44
sniffing,61055,61054,61055,1
stepping,61059,61055,61059,4
walking,61060,61059,61060,1
sniffing,61088,61060,61088,28
left_turning,61161,61088,61161,73
trotting,61219,61161,61219,58
walking,61220,61219,61220,1
sniffing,61312,61220,61312,92
walking,61370,61312,61370,58
running,61395,61370,61395,25
sniffing,61626,61395,61626,231
stepping,61715,61626,61715,89
sniffing,61869,61715,61869,154
walking,61913,61869,61913,44
sniffing,61947,61913,61947,34
walking,61955,61947,61955,8
sniffing,61956,61955,61956,1
trotting,62010,61956,62010,54
running,62014,62010,62014,4
rising,62015,62014,62015,1
rearing,62165,62015,62165,150
sniffing,62301,62165,62301,136
climbing,62423,62301,62423,122
walking,62469,62423,62469,46
stepping,62506,62469,62506,37
walking,62538,62506,62538,32
stepping,62582,62538,62582,44
sniffing,62657,62582,62657,75
stepping,62678,62657,62678,21
left_turning,62740,62678,62740,62
walking,62788,62740,62788,48
stepping,62816,62788,62816,28
sniffing,62866,62816,62866,50
left_turning,62894,62866,62894,28
rising,62944,62894,62944,50
rearing,62973,62944,62973,29
grooming,63470,62973,63470,497
left_turning,63515,63470,63515,45
trotting,63516,63515,63516,1
walking,63517,63516,63517,1
sniffing,63543,63517,63543,26
walking,63569,63543,63569,26
stepping,63607,63569,63607,38
rising,63608,63607,63608,1
climbing,63665,63608,63665,57
trotting,63678,63665,63678,13
sniffing,63875,63678,63875,197
left_turning,63923,63875,63923,48
stepping,63924,63923,63924,1
walking,63973,63924,63973,49
stepping,63997,63973,63997,24
grooming,64115,63997,64115,118
rising,64116,64115,64116,1
sniffing,64117,64116,64117,1
grooming,64315,64117,64315,198
rearing,64384,64315,64384,69
rising,64432,64384,64432,48
grooming,64433,64432,64433,1
right_turning,64434,64433,64434,1
stepping,64505,64434,64505,71
rising,64559,64505,64559,54
rearing,64704,64559,64704,145
grooming,64839,64704,64839,135
rearing,64872,64839,64872,33
grooming,64873,64872,64873,1
sniffing,64996,64873,64996,123
grooming,65106,64996,65106,110
climbing,65177,65106,65177,71
rearing,65264,65177,65264,87
rising,65288,65264,65288,24
stepping,65326,65288,65326,38
trotting,65327,65326,65327,1
sniffing,65355,65327,65355,28
rearing,65437,65355,65437,82
grooming,65686,65437,65686,249
rising,65719,65686,65719,33
sniffing,65720,65719,65720,1
grooming,66031,65720,66031,311
sniffing,66032,66031,66032,1
grooming,66123,66032,66123,91
rising,66124,66123,66124,1
rearing,66192,66124,66192,68
hunching,66250,66192,66250,58
stepping,66289,66250,66289,39
walking,66338,66289,66338,49
rearing,66339,66338,66339,1
rising,66341,66339,66341,2
trotting,66385,66341,66385,44
grooming,66448,66385,66448,63
sniffing,66542,66448,66542,94
rising,66583,66542,66583,41
rearing,66680,66583,66680,97
grooming,67081,66680,67081,401
hunching,67152,67081,67152,71
rearing,67200,67152,67200,48
sniffing,67310,67200,67310,110
climbing,67320,67310,67320,10
rising,67397,67320,67397,77
hunching,67428,67397,67428,31
rearing,67435,67428,67435,7
grooming,67481,67435,67481,46
left_turning,67504,67481,67504,23
rising,67509,67504,67509,5
rearing,67537,67509,67537,28
rising,67620,67537,67620,83
left_turning,67672,67620,67672,52
sniffing,67716,67672,67716,44
climbing,67717,67716,67717,1
walking,67802,67717,67802,85
sniffing,67863,67802,67863,61
right_turning,67948,67863,67948,85
grooming,68049,67948,68049,101
sniffing,68050,68049,68050,1
scratching,68051,68050,68051,1
sniffing,68052,68051,68052,1
right_turning,68089,68052,68089,37
walking,68090,68089,68090,1
right_turning,68101,68090,68101,11
climbing,68175,68101,68175,74
stepping,68206,68175,68206,31
rising,68282,68206,68282,76
climbing,68358,68282,68358,76
rearing,68497,68358,68497,139
climbing,68645,68497,68645,148
left_turning,68684,68645,68684,39
sniffing,68750,68684,68750,66
left_turning,68803,68750,68803,53
sniffing,68804,68803,68804,1
walking,68872,68804,68872,68
sniffing,69040,68872,69040,168
stepping,69041,69040,69041,1
trotting,69074,69041,69074,33
rising,69080,69074,69080,6
left_turning,69126,69080,69126,46
walking,69134,69126,69134,8
sniffing,69135,69134,69135,1
rising,69152,69135,69152,17
rearing,69160,69152,69160,8
running,69184,69160,69184,24
stepping,69266,69184,69266,82
sniffing,69423,69266,69423,157
left_turning,69463,69423,69463,40
grooming,69464,69463,69464,1
sniffing,69566,69464,69566,102
walking,69600,69566,69600,34
climbing,69612,69600,69612,12
trotting,69702,69612,69702,90
rising,69731,69702,69731,29
sniffing,69732,69731,69732,1
rearing,69813,69732,69813,81
climbing,69860,69813,69860,47
sniffing,69899,69860,69899,39
rising,69934,69899,69934,35
left_turning,69935,69934,69935,1
sniffing,69936,69935,69936,1
rising,69955,69936,69955,19
climbing,70042,69955,70042,87
grooming,70170,70042,70170,128
rising,70211,70170,70211,41
grooming,70465,70211,70465,254
walking,70477,70465,70477,12
sniffing,70495,70477,70495,18
walking,70567,70495,70567,72
sniffing,70784,70567,70784,217
scratching,70785,70784,70785,1
grooming,70856,70785,70856,71
sniffing,70857,70856,70857,1
stepping,70910,70857,70910,53
sniffing,70952,70910,70952,42
right_turning,71040,70952,71040,88
sniffing,71059,71040,71059,19
stepping,71113,71059,71113,54
trotting,71153,71113,71153,40
stepping,71164,71153,71164,11
grooming,71412,71164,71412,248
sniffing,71413,71412,71413,1
walking,71453,71413,71453,40
rising,71507,71453,71507,54
sniffing,71560,71507,71560,53
rising,71579,71560,71579,19
rearing,71619,71579,71619,40
rising,71658,71619,71658,39
rearing,71749,71658,71749,91
grooming,71750,71749,71750,1
sniffing,71894,71750,71894,144
walking,71970,71894,71970,76
sniffing,72063,71970,72063,93
left_turning,72110,72063,72110,47
sniffing,72149,72110,72149,39
running,72177,72149,72177,28
walking,72178,72177,72178,1
sniffing,72189,72178,72189,11
grooming,72218,72189,72218,29
sniffing,72253,72218,72253,35
stepping,72315,72253,72315,62
walking,72396,72315,72396,81
sniffing,72628,72396,72628,232
stepping,72671,72628,72671,43
grooming,72744,72671,72744,73
sniffing,72745,72744,72745,1
grooming,72933,72745,72933,188
rearing,73015,72933,73015,82
climbing,73108,73015,73108,93
walking,73135,73108,73135,27
rearing,73136,73135,73136,1
trotting,73137,73136,73137,1
running,73145,73137,73145,8
stepping,73162,73145,73162,17
walking,73187,73162,73187,25
stepping,73239,73187,73239,52
sniffing,73240,73239,73240,1
stepping,73274,73240,73274,34
rising,73285,73274,73285,11
stepping,73316,73285,73316,31
walking,73337,73316,73337,21
stepping,73395,73337,73395,58
walking,73440,73395,73440,45
climbing,73441,73440,73441,1
sniffing,73467,73441,73467,26
walking,73475,73467,73475,8
sniffing,73567,73475,73567,92
grooming,73722,73567,73722,155
right_turning,73751,73722,73751,29
walking,73838,73751,73838,87
sniffing,73883,73838,73883,45
rising,73884,73883,73884,1
climbing,73905,73884,73905,21
left_turning,73913,73905,73913,8
stepping,73951,73913,73951,38
climbing,74005,73951,74005,54
grooming,74079,74005,74079,74
rearing,74092,74079,74092,13
hunching,74093,74092,74093,1
left_turning,74169,74093,74169,76
sniffing,74173,74169,74173,4
stepping,74268,74173,74268,95
left_turning,74367,74268,74367,99
stepping,74401,74367,74401,34
rearing,74501,74401,74501,100
walking,74502,74501,74502,1
trotting,74530,74502,74530,28
right_turning,74543,74530,74543,13
walking,74604,74543,74604,61
sniffing,74608,74604,74608,4
running,74642,74608,74642,34
walking,74761,74642,74761,119
sniffing,74825,74761,74825,64
walking,74856,74825,74856,31
stepping,74873,74856,74873,17
sniffing,74940,74873,74940,67
rising,74941,74940,74941,1
climbing,75029,74941,75029,88
walking,75030,75029,75030,1
sniffing,75092,75030,75092,62
walking,75136,75092,75136,44
climbing,75211,75136,75211,75
trotting,75234,75211,75234,23
stepping,75274,75234,75274,40
rising,75291,75274,75291,17
climbing,75398,75291,75398,107
running,75445,75398,75445,47
walking,75453,75445,75453,8
rising,75479,75453,75479,26
climbing,75480,75479,75480,1
grooming,75495,75480,75495,15
rearing,75607,75495,75607,112
sniffing,75722,75607,75722,115
right_turning,75759,75722,75759,37
sniffing,75850,75759,75850,91
left_turning,75854,75850,75854,4
running,75891,75854,75891,37
walking,75904,75891,75904,13
stepping,75930,75904,75930,26
sniffing,75955,75930,75955,25
walking,75999,75955,75999,44
climbing,76052,75999,76052,53
left_turning,76053,76052,76053,1
trotting,76118,76053,76118,65
stepping,76193,76118,76193,75
grooming,76194,76193,76194,1
rearing,76249,76194,76249,55
sniffing,76405,76249,76405,156
stepping,76460,76405,76460,55
sniffing,76534,76460,76534,74
walking,76590,76534,76590,56
stepping,76607,76590,76607,17
sniffing,76608,76607,76608,1
scratching,76609,76608,76609,1
grooming,76686,76609,76686,77
sniffing,76687,76686,76687,1
rising,76693,76687,76693,6
rearing,76755,76693,76755,62
grooming,76788,76755,76788,33
hunching,76938,76788,76938,150
rearing,77028,76938,77028,90
hunching,77063,77028,77063,35
grooming,77182,77063,77182,119
rearing,77220,77182,77220,38
grooming,77221,77220,77221,1
left_turning,77256,77221,77256,35
stepping,77257,77256,77257,1
walking,77322,77257,77322,65
right_turning,77340,77322,77340,18
trotting,77345,77340,77345,5
stepping,77365,77345,77365,20
walking,77464,77365,77464,99
sniffing,77487,77464,77487,23
grooming,77556,77487,77556,69
sniffing,77595,77556,77595,39
walking,77654,77595,77654,59
right_turning,77674,77654,77674,20
sniffing,77675,77674,77675,1
stepping,77716,77675,77716,41
right_turning,77783,77716,77783,67
sniffing,77938,77783,77938,155
rising,78031,77938,78031,93
sniffing,78136,78031,78136,105
walking,78187,78136,78187,51
rearing,78226,78187,78226,39
right_turning,78275,78226,78275,49
sniffing,78276,78275,78276,1
grooming,78370,78276,78370,94
sniffing,78371,78370,78371,1
left_turning,78386,78371,78386,15
walking,78387,78386,78387,1
sniffing,78415,78387,78415,28
stepping,78438,78415,78438,23
sniffing,78439,78438,78439,1
stepping,78466,78439,78466,27
walking,78504,78466,78504,38
running,78511,78504,78511,7
trotting,78518,78511,78518,7
sniffing,78532,78518,78532,14
walking,78543,78532,78543,11
sniffing,78567,78543,78567,24
right_turning,78579,78567,78579,12
stepping,78614,78579,78614,35
climbing,78768,78614,78768,154
grooming,78769,78768,78769,1
trotting,78780,78769,78780,11
rising,78813,78780,78813,33
stepping,78823,78813,78823,10
grooming,78824,78823,78824,1
sniffing,78825,78824,78825,1
stepping,78881,78825,78881,56
grooming,79436,78881,79436,555
hunching,79437,79436,79437,1
sniffing,79506,79437,79506,69
walking,79551,79506,79551,45
sniffing,79564,79551,79564,13
rising,79582,79564,79582,18
hunching,79583,79582,79583,1
grooming,79838,79583,79838,255
stepping,79904,79838,79904,66
walking,79910,79904,79910,6
sniffing,80001,79910,80001,91
stepping,80020,80001,80020,19
rising,80105,80020,80105,85
right_turning,80126,80105,80126,21
sniffing,80179,80126,80179,53
walking,80189,80179,80189,10
stepping,80190,80189,80190,1
sniffing,80191,80190,80191,1
left_turning,80262,80191,80262,71
sniffing,80344,80262,80344,82
walking,80411,80344,80411,67
stepping,80470,80411,80470,59
sniffing,80471,80470,80471,1
stepping,80503,80471,80503,32
sniffing,80550,80503,80550,47
stepping,80570,80550,80570,20
sniffing,80640,80570,80640,70
walking,80722,80640,80722,82
left_turning,80745,80722,80745,23
walking,80776,80745,80776,31
sniffing,80871,80776,80871,95
walking,80901,80871,80901,30
sniffing,81058,80901,81058,157
left_turning,81113,81058,81113,55
sniffing,81180,81113,81180,67
grooming,81287,81180,81287,107
walking,81346,81287,81346,59
stepping,81393,81346,81393,47
trotting,81442,81393,81442,49
walking,81485,81442,81485,43
sniffing,81560,81485,81560,75
rising,81588,81560,81588,28
climbing,81736,81588,81736,148
right_turning,81797,81736,81797,61
trotting,81840,81797,81840,43
sniffing,81841,81840,81841,1
right_turning,81854,81841,81854,13
scratching,81855,81854,81855,1
grooming,82086,81855,82086,231
climbing,82185,82086,82185,99
grooming,82396,82185,82396,211
climbing,82559,82396,82559,163
grooming,82594,82559,82594,35
rising,82603,82594,82603,9
rearing,82644,82603,82644,41
climbing,82672,82644,82672,28
rearing,82673,82672,82673,1
grooming,82878,82673,82878,205
sniffing,82999,82878,82999,121
rearing,83035,82999,83035,36
hunching,83166,83035,83166,131
grooming,83169,83166,83169,3
climbing,83229,83169,83229,60
rearing,83303,83229,83303,74
grooming,83387,83303,83387,84
right_turning,83456,83387,83456,69
stepping,83505,83456,83505,49
left_turning,83526,83505,83526,21
walking,83610,83526,83610,84
sniffing,83611,83610,83611,1
rising,83616,83611,83616,5
climbing,83709,83616,83709,93
walking,83725,83709,83725,16
stepping,83758,83725,83758,33
rising,83828,83758,83828,70
climbing,83913,83828,83913,85
left_turning,83992,83913,83992,79
sniffing,84105,83992,84105,113
rising,84194,84105,84194,89
grooming,84350,84194,84350,156
rearing,84420,84350,84420,70
stepping,84444,84420,84444,24
sniffing,84466,84444,84466,22
grooming,84724,84466,84724,258
rearing,84725,84724,84725,1
grooming,85177,84725,85177,452
climbing,85300,85177,85300,123
walking,85315,85300,85315,15
stepping,85379,85315,85379,64
walking,85434,85379,85434,55
grooming,85594,85434,85594,160
sniffing,85727,85594,85727,133
rising,85755,85727,85755,28
right_turning,85758,85755,85758,3
sniffing,85819,85758,85819,61
trotting,85861,85819,85861,42
sniffing,85972,85861,85972,111
walking,85988,85972,85988,16
rearing,85989,85988,85989,1
grooming,86358,85989,86358,369
rising,86366,86358,86366,8
rearing,86450,86366,86450,84
rising,86468,86450,86468,18
grooming,86661,86468,86661,193
scratching,86662,86661,86662,1
sniffing,86713,86662,86713,51
left_turning,86751,86713,86751,38
rising,86917,86751,86917,166
grooming,86918,86917,86918,1
rearing,86934,86918,86934,16
walking,86954,86934,86954,20
sniffing,86955,86954,86955,1
rearing,87105,86955,87105,150
climbing,87162,87105,87162,57
left_turning,87218,87162,87218,56
sniffing,87313,87218,87313,95
walking,87357,87313,87357,44
climbing,87399,87357,87399,42
rearing,87491,87399,87491,92
grooming,87921,87491,87921,430
hunching,88025,87921,88025,104
grooming,88026,88025,88026,1
rearing,88039,88026,88039,13
climbing,88074,88039,88074,35
rising,88108,88074,88108,34
sniffing,88160,88108,88160,52
rising,88204,88160,88204,44
rearing,88254,88204,88254,50
stepping,88318,88254,88318,64
trotting,88360,88318,88360,42
stepping,88391,88360,88391,31
rising,88432,88391,88432,41
grooming,88859,88432,88859,427
left_turning,88860,88859,88860,1
sniffing,88881,88860,88881,21
stepping,88905,88881,88905,24
climbing,88996,88905,88996,91
walking,89057,88996,89057,61
sniffing,89078,89057,89078,21
rearing,89104,89078,89104,26
rising,89142,89104,89142,38
left_turning,89193,89142,89193,51
sniffing,89398,89193,89398,205
rising,89399,89398,89399,1
climbing,89400,89399,89400,1
rearing,89401,89400,89401,1
climbing,89469,89401,89469,68
trotting,89502,89469,89502,33
walking,89555,89502,89555,53
sniffing,89579,89555,89579,24
walking,89660,89579,89660,81
stepping,89707,89660,89707,47
sniffing,89762,89707,89762,55
stepping,89802,89762,89802,40
sniffing,90148,89802,90148,346
stepping,90171,90148,90171,23
sniffing,90228,90171,90228,57
stepping,90275,90228,90275,47
walking,90389,90275,90389,114
sniffing,90653,90389,90653,264
walking,90787,90653,90787,134
sniffing,90802,90787,90802,15
rising,90866,90802,90866,64
climbing,90937,90866,90937,71
rising,91020,90937,91020,83
rearing,91021,91020,91021,1
climbing,91055,91021,91055,34
grooming,91354,91055,91354,299
trotting,91363,91354,91363,9
stepping,91419,91363,91419,56
sniffing,91420,91419,91420,1
grooming,91533,91420,91533,113
climbing,91622,91533,91622,89
walking,91642,91622,91642,20
stepping,91709,91642,91709,67
rearing,91786,91709,91786,77
grooming,92062,91786,92062,276
walking,92095,92062,92095,33
running,92119,92095,92119,24
stepping,92129,92119,92129,10
rearing,92237,92129,92237,108
climbing,92309,92237,92309,72
stepping,92321,92309,92321,12
rearing,92343,92321,92343,22
rising,92388,92343,92388,45
climbing,92436,92388,92436,48
grooming,92437,92436,92437,1
sniffing,92438,92437,92438,1
rising,92839,92438,92839,401
walking,93007,92839,93007,168
sniffing,93010,93007,93010,3
walking,93063,93010,93063,53
grooming,93064,93063,93064,1
sniffing,93116,93064,93116,52
left_turning,93151,93116,93151,35
walking,93163,93151,93163,12
right_turning,93210,93163,93210,47
rising,93274,93210,93274,64
walking,93378,93274,93378,104
climbing,93527,93378,93527,149
grooming,93850,93527,93850,323
right_turning,93892,93850,93892,42
stepping,93962,93892,93962,70
walking,93982,93962,93982,20
climbing,94092,93982,94092,110
grooming,94209,94092,94209,117
hunching,94210,94209,94210,1
left_turning,94239,94210,94239,29
stepping,94292,94239,94292,53
sniffing,94307,94292,94307,15
walking,94355,94307,94355,48
sniffing,94356,94355,94356,1
left_turning,94368,94356,94368,12
walking,94391,94368,94391,23
left_turning,94423,94391,94423,32
walking,94498,94423,94498,75
sniffing,94611,94498,94611,113
stepping,94657,94611,94657,46
walking,94735,94657,94735,78
climbing,94827,94735,94827,92
rearing,94845,94827,94845,18
stepping,94846,94845,94846,1
climbing,94934,94846,94934,88
right_turning,94943,94934,94943,9
sniffing,95097,94943,95097,154
stepping,95126,95097,95126,29
walking,95169,95126,95169,43
stepping,95225,95169,95225,56
grooming,95226,95225,95226,1
rearing,95255,95226,95255,29
grooming,95269,95255,95269,14
rearing,95350,95269,95350,81
grooming,95678,95350,95678,328
rising,95740,95678,95740,62
rearing,95839,95740,95839,99
sniffing,95982,95839,95982,143
stepping,95989,95982,95989,7
sniffing,95990,95989,95990,1
rising,96011,95990,96011,21
stepping,96021,96011,96021,10
walking,96053,96021,96053,32
hunching,96054,96053,96054,1
rising,96168,96054,96168,114
grooming,96411,96168,96411,243
rising,96441,96411,96441,30
grooming,96442,96441,96442,1
sniffing,96566,96442,96566,124
stepping,96606,96566,96606,40
rearing,96745,96606,96745,139
climbing,96747,96745,96747,2
right_turning,96781,96747,96781,34
sniffing,96956,96781,96956,175
stepping,97015,96956,97015,59
rising,97094,97015,97094,79
climbing,97109,97094,97109,15
running,97134,97109,97134,25
walking,97160,97134,97160,26
trotting,97161,97160,97161,1
walking,97212,97161,97212,51
climbing,97228,97212,97228,16
trotting,97267,97228,97267,39
climbing,97403,97267,97403,136
rising,97462,97403,97462,59
rearing,97536,97462,97536,74
hunching,97537,97536,97537,1
grooming,97646,97537,97646,109
left_turning,97692,97646,97692,46
sniffing,97722,97692,97722,30
left_turning,97762,97722,97762,40
stepping,97784,97762,97784,22
walking,97785,97784,97785,1
sniffing,97792,97785,97792,7
left_turning,97820,97792,97820,28
rising,97850,97820,97850,30
sniffing,97851,97850,97851,1
stepping,97890,97851,97890,39
rising,97948,97890,97948,58
climbing,98006,97948,98006,58
rearing,98051,98006,98051,45
climbing,98094,98051,98094,43
right_turning,98106,98094,98106,12
trotting,98173,98106,98173,67
running,98206,98173,98206,33
walking,98280,98206,98280,74
stepping,98350,98280,98350,70
sniffing,98351,98350,98351,1
grooming,98352,98351,98352,1
sniffing,98372,98352,98372,20
grooming,98388,98372,98388,16
sniffing,98525,98388,98525,137
rising,98526,98525,98526,1
rearing,98560,98526,98560,34
grooming,99118,98560,99118,558
hunching,99119,99118,99119,1
rearing,99237,99119,99237,118
sniffing,99431,99237,99431,194
rising,99439,99431,99439,8
sniffing,99440,99439,99440,1
stepping,99538,99440,99538,98
walking,99569,99538,99569,31
sniffing,99685,99569,99685,116
left_turning,99843,99685,99843,158
grooming,99993,99843,99993,150
rising,100046,99993,100046,53
sniffing,100073,100046,100073,27
stepping,100101,100073,100101,28
walking,100122,100101,100122,21
grooming,100173,100122,100173,51
rising,100217,100173,100217,44
sniffing,100315,100217,100315,98
rising,100326,100315,100326,11
sniffing,100396,100326,100396,70
walking,100445,100396,100445,49
stepping,100516,100445,100516,71
sniffing,100594,100516,100594,78
walking,100641,100594,100641,47
rising,100681,100641,100681,40
rearing,100719,100681,100719,38
hunching,100757,100719,100757,38
grooming,101080,100757,101080,323
scratching,101081,101080,101081,1
grooming,101082,101081,101082,1
hunching,101189,101082,101189,107
grooming,101190,101189,101190,1
stepping,101256,101190,101256,66
sniffing,101371,101256,101371,115
rearing,101372,101371,101372,1
rising,101373,101372,101373,1
rearing,101392,101373,101392,19
hunching,101470,101392,101470,78
grooming,101647,101470,101647,177
left_turning,101651,101647,101651,4
sniffing,101748,101651,101748,97
climbing,101827,101748,101827,79
rearing,101868,101827,101868,41
rising,101869,101868,101869,1
stepping,101956,101869,101956,87
climbing,102114,101956,102114,158
rearing,102115,102114,102115,1
climbing,102268,102115,102268,153
right_turning,102269,102268,102269,1
stepping,102327,102269,102327,58
sniffing,102328,102327,102328,1
rearing,102374,102328,102374,46
running,102375,102374,102375,1
stepping,102409,102375,102409,34
sniffing,102444,102409,102444,35
left_turning,102494,102444,102494,50
rising,102543,102494,102543,49
sniffing,102563,102543,102563,20
rising,102604,102563,102604,41
sniffing,102672,102604,102672,68
stepping,102696,102672,102696,24
grooming,102697,102696,102697,1
rearing,102698,102697,102698,1
hunching,102734,102698,102734,36
grooming,102735,102734,102735,1
rearing,102770,102735,102770,35
grooming,102812,102770,102812,42
sniffing,102869,102812,102869,57
left_turning,102878,102869,102878,9
stepping,102922,102878,102922,44
walking,103010,102922,103010,88
climbing,103033,103010,103033,23
sniffing,103125,103033,103125,92
stepping,103177,103125,103177,52
walking,103200,103177,103200,23
sniffing,103201,103200,103201,1
rising,103202,103201,103202,1
sniffing,103205,103202,103205,3
grooming,103206,103205,103206,1
stepping,103230,103206,103230,24
rearing,103257,103230,103257,27
hunching,103334,103257,103334,77
rearing,103341,103334,103341,7
climbing,103401,103341,103401,60
grooming,103635,103401,103635,234
hunching,103668,103635,103668,33
grooming,103815,103668,103815,147
sniffing,103905,103815,103905,90
right_turning,103906,103905,103906,1
grooming,104276,103906,104276,370
stepping,104313,104276,104313,37
sniffing,104431,104313,104431,118
walking,104516,104431,104516,85
rising,104605,104516,104605,89
climbing,104659,104605,104659,54
grooming,104660,104659,104660,1
scratching,104661,104660,104661,1
sniffing,104750,104661,104750,89
rising,104751,104750,104751,1
rearing,104794,104751,104794,43
grooming,105495,104794,105495,701
rearing,105518,105495,105518,23
grooming,105737,105518,105737,219
stepping,105799,105737,105799,62
sniffing,105892,105799,105892,93
stepping,105907,105892,105907,15
sniffing,105908,105907,105908,1
rising,105909,105908,105909,1
climbing,105910,105909,105910,1
rearing,105992,105910,105992,82
sniffing,106065,105992,106065,73
walking,106092,106065,106092,27
stepping,106139,106092,106139,47
sniffing,106208,106139,106208,69
rising,106277,106208,106277,69
hunching,106285,106277,106285,8
rearing,106286,106285,106286,1
grooming,106287,106286,106287,1
right_turning,106308,106287,106308,21
sniffing,106483,106308,106483,175
right_turning,106491,106483,106491,8
sniffing,106581,106491,106581,90
walking,106586,106581,106586,5
right_turning,106606,106586,106606,20
walking,106645,106606,106645,39
stepping,106667,106645,106667,22
walking,106671,106667,106671,4
sniffing,106672,106671,106672,1
rising,106743,106672,106743,71
sniffing,106954,106743,106954,211
grooming,106981,106954,106981,27
sniffing,107020,106981,107020,39
walking,107079,107020,107079,59
sniffing,107183,107079,107183,104
grooming,107184,107183,107184,1
sniffing,107247,107184,107247,63
left_turning,107279,107247,107279,32
sniffing,107387,107279,107387,108
rearing,107427,107387,107427,40
hunching,107428,107427,107428,1
grooming,107538,107428,107538,110
left_turning,107552,107538,107552,14
grooming,107553,107552,107553,1
hunching,107565,107553,107565,12
grooming,107660,107565,107660,95
left_turning,107699,107660,107699,39
sniffing,107723,107699,107723,24
stepping,107757,107723,107757,34
rearing,107758,107757,107758,1
sniffing,107881,107758,107881,123
running,107889,107881,107889,8
trotting,107897,107889,107897,8
stepping,107916,107897,107916,19
sniffing,108000,107916,108000,84
