revised_movement_label,segBoundary,segBoundary_start,segBoundary_end,length
grooming,62,0,62,62
rearing,121,62,121,59
hunching,180,121,180,59
sniffing,202,180,202,22
rising,203,202,203,1
grooming,219,203,219,16
running,238,219,238,19
walking,354,238,354,116
sniffing,489,354,489,135
grooming,490,489,490,1
hunching,516,490,516,26
grooming,544,516,544,28
walking,704,544,704,160
sniffing,894,704,894,190
rising,899,894,899,5
grooming,1166,899,1166,267
trotting,1169,1166,1169,3
stepping,1211,1169,1211,42
walking,1262,1211,1262,51
sniffing,1263,1262,1263,1
stepping,1285,1263,1285,22
sniffing,1286,1285,1286,1
walking,1304,1286,1304,18
sniffing,1305,1304,1305,1
walking,1354,1305,1354,49
stepping,1391,1354,1391,37
walking,1406,1391,1406,15
stepping,1411,1406,1411,5
running,1452,1411,1452,41
trotting,1466,1452,1466,14
walking,1532,1466,1532,66
rising,1533,1532,1533,1
stepping,1555,1533,1555,22
rising,1556,1555,1556,1
climbing,1576,1556,1576,20
sniffing,1578,1576,1578,2
stepping,1630,1578,1630,52
trotting,1661,1630,1661,31
running,1699,1661,1699,38
stepping,1702,1699,1702,3
sniffing,1756,1702,1756,54
rising,1799,1756,1799,43
left_turning,1800,1799,1800,1
grooming,1916,1800,1916,116
walking,1941,1916,1941,25
stepping,2028,1941,2028,87
sniffing,2058,2028,2058,30
stepping,2074,2058,2074,16
sniffing,2090,2074,2090,16
grooming,2244,2090,2244,154
hunching,2287,2244,2287,43
grooming,2288,2287,2288,1
sniffing,2300,2288,2300,12
walking,2361,2300,2361,61
sniffing,2413,2361,2413,52
rearing,2471,2413,2471,58
rising,2482,2471,2482,11
left_turning,2483,2482,2483,1
running,2533,2483,2533,50
trotting,2572,2533,2572,39
walking,2575,2572,2575,3
sniffing,2607,2575,2607,32
left_turning,2612,2607,2612,5
sniffing,2633,2612,2633,21
right_turning,2684,2633,2684,51
sniffing,2731,2684,2731,47
rising,2820,2731,2820,89
walking,3000,2820,3000,180
sniffing,3027,3000,3027,27
walking,3030,3027,3030,3
sniffing,3041,3030,3041,11
stepping,3060,3041,3060,19
sniffing,3138,3060,3138,78
walking,3176,3138,3176,38
left_turning,3214,3176,3214,38
grooming,3568,3214,3568,354
sniffing,3617,3568,3617,49
walking,3650,3617,3650,33
sniffing,3702,3650,3702,52
left_turning,3707,3702,3707,5
stepping,3739,3707,3739,32
walking,3762,3739,3762,23
trotting,3813,3762,3813,51
walking,3895,3813,3895,82
rising,3936,3895,3936,41
climbing,3940,3936,3940,4
left_turning,4047,3940,4047,107
walking,4100,4047,4100,53
stepping,4128,4100,4128,28
walking,4144,4128,4144,16
stepping,4202,4144,4202,58
walking,4203,4202,4203,1
sniffing,4355,4203,4355,152
rising,4393,4355,4393,38
stepping,4408,4393,4408,15
sniffing,4441,4408,4441,33
stepping,4478,4441,4478,37
walking,4551,4478,4551,73
sniffing,4601,4551,4601,50
grooming,4849,4601,4849,248
walking,4917,4849,4917,68
sniffing,4972,4917,4972,55
walking,5012,4972,5012,40
stepping,5039,5012,5039,27
sniffing,5093,5039,5093,54
rearing,5136,5093,5136,43
climbing,5203,5136,5203,67
grooming,5285,5203,5285,82
sniffing,5286,5285,5286,1
stepping,5318,5286,5318,32
grooming,5319,5318,5319,1
sniffing,5434,5319,5434,115
stepping,5449,5434,5449,15
sniffing,5554,5449,5554,105
grooming,5581,5554,5581,27
sniffing,5582,5581,5582,1
rising,5583,5582,5583,1
climbing,5613,5583,5613,30
right_turning,5615,5613,5615,2
stepping,5682,5615,5682,67
sniffing,5709,5682,5709,27
grooming,5713,5709,5713,4
walking,5764,5713,5764,51
trotting,5806,5764,5806,42
rising,5807,5806,5807,1
rearing,5808,5807,5808,1
rising,5815,5808,5815,7
walking,5899,5815,5899,84
left_turning,5934,5899,5934,35
walking,5935,5934,5935,1
running,5970,5935,5970,35
sniffing,5971,5970,5971,1
walking,6115,5971,6115,144
left_turning,6139,6115,6139,24
rising,6179,6139,6179,40
stepping,6209,6179,6209,30
sniffing,6269,6209,6269,60
walking,6302,6269,6302,33
stepping,6340,6302,6340,38
right_turning,6345,6340,6345,5
stepping,6347,6345,6347,2
grooming,6358,6347,6358,11
rearing,6430,6358,6430,72
hunching,6455,6430,6455,25
walking,6533,6455,6533,78
running,6574,6533,6574,41
stepping,6620,6574,6620,46
sniffing,6638,6620,6638,18
right_turning,6647,6638,6647,9
sniffing,6648,6647,6648,1
grooming,6728,6648,6728,80
walking,6781,6728,6781,53
trotting,6800,6781,6800,19
rising,6831,6800,6831,31
running,6872,6831,6872,41
walking,6902,6872,6902,30
sniffing,7012,6902,7012,110
rising,7013,7012,7013,1
sniffing,7049,7013,7049,36
rising,7061,7049,7061,12
right_turning,7114,7061,7114,53
trotting,7240,7114,7240,126
rearing,7287,7240,7287,47
sniffing,7346,7287,7346,59
walking,7411,7346,7411,65
stepping,7453,7411,7453,42
sniffing,7549,7453,7549,96
rising,7550,7549,7550,1
rearing,7551,7550,7551,1
grooming,7651,7551,7651,100
stepping,7698,7651,7698,47
rising,7699,7698,7699,1
sniffing,7715,7699,7715,16
left_turning,7762,7715,7762,47
sniffing,7777,7762,7777,15
stepping,7796,7777,7796,19
walking,7861,7796,7861,65
rising,7887,7861,7887,26
grooming,8098,7887,8098,211
right_turning,8125,8098,8125,27
stepping,8180,8125,8180,55
rising,8233,8180,8233,53
sniffing,8246,8233,8246,13
rising,8324,8246,8324,78
stepping,8398,8324,8398,74
right_turning,8422,8398,8422,24
trotting,8441,8422,8441,19
walking,8462,8441,8462,21
sniffing,8572,8462,8572,110
grooming,8573,8572,8573,1
sniffing,8672,8573,8672,99
rising,8720,8672,8720,48
sniffing,8745,8720,8745,25
walking,8808,8745,8808,63
stepping,8822,8808,8822,14
rising,8878,8822,8878,56
stepping,8889,8878,8889,11
walking,8890,8889,8890,1
trotting,8925,8890,8925,35
sniffing,9013,8925,9013,88
walking,9036,9013,9036,23
running,9060,9036,9060,24
walking,9079,9060,9079,19
left_turning,9093,9079,9093,14
climbing,9158,9093,9158,65
rearing,9258,9158,9258,100
trotting,9332,9258,9332,74
stepping,9384,9332,9384,52
walking,9437,9384,9437,53
sniffing,9438,9437,9438,1
rising,9451,9438,9451,13
stepping,9485,9451,9485,34
sniffing,9551,9485,9551,66
walking,9558,9551,9558,7
stepping,9598,9558,9598,40
walking,9633,9598,9633,35
sniffing,9780,9633,9780,147
hunching,9786,9780,9786,6
grooming,9787,9786,9787,1
scratching,9788,9787,9788,1
grooming,9888,9788,9888,100
sniffing,9910,9888,9910,22
grooming,9911,9910,9911,1
left_turning,9946,9911,9946,35
rearing,10033,9946,10033,87
hunching,10132,10033,10132,99
rearing,10185,10132,10185,53
climbing,10249,10185,10249,64
grooming,10490,10249,10490,241
sniffing,10544,10490,10544,54
stepping,10592,10544,10592,48
rearing,10650,10592,10650,58
grooming,10651,10650,10651,1
sniffing,10652,10651,10652,1
stepping,10700,10652,10700,48
sniffing,10720,10700,10720,20
rising,10729,10720,10729,9
rearing,10730,10729,10730,1
sniffing,10852,10730,10852,122
grooming,11062,10852,11062,210
rearing,11113,11062,11113,51
right_turning,11143,11113,11143,30
trotting,11206,11143,11206,63
rising,11245,11206,11245,39
climbing,11368,11245,11368,123
grooming,11369,11368,11369,1
rearing,11370,11369,11370,1
sniffing,11371,11370,11371,1
rearing,11372,11371,11372,1
grooming,11436,11372,11436,64
walking,11489,11436,11489,53
left_turning,11498,11489,11498,9
grooming,11540,11498,11540,42
stepping,11597,11540,11597,57
rising,11656,11597,11656,59
walking,11744,11656,11744,88
sniffing,11860,11744,11860,116
rising,11893,11860,11893,33
climbing,11932,11893,11932,39
walking,11987,11932,11987,55
trotting,12002,11987,12002,15
stepping,12068,12002,12068,66
rearing,12069,12068,12069,1
sniffing,12134,12069,12134,65
stepping,12135,12134,12135,1
grooming,12158,12135,12158,23
rearing,12241,12158,12241,83
hunching,12246,12241,12246,5
grooming,12366,12246,12366,120
sniffing,12449,12366,12449,83
walking,12486,12449,12486,37
rising,12491,12486,12491,5
trotting,12534,12491,12534,43
rearing,12603,12534,12603,69
grooming,12632,12603,12632,29
trotting,12674,12632,12674,42
sniffing,12696,12674,12696,22
scratching,12697,12696,12697,1
sniffing,12800,12697,12800,103
grooming,12893,12800,12893,93
stepping,12894,12893,12894,1
sniffing,12895,12894,12895,1
grooming,12906,12895,12906,11
hunching,12967,12906,12967,61
grooming,13126,12967,13126,159
sniffing,13247,13126,13247,121
walking,13248,13247,13248,1
hunching,13289,13248,13289,41
grooming,13394,13289,13394,105
rising,13401,13394,13401,7
grooming,13482,13401,13482,81
rearing,13517,13482,13517,35
grooming,13566,13517,13566,49
stepping,13606,13566,13606,40
rearing,13623,13606,13623,17
stepping,13691,13623,13691,68
running,13736,13691,13736,45
walking,13775,13736,13775,39
rising,13889,13775,13889,114
walking,13897,13889,13897,8
stepping,13925,13897,13925,28
sniffing,14058,13925,14058,133
stepping,14075,14058,14075,17
grooming,14195,14075,14195,120
hunching,14207,14195,14207,12
rearing,14335,14207,14335,128
right_turning,14391,14335,14391,56
stepping,14403,14391,14403,12
right_turning,14409,14403,14409,6
walking,14410,14409,14410,1
stepping,14469,14410,14469,59
sniffing,14525,14469,14525,56
rearing,14541,14525,14541,16
grooming,14542,14541,14542,1
walking,14543,14542,14543,1
rising,14595,14543,14595,52
walking,14641,14595,14641,46
stepping,14676,14641,14676,35
walking,14693,14676,14693,17
trotting,14697,14693,14697,4
sniffing,14736,14697,14736,39
grooming,14832,14736,14832,96
climbing,14835,14832,14835,3
walking,14877,14835,14877,42
stepping,14935,14877,14935,58
sniffing,15016,14935,15016,81
grooming,15023,15016,15023,7
rising,15034,15023,15034,11
hunching,15071,15034,15071,37
rearing,15155,15071,15155,84
climbing,15194,15155,15194,39
sniffing,15251,15194,15251,57
walking,15252,15251,15252,1
stepping,15271,15252,15271,19
sniffing,15272,15271,15272,1
climbing,15365,15272,15365,93
grooming,15674,15365,15674,309
climbing,15701,15674,15701,27
walking,15790,15701,15790,89
sniffing,15827,15790,15827,37
stepping,15846,15827,15846,19
sniffing,15847,15846,15847,1
walking,15868,15847,15868,21
trotting,15887,15868,15887,19
left_turning,15966,15887,15966,79
climbing,15992,15966,15992,26
grooming,16278,15992,16278,286
rearing,16357,16278,16357,79
grooming,16468,16357,16468,111
right_turning,16537,16468,16537,69
running,16591,16537,16591,54
sniffing,16812,16591,16812,221
rising,16821,16812,16821,9
rearing,16865,16821,16865,44
hunching,16877,16865,16877,12
rising,16958,16877,16958,81
walking,16972,16958,16972,14
sniffing,17069,16972,17069,97
running,17081,17069,17081,12
trotting,17110,17081,17110,29
grooming,17363,17110,17363,253
sniffing,17364,17363,17364,1
grooming,17365,17364,17365,1
left_turning,17391,17365,17391,26
running,17414,17391,17414,23
trotting,17447,17414,17447,33
sniffing,17499,17447,17499,52
rearing,17549,17499,17549,50
rising,17599,17549,17599,50
stepping,17650,17599,17650,51
sniffing,17675,17650,17675,25
walking,17773,17675,17773,98
rising,17832,17773,17832,59
climbing,17907,17832,17907,75
grooming,17960,17907,17960,53
stepping,17990,17960,17990,30
grooming,18037,17990,18037,47
right_turning,18052,18037,18052,15
sniffing,18108,18052,18108,56
stepping,18158,18108,18158,50
rising,18203,18158,18203,45
walking,18215,18203,18215,12
rising,18247,18215,18247,32
stepping,18264,18247,18264,17
grooming,18455,18264,18455,191
sniffing,18477,18455,18477,22
stepping,18541,18477,18541,64
walking,18583,18541,18583,42
sniffing,18651,18583,18651,68
climbing,18675,18651,18675,24
rearing,18739,18675,18739,64
sniffing,18838,18739,18838,99
rearing,18871,18838,18871,33
hunching,18901,18871,18901,30
climbing,18969,18901,18969,68
trotting,18999,18969,18999,30
grooming,19109,18999,19109,110
hunching,19122,19109,19122,13
rising,19183,19122,19183,61
stepping,19210,19183,19210,27
scratching,19211,19210,19211,1
grooming,19404,19211,19404,193
left_turning,19460,19404,19460,56
sniffing,19461,19460,19461,1
walking,19487,19461,19487,26
sniffing,19564,19487,19564,77
stepping,19565,19564,19565,1
rising,19609,19565,19609,44
climbing,19660,19609,19660,51
rising,19692,19660,19692,32
walking,19748,19692,19748,56
stepping,19783,19748,19783,35
rising,19837,19783,19837,54
grooming,20011,19837,20011,174
stepping,20055,20011,20055,44
grooming,20174,20055,20174,119
rising,20195,20174,20195,21
stepping,20262,20195,20262,67
rising,20263,20262,20263,1
sniffing,20264,20263,20264,1
rising,20293,20264,20293,29
rearing,20343,20293,20343,50
hunching,20399,20343,20399,56
grooming,20400,20399,20400,1
climbing,20455,20400,20455,55
stepping,20507,20455,20507,52
sniffing,20548,20507,20548,41
rising,20609,20548,20609,61
sniffing,20680,20609,20680,71
left_turning,20709,20680,20709,29
trotting,20739,20709,20739,30
rearing,20740,20739,20740,1
walking,20815,20740,20815,75
sniffing,20958,20815,20958,143
walking,21002,20958,21002,44
sniffing,21089,21002,21089,87
grooming,21133,21089,21133,44
hunching,21134,21133,21134,1
grooming,21163,21134,21163,29
stepping,21211,21163,21211,48
sniffing,21212,21211,21212,1
rising,21260,21212,21260,48
stepping,21263,21260,21263,3
walking,21264,21263,21264,1
stepping,21321,21264,21321,57
rearing,21343,21321,21343,22
stepping,21395,21343,21395,52
trotting,21429,21395,21429,34
stepping,21459,21429,21459,30
rising,21466,21459,21466,7
climbing,21515,21466,21515,49
left_turning,21578,21515,21578,63
running,21635,21578,21635,57
rising,21646,21635,21646,11
rearing,21665,21646,21665,19
grooming,21673,21665,21673,8
rearing,21923,21673,21923,250
climbing,21987,21923,21987,64
running,21997,21987,21997,10
stepping,22004,21997,22004,7
walking,22033,22004,22033,29
rising,22100,22033,22100,67
climbing,22158,22100,22158,58
grooming,22221,22158,22221,63
rearing,22304,22221,22304,83
grooming,22305,22304,22305,1
sniffing,22306,22305,22306,1
rising,22401,22306,22401,95
climbing,22426,22401,22426,25
right_turning,22483,22426,22483,57
sniffing,22515,22483,22515,32
scratching,22516,22515,22516,1
walking,22517,22516,22517,1
sniffing,22576,22517,22576,59
hunching,22650,22576,22650,74
climbing,22741,22650,22741,91
grooming,22915,22741,22915,174
rising,22916,22915,22916,1
climbing,23034,22916,23034,118
trotting,23068,23034,23068,34
walking,23121,23068,23121,53
stepping,23151,23121,23151,30
sniffing,23265,23151,23265,114
grooming,23266,23265,23266,1
walking,23305,23266,23305,39
rising,23359,23305,23359,54
climbing,23377,23359,23377,18
stepping,23394,23377,23394,17
walking,23395,23394,23395,1
right_turning,23424,23395,23424,29
stepping,23433,23424,23433,9
walking,23484,23433,23484,51
sniffing,23506,23484,23506,22
walking,23563,23506,23563,57
right_turning,23636,23563,23636,73
stepping,23673,23636,23673,37
grooming,23719,23673,23719,46
walking,23750,23719,23750,31
grooming,23801,23750,23801,51
hunching,23886,23801,23886,85
rearing,23887,23886,23887,1
climbing,23972,23887,23972,85
trotting,24000,23972,24000,28
rising,24030,24000,24030,30
left_turning,24065,24030,24065,35
trotting,24106,24065,24106,41
grooming,24251,24106,24251,145
hunching,24252,24251,24252,1
rearing,24299,24252,24299,47
climbing,24300,24299,24300,1
right_turning,24348,24300,24348,48
walking,24356,24348,24356,8
sniffing,24412,24356,24412,56
rising,24453,24412,24453,41
left_turning,24488,24453,24488,35
stepping,24518,24488,24518,30
walking,24529,24518,24529,11
stepping,24555,24529,24555,26
rising,24585,24555,24585,30
left_turning,24644,24585,24644,59
trotting,24679,24644,24679,35
sniffing,24779,24679,24779,100
climbing,24828,24779,24828,49
grooming,24846,24828,24846,18
rearing,24867,24846,24867,21
walking,24931,24867,24931,64
sniffing,24996,24931,24996,65
stepping,24997,24996,24997,1
sniffing,25041,24997,25041,44
rising,25095,25041,25095,54
climbing,25116,25095,25116,21
grooming,25240,25116,25240,124
climbing,25297,25240,25297,57
walking,25335,25297,25335,38
grooming,25336,25335,25336,1
stepping,25373,25336,25373,37
sniffing,25389,25373,25389,16
trotting,25397,25389,25397,8
sniffing,25413,25397,25413,16
rearing,25431,25413,25431,18
grooming,25550,25431,25550,119
walking,25626,25550,25626,76
sniffing,25731,25626,25731,105
walking,25735,25731,25735,4
right_turning,25766,25735,25766,31
walking,25798,25766,25798,32
sniffing,25803,25798,25803,5
scratching,25804,25803,25804,1
grooming,25805,25804,25805,1
rearing,25872,25805,25872,67
climbing,25931,25872,25931,59
grooming,26017,25931,26017,86
rearing,26070,26017,26070,53
hunching,26138,26070,26138,68
left_turning,26194,26138,26194,56
scratching,26195,26194,26195,1
walking,26232,26195,26232,37
rising,26276,26232,26276,44
climbing,26478,26276,26478,202
sniffing,26516,26478,26516,38
rearing,26567,26516,26567,51
sniffing,26568,26567,26568,1
walking,26569,26568,26569,1
rearing,26656,26569,26656,87
climbing,26700,26656,26700,44
grooming,26782,26700,26782,82
rearing,26831,26782,26831,49
grooming,26832,26831,26832,1
walking,26833,26832,26833,1
stepping,26862,26833,26862,29
walking,26945,26862,26945,83
stepping,27008,26945,27008,63
sniffing,27009,27008,27009,1
left_turning,27028,27009,27028,19
grooming,27160,27028,27160,132
stepping,27168,27160,27168,8
climbing,27206,27168,27206,38
sniffing,27250,27206,27250,44
grooming,27356,27250,27356,106
rearing,27372,27356,27372,16
grooming,27474,27372,27474,102
sniffing,27475,27474,27475,1
walking,27544,27475,27544,69
rising,27552,27544,27552,8
rearing,27580,27552,27580,28
trotting,27631,27580,27631,51
left_turning,27683,27631,27683,52
sniffing,27854,27683,27854,171
rising,27899,27854,27899,45
sniffing,27975,27899,27975,76
rising,28026,27975,28026,51
grooming,28102,28026,28102,76
right_turning,28144,28102,28144,42
trotting,28179,28144,28179,35
rising,28180,28179,28180,1
climbing,28221,28180,28221,41
rising,28265,28221,28265,44
grooming,28458,28265,28458,193
sniffing,28498,28458,28498,40
stepping,28530,28498,28530,32
right_turning,28532,28530,28532,2
stepping,28565,28532,28565,33
climbing,28673,28565,28673,108
running,28685,28673,28685,12
walking,28735,28685,28735,50
left_turning,28780,28735,28780,45
grooming,29014,28780,29014,234
stepping,29056,29014,29056,42
left_turning,29078,29056,29078,22
walking,29128,29078,29128,50
stepping,29162,29128,29162,34
walking,29222,29162,29222,60
rising,29264,29222,29264,42
sniffing,29265,29264,29265,1
walking,29301,29265,29301,36
sniffing,29318,29301,29318,17
grooming,29466,29318,29466,148
running,29487,29466,29487,21
trotting,29488,29487,29488,1
walking,29555,29488,29555,67
rearing,29562,29555,29562,7
running,29564,29562,29564,2
climbing,29596,29564,29596,32
grooming,29683,29596,29683,87
climbing,29721,29683,29721,38
running,29753,29721,29753,32
sniffing,29816,29753,29816,63
rising,29871,29816,29871,55
climbing,29901,29871,29901,30
stepping,29969,29901,29969,68
sniffing,29970,29969,29970,1
rising,29972,29970,29972,2
sniffing,30176,29972,30176,204
rising,30186,30176,30186,10
grooming,30602,30186,30602,416
stepping,30656,30602,30656,54
sniffing,30661,30656,30661,5
grooming,30780,30661,30780,119
sniffing,30812,30780,30812,32
running,30837,30812,30837,25
stepping,30868,30837,30868,31
sniffing,30892,30868,30892,24
rising,30921,30892,30921,29
climbing,30999,30921,30999,78
grooming,31000,30999,31000,1
rearing,31088,31000,31088,88
sniffing,31101,31088,31101,13
rising,31107,31101,31107,6
stepping,31145,31107,31145,38
rising,31195,31145,31195,50
right_turning,31229,31195,31229,34
walking,31279,31229,31279,50
sniffing,31280,31279,31280,1
climbing,31388,31280,31388,108
grooming,31570,31388,31570,182
hunching,31571,31570,31571,1
grooming,31670,31571,31670,99
rising,31689,31670,31689,19
rearing,31719,31689,31719,30
grooming,31794,31719,31794,75
rearing,31872,31794,31872,78
grooming,31873,31872,31873,1
left_turning,31927,31873,31927,54
sniffing,31928,31927,31928,1
stepping,31987,31928,31987,59
sniffing,32033,31987,32033,46
left_turning,32079,32033,32079,46
stepping,32092,32079,32092,13
walking,32109,32092,32109,17
rearing,32152,32109,32152,43
grooming,32355,32152,32355,203
sniffing,32434,32355,32434,79
walking,32519,32434,32519,85
stepping,32574,32519,32574,55
sniffing,32647,32574,32647,73
grooming,32648,32647,32648,1
rearing,32726,32648,32726,78
trotting,32750,32726,32750,24
walking,32790,32750,32790,40
stepping,32826,32790,32826,36
walking,32895,32826,32895,69
sniffing,32914,32895,32914,19
left_turning,32967,32914,32967,53
stepping,33003,32967,33003,36
sniffing,33004,33003,33004,1
climbing,33008,33004,33008,4
grooming,33009,33008,33009,1
walking,33096,33009,33096,87
sniffing,33148,33096,33148,52
rising,33151,33148,33151,3
sniffing,33152,33151,33152,1
walking,33170,33152,33170,18
sniffing,33282,33170,33282,112
grooming,33410,33282,33410,128
sniffing,33411,33410,33411,1
grooming,33441,33411,33441,30
right_turning,33442,33441,33442,1
sniffing,33530,33442,33530,88
right_turning,33576,33530,33576,46
climbing,33692,33576,33692,116
walking,33722,33692,33722,30
sniffing,33723,33722,33723,1
stepping,33785,33723,33785,62
hunching,33830,33785,33830,45
rearing,33852,33830,33852,22
grooming,33941,33852,33941,89
left_turning,33957,33941,33957,16
grooming,33958,33957,33958,1
trotting,33980,33958,33980,22
sniffing,33981,33980,33981,1
grooming,34086,33981,34086,105
left_turning,34116,34086,34116,30
sniffing,34117,34116,34117,1
walking,34153,34117,34153,36
climbing,34250,34153,34250,97
walking,34271,34250,34271,21
stepping,34314,34271,34314,43
sniffing,34441,34314,34441,127
rising,34496,34441,34496,55
climbing,34548,34496,34548,52
walking,34611,34548,34611,63
sniffing,34620,34611,34620,9
trotting,34636,34620,34636,16
sniffing,34640,34636,34640,4
grooming,34641,34640,34641,1
scratching,34642,34641,34642,1
sniffing,34643,34642,34643,1
right_turning,34704,34643,34704,61
stepping,34772,34704,34772,68
right_turning,34773,34772,34773,1
stepping,34788,34773,34788,15
rising,34844,34788,34844,56
hunching,34863,34844,34863,19
rearing,34885,34863,34885,22
walking,34886,34885,34886,1
stepping,34894,34886,34894,8
walking,34910,34894,34910,16
sniffing,34956,34910,34956,46
stepping,34993,34956,34993,37
left_turning,35036,34993,35036,43
climbing,35089,35036,35089,53
grooming,35090,35089,35090,1
climbing,35134,35090,35134,44
grooming,35558,35134,35558,424
rising,35580,35558,35580,22
climbing,35626,35580,35626,46
rearing,35702,35626,35702,76
grooming,35767,35702,35767,65
climbing,35872,35767,35872,105
stepping,35923,35872,35923,51
grooming,36035,35923,36035,112
left_turning,36063,36035,36063,28
stepping,36111,36063,36111,48
sniffing,36195,36111,36195,84
rising,36236,36195,36236,41
left_turning,36285,36236,36285,49
trotting,36293,36285,36293,8
sniffing,36343,36293,36343,50
grooming,36398,36343,36398,55
walking,36468,36398,36468,70
sniffing,36516,36468,36516,48
trotting,36536,36516,36536,20
climbing,36584,36536,36584,48
sniffing,36644,36584,36644,60
walking,36699,36644,36699,55
stepping,36735,36699,36735,36
climbing,36781,36735,36781,46
running,36829,36781,36829,48
walking,36858,36829,36858,29
stepping,36898,36858,36898,40
sniffing,36976,36898,36976,78
walking,37001,36976,37001,25
rising,37002,37001,37002,1
right_turning,37011,37002,37011,9
sniffing,37065,37011,37065,54
grooming,37120,37065,37120,55
climbing,37180,37120,37180,60
trotting,37196,37180,37196,16
stepping,37237,37196,37237,41
sniffing,37532,37237,37532,295
walking,37569,37532,37569,37
grooming,37788,37569,37788,219
rising,37793,37788,37793,5
left_turning,37797,37793,37797,4
walking,37806,37797,37806,9
stepping,37812,37806,37812,6
sniffing,38074,37812,38074,262
rising,38075,38074,38075,1
stepping,38076,38075,38076,1
trotting,38100,38076,38100,24
grooming,38200,38100,38200,100
hunching,38203,38200,38203,3
rising,38401,38203,38401,198
grooming,38519,38401,38519,118
stepping,38570,38519,38570,51
sniffing,38606,38570,38606,36
left_turning,38716,38606,38716,110
running,38721,38716,38721,5
walking,38850,38721,38850,129
sniffing,38873,38850,38873,23
left_turning,38950,38873,38950,77
rising,39009,38950,39009,59
rearing,39010,39009,39010,1
climbing,39029,39010,39029,19
grooming,39259,39029,39259,230
stepping,39322,39259,39322,63
sniffing,39556,39322,39556,234
scratching,39557,39556,39557,1
sniffing,39690,39557,39690,133
rearing,39706,39690,39706,16
stepping,39746,39706,39746,40
sniffing,39812,39746,39812,66
walking,39876,39812,39876,64
rising,39880,39876,39880,4
walking,39893,39880,39893,13
right_turning,39935,39893,39935,42
stepping,39962,39935,39962,27
walking,40010,39962,40010,48
sniffing,40070,40010,40070,60
rearing,40071,40070,40071,1
climbing,40123,40071,40123,52
running,40167,40123,40167,44
stepping,40197,40167,40197,30
rearing,40222,40197,40222,25
right_turning,40236,40222,40236,14
rising,40241,40236,40241,5
rearing,40330,40241,40330,89
left_turning,40362,40330,40362,32
walking,40417,40362,40417,55
stepping,40454,40417,40454,37
grooming,40586,40454,40586,132
left_turning,40599,40586,40599,13
rising,40658,40599,40658,59
climbing,40678,40658,40678,20
sniffing,40774,40678,40774,96
stepping,40811,40774,40811,37
hunching,40832,40811,40832,21
rearing,40856,40832,40856,24
climbing,40899,40856,40899,43
grooming,41015,40899,41015,116
sniffing,41040,41015,41040,25
pausing,41157,41040,41157,117
sniffing,41259,41157,41259,102
grooming,41267,41259,41267,8
left_turning,41277,41267,41277,10
walking,41291,41277,41291,14
sniffing,41511,41291,41511,220
climbing,41531,41511,41531,20
stepping,41553,41531,41553,22
grooming,41606,41553,41606,53
rearing,41634,41606,41634,28
left_turning,41656,41634,41656,22
sniffing,41679,41656,41679,23
rising,41709,41679,41709,30
stepping,41749,41709,41749,40
sniffing,41872,41749,41872,123
stepping,41888,41872,41888,16
grooming,41909,41888,41909,21
hunching,41980,41909,41980,71
left_turning,42025,41980,42025,45
sniffing,42042,42025,42042,17
grooming,42200,42042,42200,158
hunching,42229,42200,42229,29
grooming,42461,42229,42461,232
scratching,42462,42461,42462,1
grooming,42753,42462,42753,291
rearing,42793,42753,42793,40
left_turning,42820,42793,42820,27
running,42860,42820,42860,40
rising,42918,42860,42918,58
climbing,43032,42918,43032,114
stepping,43049,43032,43049,17
walking,43092,43049,43092,43
stepping,43116,43092,43116,24
walking,43152,43116,43152,36
stepping,43174,43152,43174,22
walking,43251,43174,43251,77
sniffing,43318,43251,43318,67
stepping,43345,43318,43345,27
rising,43384,43345,43384,39
stepping,43422,43384,43422,38
rearing,43423,43422,43423,1
rising,43428,43423,43428,5
right_turning,43506,43428,43506,78
walking,43507,43506,43507,1
rearing,43538,43507,43538,31
climbing,43582,43538,43582,44
running,43632,43582,43632,50
rising,43633,43632,43633,1
left_turning,43691,43633,43691,58
walking,43692,43691,43692,1
climbing,43771,43692,43771,79
hunching,43837,43771,43837,66
climbing,43872,43837,43872,35
hunching,43873,43872,43873,1
grooming,43874,43873,43874,1
rising,43883,43874,43883,9
rearing,43941,43883,43941,58
grooming,44102,43941,44102,161
right_turning,44118,44102,44118,16
walking,44154,44118,44154,36
sniffing,44163,44154,44163,9
walking,44190,44163,44190,27
sniffing,44258,44190,44258,68
grooming,44453,44258,44453,195
hunching,44467,44453,44467,14
grooming,44468,44467,44468,1
right_turning,44494,44468,44494,26
trotting,44538,44494,44538,44
sniffing,44562,44538,44562,24
rising,44589,44562,44589,27
walking,44599,44589,44599,10
running,44618,44599,44618,19
sniffing,44793,44618,44793,175
stepping,44848,44793,44848,55
sniffing,44849,44848,44849,1
stepping,44883,44849,44883,34
walking,44925,44883,44925,42
stepping,44959,44925,44959,34
rearing,44999,44959,44999,40
rising,45006,44999,45006,7
climbing,45201,45006,45201,195
grooming,45382,45201,45382,181
trotting,45414,45382,45414,32
walking,45415,45414,45415,1
sniffing,45535,45415,45535,120
walking,45610,45535,45610,75
sniffing,45611,45610,45611,1
rearing,45685,45611,45685,74
grooming,45686,45685,45686,1
hunching,45687,45686,45687,1
grooming,45688,45687,45688,1
rearing,45720,45688,45720,32
hunching,45762,45720,45762,42
grooming,45855,45762,45855,93
running,45890,45855,45890,35
trotting,45915,45890,45915,25
walking,45989,45915,45989,74
stepping,45997,45989,45997,8
grooming,45998,45997,45998,1
climbing,46002,45998,46002,4
left_turning,46031,46002,46031,29
sniffing,46032,46031,46032,1
stepping,46055,46032,46055,23
grooming,46290,46055,46290,235
climbing,46409,46290,46409,119
grooming,46704,46409,46704,295
left_turning,46705,46704,46705,1
stepping,46706,46705,46706,1
sniffing,46786,46706,46786,80
rearing,46855,46786,46855,69
grooming,46856,46855,46856,1
walking,46941,46856,46941,85
grooming,47233,46941,47233,292
sniffing,47328,47233,47328,95
grooming,47400,47328,47400,72
rearing,47452,47400,47452,52
left_turning,47512,47452,47512,60
grooming,47794,47512,47794,282
scratching,47795,47794,47795,1
rising,47841,47795,47841,46
sniffing,47885,47841,47885,44
rising,47907,47885,47907,22
sniffing,48043,47907,48043,136
stepping,48070,48043,48070,27
trotting,48121,48070,48121,51
stepping,48167,48121,48167,46
sniffing,48191,48167,48191,24
rising,48252,48191,48252,61
sniffing,48332,48252,48332,80
rising,48333,48332,48333,1
climbing,48335,48333,48335,2
rearing,48404,48335,48404,69
grooming,48646,48404,48646,242
sniffing,48647,48646,48647,1
stepping,48710,48647,48710,63
walking,48781,48710,48781,71
sniffing,48937,48781,48937,156
stepping,48965,48937,48965,28
grooming,48966,48965,48966,1
rising,49047,48966,49047,81
hunching,49049,49047,49049,2
sniffing,49087,49049,49087,38
trotting,49155,49087,49155,68
walking,49170,49155,49170,15
stepping,49178,49170,49178,8
left_turning,49179,49178,49179,1
grooming,49521,49179,49521,342
rearing,49594,49521,49594,73
left_turning,49646,49594,49646,52
walking,49671,49646,49671,25
sniffing,49672,49671,49672,1
grooming,49673,49672,49673,1
rearing,49674,49673,49674,1
trotting,49737,49674,49737,63
rearing,49738,49737,49738,1
grooming,49739,49738,49739,1
walking,49813,49739,49813,74
stepping,49842,49813,49842,29
sniffing,49907,49842,49907,65
rising,49908,49907,49908,1
sniffing,49963,49908,49963,55
right_turning,49964,49963,49964,1
walking,50017,49964,50017,53
rising,50060,50017,50060,43
stepping,50075,50060,50075,15
sniffing,50076,50075,50076,1
trotting,50079,50076,50079,3
rearing,50161,50079,50161,82
climbing,50272,50161,50272,111
grooming,50489,50272,50489,217
sniffing,50530,50489,50530,41
grooming,50633,50530,50633,103
left_turning,50637,50633,50637,4
sniffing,50748,50637,50748,111
rising,50767,50748,50767,19
grooming,50826,50767,50826,59
sniffing,50827,50826,50827,1
left_turning,50862,50827,50862,35
running,50906,50862,50906,44
sniffing,51100,50906,51100,194
walking,51126,51100,51126,26
sniffing,51127,51126,51127,1
walking,51128,51127,51128,1
trotting,51145,51128,51145,17
rising,51185,51145,51185,40
sniffing,51217,51185,51217,32
stepping,51246,51217,51246,29
sniffing,51326,51246,51326,80
rearing,51568,51326,51568,242
climbing,51591,51568,51591,23
rearing,51592,51591,51592,1
walking,51686,51592,51686,94
sniffing,51777,51686,51777,91
stepping,51803,51777,51803,26
climbing,51858,51803,51858,55
sniffing,51859,51858,51859,1
right_turning,51906,51859,51906,47
sniffing,52128,51906,52128,222
grooming,52313,52128,52313,185
rearing,52314,52313,52314,1
climbing,52387,52314,52387,73
walking,52399,52387,52399,12
sniffing,52480,52399,52480,81
rising,52529,52480,52529,49
grooming,52625,52529,52625,96
left_turning,52642,52625,52642,17
grooming,52754,52642,52754,112
rearing,52755,52754,52755,1
stepping,52792,52755,52792,37
walking,52840,52792,52840,48
sniffing,52841,52840,52841,1
hunching,52966,52841,52966,125
left_turning,52991,52966,52991,25
walking,52992,52991,52992,1
climbing,52993,52992,52993,1
running,52996,52993,52996,3
trotting,53041,52996,53041,45
walking,53116,53041,53116,75
right_turning,53141,53116,53141,25
walking,53168,53141,53168,27
rearing,53172,53168,53172,4
stepping,53216,53172,53216,44
left_turning,53236,53216,53236,20
sniffing,53354,53236,53354,118
stepping,53422,53354,53422,68
climbing,53454,53422,53454,32
right_turning,53478,53454,53478,24
sniffing,53562,53478,53562,84
rising,53605,53562,53605,43
rearing,53606,53605,53606,1
grooming,53716,53606,53716,110
sniffing,53717,53716,53717,1
right_turning,53749,53717,53749,32
trotting,53750,53749,53750,1
sniffing,53850,53750,53850,100
stepping,53907,53850,53907,57
sniffing,53954,53907,53954,47
left_turning,54005,53954,54005,51
grooming,54292,54005,54292,287
rearing,54293,54292,54293,1
right_turning,54319,54293,54319,26
stepping,54345,54319,54345,26
walking,54388,54345,54388,43
rising,54404,54388,54404,16
left_turning,54478,54404,54478,74
sniffing,54562,54478,54562,84
pausing,54712,54562,54712,150
grooming,54713,54712,54713,1
rearing,54832,54713,54832,119
climbing,54876,54832,54876,44
sniffing,54995,54876,54995,119
grooming,54997,54995,54997,2
climbing,55079,54997,55079,82
grooming,55080,55079,55080,1
stepping,55089,55080,55089,9
right_turning,55150,55089,55150,61
stepping,55187,55150,55187,37
rearing,55202,55187,55202,15
left_turning,55228,55202,55228,26
sniffing,55242,55228,55242,14
walking,55263,55242,55263,21
trotting,55268,55263,55268,5
stepping,55318,55268,55318,50
rising,55363,55318,55363,45
rearing,55382,55363,55382,19
hunching,55383,55382,55383,1
left_turning,55456,55383,55456,73
sniffing,55525,55456,55525,69
rearing,55603,55525,55603,78
hunching,55613,55603,55613,10
grooming,55694,55613,55694,81
climbing,55739,55694,55739,45
grooming,55842,55739,55842,103
rearing,55950,55842,55950,108
grooming,56018,55950,56018,68
right_turning,56019,56018,56019,1
climbing,56077,56019,56077,58
sniffing,56092,56077,56092,15
scratching,56093,56092,56093,1
stepping,56152,56093,56152,59
sniffing,56235,56152,56235,83
stepping,56278,56235,56278,43
sniffing,56279,56278,56279,1
walking,56319,56279,56319,40
right_turning,56342,56319,56342,23
stepping,56363,56342,56363,21
sniffing,56491,56363,56491,128
grooming,56535,56491,56535,44
left_turning,56563,56535,56563,28
sniffing,56639,56563,56639,76
walking,56650,56639,56650,11
stepping,56671,56650,56671,21
scratching,56672,56671,56672,1
stepping,56673,56672,56673,1
walking,56728,56673,56728,55
sniffing,56779,56728,56779,51
rising,56858,56779,56858,79
climbing,56954,56858,56954,96
trotting,57003,56954,57003,49
stepping,57039,57003,57039,36
rising,57055,57039,57055,16
left_turning,57088,57055,57088,33
grooming,57089,57088,57089,1
rearing,57125,57089,57125,36
hunching,57145,57125,57145,20
grooming,57400,57145,57400,255
rearing,57579,57400,57579,179
grooming,57812,57579,57812,233
sniffing,57969,57812,57969,157
left_turning,57996,57969,57996,27
walking,58082,57996,58082,86
stepping,58097,58082,58097,15
walking,58122,58097,58122,25
rising,58229,58122,58229,107
sniffing,58230,58229,58230,1
stepping,58238,58230,58238,8
sniffing,58244,58238,58244,6
right_turning,58245,58244,58245,1
running,58260,58245,58260,15
stepping,58291,58260,58291,31
rearing,58371,58291,58371,80
left_turning,58383,58371,58383,12
scratching,58384,58383,58384,1
sniffing,58446,58384,58446,62
rearing,58447,58446,58447,1
climbing,58490,58447,58490,43
trotting,58509,58490,58509,19
walking,58570,58509,58570,61
sniffing,58617,58570,58617,47
stepping,58650,58617,58650,33
trotting,58715,58650,58715,65
walking,58772,58715,58772,57
grooming,58773,58772,58773,1
rising,58774,58773,58774,1
right_turning,58775,58774,58775,1
walking,58858,58775,58858,83
sniffing,58859,58858,58859,1
rising,58861,58859,58861,2
grooming,58862,58861,58862,1
walking,58912,58862,58912,50
trotting,58934,58912,58934,22
sniffing,58960,58934,58960,26
grooming,58961,58960,58961,1
sniffing,58978,58961,58978,17
rising,59009,58978,59009,31
sniffing,59015,59009,59015,6
stepping,59016,59015,59016,1
sniffing,59070,59016,59070,54
running,59092,59070,59092,22
sniffing,59143,59092,59143,51
stepping,59196,59143,59196,53
walking,59197,59196,59197,1
sniffing,59338,59197,59338,141
stepping,59356,59338,59356,18
sniffing,59378,59356,59378,22
right_turning,59417,59378,59417,39
grooming,59580,59417,59580,163
climbing,59634,59580,59634,54
grooming,59678,59634,59678,44
sniffing,59679,59678,59679,1
rising,59680,59679,59680,1
grooming,59824,59680,59824,144
rearing,59844,59824,59844,20
running,59871,59844,59871,27
rearing,59898,59871,59898,27
walking,60000,59898,60000,102
sniffing,60073,60000,60073,73
walking,60164,60073,60164,91
sniffing,60184,60164,60184,20
hunching,60299,60184,60299,115
grooming,60393,60299,60393,94
stepping,60436,60393,60436,43
sniffing,60579,60436,60579,143
grooming,60616,60579,60616,37
sniffing,60640,60616,60640,24
left_turning,60716,60640,60716,76
sniffing,60752,60716,60752,36
grooming,60753,60752,60753,1
walking,60815,60753,60815,62
sniffing,60979,60815,60979,164
walking,61075,60979,61075,96
sniffing,61149,61075,61149,74
grooming,61842,61149,61842,693
rearing,61951,61842,61951,109
grooming,62030,61951,62030,79
scratching,62031,62030,62031,1
sniffing,62106,62031,62106,75
walking,62165,62106,62165,59
sniffing,62292,62165,62292,127
walking,62325,62292,62325,33
trotting,62343,62325,62343,18
walking,62348,62343,62348,5
sniffing,62349,62348,62349,1
stepping,62391,62349,62391,42
left_turning,62438,62391,62438,47
sniffing,62533,62438,62533,95
stepping,62629,62533,62629,96
climbing,62710,62629,62710,81
left_turning,62733,62710,62733,23
walking,62734,62733,62734,1
stepping,62776,62734,62776,42
sniffing,62820,62776,62820,44
grooming,62999,62820,62999,179
rearing,63046,62999,63046,47
rising,63105,63046,63105,59
grooming,63296,63105,63296,191
rising,63356,63296,63356,60
rearing,63409,63356,63409,53
sniffing,63625,63409,63625,216
rearing,63685,63625,63685,60
grooming,63758,63685,63758,73
walking,63819,63758,63819,61
right_turning,63820,63819,63820,1
walking,63870,63820,63870,50
right_turning,63871,63870,63871,1
rising,63875,63871,63875,4
sniffing,63922,63875,63922,47
trotting,63983,63922,63983,61
climbing,64106,63983,64106,123
walking,64156,64106,64156,50
sniffing,64221,64156,64221,65
rearing,64273,64221,64273,52
grooming,64398,64273,64398,125
rearing,64399,64398,64399,1
climbing,64421,64399,64421,22
rising,64480,64421,64480,59
sniffing,64579,64480,64579,99
right_turning,64613,64579,64613,34
sniffing,64740,64613,64740,127
grooming,64894,64740,64894,154
rearing,64977,64894,64977,83
climbing,64989,64977,64989,12
walking,65029,64989,65029,40
stepping,65088,65029,65088,59
walking,65132,65088,65132,44
stepping,65190,65132,65190,58
walking,65276,65190,65276,86
stepping,65355,65276,65355,79
sniffing,65382,65355,65382,27
walking,65408,65382,65408,26
stepping,65436,65408,65436,28
sniffing,65437,65436,65437,1
walking,65497,65437,65497,60
rising,65534,65497,65534,37
sniffing,65578,65534,65578,44
grooming,66134,65578,66134,556
rising,66135,66134,66135,1
climbing,66188,66135,66188,53
rearing,66233,66188,66233,45
rising,66295,66233,66295,62
rearing,66296,66295,66296,1
grooming,66297,66296,66297,1
climbing,66392,66297,66392,95
walking,66446,66392,66446,54
sniffing,66447,66446,66447,1
right_turning,66494,66447,66494,47
stepping,66495,66494,66495,1
rising,66574,66495,66574,79
climbing,66663,66574,66663,89
rearing,66684,66663,66684,21
grooming,66950,66684,66950,266
right_turning,66998,66950,66998,48
rising,67015,66998,67015,17
rearing,67319,67015,67319,304
sniffing,67394,67319,67394,75
trotting,67436,67394,67436,42
sniffing,67548,67436,67548,112
stepping,67610,67548,67610,62
climbing,67778,67610,67778,168
grooming,68183,67778,68183,405
hunching,68210,68183,68210,27
grooming,68256,68210,68256,46
left_turning,68266,68256,68266,10
sniffing,68399,68266,68399,133
walking,68473,68399,68473,74
stepping,68484,68473,68484,11
rising,68515,68484,68515,31
grooming,68620,68515,68620,105
rearing,68720,68620,68720,100
grooming,68840,68720,68840,120
rising,68921,68840,68921,81
rearing,68943,68921,68943,22
grooming,69008,68943,69008,65
rearing,69009,69008,69009,1
climbing,69060,69009,69060,51
left_turning,69148,69060,69148,88
climbing,69182,69148,69182,34
right_turning,69233,69182,69233,51
grooming,69418,69233,69418,185
sniffing,69489,69418,69489,71
walking,69550,69489,69550,61
sniffing,69551,69550,69551,1
rearing,69585,69551,69585,34
walking,69608,69585,69608,23
sniffing,69761,69608,69761,153
walking,69838,69761,69838,77
sniffing,69839,69838,69839,1
walking,69901,69839,69901,62
sniffing,69902,69901,69902,1
rising,69971,69902,69971,69
climbing,70020,69971,70020,49
trotting,70040,70020,70040,20
walking,70098,70040,70098,58
stepping,70103,70098,70103,5
sniffing,70162,70103,70162,59
trotting,70204,70162,70204,42
stepping,70292,70204,70292,88
walking,70361,70292,70361,69
stepping,70417,70361,70417,56
sniffing,70837,70417,70837,420
walking,70879,70837,70879,42
sniffing,70880,70879,70880,1
rising,70953,70880,70953,73
sniffing,71062,70953,71062,109
rising,71168,71062,71168,106
sniffing,71204,71168,71204,36
rising,71209,71204,71209,5
right_turning,71256,71209,71256,47
stepping,71260,71256,71260,4
sniffing,71312,71260,71312,52
right_turning,71341,71312,71341,29
sniffing,71351,71341,71351,10
rising,71401,71351,71401,50
rearing,71575,71401,71575,174
climbing,71675,71575,71675,100
grooming,71676,71675,71676,1
rearing,71757,71676,71757,81
climbing,71758,71757,71758,1
walking,71759,71758,71759,1
sniffing,71760,71759,71760,1
grooming,71761,71760,71761,1
climbing,71910,71761,71910,149
stepping,71922,71910,71922,12
walking,71960,71922,71960,38
stepping,72045,71960,72045,85
right_turning,72069,72045,72069,24
sniffing,72070,72069,72070,1
trotting,72079,72070,72079,9
walking,72116,72079,72116,37
stepping,72195,72116,72195,79
rising,72196,72195,72196,1
climbing,72215,72196,72215,19
trotting,72230,72215,72230,15
rising,72231,72230,72231,1
climbing,72252,72231,72252,21
running,72269,72252,72269,17
trotting,72306,72269,72306,37
running,72357,72306,72357,51
trotting,72358,72357,72358,1
sniffing,72393,72358,72393,35
walking,72394,72393,72394,1
sniffing,72395,72394,72395,1
walking,72420,72395,72420,25
sniffing,72460,72420,72460,40
rising,72468,72460,72468,8
sniffing,72469,72468,72469,1
scratching,72470,72469,72470,1
left_turning,72527,72470,72527,57
stepping,72570,72527,72570,43
climbing,72616,72570,72616,46
walking,72617,72616,72617,1
sniffing,72701,72617,72701,84
right_turning,72722,72701,72722,21
sniffing,72729,72722,72729,7
grooming,72877,72729,72877,148
sniffing,72983,72877,72983,106
left_turning,73050,72983,73050,67
sniffing,73069,73050,73069,19
trotting,73090,73069,73090,21
walking,73149,73090,73149,59
stepping,73168,73149,73168,19
running,73204,73168,73204,36
walking,73350,73204,73350,146
stepping,73365,73350,73365,15
walking,73381,73365,73381,16
stepping,73392,73381,73392,11
left_turning,73409,73392,73409,17
running,73437,73409,73437,28
rising,73490,73437,73490,53
climbing,73546,73490,73546,56
right_turning,73594,73546,73594,48
walking,73603,73594,73603,9
sniffing,73697,73603,73697,94
grooming,74108,73697,74108,411
rising,74109,74108,74109,1
climbing,74187,74109,74187,78
right_turning,74244,74187,74244,57
stepping,74250,74244,74250,6
walking,74251,74250,74251,1
right_turning,74322,74251,74322,71
stepping,74332,74322,74332,10
rising,74343,74332,74343,11
stepping,74389,74343,74389,46
walking,74440,74389,74440,51
climbing,74530,74440,74530,90
rearing,74564,74530,74564,34
grooming,74565,74564,74565,1
walking,74581,74565,74581,16
sniffing,74748,74581,74748,167
walking,74782,74748,74782,34
stepping,74783,74782,74783,1
sniffing,74864,74783,74864,81
grooming,75009,74864,75009,145
rearing,75010,75009,75010,1
climbing,75011,75010,75011,1
grooming,75291,75011,75291,280
rearing,75374,75291,75374,83
sniffing,75379,75374,75379,5
rearing,75436,75379,75436,57
hunching,75517,75436,75517,81
grooming,75901,75517,75901,384
rearing,75994,75901,75994,93
sniffing,75995,75994,75995,1
rising,76079,75995,76079,84
stepping,76149,76079,76149,70
sniffing,76245,76149,76245,96
stepping,76287,76245,76287,42
walking,76337,76287,76337,50
sniffing,76448,76337,76448,111
rearing,76513,76448,76513,65
left_turning,76568,76513,76568,55
walking,76622,76568,76622,54
sniffing,76635,76622,76635,13
walking,76649,76635,76649,14
climbing,76738,76649,76738,89
rearing,76821,76738,76821,83
grooming,76822,76821,76822,1
hunching,76849,76822,76849,27
walking,76860,76849,76860,11
sniffing,76904,76860,76904,44
left_turning,76936,76904,76936,32
grooming,76964,76936,76964,28
climbing,76975,76964,76975,11
grooming,77085,76975,77085,110
walking,77088,77085,77088,3
running,77099,77088,77099,11
climbing,77195,77099,77195,96
sniffing,77312,77195,77312,117
walking,77336,77312,77336,24
stepping,77379,77336,77379,43
trotting,77398,77379,77398,19
rising,77399,77398,77399,1
rearing,77413,77399,77413,14
rising,77444,77413,77444,31
rearing,77473,77444,77473,29
sniffing,77556,77473,77556,83
left_turning,77580,77556,77580,24
walking,77606,77580,77606,26
stepping,77649,77606,77649,43
walking,77709,77649,77709,60
stepping,77769,77709,77769,60
left_turning,77770,77769,77770,1
climbing,77809,77770,77809,39
running,77810,77809,77810,1
rising,77845,77810,77845,35
walking,77902,77845,77902,57
stepping,77942,77902,77942,40
rising,77943,77942,77943,1
climbing,77995,77943,77995,52
grooming,77996,77995,77996,1
rearing,78012,77996,78012,16
stepping,78021,78012,78021,9
sniffing,78053,78021,78053,32
walking,78125,78053,78125,72
grooming,78126,78125,78126,1
walking,78165,78126,78165,39
sniffing,78289,78165,78289,124
rearing,78296,78289,78296,7
sniffing,78313,78296,78313,17
walking,78421,78313,78421,108
stepping,78494,78421,78494,73
walking,78565,78494,78565,71
sniffing,78625,78565,78625,60
walking,78672,78625,78672,47
right_turning,78673,78672,78673,1
trotting,78707,78673,78707,34
stepping,78708,78707,78708,1
walking,78774,78708,78774,66
left_turning,78802,78774,78802,28
walking,78813,78802,78813,11
sniffing,78983,78813,78983,170
grooming,79304,78983,79304,321
left_turning,79353,79304,79353,49
rising,79354,79353,79354,1
left_turning,79409,79354,79409,55
stepping,79459,79409,79459,50
sniffing,79521,79459,79521,62
grooming,79679,79521,79679,158
walking,79711,79679,79711,32
sniffing,79921,79711,79921,210
stepping,79954,79921,79954,33
climbing,80039,79954,80039,85
walking,80158,80039,80158,119
sniffing,80253,80158,80253,95
trotting,80297,80253,80297,44
right_turning,80329,80297,80329,32
walking,80376,80329,80376,47
sniffing,80400,80376,80400,24
stepping,80467,80400,80467,67
walking,80606,80467,80606,139
trotting,80622,80606,80622,16
walking,80663,80622,80663,41
sniffing,80664,80663,80664,1
rearing,80818,80664,80818,154
grooming,81215,80818,81215,397
stepping,81243,81215,81243,28
walking,81287,81243,81287,44
sniffing,81361,81287,81361,74
right_turning,81365,81361,81365,4
sniffing,81366,81365,81366,1
trotting,81419,81366,81419,53
sniffing,81472,81419,81472,53
stepping,81530,81472,81530,58
walking,81535,81530,81535,5
trotting,81555,81535,81555,20
sniffing,81556,81555,81556,1
stepping,81564,81556,81564,8
rising,81565,81564,81565,1
sniffing,81592,81565,81592,27
walking,81647,81592,81647,55
sniffing,81648,81647,81648,1
rearing,81711,81648,81711,63
climbing,81712,81711,81712,1
right_turning,81781,81712,81781,69
walking,81782,81781,81782,1
rearing,81810,81782,81810,28
hunching,82090,81810,82090,280
grooming,82305,82090,82305,215
rearing,82316,82305,82316,11
stepping,82373,82316,82373,57
sniffing,82499,82373,82499,126
stepping,82512,82499,82512,13
sniffing,82515,82512,82515,3
walking,82562,82515,82562,47
sniffing,82727,82562,82727,165
walking,82818,82727,82818,91
sniffing,82920,82818,82920,102
walking,82952,82920,82952,32
rearing,83070,82952,83070,118
grooming,83336,83070,83336,266
walking,83368,83336,83368,32
rising,83369,83368,83369,1
stepping,83412,83369,83412,43
sniffing,83634,83412,83634,222
trotting,83644,83634,83644,10
stepping,83702,83644,83702,58
rearing,83725,83702,83725,23
climbing,83800,83725,83800,75
rearing,83805,83800,83805,5
left_turning,83855,83805,83855,50
walking,83856,83855,83856,1
climbing,83979,83856,83979,123
grooming,84708,83979,84708,729
trotting,84755,84708,84755,47
climbing,84815,84755,84815,60
rearing,84876,84815,84876,61
climbing,84940,84876,84940,64
grooming,85175,84940,85175,235
hunching,85253,85175,85253,78
left_turning,85314,85253,85314,61
sniffing,85315,85314,85315,1
stepping,85340,85315,85340,25
sniffing,85424,85340,85424,84
grooming,85732,85424,85732,308
rearing,85818,85732,85818,86
grooming,85819,85818,85819,1
hunching,85820,85819,85820,1
grooming,85826,85820,85826,6
hunching,85978,85826,85978,152
rearing,86028,85978,86028,50
hunching,86107,86028,86107,79
grooming,86191,86107,86191,84
sniffing,86212,86191,86212,21
stepping,86254,86212,86254,42
sniffing,86416,86254,86416,162
stepping,86425,86416,86425,9
left_turning,86426,86425,86426,1
stepping,86465,86426,86465,39
grooming,86742,86465,86742,277
walking,86748,86742,86748,6
running,86758,86748,86758,10
rearing,86791,86758,86791,33
hunching,86864,86791,86864,73
grooming,87149,86864,87149,285
sniffing,87154,87149,87154,5
trotting,87161,87154,87161,7
walking,87218,87161,87218,57
right_turning,87311,87218,87311,93
sniffing,87333,87311,87333,22
walking,87396,87333,87396,63
running,87411,87396,87411,15
trotting,87468,87411,87468,57
rising,87522,87468,87522,54
sniffing,87576,87522,87576,54
trotting,87577,87576,87577,1
rising,87620,87577,87620,43
sniffing,87621,87620,87621,1
rearing,87671,87621,87671,50
rising,87672,87671,87672,1
sniffing,87673,87672,87673,1
walking,87674,87673,87674,1
climbing,87960,87674,87960,286
rearing,87968,87960,87968,8
grooming,88172,87968,88172,204
rearing,88187,88172,88187,15
grooming,88213,88187,88213,26
hunching,88273,88213,88273,60
rearing,88274,88273,88274,1
grooming,88369,88274,88369,95
stepping,88426,88369,88426,57
sniffing,88535,88426,88535,109
walking,88604,88535,88604,69
running,88620,88604,88620,16
stepping,88657,88620,88657,37
walking,88707,88657,88707,50
hunching,88814,88707,88814,107
grooming,89110,88814,89110,296
sniffing,89226,89110,89226,116
stepping,89268,89226,89268,42
sniffing,89395,89268,89395,127
walking,89464,89395,89464,69
stepping,89521,89464,89521,57
sniffing,89574,89521,89574,53
right_turning,89600,89574,89600,26
trotting,89601,89600,89601,1
stepping,89625,89601,89625,24
sniffing,89681,89625,89681,56
grooming,89682,89681,89682,1
left_turning,89702,89682,89702,20
walking,89708,89702,89708,6
sniffing,89832,89708,89832,124
hunching,89876,89832,89876,44
grooming,90013,89876,90013,137
rearing,90043,90013,90043,30
climbing,90098,90043,90098,55
grooming,90131,90098,90131,33
rearing,90145,90131,90145,14
sniffing,90258,90145,90258,113
stepping,90342,90258,90342,84
left_turning,90378,90342,90378,36
walking,90379,90378,90379,1
rising,90404,90379,90404,25
rearing,90599,90404,90599,195
climbing,90600,90599,90600,1
left_turning,90630,90600,90630,30
sniffing,90694,90630,90694,64
stepping,90785,90694,90785,91
right_turning,90813,90785,90813,28
stepping,90874,90813,90874,61
rising,90891,90874,90891,17
rearing,90993,90891,90993,102
sniffing,91106,90993,91106,113
stepping,91163,91106,91163,57
right_turning,91176,91163,91176,13
rising,91177,91176,91177,1
climbing,91295,91177,91295,118
right_turning,91296,91295,91296,1
stepping,91403,91296,91403,107
rearing,91459,91403,91459,56
stepping,91473,91459,91473,14
sniffing,91495,91473,91495,22
stepping,91545,91495,91545,50
climbing,91606,91545,91606,61
grooming,91933,91606,91933,327
sniffing,91989,91933,91989,56
rising,91990,91989,91990,1
stepping,92021,91990,92021,31
sniffing,92095,92021,92095,74
stepping,92158,92095,92158,63
walking,92207,92158,92207,49
rising,92291,92207,92291,84
rearing,92306,92291,92306,15
climbing,92328,92306,92328,22
sniffing,92329,92328,92329,1
grooming,92330,92329,92330,1
left_turning,92377,92330,92377,47
stepping,92415,92377,92415,38
walking,92473,92415,92473,58
climbing,92579,92473,92579,106
walking,92613,92579,92613,34
left_turning,92614,92613,92614,1
walking,92673,92614,92673,59
rising,92747,92673,92747,74
rearing,92748,92747,92748,1
rising,92860,92748,92860,112
grooming,92895,92860,92895,35
rearing,92936,92895,92936,41
rising,92964,92936,92964,28
stepping,92994,92964,92994,30
sniffing,93093,92994,93093,99
right_turning,93138,93093,93138,45
rising,93139,93138,93139,1
sniffing,93140,93139,93140,1
walking,93149,93140,93149,9
sniffing,93280,93149,93280,131
grooming,93281,93280,93281,1
hunching,93401,93281,93401,120
grooming,93402,93401,93402,1
sniffing,93844,93402,93844,442
rising,93909,93844,93909,65
rearing,93941,93909,93941,32
grooming,94034,93941,94034,93
hunching,94164,94034,94164,130
rearing,94243,94164,94243,79
grooming,94262,94243,94262,19
sniffing,94316,94262,94316,54
stepping,94358,94316,94358,42
sniffing,94387,94358,94387,29
rearing,94463,94387,94463,76
sniffing,94464,94463,94464,1
stepping,94523,94464,94523,59
sniffing,94626,94523,94626,103
walking,94680,94626,94680,54
grooming,94762,94680,94762,82
hunching,94787,94762,94787,25
rising,94813,94787,94813,26
hunching,94827,94813,94827,14
grooming,94828,94827,94828,1
stepping,94873,94828,94873,45
walking,94918,94873,94918,45
rearing,95000,94918,95000,82
grooming,95001,95000,95001,1
rearing,95002,95001,95002,1
stepping,95048,95002,95048,46
sniffing,95146,95048,95146,98
trotting,95156,95146,95156,10
walking,95284,95156,95284,128
stepping,95357,95284,95357,73
sniffing,95358,95357,95358,1
grooming,95359,95358,95359,1
scratching,95360,95359,95360,1
left_turning,95416,95360,95416,56
stepping,95444,95416,95444,28
right_turning,95445,95444,95445,1
walking,95494,95445,95494,49
trotting,95503,95494,95503,9
stepping,95506,95503,95506,3
walking,95591,95506,95591,85
rising,95624,95591,95624,33
rearing,95709,95624,95709,85
grooming,95710,95709,95710,1
rearing,95766,95710,95766,56
rising,95767,95766,95767,1
sniffing,95768,95767,95768,1
rising,95825,95768,95825,57
rearing,95852,95825,95852,27
sniffing,95922,95852,95922,70
walking,95943,95922,95943,21
sniffing,95944,95943,95944,1
stepping,96001,95944,96001,57
rising,96002,96001,96002,1
rearing,96298,96002,96298,296
grooming,96299,96298,96299,1
climbing,96327,96299,96327,28
walking,96387,96327,96387,60
stepping,96388,96387,96388,1
rearing,96389,96388,96389,1
grooming,96390,96389,96390,1
climbing,96490,96390,96490,100
walking,96519,96490,96519,29
right_turning,96547,96519,96547,28
walking,96619,96547,96619,72
stepping,96647,96619,96647,28
sniffing,96873,96647,96873,226
walking,96912,96873,96912,39
rising,96929,96912,96929,17
rearing,96996,96929,96996,67
walking,97087,96996,97087,91
sniffing,97088,97087,97088,1
walking,97126,97088,97126,38
sniffing,97152,97126,97152,26
rising,97189,97152,97189,37
rearing,97193,97189,97193,4
rising,97268,97193,97268,75
rearing,97308,97268,97308,40
rising,97420,97308,97420,112
grooming,97875,97420,97875,455
rearing,97977,97875,97977,102
climbing,98018,97977,98018,41
rearing,98019,98018,98019,1
left_turning,98032,98019,98032,13
sniffing,98033,98032,98033,1
left_turning,98034,98033,98034,1
stepping,98087,98034,98087,53
walking,98128,98087,98128,41
sniffing,98129,98128,98129,1
left_turning,98146,98129,98146,17
rising,98237,98146,98237,91
hunching,98305,98237,98305,68
left_turning,98372,98305,98372,67
stepping,98464,98372,98464,92
walking,98493,98464,98493,29
stepping,98555,98493,98555,62
trotting,98586,98555,98586,31
sniffing,98625,98586,98625,39
rising,98626,98625,98626,1
rearing,98666,98626,98666,40
climbing,98741,98666,98741,75
stepping,98800,98741,98800,59
grooming,98904,98800,98904,104
stepping,98920,98904,98920,16
sniffing,98979,98920,98979,59
walking,98983,98979,98983,4
stepping,99101,98983,99101,118
sniffing,99139,99101,99139,38
grooming,99300,99139,99300,161
sniffing,99390,99300,99390,90
walking,99446,99390,99446,56
sniffing,99710,99446,99710,264
rising,99856,99710,99856,146
stepping,99889,99856,99889,33
walking,99952,99889,99952,63
rearing,99953,99952,99953,1
rising,100004,99953,100004,51
stepping,100053,100004,100053,49
scratching,100054,100053,100054,1
left_turning,100089,100054,100089,35
running,100130,100089,100130,41
sniffing,100131,100130,100131,1
stepping,100132,100131,100132,1
rising,100203,100132,100203,71
climbing,100347,100203,100347,144
running,100361,100347,100361,14
walking,100372,100361,100372,11
rearing,100373,100372,100373,1
sniffing,100502,100373,100502,129
stepping,100509,100502,100509,7
grooming,100856,100509,100856,347
rising,100857,100856,100857,1
sniffing,100858,100857,100858,1
stepping,100906,100858,100906,48
rearing,100907,100906,100907,1
sniffing,100939,100907,100939,32
walking,101060,100939,101060,121
sniffing,101109,101060,101109,49
trotting,101146,101109,101146,37
stepping,101147,101146,101147,1
sniffing,101148,101147,101148,1
stepping,101164,101148,101164,16
sniffing,101252,101164,101252,88
stepping,101296,101252,101296,44
sniffing,101297,101296,101297,1
rising,101336,101297,101336,39
left_turning,101360,101336,101360,24
walking,101401,101360,101401,41
sniffing,101566,101401,101566,165
stepping,101567,101566,101567,1
sniffing,101690,101567,101690,123
stepping,101696,101690,101696,6
trotting,101724,101696,101724,28
walking,101836,101724,101836,112
rearing,101837,101836,101837,1
hunching,101838,101837,101838,1
rearing,101934,101838,101934,96
scratching,101935,101934,101935,1
sniffing,102154,101935,102154,219
walking,102165,102154,102165,11
sniffing,102212,102165,102212,47
rising,102213,102212,102213,1
grooming,102214,102213,102214,1
hunching,102249,102214,102249,35
rearing,102250,102249,102250,1
grooming,102370,102250,102370,120
hunching,102423,102370,102423,53
grooming,102793,102423,102793,370
rearing,102794,102793,102794,1
grooming,102837,102794,102837,43
hunching,102838,102837,102838,1
grooming,102839,102838,102839,1
sniffing,102889,102839,102889,50
walking,102959,102889,102959,70
sniffing,103062,102959,103062,103
rising,103063,103062,103063,1
climbing,103072,103063,103072,9
running,103109,103072,103109,37
stepping,103140,103109,103140,31
left_turning,103152,103140,103152,12
grooming,103153,103152,103153,1
rearing,103228,103153,103228,75
grooming,103295,103228,103295,67
left_turning,103296,103295,103296,1
grooming,103297,103296,103297,1
rearing,103313,103297,103313,16
hunching,103438,103313,103438,125
left_turning,103457,103438,103457,19
sniffing,103478,103457,103478,21
rising,103479,103478,103479,1
grooming,104310,103479,104310,831
left_turning,104311,104310,104311,1
stepping,104334,104311,104334,23
sniffing,104503,104334,104503,169
grooming,104642,104503,104642,139
trotting,104710,104642,104710,68
climbing,104742,104710,104742,32
rearing,104890,104742,104890,148
grooming,104891,104890,104891,1
sniffing,104990,104891,104990,99
walking,104996,104990,104996,6
trotting,104997,104996,104997,1
walking,105091,104997,105091,94
sniffing,105092,105091,105092,1
stepping,105099,105092,105099,7
sniffing,105125,105099,105125,26
scratching,105126,105125,105126,1
left_turning,105152,105126,105152,26
walking,105169,105152,105169,17
stepping,105280,105169,105280,111
sniffing,105407,105280,105407,127
stepping,105433,105407,105433,26
walking,105466,105433,105466,33
stepping,105506,105466,105506,40
climbing,105659,105506,105659,153
left_turning,105662,105659,105662,3
grooming,105674,105662,105674,12
rearing,105734,105674,105734,60
rising,105777,105734,105777,43
stepping,105821,105777,105821,44
sniffing,105904,105821,105904,83
rising,106054,105904,106054,150
rearing,106109,106054,106109,55
grooming,106163,106109,106163,54
rising,106164,106163,106164,1
climbing,106345,106164,106345,181
right_turning,106367,106345,106367,22
climbing,106594,106367,106594,227
left_turning,106620,106594,106620,26
grooming,106621,106620,106621,1
sniffing,106647,106621,106647,26
rising,106648,106647,106648,1
sniffing,106850,106648,106850,202
walking,106851,106850,106851,1
sniffing,106965,106851,106965,114
left_turning,107012,106965,107012,47
rising,107087,107012,107087,75
grooming,107579,107087,107579,492
rearing,107587,107579,107587,8
left_turning,107588,107587,107588,1
rising,107589,107588,107589,1
hunching,107590,107589,107590,1
grooming,107591,107590,107591,1
sniffing,107687,107591,107687,96
stepping,107817,107687,107817,130
grooming,107955,107817,107955,138
left_turning,107956,107955,107956,1
walking,108000,107956,108000,44
