revised_movement_label,segBoundary,segBoundary_start,segBoundary_end,length
sniffing,1,0,1,1
stepping,15,1,15,14
walking,25,15,25,10
running,38,25,38,13
trotting,75,38,75,37
running,76,75,76,1
trotting,98,76,98,22
walking,99,98,99,1
trotting,136,99,136,37
climbing,200,136,200,64
grooming,323,200,323,123
running,349,323,349,26
trotting,364,349,364,15
walking,392,364,392,28
sniffing,411,392,411,19
stepping,418,411,418,7
sniffing,972,418,972,554
stepping,1026,972,1026,54
sniffing,1181,1026,1181,155
grooming,1182,1181,1182,1
stepping,1214,1182,1214,32
rising,1236,1214,1236,22
sniffing,1237,1236,1237,1
rising,1311,1237,1311,74
sniffing,1313,1311,1313,2
climbing,1353,1313,1353,40
sniffing,1354,1353,1354,1
rearing,1369,1354,1369,15
hunching,1412,1369,1412,43
rearing,1490,1412,1490,78
hunching,1542,1490,1542,52
grooming,1580,1542,1580,38
hunching,1583,1580,1583,3
rearing,1604,1583,1604,21
rising,1690,1604,1690,86
stepping,1725,1690,1725,35
grooming,1733,1725,1733,8
hunching,1760,1733,1760,27
grooming,1825,1760,1825,65
sniffing,1904,1825,1904,79
grooming,1963,1904,1963,59
right_turning,1964,1963,1964,1
stepping,1980,1964,1980,16
rising,1985,1980,1985,5
hunching,2032,1985,2032,47
rearing,2124,2032,2124,92
sniffing,2237,2124,2237,113
stepping,2298,2237,2298,61
sniffing,2359,2298,2359,61
rising,2397,2359,2397,38
walking,2457,2397,2457,60
trotting,2458,2457,2458,1
stepping,2522,2458,2522,64
walking,2567,2522,2567,45
sniffing,2640,2567,2640,73
left_turning,2697,2640,2697,57
walking,2716,2697,2716,19
sniffing,2782,2716,2782,66
walking,2814,2782,2814,32
sniffing,2841,2814,2841,27
rising,2898,2841,2898,57
grooming,2952,2898,2952,54
hunching,2995,2952,2995,43
grooming,3137,2995,3137,142
sniffing,3186,3137,3186,49
left_turning,3206,3186,3206,20
stepping,3255,3206,3255,49
rising,3256,3255,3256,1
sniffing,3318,3256,3318,62
rising,3369,3318,3369,51
right_turning,3400,3369,3400,31
trotting,3429,3400,3429,29
running,3430,3429,3430,1
sniffing,3499,3430,3499,69
grooming,3500,3499,3500,1
right_turning,3528,3500,3528,28
stepping,3566,3528,3566,38
trotting,3595,3566,3595,29
rising,3596,3595,3596,1
stepping,3647,3596,3647,51
rising,3648,3647,3648,1
sniffing,3759,3648,3759,111
rising,3760,3759,3760,1
hunching,3762,3760,3762,2
grooming,3763,3762,3763,1
hunching,3818,3763,3818,55
grooming,3878,3818,3878,60
stepping,3941,3878,3941,63
sniffing,4030,3941,4030,89
stepping,4106,4030,4106,76
walking,4107,4106,4107,1
sniffing,4171,4107,4171,64
stepping,4237,4171,4237,66
walking,4245,4237,4245,8
rising,4293,4245,4293,48
left_turning,4308,4293,4308,15
walking,4374,4308,4374,66
sniffing,4375,4374,4375,1
rising,4427,4375,4427,52
grooming,4498,4427,4498,71
hunching,4532,4498,4532,34
grooming,4620,4532,4620,88
trotting,4679,4620,4679,59
walking,4718,4679,4718,39
grooming,4721,4718,4721,3
right_turning,4739,4721,4739,18
trotting,4780,4739,4780,41
rising,4803,4780,4803,23
sniffing,4858,4803,4858,55
stepping,4871,4858,4871,13
walking,4924,4871,4924,53
trotting,4952,4924,4952,28
walking,4968,4952,4968,16
sniffing,5026,4968,5026,58
stepping,5089,5026,5089,63
right_turning,5114,5089,5114,25
sniffing,5179,5114,5179,65
stepping,5186,5179,5186,7
walking,5187,5186,5187,1
stepping,5215,5187,5215,28
walking,5227,5215,5227,12
sniffing,5276,5227,5276,49
right_turning,5333,5276,5333,57
trotting,5373,5333,5373,40
running,5385,5373,5385,12
sniffing,5434,5385,5434,49
stepping,5483,5434,5483,49
right_turning,5549,5483,5549,66
stepping,5578,5549,5578,29
rising,5606,5578,5606,28
sniffing,5607,5606,5607,1
rising,5608,5607,5608,1
stepping,5691,5608,5691,83
walking,5694,5691,5694,3
rising,5761,5694,5761,67
grooming,5815,5761,5815,54
right_turning,5822,5815,5822,7
stepping,5870,5822,5870,48
walking,5871,5870,5871,1
running,5888,5871,5888,17
trotting,5931,5888,5931,43
walking,5961,5931,5961,30
sniffing,5962,5961,5962,1
climbing,6018,5962,6018,56
grooming,6103,6018,6103,85
trotting,6104,6103,6104,1
walking,6158,6104,6158,54
rising,6197,6158,6197,39
left_turning,6214,6197,6214,17
sniffing,6215,6214,6215,1
rising,6266,6215,6266,51
sniffing,6356,6266,6356,90
walking,6394,6356,6394,38
sniffing,6446,6394,6446,52
walking,6473,6446,6473,27
rising,6478,6473,6478,5
sniffing,6540,6478,6540,62
rising,6578,6540,6578,38
sniffing,6638,6578,6638,60
walking,6688,6638,6688,50
stepping,6689,6688,6689,1
rearing,6690,6689,6690,1
left_turning,6738,6690,6738,48
rising,6739,6738,6739,1
climbing,6771,6739,6771,32
grooming,6772,6771,6772,1
hunching,6838,6772,6838,66
left_turning,6840,6838,6840,2
sniffing,6908,6840,6908,68
running,6939,6908,6939,31
walking,7062,6939,7062,123
sniffing,7120,7062,7120,58
running,7162,7120,7162,42
trotting,7209,7162,7209,47
walking,7263,7209,7263,54
trotting,7361,7263,7361,98
walking,7393,7361,7393,32
stepping,7465,7393,7465,72
trotting,7489,7465,7489,24
climbing,7532,7489,7532,43
grooming,7533,7532,7533,1
rearing,7546,7533,7546,13
climbing,7556,7546,7556,10
grooming,7635,7556,7635,79
rising,7707,7635,7707,72
rearing,7748,7707,7748,41
rising,7750,7748,7750,2
walking,7754,7750,7754,4
sniffing,7790,7754,7790,36
rising,7807,7790,7807,17
sniffing,7808,7807,7808,1
running,7819,7808,7819,11
stepping,7827,7819,7827,8
grooming,7936,7827,7936,109
stepping,7948,7936,7948,12
sniffing,8035,7948,8035,87
grooming,8341,8035,8341,306
sniffing,8381,8341,8381,40
walking,8422,8381,8422,41
stepping,8445,8422,8445,23
left_turning,8480,8445,8480,35
grooming,8485,8480,8485,5
sniffing,8534,8485,8534,49
rising,8535,8534,8535,1
grooming,8834,8535,8834,299
rearing,8874,8834,8874,40
rising,8958,8874,8958,84
rearing,9062,8958,9062,104
rising,9086,9062,9086,24
right_turning,9087,9086,9087,1
running,9096,9087,9096,9
walking,9136,9096,9136,40
rearing,9137,9136,9137,1
left_turning,9142,9137,9142,5
grooming,9161,9142,9161,19
rising,9188,9161,9188,27
grooming,9261,9188,9261,73
hunching,9283,9261,9283,22
rearing,9284,9283,9284,1
sniffing,9407,9284,9407,123
grooming,9746,9407,9746,339
rearing,9863,9746,9863,117
grooming,9864,9863,9864,1
right_turning,9913,9864,9913,49
sniffing,10054,9913,10054,141
grooming,10064,10054,10064,10
rising,10076,10064,10076,12
rearing,10077,10076,10077,1
trotting,10138,10077,10138,61
grooming,10139,10138,10139,1
stepping,10192,10139,10192,53
sniffing,10282,10192,10282,90
grooming,10456,10282,10456,174
rising,10457,10456,10457,1
hunching,10483,10457,10483,26
grooming,10494,10483,10494,11
rearing,10521,10494,10521,27
hunching,10531,10521,10531,10
grooming,10583,10531,10583,52
climbing,10604,10583,10604,21
sniffing,10605,10604,10605,1
stepping,10606,10605,10606,1
grooming,10713,10606,10713,107
climbing,10890,10713,10890,177
grooming,10997,10890,10997,107
sniffing,11014,10997,11014,17
stepping,11024,11014,11024,10
sniffing,11025,11024,11025,1
stepping,11063,11025,11063,38
running,11072,11063,11072,9
walking,11135,11072,11135,63
sniffing,11166,11135,11166,31
hunching,11198,11166,11198,32
left_turning,11227,11198,11227,29
trotting,11281,11227,11281,54
running,11289,11281,11289,8
sniffing,11329,11289,11329,40
climbing,11440,11329,11440,111
right_turning,11477,11440,11477,37
rearing,11490,11477,11490,13
stepping,11532,11490,11532,42
grooming,11696,11532,11696,164
right_turning,11774,11696,11774,78
trotting,11814,11774,11814,40
sniffing,11829,11814,11829,15
rearing,11934,11829,11934,105
grooming,11951,11934,11951,17
left_turning,11966,11951,11966,15
rearing,12001,11966,12001,35
hunching,12054,12001,12054,53
grooming,12220,12054,12220,166
rearing,12269,12220,12269,49
hunching,12321,12269,12321,52
rising,12365,12321,12365,44
grooming,12465,12365,12465,100
trotting,12502,12465,12502,37
right_turning,12519,12502,12519,17
rearing,12520,12519,12520,1
climbing,12549,12520,12549,29
left_turning,12590,12549,12590,41
sniffing,12605,12590,12605,15
walking,12606,12605,12606,1
sniffing,12729,12606,12729,123
walking,12753,12729,12753,24
sniffing,12779,12753,12779,26
walking,12904,12779,12904,125
stepping,12963,12904,12963,59
left_turning,13001,12963,13001,38
trotting,13047,13001,13047,46
stepping,13079,13047,13079,32
walking,13090,13079,13090,11
running,13113,13090,13113,23
right_turning,13156,13113,13156,43
walking,13222,13156,13222,66
stepping,13282,13222,13282,60
rising,13309,13282,13309,27
sniffing,13323,13309,13323,14
stepping,13365,13323,13365,42
rising,13366,13365,13366,1
stepping,13401,13366,13401,35
rearing,13559,13401,13559,158
hunching,13608,13559,13608,49
grooming,13688,13608,13688,80
scratching,13689,13688,13689,1
grooming,13690,13689,13690,1
rearing,13691,13690,13691,1
hunching,13694,13691,13694,3
grooming,13727,13694,13727,33
sniffing,13843,13727,13843,116
climbing,13880,13843,13880,37
grooming,14023,13880,14023,143
walking,14150,14023,14150,127
stepping,14178,14150,14178,28
grooming,14179,14178,14179,1
sniffing,14381,14179,14381,202
stepping,14438,14381,14438,57
running,14451,14438,14451,13
rising,14533,14451,14533,82
climbing,14616,14533,14616,83
rising,14617,14616,14617,1
climbing,14661,14617,14661,44
left_turning,14704,14661,14704,43
walking,14705,14704,14705,1
stepping,14769,14705,14769,64
rising,14825,14769,14825,56
walking,14826,14825,14826,1
stepping,14867,14826,14867,41
running,14868,14867,14868,1
sniffing,14946,14868,14946,78
rising,15043,14946,15043,97
grooming,15123,15043,15123,80
sniffing,15241,15123,15241,118
walking,15282,15241,15282,41
stepping,15283,15282,15283,1
sniffing,15324,15283,15324,41
grooming,15325,15324,15325,1
left_turning,15373,15325,15373,48
grooming,15479,15373,15479,106
sniffing,15536,15479,15536,57
stepping,15555,15536,15555,19
climbing,15640,15555,15640,85
walking,15653,15640,15653,13
stepping,15654,15653,15654,1
left_turning,15683,15654,15683,29
walking,15690,15683,15690,7
rising,15737,15690,15737,47
right_turning,15738,15737,15738,1
trotting,15764,15738,15764,26
rising,15807,15764,15807,43
sniffing,15893,15807,15893,86
trotting,15916,15893,15916,23
stepping,15975,15916,15975,59
walking,15992,15975,15992,17
trotting,16000,15992,16000,8
walking,16061,16000,16061,61
stepping,16062,16061,16062,1
trotting,16108,16062,16108,46
climbing,16202,16108,16202,94
right_turning,16207,16202,16207,5
sniffing,16229,16207,16229,22
walking,16270,16229,16270,41
trotting,16344,16270,16344,74
walking,16394,16344,16394,50
sniffing,16395,16394,16395,1
grooming,16412,16395,16412,17
sniffing,16413,16412,16413,1
left_turning,16424,16413,16424,11
sniffing,16488,16424,16488,64
stepping,16501,16488,16501,13
grooming,16522,16501,16522,21
climbing,16572,16522,16572,50
trotting,16608,16572,16608,36
walking,16676,16608,16676,68
right_turning,16685,16676,16685,9
walking,16702,16685,16702,17
sniffing,16886,16702,16886,184
walking,16921,16886,16921,35
sniffing,16922,16921,16922,1
rising,16948,16922,16948,26
running,16980,16948,16980,32
stepping,17041,16980,17041,61
sniffing,17096,17041,17096,55
grooming,17238,17096,17238,142
walking,17301,17238,17301,63
sniffing,17464,17301,17464,163
rising,17491,17464,17491,27
climbing,17504,17491,17504,13
hunching,17568,17504,17568,64
grooming,17634,17568,17634,66
sniffing,17715,17634,17715,81
rearing,17836,17715,17836,121
hunching,17885,17836,17885,49
left_turning,17972,17885,17972,87
trotting,18016,17972,18016,44
sniffing,18024,18016,18024,8
walking,18034,18024,18034,10
sniffing,18035,18034,18035,1
rising,18093,18035,18093,58
grooming,18094,18093,18094,1
sniffing,18274,18094,18274,180
left_turning,18321,18274,18321,47
trotting,18344,18321,18344,23
sniffing,18440,18344,18440,96
left_turning,18467,18440,18467,27
trotting,18517,18467,18517,50
stepping,18558,18517,18558,41
sniffing,18618,18558,18618,60
rising,18670,18618,18670,52
rearing,18671,18670,18671,1
grooming,18870,18671,18870,199
walking,18952,18870,18952,82
trotting,18988,18952,18988,36
running,18990,18988,18990,2
walking,19000,18990,19000,10
rearing,19019,19000,19019,19
grooming,19086,19019,19086,67
running,19121,19086,19121,35
trotting,19161,19121,19161,40
rising,19219,19161,19219,58
grooming,19220,19219,19220,1
rearing,19230,19220,19230,10
grooming,19404,19230,19404,174
climbing,19405,19404,19405,1
rising,19450,19405,19450,45
left_turning,19528,19450,19528,78
walking,19550,19528,19550,22
trotting,19576,19550,19576,26
sniffing,19622,19576,19622,46
stepping,19644,19622,19644,22
trotting,19687,19644,19687,43
walking,19722,19687,19722,35
sniffing,19793,19722,19793,71
stepping,19832,19793,19832,39
sniffing,19886,19832,19886,54
stepping,19913,19886,19913,27
rising,19934,19913,19934,21
climbing,20004,19934,20004,70
grooming,20088,20004,20088,84
right_turning,20089,20088,20089,1
walking,20127,20089,20127,38
stepping,20137,20127,20137,10
sniffing,20186,20137,20186,49
grooming,20262,20186,20262,76
walking,20263,20262,20263,1
trotting,20309,20263,20309,46
rising,20351,20309,20351,42
rearing,20384,20351,20384,33
grooming,20385,20384,20385,1
running,20394,20385,20394,9
walking,20414,20394,20414,20
stepping,20477,20414,20477,63
walking,20520,20477,20520,43
sniffing,20526,20520,20526,6
grooming,20652,20526,20652,126
left_turning,20734,20652,20734,82
sniffing,20864,20734,20864,130
walking,20894,20864,20894,30
stepping,20954,20894,20954,60
grooming,20955,20954,20955,1
rising,21020,20955,21020,65
sniffing,21353,21020,21353,333
stepping,21431,21353,21431,78
walking,21472,21431,21472,41
right_turning,21473,21472,21473,1
sniffing,21593,21473,21593,120
rising,21640,21593,21640,47
hunching,21713,21640,21713,73
rising,21738,21713,21738,25
grooming,21781,21738,21781,43
rising,21916,21781,21916,135
grooming,21917,21916,21917,1
sniffing,21918,21917,21918,1
grooming,21919,21918,21919,1
hunching,21935,21919,21935,16
stepping,21985,21935,21985,50
sniffing,22001,21985,22001,16
left_turning,22048,22001,22048,47
walking,22089,22048,22089,41
rising,22090,22089,22090,1
left_turning,22091,22090,22091,1
sniffing,22149,22091,22149,58
rising,22187,22149,22187,38
sniffing,22255,22187,22255,68
walking,22256,22255,22256,1
rearing,22350,22256,22350,94
hunching,22374,22350,22374,24
grooming,22375,22374,22375,1
left_turning,22376,22375,22376,1
walking,22438,22376,22438,62
grooming,22439,22438,22439,1
hunching,22530,22439,22530,91
grooming,22727,22530,22727,197
climbing,22744,22727,22744,17
sniffing,22745,22744,22745,1
walking,22874,22745,22874,129
stepping,22904,22874,22904,30
rising,22944,22904,22944,40
sniffing,23099,22944,23099,155
stepping,23120,23099,23120,21
right_turning,23170,23120,23170,50
sniffing,23232,23170,23232,62
rising,23248,23232,23248,16
climbing,23286,23248,23286,38
stepping,23324,23286,23324,38
sniffing,23470,23324,23470,146
grooming,23745,23470,23745,275
walking,23840,23745,23840,95
trotting,23889,23840,23889,49
sniffing,23957,23889,23957,68
stepping,23970,23957,23970,13
walking,23977,23970,23977,7
sniffing,23991,23977,23991,14
left_turning,24025,23991,24025,34
sniffing,24026,24025,24026,1
rising,24078,24026,24078,52
sniffing,24118,24078,24118,40
left_turning,24197,24118,24197,79
stepping,24237,24197,24237,40
sniffing,24287,24237,24287,50
walking,24326,24287,24326,39
sniffing,24472,24326,24472,146
walking,24486,24472,24486,14
right_turning,24487,24486,24487,1
sniffing,24488,24487,24488,1
stepping,24559,24488,24559,71
walking,24611,24559,24611,52
sniffing,24612,24611,24612,1
rising,24670,24612,24670,58
climbing,24671,24670,24671,1
grooming,24996,24671,24996,325
stepping,25059,24996,25059,63
walking,25157,25059,25157,98
sniffing,25172,25157,25172,15
left_turning,25173,25172,25173,1
grooming,25412,25173,25412,239
rearing,25525,25412,25525,113
hunching,25552,25525,25552,27
grooming,25793,25552,25793,241
running,25812,25793,25812,19
walking,25880,25812,25880,68
grooming,25902,25880,25902,22
left_turning,25912,25902,25912,10
sniffing,25957,25912,25957,45
climbing,26002,25957,26002,45
walking,26058,26002,26058,56
trotting,26076,26058,26076,18
running,26102,26076,26102,26
stepping,26144,26102,26144,42
sniffing,26148,26144,26148,4
grooming,26199,26148,26199,51
hunching,26278,26199,26278,79
grooming,26376,26278,26376,98
stepping,26437,26376,26437,61
walking,26469,26437,26469,32
trotting,26512,26469,26512,43
walking,26513,26512,26513,1
trotting,26535,26513,26535,22
rising,26553,26535,26553,18
climbing,26612,26553,26612,59
sniffing,26730,26612,26730,118
stepping,26781,26730,26781,51
walking,26810,26781,26810,29
stepping,26867,26810,26867,57
sniffing,26928,26867,26928,61
rising,26958,26928,26958,30
sniffing,27038,26958,27038,80
rising,27039,27038,27039,1
walking,27062,27039,27062,23
rising,27116,27062,27116,54
walking,27170,27116,27170,54
stepping,27210,27170,27210,40
running,27220,27210,27220,10
walking,27235,27220,27235,15
stepping,27268,27235,27268,33
walking,27270,27268,27270,2
sniffing,27408,27270,27408,138
rearing,27510,27408,27510,102
left_turning,27565,27510,27565,55
walking,27595,27565,27595,30
rising,27614,27595,27614,19
grooming,27723,27614,27723,109
left_turning,27807,27723,27807,84
grooming,27883,27807,27883,76
stepping,27896,27883,27896,13
climbing,27970,27896,27970,74
stepping,28028,27970,28028,58
left_turning,28164,28028,28164,136
stepping,28214,28164,28214,50
climbing,28253,28214,28253,39
sniffing,28254,28253,28254,1
climbing,28267,28254,28267,13
walking,28318,28267,28318,51
sniffing,28450,28318,28450,132
walking,28493,28450,28493,43
sniffing,28617,28493,28617,124
walking,28661,28617,28661,44
stepping,28690,28661,28690,29
grooming,28876,28690,28876,186
sniffing,28901,28876,28901,25
grooming,29110,28901,29110,209
rearing,29111,29110,29111,1
grooming,29175,29111,29175,64
walking,29209,29175,29209,34
sniffing,29306,29209,29306,97
rearing,29387,29306,29387,81
sniffing,29395,29387,29395,8
walking,29444,29395,29444,49
stepping,29489,29444,29489,45
climbing,29514,29489,29514,25
stepping,29538,29514,29538,24
walking,29612,29538,29612,74
rearing,29613,29612,29613,1
stepping,29646,29613,29646,33
sniffing,29709,29646,29709,63
stepping,29745,29709,29745,36
rearing,29793,29745,29793,48
rising,29888,29793,29888,95
grooming,29907,29888,29907,19
rising,29908,29907,29908,1
grooming,30073,29908,30073,165
hunching,30080,30073,30080,7
rearing,30095,30080,30095,15
grooming,30212,30095,30212,117
trotting,30221,30212,30221,9
sniffing,30222,30221,30222,1
grooming,30223,30222,30223,1
rearing,30331,30223,30331,108
stepping,30363,30331,30363,32
sniffing,30516,30363,30516,153
scratching,30517,30516,30517,1
grooming,30581,30517,30581,64
rearing,30611,30581,30611,30
grooming,31006,30611,31006,395
hunching,31035,31006,31035,29
right_turning,31064,31035,31064,29
trotting,31073,31064,31073,9
stepping,31124,31073,31124,51
walking,31170,31124,31170,46
sniffing,31250,31170,31250,80
rising,31255,31250,31255,5
grooming,31256,31255,31256,1
hunching,31257,31256,31257,1
sniffing,31350,31257,31350,93
walking,31423,31350,31423,73
stepping,31452,31423,31452,29
walking,31504,31452,31504,52
stepping,31571,31504,31571,67
rising,31572,31571,31572,1
climbing,31690,31572,31690,118
walking,31730,31690,31730,40
sniffing,31817,31730,31817,87
left_turning,31834,31817,31834,17
grooming,31907,31834,31907,73
rising,31925,31907,31925,18
rearing,31926,31925,31926,1
sniffing,31996,31926,31996,70
rising,32043,31996,32043,47
sniffing,32086,32043,32086,43
rising,32162,32086,32162,76
grooming,32163,32162,32163,1
climbing,32179,32163,32179,16
grooming,32180,32179,32180,1
sniffing,32191,32180,32191,11
stepping,32246,32191,32246,55
rising,32275,32246,32275,29
grooming,32443,32275,32443,168
climbing,32565,32443,32565,122
rearing,32615,32565,32615,50
hunching,32616,32615,32616,1
grooming,32618,32616,32618,2
rearing,32720,32618,32720,102
grooming,32864,32720,32864,144
hunching,32900,32864,32900,36
rearing,32990,32900,32990,90
grooming,33007,32990,33007,17
stepping,33069,33007,33069,62
left_turning,33081,33069,33081,12
stepping,33107,33081,33107,26
sniffing,33197,33107,33197,90
grooming,33345,33197,33345,148
walking,33360,33345,33360,15
stepping,33401,33360,33401,41
sniffing,33538,33401,33538,137
rising,33594,33538,33594,56
sniffing,33727,33594,33727,133
climbing,33728,33727,33728,1
walking,33737,33728,33737,9
rising,33755,33737,33755,18
grooming,33829,33755,33829,74
stepping,33868,33829,33868,39
grooming,33921,33868,33921,53
walking,33937,33921,33937,16
trotting,33959,33937,33959,22
sniffing,34005,33959,34005,46
rising,34109,34005,34109,104
sniffing,34174,34109,34174,65
rising,34261,34174,34261,87
grooming,34311,34261,34311,50
sniffing,34320,34311,34320,9
stepping,34365,34320,34365,45
sniffing,34457,34365,34457,92
rearing,34458,34457,34458,1
hunching,34459,34458,34459,1
grooming,34542,34459,34542,83
running,34576,34542,34576,34
right_turning,34607,34576,34607,31
stepping,34625,34607,34625,18
rising,34657,34625,34657,32
stepping,34677,34657,34677,20
grooming,34720,34677,34720,43
left_turning,34758,34720,34758,38
scratching,34759,34758,34759,1
grooming,34760,34759,34760,1
left_turning,34844,34760,34844,84
grooming,34864,34844,34864,20
left_turning,34865,34864,34865,1
walking,34866,34865,34866,1
trotting,34898,34866,34898,32
walking,34937,34898,34937,39
grooming,35086,34937,35086,149
rearing,35144,35086,35144,58
hunching,35151,35144,35151,7
rearing,35193,35151,35193,42
walking,35214,35193,35214,21
sniffing,35299,35214,35299,85
rising,35300,35299,35300,1
climbing,35372,35300,35372,72
rearing,35377,35372,35377,5
sniffing,35417,35377,35417,40
stepping,35475,35417,35475,58
sniffing,35493,35475,35493,18
grooming,35539,35493,35539,46
trotting,35573,35539,35573,34
sniffing,35574,35573,35574,1
right_turning,35588,35574,35588,14
stepping,35655,35588,35655,67
sniffing,35927,35655,35927,272
grooming,36057,35927,36057,130
rearing,36261,36057,36261,204
grooming,36356,36261,36356,95
hunching,36374,36356,36374,18
rearing,36375,36374,36375,1
climbing,36401,36375,36401,26
grooming,36537,36401,36537,136
rearing,36596,36537,36596,59
climbing,36638,36596,36638,42
grooming,36639,36638,36639,1
stepping,36675,36639,36675,36
walking,36712,36675,36712,37
sniffing,36943,36712,36943,231
rearing,36944,36943,36944,1
grooming,37087,36944,37087,143
rearing,37197,37087,37197,110
grooming,37198,37197,37198,1
left_turning,37210,37198,37210,12
sniffing,37226,37210,37226,16
stepping,37272,37226,37272,46
rising,37336,37272,37336,64
climbing,37401,37336,37401,65
grooming,37427,37401,37427,26
stepping,37437,37427,37437,10
sniffing,37456,37437,37456,19
climbing,37474,37456,37474,18
grooming,37479,37474,37479,5
hunching,37534,37479,37534,55
left_turning,37563,37534,37563,29
sniffing,37644,37563,37644,81
rising,37688,37644,37688,44
grooming,37689,37688,37689,1
climbing,37767,37689,37767,78
rearing,37784,37767,37784,17
hunching,37827,37784,37827,43
left_turning,37828,37827,37828,1
sniffing,37962,37828,37962,134
rising,37963,37962,37963,1
stepping,38021,37963,38021,58
walking,38044,38021,38044,23
sniffing,38045,38044,38045,1
rising,38080,38045,38080,35
climbing,38093,38080,38093,13
sniffing,38104,38093,38104,11
rising,38192,38104,38192,88
sniffing,38193,38192,38193,1
walking,38194,38193,38194,1
stepping,38226,38194,38226,32
climbing,38263,38226,38263,37
sniffing,38281,38263,38281,18
walking,38319,38281,38319,38
sniffing,38320,38319,38320,1
climbing,38343,38320,38343,23
left_turning,38344,38343,38344,1
walking,38364,38344,38364,20
stepping,38397,38364,38397,33
sniffing,38411,38397,38411,14
walking,38452,38411,38452,41
sniffing,38454,38452,38454,2
walking,38472,38454,38472,18
sniffing,38574,38472,38574,102
climbing,38619,38574,38619,45
stepping,38672,38619,38672,53
left_turning,38724,38672,38724,52
climbing,38757,38724,38757,33
left_turning,38811,38757,38811,54
walking,38909,38811,38909,98
rearing,38961,38909,38961,52
right_turning,38989,38961,38989,28
climbing,39035,38989,39035,46
walking,39081,39035,39081,46
running,39134,39081,39134,53
stepping,39175,39134,39175,41
grooming,39241,39175,39241,66
left_turning,39264,39241,39264,23
stepping,39300,39264,39300,36
sniffing,39380,39300,39380,80
trotting,39402,39380,39402,22
sniffing,39403,39402,39403,1
rising,39404,39403,39404,1
climbing,39526,39404,39526,122
rising,39580,39526,39580,54
rearing,39622,39580,39622,42
hunching,39623,39622,39623,1
rearing,39624,39623,39624,1
hunching,39661,39624,39661,37
rearing,39746,39661,39746,85
grooming,39748,39746,39748,2
stepping,39768,39748,39768,20
rearing,39917,39768,39917,149
grooming,40087,39917,40087,170
scratching,40088,40087,40088,1
sniffing,40133,40088,40133,45
running,40171,40133,40171,38
stepping,40200,40171,40200,29
grooming,40418,40200,40418,218
walking,40462,40418,40462,44
right_turning,40505,40462,40505,43
sniffing,40587,40505,40587,82
rising,40612,40587,40612,25
trotting,40644,40612,40644,32
rising,40692,40644,40692,48
rearing,40788,40692,40788,96
grooming,41032,40788,41032,244
sniffing,41082,41032,41082,50
grooming,41139,41082,41139,57
trotting,41184,41139,41184,45
rising,41234,41184,41234,50
stepping,41240,41234,41240,6
climbing,41316,41240,41316,76
trotting,41374,41316,41374,58
walking,41405,41374,41405,31
rising,41439,41405,41439,34
grooming,41513,41439,41513,74
hunching,41524,41513,41524,11
grooming,41525,41524,41525,1
rising,41526,41525,41526,1
left_turning,41558,41526,41558,32
stepping,41580,41558,41580,22
walking,41637,41580,41637,57
rearing,41638,41637,41638,1
left_turning,41665,41638,41665,27
walking,41752,41665,41752,87
sniffing,41821,41752,41821,69
stepping,41822,41821,41822,1
walking,41843,41822,41843,21
grooming,41890,41843,41890,47
rearing,41891,41890,41891,1
rising,41892,41891,41892,1
climbing,41921,41892,41921,29
rearing,41969,41921,41969,48
grooming,41982,41969,41982,13
sniffing,41989,41982,41989,7
stepping,42029,41989,42029,40
rearing,42173,42029,42173,144
hunching,42237,42173,42237,64
left_turning,42277,42237,42277,40
trotting,42299,42277,42299,22
rising,42300,42299,42300,1
grooming,42343,42300,42343,43
sniffing,42344,42343,42344,1
grooming,42475,42344,42475,131
rearing,42476,42475,42476,1
grooming,42584,42476,42584,108
hunching,42612,42584,42612,28
grooming,42613,42612,42613,1
sniffing,42614,42613,42614,1
stepping,42703,42614,42703,89
grooming,42792,42703,42792,89
rearing,42793,42792,42793,1
grooming,42819,42793,42819,26
walking,42863,42819,42863,44
left_turning,42887,42863,42887,24
walking,42954,42887,42954,67
stepping,42955,42954,42955,1
grooming,42956,42955,42956,1
rearing,42957,42956,42957,1
hunching,43056,42957,43056,99
rearing,43121,43056,43121,65
grooming,43551,43121,43551,430
rearing,43583,43551,43583,32
hunching,43642,43583,43642,59
rearing,43667,43642,43667,25
hunching,43669,43667,43669,2
grooming,43670,43669,43670,1
right_turning,43707,43670,43707,37
walking,43708,43707,43708,1
grooming,43770,43708,43770,62
walking,43847,43770,43847,77
sniffing,43848,43847,43848,1
grooming,43950,43848,43950,102
hunching,43978,43950,43978,28
rearing,44026,43978,44026,48
climbing,44095,44026,44095,69
sniffing,44096,44095,44096,1
climbing,44097,44096,44097,1
left_turning,44131,44097,44131,34
grooming,44132,44131,44132,1
hunching,44157,44132,44157,25
grooming,44284,44157,44284,127
scratching,44285,44284,44285,1
sniffing,44477,44285,44477,192
stepping,44510,44477,44510,33
rising,44531,44510,44531,21
rearing,44569,44531,44569,38
sniffing,44570,44569,44570,1
left_turning,44635,44570,44635,65
trotting,44668,44635,44668,33
walking,44696,44668,44696,28
sniffing,44868,44696,44868,172
scratching,44869,44868,44869,1
grooming,44962,44869,44962,93
rearing,45019,44962,45019,57
trotting,45041,45019,45041,22
sniffing,45116,45041,45116,75
left_turning,45120,45116,45120,4
rising,45157,45120,45157,37
hunching,45158,45157,45158,1
grooming,45159,45158,45159,1
rising,45172,45159,45172,13
climbing,45194,45172,45194,22
grooming,45272,45194,45272,78
sniffing,45346,45272,45346,74
walking,45370,45346,45370,24
running,45426,45370,45426,56
sniffing,45459,45426,45459,33
left_turning,45523,45459,45523,64
walking,45587,45523,45587,64
sniffing,45588,45587,45588,1
running,45589,45588,45589,1
sniffing,45670,45589,45670,81
stepping,45697,45670,45697,27
trotting,45704,45697,45704,7
sniffing,45734,45704,45734,30
rising,45783,45734,45783,49
grooming,45784,45783,45784,1
right_turning,45785,45784,45785,1
walking,45797,45785,45797,12
running,45800,45797,45800,3
sniffing,45835,45800,45835,35
rising,45844,45835,45844,9
grooming,45903,45844,45903,59
rearing,45950,45903,45950,47
grooming,46075,45950,46075,125
right_turning,46094,46075,46094,19
trotting,46125,46094,46125,31
stepping,46148,46125,46148,23
sniffing,46249,46148,46249,101
left_turning,46286,46249,46286,37
stepping,46344,46286,46344,58
left_turning,46415,46344,46415,71
walking,46429,46415,46429,14
stepping,46467,46429,46467,38
climbing,46529,46467,46529,62
stepping,46583,46529,46583,54
walking,46598,46583,46598,15
rising,46631,46598,46631,33
grooming,46632,46631,46632,1
stepping,46659,46632,46659,27
rearing,46887,46659,46887,228
hunching,46951,46887,46951,64
grooming,47112,46951,47112,161
walking,47143,47112,47143,31
stepping,47154,47143,47154,11
sniffing,47290,47154,47290,136
left_turning,47291,47290,47291,1
sniffing,47409,47291,47409,118
left_turning,47423,47409,47423,14
grooming,47424,47423,47424,1
rearing,47439,47424,47439,15
climbing,47462,47439,47462,23
stepping,47533,47462,47533,71
sniffing,47603,47533,47603,70
stepping,47631,47603,47631,28
sniffing,47717,47631,47717,86
running,47736,47717,47736,19
sniffing,47875,47736,47875,139
stepping,47889,47875,47889,14
sniffing,47890,47889,47890,1
walking,47961,47890,47961,71
sniffing,47996,47961,47996,35
climbing,48043,47996,48043,47
sniffing,48178,48043,48178,135
grooming,48183,48178,48183,5
rising,48212,48183,48212,29
left_turning,48214,48212,48214,2
walking,48240,48214,48240,26
sniffing,48333,48240,48333,93
rearing,48471,48333,48471,138
rising,48479,48471,48479,8
walking,48487,48479,48487,8
sniffing,48488,48487,48488,1
right_turning,48516,48488,48516,28
sniffing,48575,48516,48575,59
trotting,48604,48575,48604,29
walking,48689,48604,48689,85
stepping,48690,48689,48690,1
sniffing,48787,48690,48787,97
right_turning,48788,48787,48788,1
stepping,48849,48788,48849,61
right_turning,48864,48849,48864,15
stepping,48896,48864,48896,32
walking,48944,48896,48944,48
right_turning,49004,48944,49004,60
rising,49049,49004,49049,45
sniffing,49066,49049,49066,17
running,49093,49066,49093,27
walking,49135,49093,49135,42
sniffing,49214,49135,49214,79
walking,49215,49214,49215,1
sniffing,49380,49215,49380,165
rising,49463,49380,49463,83
climbing,49635,49463,49635,172
grooming,49636,49635,49636,1
stepping,49678,49636,49678,42
sniffing,49695,49678,49695,17
running,49732,49695,49732,37
sniffing,49804,49732,49804,72
trotting,49840,49804,49840,36
walking,49940,49840,49940,100
grooming,50090,49940,50090,150
rising,50117,50090,50117,27
grooming,50118,50117,50118,1
rearing,50152,50118,50152,34
trotting,50190,50152,50190,38
sniffing,50280,50190,50280,90
running,50304,50280,50304,24
walking,50327,50304,50327,23
rearing,50328,50327,50328,1
hunching,50350,50328,50350,22
rearing,50405,50350,50405,55
left_turning,50409,50405,50409,4
walking,50410,50409,50410,1
sniffing,50522,50410,50522,112
rising,50550,50522,50550,28
climbing,50644,50550,50644,94
stepping,50665,50644,50665,21
sniffing,50736,50665,50736,71
rising,50787,50736,50787,51
climbing,50824,50787,50824,37
rising,50916,50824,50916,92
climbing,50985,50916,50985,69
walking,51019,50985,51019,34
sniffing,51020,51019,51020,1
rising,51060,51020,51060,40
climbing,51074,51060,51074,14
left_turning,51123,51074,51123,49
stepping,51176,51123,51176,53
sniffing,51177,51176,51177,1
rising,51183,51177,51183,6
grooming,51205,51183,51205,22
sniffing,51280,51205,51280,75
stepping,51314,51280,51314,34
trotting,51333,51314,51333,19
sniffing,51482,51333,51482,149
trotting,51503,51482,51503,21
sniffing,51538,51503,51538,35
stepping,51595,51538,51595,57
rising,51670,51595,51670,75
climbing,51718,51670,51718,48
sniffing,51884,51718,51884,166
grooming,51905,51884,51905,21
left_turning,51906,51905,51906,1
running,51912,51906,51912,6
sniffing,51986,51912,51986,74
rising,52007,51986,52007,21
climbing,52065,52007,52065,58
walking,52082,52065,52082,17
sniffing,52115,52082,52115,33
rising,52140,52115,52140,25
climbing,52212,52140,52212,72
rearing,52213,52212,52213,1
grooming,52236,52213,52236,23
walking,52237,52236,52237,1
sniffing,52320,52237,52320,83
grooming,52411,52320,52411,91
rearing,52462,52411,52462,51
rising,52463,52462,52463,1
grooming,52464,52463,52464,1
rearing,52465,52464,52465,1
grooming,52702,52465,52702,237
walking,52762,52702,52762,60
sniffing,52852,52762,52852,90
walking,52903,52852,52903,51
sniffing,52999,52903,52999,96
rising,53038,52999,53038,39
climbing,53060,53038,53060,22
trotting,53085,53060,53085,25
walking,53136,53085,53136,51
sniffing,53139,53136,53139,3
rising,53193,53139,53193,54
climbing,53194,53193,53194,1
stepping,53209,53194,53209,15
walking,53289,53209,53289,80
trotting,53322,53289,53322,33
stepping,53408,53322,53408,86
walking,53490,53408,53490,82
sniffing,53586,53490,53586,96
walking,53642,53586,53642,56
sniffing,53707,53642,53707,65
left_turning,53739,53707,53739,32
rising,53779,53739,53779,40
sniffing,53922,53779,53922,143
climbing,53925,53922,53925,3
stepping,53937,53925,53937,12
walking,53952,53937,53952,15
sniffing,53992,53952,53992,40
walking,53993,53992,53993,1
rising,54046,53993,54046,53
walking,54070,54046,54070,24
sniffing,54166,54070,54166,96
stepping,54190,54166,54190,24
sniffing,54198,54190,54198,8
stepping,54258,54198,54258,60
sniffing,54259,54258,54259,1
rising,54260,54259,54260,1
sniffing,54311,54260,54311,51
right_turning,54312,54311,54312,1
sniffing,54356,54312,54356,44
climbing,54403,54356,54403,47
grooming,54585,54403,54585,182
hunching,54586,54585,54586,1
grooming,54679,54586,54679,93
sniffing,54871,54679,54871,192
stepping,54903,54871,54903,32
sniffing,54906,54903,54906,3
grooming,55118,54906,55118,212
stepping,55166,55118,55166,48
right_turning,55185,55166,55185,19
trotting,55228,55185,55228,43
walking,55297,55228,55297,69
rising,55348,55297,55348,51
grooming,55664,55348,55664,316
sniffing,55769,55664,55769,105
rearing,55800,55769,55800,31
climbing,55824,55800,55824,24
walking,55849,55824,55849,25
sniffing,55890,55849,55890,41
rearing,55965,55890,55965,75
climbing,56075,55965,56075,110
grooming,56076,56075,56076,1
sniffing,56242,56076,56242,166
climbing,56253,56242,56253,11
walking,56330,56253,56330,77
sniffing,56331,56330,56331,1
stepping,56350,56331,56350,19
trotting,56384,56350,56384,34
rearing,56385,56384,56385,1
climbing,56461,56385,56461,76
rising,56519,56461,56519,58
right_turning,56520,56519,56520,1
stepping,56536,56520,56536,16
sniffing,56537,56536,56537,1
stepping,56563,56537,56563,26
sniffing,56689,56563,56689,126
grooming,56972,56689,56972,283
stepping,57013,56972,57013,41
sniffing,57116,57013,57116,103
grooming,57117,57116,57117,1
sniffing,57142,57117,57142,25
rising,57185,57142,57185,43
grooming,57458,57185,57458,273
rearing,57514,57458,57514,56
running,57548,57514,57548,34
walking,57552,57548,57552,4
sniffing,57553,57552,57553,1
stepping,57603,57553,57603,50
grooming,57604,57603,57604,1
rearing,57605,57604,57605,1
grooming,57606,57605,57606,1
left_turning,57615,57606,57615,9
running,57640,57615,57640,25
sniffing,57641,57640,57641,1
stepping,57669,57641,57669,28
sniffing,57736,57669,57736,67
grooming,57812,57736,57812,76
climbing,57958,57812,57958,146
sniffing,58008,57958,58008,50
walking,58118,58008,58118,110
sniffing,58200,58118,58200,82
stepping,58266,58200,58266,66
sniffing,58433,58266,58433,167
rising,58511,58433,58511,78
sniffing,58512,58511,58512,1
trotting,58566,58512,58566,54
walking,58567,58566,58567,1
sniffing,58588,58567,58588,21
stepping,58622,58588,58622,34
walking,58697,58622,58697,75
rising,58733,58697,58733,36
left_turning,58736,58733,58736,3
sniffing,58793,58736,58793,57
rising,58830,58793,58830,37
climbing,58905,58830,58905,75
right_turning,58960,58905,58960,55
walking,59021,58960,59021,61
stepping,59056,59021,59056,35
sniffing,59133,59056,59133,77
left_turning,59135,59133,59135,2
rising,59145,59135,59145,10
climbing,59233,59145,59233,88
grooming,59349,59233,59349,116
walking,59387,59349,59387,38
stepping,59409,59387,59409,22
grooming,59504,59409,59504,95
trotting,59550,59504,59550,46
walking,59593,59550,59593,43
trotting,59653,59593,59653,60
running,59687,59653,59687,34
right_turning,59688,59687,59688,1
stepping,59701,59688,59701,13
grooming,59702,59701,59702,1
rearing,59742,59702,59742,40
walking,59751,59742,59751,9
sniffing,59811,59751,59811,60
climbing,59812,59811,59812,1
trotting,59827,59812,59827,15
stepping,59828,59827,59828,1
rearing,59854,59828,59854,26
grooming,59868,59854,59868,14
sniffing,59871,59868,59871,3
climbing,59990,59871,59990,119
trotting,59996,59990,59996,6
sniffing,60069,59996,60069,73
grooming,60138,60069,60138,69
rising,60172,60138,60172,34
climbing,60200,60172,60200,28
grooming,60201,60200,60201,1
rearing,60222,60201,60222,21
climbing,60285,60222,60285,63
left_turning,60290,60285,60290,5
grooming,60456,60290,60456,166
climbing,60507,60456,60507,51
trotting,60551,60507,60551,44
stepping,60571,60551,60571,20
walking,60590,60571,60590,19
grooming,60591,60590,60591,1
stepping,60643,60591,60643,52
sniffing,60765,60643,60765,122
rearing,60876,60765,60876,111
grooming,61019,60876,61019,143
sniffing,61110,61019,61110,91
right_turning,61111,61110,61111,1
sniffing,61112,61111,61112,1
rising,61117,61112,61117,5
climbing,61165,61117,61165,48
trotting,61168,61165,61168,3
sniffing,61169,61168,61169,1
grooming,61454,61169,61454,285
trotting,61473,61454,61473,19
walking,61510,61473,61510,37
rising,61511,61510,61511,1
hunching,61575,61511,61575,64
rising,61598,61575,61598,23
climbing,61673,61598,61673,75
grooming,61795,61673,61795,122
hunching,61796,61795,61796,1
climbing,61892,61796,61892,96
grooming,62004,61892,62004,112
hunching,62005,62004,62005,1
grooming,62034,62005,62034,29
climbing,62118,62034,62118,84
sniffing,62119,62118,62119,1
stepping,62139,62119,62139,20
grooming,62145,62139,62145,6
scratching,62146,62145,62146,1
grooming,62147,62146,62147,1
sniffing,62251,62147,62251,104
running,62288,62251,62288,37
stepping,62326,62288,62326,38
sniffing,62368,62326,62368,42
rising,62392,62368,62392,24
right_turning,62393,62392,62393,1
stepping,62399,62393,62399,6
grooming,62400,62399,62400,1
sniffing,62416,62400,62416,16
stepping,62467,62416,62467,51
walking,62468,62467,62468,1
stepping,62535,62468,62535,67
sniffing,62557,62535,62557,22
grooming,62558,62557,62558,1
rising,62559,62558,62559,1
grooming,62604,62559,62604,45
climbing,62628,62604,62628,24
walking,62674,62628,62674,46
stepping,62675,62674,62675,1
sniffing,62808,62675,62808,133
stepping,62857,62808,62857,49
climbing,62914,62857,62914,57
grooming,62915,62914,62915,1
climbing,63019,62915,63019,104
rearing,63095,63019,63095,76
stepping,63136,63095,63136,41
rearing,63145,63136,63145,9
grooming,63210,63145,63210,65
scratching,63211,63210,63211,1
grooming,63212,63211,63212,1
rising,63257,63212,63257,45
sniffing,63263,63257,63263,6
climbing,63301,63263,63301,38
left_turning,63310,63301,63310,9
scratching,63311,63310,63311,1
grooming,63312,63311,63312,1
hunching,63378,63312,63378,66
rearing,63380,63378,63380,2
sniffing,63381,63380,63381,1
stepping,63382,63381,63382,1
sniffing,63421,63382,63421,39
running,63444,63421,63444,23
stepping,63491,63444,63491,47
rearing,63492,63491,63492,1
stepping,63538,63492,63538,46
left_turning,63539,63538,63539,1
walking,63540,63539,63540,1
left_turning,63541,63540,63541,1
rising,63560,63541,63560,19
sniffing,63618,63560,63618,58
rising,63815,63618,63815,197
grooming,63956,63815,63956,141
walking,63975,63956,63975,19
stepping,64040,63975,64040,65
sniffing,64094,64040,64094,54
rising,64134,64094,64134,40
stepping,64178,64134,64178,44
trotting,64230,64178,64230,52
stepping,64237,64230,64237,7
walking,64333,64237,64333,96
stepping,64357,64333,64357,24
walking,64430,64357,64430,73
trotting,64441,64430,64441,11
stepping,64534,64441,64534,93
walking,64567,64534,64567,33
sniffing,64663,64567,64663,96
rising,64720,64663,64720,57
walking,64730,64720,64730,10
sniffing,64824,64730,64824,94
rising,64883,64824,64883,59
climbing,64933,64883,64933,50
rising,64951,64933,64951,18
hunching,65025,64951,65025,74
climbing,65049,65025,65049,24
trotting,65061,65049,65061,12
stepping,65096,65061,65096,35
rising,65097,65096,65097,1
rearing,65198,65097,65198,101
grooming,65480,65198,65480,282
trotting,65494,65480,65494,14
rising,65534,65494,65534,40
climbing,65546,65534,65546,12
walking,65553,65546,65553,7
sniffing,65631,65553,65631,78
stepping,65650,65631,65650,19
walking,65675,65650,65675,25
stepping,65731,65675,65731,56
rearing,65819,65731,65819,88
climbing,65820,65819,65820,1
grooming,65845,65820,65845,25
rearing,65846,65845,65846,1
climbing,65876,65846,65876,30
left_turning,65904,65876,65904,28
sniffing,65992,65904,65992,88
rising,66055,65992,66055,63
grooming,66221,66055,66221,166
left_turning,66258,66221,66258,37
walking,66267,66258,66267,9
rising,66331,66267,66331,64
climbing,66392,66331,66392,61
grooming,66454,66392,66454,62
left_turning,66518,66454,66518,64
walking,66552,66518,66552,34
stepping,66576,66552,66576,24
sniffing,66591,66576,66591,15
right_turning,66665,66591,66665,74
stepping,66693,66665,66693,28
walking,66706,66693,66706,13
trotting,66761,66706,66761,55
stepping,66793,66761,66793,32
sniffing,66912,66793,66912,119
stepping,66946,66912,66946,34
sniffing,67019,66946,67019,73
walking,67052,67019,67052,33
sniffing,67204,67052,67204,152
rising,67237,67204,67237,33
climbing,67331,67237,67331,94
rising,67372,67331,67372,41
climbing,67421,67372,67421,49
running,67467,67421,67467,46
walking,67492,67467,67492,25
sniffing,67568,67492,67568,76
walking,67582,67568,67582,14
trotting,67621,67582,67621,39
stepping,67622,67621,67622,1
sniffing,67623,67622,67623,1
walking,67630,67623,67630,7
sniffing,67659,67630,67659,29
climbing,67703,67659,67703,44
rearing,67704,67703,67704,1
scratching,67705,67704,67705,1
grooming,67762,67705,67762,57
sniffing,67763,67762,67763,1
stepping,67783,67763,67783,20
sniffing,67820,67783,67820,37
rearing,67897,67820,67897,77
hunching,67979,67897,67979,82
grooming,68166,67979,68166,187
rearing,68239,68166,68239,73
walking,68294,68239,68294,55
rising,68319,68294,68319,25
sniffing,68486,68319,68486,167
rising,68507,68486,68507,21
sniffing,68602,68507,68602,95
walking,68603,68602,68603,1
sniffing,68664,68603,68664,61
walking,68665,68664,68665,1
sniffing,68666,68665,68666,1
grooming,68851,68666,68851,185
sniffing,68852,68851,68852,1
rising,68903,68852,68903,51
climbing,69128,68903,69128,225
running,69164,69128,69164,36
trotting,69170,69164,69170,6
climbing,69186,69170,69186,16
rearing,69187,69186,69187,1
grooming,69550,69187,69550,363
left_turning,69609,69550,69609,59
sniffing,69666,69609,69666,57
scratching,69667,69666,69667,1
grooming,69907,69667,69907,240
left_turning,69931,69907,69931,24
trotting,70015,69931,70015,84
walking,70043,70015,70043,28
running,70057,70043,70057,14
rising,70085,70057,70085,28
sniffing,70086,70085,70086,1
rising,70130,70086,70130,44
rearing,70132,70130,70132,2
sniffing,70152,70132,70152,20
right_turning,70159,70152,70159,7
trotting,70181,70159,70181,22
rearing,70182,70181,70182,1
grooming,70183,70182,70183,1
rearing,70263,70183,70263,80
grooming,70264,70263,70264,1
sniffing,70328,70264,70328,64
hunching,70351,70328,70351,23
rearing,70361,70351,70361,10
grooming,70527,70361,70527,166
sniffing,70611,70527,70611,84
rearing,70657,70611,70657,46
walking,70674,70657,70674,17
trotting,70689,70674,70689,15
walking,70706,70689,70706,17
sniffing,70782,70706,70782,76
grooming,70963,70782,70963,181
hunching,70966,70963,70966,3
grooming,70967,70966,70967,1
sniffing,70988,70967,70988,21
left_turning,71016,70988,71016,28
walking,71056,71016,71056,40
stepping,71125,71056,71125,69
rising,71181,71125,71181,56
climbing,71194,71181,71194,13
rearing,71323,71194,71323,129
left_turning,71324,71323,71324,1
walking,71351,71324,71351,27
stepping,71370,71351,71370,19
sniffing,71371,71370,71371,1
right_turning,71386,71371,71386,15
walking,71411,71386,71411,25
rising,71416,71411,71416,5
climbing,71487,71416,71487,71
grooming,71488,71487,71488,1
sniffing,71537,71488,71537,49
rising,71568,71537,71568,31
climbing,71569,71568,71569,1
left_turning,71609,71569,71609,40
grooming,71610,71609,71610,1
hunching,71611,71610,71611,1
rearing,71612,71611,71612,1
walking,71689,71612,71689,77
sniffing,71784,71689,71784,95
hunching,71831,71784,71831,47
grooming,72045,71831,72045,214
sniffing,72182,72045,72182,137
rising,72236,72182,72236,54
rearing,72237,72236,72237,1
climbing,72238,72237,72238,1
stepping,72313,72238,72313,75
sniffing,72368,72313,72368,55
rising,72376,72368,72376,8
walking,72387,72376,72387,11
sniffing,72538,72387,72538,151
stepping,72574,72538,72574,36
sniffing,72575,72574,72575,1
stepping,72633,72575,72633,58
sniffing,72724,72633,72724,91
stepping,72759,72724,72759,35
grooming,72760,72759,72760,1
rearing,72766,72760,72766,6
left_turning,72792,72766,72792,26
walking,72805,72792,72805,13
sniffing,72948,72805,72948,143
walking,72958,72948,72958,10
sniffing,73022,72958,73022,64
climbing,73101,73022,73101,79
left_turning,73111,73101,73111,10
grooming,73112,73111,73112,1
left_turning,73113,73112,73113,1
climbing,73277,73113,73277,164
walking,73284,73277,73284,7
rising,73285,73284,73285,1
grooming,73672,73285,73672,387
left_turning,73692,73672,73692,20
walking,73733,73692,73733,41
sniffing,73778,73733,73778,45
grooming,73869,73778,73869,91
rearing,73957,73869,73957,88
hunching,74032,73957,74032,75
sniffing,74033,74032,74033,1
stepping,74057,74033,74057,24
walking,74106,74057,74106,49
sniffing,74134,74106,74134,28
rising,74195,74134,74195,61
sniffing,74196,74195,74196,1
walking,74273,74196,74273,77
right_turning,74299,74273,74299,26
walking,74333,74299,74333,34
running,74334,74333,74334,1
stepping,74376,74334,74376,42
sniffing,74495,74376,74495,119
climbing,74627,74495,74627,132
trotting,74639,74627,74639,12
walking,74711,74639,74711,72
stepping,74750,74711,74750,39
walking,74760,74750,74760,10
climbing,74790,74760,74790,30
stepping,74856,74790,74856,66
rising,74876,74856,74876,20
rearing,74897,74876,74897,21
grooming,74901,74897,74901,4
climbing,74902,74901,74902,1
grooming,74963,74902,74963,61
stepping,75003,74963,75003,40
sniffing,75032,75003,75032,29
climbing,75119,75032,75119,87
trotting,75120,75119,75120,1
walking,75134,75120,75134,14
sniffing,75149,75134,75149,15
right_turning,75165,75149,75165,16
sniffing,75243,75165,75243,78
stepping,75319,75243,75319,76
rising,75387,75319,75387,68
right_turning,75391,75387,75391,4
sniffing,75392,75391,75392,1
walking,75393,75392,75393,1
sniffing,75454,75393,75454,61
walking,75562,75454,75562,108
sniffing,75667,75562,75667,105
rearing,75712,75667,75712,45
walking,75779,75712,75779,67
sniffing,75878,75779,75878,99
walking,75890,75878,75890,12
sniffing,75891,75890,75891,1
right_turning,75923,75891,75923,32
stepping,75979,75923,75979,56
running,75988,75979,75988,9
trotting,76047,75988,76047,59
walking,76070,76047,76070,23
trotting,76126,76070,76126,56
right_turning,76164,76126,76164,38
stepping,76230,76164,76230,66
sniffing,76382,76230,76382,152
grooming,76407,76382,76407,25
stepping,76463,76407,76463,56
walking,76575,76463,76575,112
sniffing,76706,76575,76706,131
walking,76724,76706,76724,18
sniffing,76783,76724,76783,59
grooming,76963,76783,76963,180
scratching,76964,76963,76964,1
sniffing,76978,76964,76978,14
left_turning,77028,76978,77028,50
grooming,77176,77028,77176,148
sniffing,77198,77176,77198,22
stepping,77231,77198,77231,33
sniffing,77297,77231,77297,66
stepping,77353,77297,77353,56
sniffing,77426,77353,77426,73
walking,77506,77426,77506,80
stepping,77555,77506,77555,49
sniffing,77746,77555,77746,191
stepping,77811,77746,77811,65
sniffing,77812,77811,77812,1
stepping,77833,77812,77833,21
sniffing,77906,77833,77906,73
stepping,77907,77906,77907,1
sniffing,78020,77907,78020,113
stepping,78049,78020,78049,29
rearing,78110,78049,78110,61
grooming,78111,78110,78111,1
rearing,78176,78111,78176,65
climbing,78197,78176,78197,21
sniffing,78308,78197,78308,111
grooming,78510,78308,78510,202
rising,78531,78510,78531,21
rearing,78581,78531,78581,50
climbing,78613,78581,78613,32
rearing,78641,78613,78641,28
grooming,78642,78641,78642,1
sniffing,78643,78642,78643,1
running,78658,78643,78658,15
walking,78690,78658,78690,32
sniffing,78764,78690,78764,74
walking,78815,78764,78815,51
sniffing,78836,78815,78836,21
right_turning,78837,78836,78837,1
sniffing,78890,78837,78890,53
walking,78964,78890,78964,74
sniffing,79002,78964,79002,38
walking,79046,79002,79046,44
stepping,79100,79046,79100,54
sniffing,79144,79100,79144,44
walking,79186,79144,79186,42
sniffing,79210,79186,79210,24
left_turning,79211,79210,79211,1
hunching,79311,79211,79311,100
sniffing,79312,79311,79312,1
rising,79355,79312,79355,43
stepping,79419,79355,79419,64
sniffing,79447,79419,79447,28
walking,79448,79447,79448,1
sniffing,79489,79448,79489,41
stepping,79509,79489,79509,20
sniffing,79602,79509,79602,93
left_turning,79623,79602,79623,21
sniffing,79665,79623,79665,42
rising,79699,79665,79699,34
sniffing,79700,79699,79700,1
stepping,79721,79700,79721,21
walking,79755,79721,79755,34
sniffing,79803,79755,79803,48
walking,79870,79803,79870,67
left_turning,79917,79870,79917,47
grooming,80230,79917,80230,313
stepping,80246,80230,80246,16
walking,80264,80246,80264,18
sniffing,80334,80264,80334,70
walking,80408,80334,80408,74
stepping,80457,80408,80457,49
walking,80514,80457,80514,57
sniffing,80574,80514,80574,60
stepping,80630,80574,80630,56
sniffing,80665,80630,80665,35
right_turning,80682,80665,80682,17
stepping,80714,80682,80714,32
walking,80811,80714,80811,97
climbing,80812,80811,80812,1
left_turning,80861,80812,80861,49
walking,80900,80861,80900,39
stepping,80904,80900,80904,4
rearing,80915,80904,80915,11
grooming,80983,80915,80983,68
sniffing,80997,80983,80997,14
walking,81023,80997,81023,26
stepping,81045,81023,81045,22
grooming,81046,81045,81046,1
scratching,81047,81046,81047,1
grooming,81048,81047,81048,1
rising,81064,81048,81064,16
grooming,81098,81064,81098,34
left_turning,81151,81098,81151,53
sniffing,81152,81151,81152,1
stepping,81199,81152,81199,47
rising,81220,81199,81220,21
left_turning,81286,81220,81286,66
grooming,81287,81286,81287,1
walking,81337,81287,81337,50
sniffing,81338,81337,81338,1
left_turning,81360,81338,81360,22
rising,81374,81360,81374,14
climbing,81406,81374,81406,32
grooming,81619,81406,81619,213
left_turning,81637,81619,81637,18
walking,81639,81637,81639,2
stepping,81704,81639,81704,65
climbing,81736,81704,81736,32
grooming,81737,81736,81737,1
sniffing,81909,81737,81909,172
grooming,82288,81909,82288,379
hunching,82336,82288,82336,48
climbing,82401,82336,82401,65
rising,82457,82401,82457,56
grooming,82667,82457,82667,210
sniffing,82834,82667,82834,167
running,82848,82834,82848,14
sniffing,82927,82848,82927,79
stepping,82964,82927,82964,37
sniffing,83062,82964,83062,98
rising,83091,83062,83091,29
grooming,83454,83091,83454,363
stepping,83472,83454,83472,18
sniffing,83473,83472,83473,1
rising,83488,83473,83488,15
stepping,83508,83488,83508,20
trotting,83541,83508,83541,33
sniffing,83542,83541,83542,1
rising,83575,83542,83575,33
sniffing,83576,83575,83576,1
stepping,83600,83576,83600,24
sniffing,83880,83600,83880,280
rearing,83919,83880,83919,39
rising,83947,83919,83947,28
climbing,83948,83947,83948,1
stepping,83993,83948,83993,45
sniffing,83994,83993,83994,1
walking,84075,83994,84075,81
sniffing,84153,84075,84153,78
stepping,84197,84153,84197,44
trotting,84239,84197,84239,42
walking,84244,84239,84244,5
sniffing,84314,84244,84314,70
stepping,84367,84314,84367,53
sniffing,84404,84367,84404,37
stepping,84448,84404,84448,44
rising,84478,84448,84478,30
climbing,84479,84478,84479,1
grooming,84583,84479,84583,104
sniffing,84711,84583,84711,128
right_turning,84804,84711,84804,93
rising,84885,84804,84885,81
rearing,84938,84885,84938,53
hunching,84952,84938,84952,14
rearing,85010,84952,85010,58
hunching,85011,85010,85011,1
grooming,85012,85011,85012,1
rising,85090,85012,85090,78
climbing,85115,85090,85115,25
rearing,85116,85115,85116,1
climbing,85188,85116,85188,72
right_turning,85215,85188,85215,27
sniffing,85216,85215,85216,1
walking,85327,85216,85327,111
stepping,85378,85327,85378,51
rearing,85379,85378,85379,1
hunching,85435,85379,85435,56
rearing,85519,85435,85519,84
grooming,85520,85519,85520,1
walking,85596,85520,85596,76
stepping,85680,85596,85680,84
rearing,85723,85680,85723,43
hunching,85811,85723,85811,88
rearing,85812,85811,85812,1
climbing,86028,85812,86028,216
sniffing,86065,86028,86065,37
walking,86114,86065,86114,49
sniffing,86115,86114,86115,1
rising,86143,86115,86143,28
stepping,86164,86143,86164,21
walking,86183,86164,86183,19
sniffing,86246,86183,86246,63
grooming,86550,86246,86550,304
climbing,86589,86550,86589,39
walking,86590,86589,86590,1
sniffing,86591,86590,86591,1
walking,86672,86591,86672,81
sniffing,86948,86672,86948,276
walking,87019,86948,87019,71
trotting,87038,87019,87038,19
sniffing,87069,87038,87069,31
stepping,87108,87069,87108,39
sniffing,87179,87108,87179,71
stepping,87218,87179,87218,39
rearing,87295,87218,87295,77
left_turning,87328,87295,87328,33
walking,87329,87328,87329,1
sniffing,87383,87329,87383,54
walking,87431,87383,87431,48
stepping,87447,87431,87447,16
walking,87448,87447,87448,1
stepping,87449,87448,87449,1
walking,87517,87449,87517,68
stepping,87582,87517,87582,65
sniffing,87736,87582,87736,154
rising,87764,87736,87764,28
sniffing,87842,87764,87842,78
walking,87907,87842,87907,65
sniffing,87970,87907,87970,63
grooming,88150,87970,88150,180
sniffing,88151,88150,88151,1
trotting,88213,88151,88213,62
rearing,88214,88213,88214,1
rising,88266,88214,88266,52
sniffing,88303,88266,88303,37
rising,88391,88303,88391,88
rearing,88442,88391,88442,51
grooming,88464,88442,88464,22
rearing,88465,88464,88465,1
stepping,88504,88465,88504,39
walking,88524,88504,88524,20
stepping,88553,88524,88553,29
sniffing,88592,88553,88592,39
grooming,88726,88592,88726,134
sniffing,88727,88726,88727,1
left_turning,88764,88727,88764,37
sniffing,88765,88764,88765,1
walking,88806,88765,88806,41
sniffing,88807,88806,88807,1
grooming,89250,88807,89250,443
rearing,89302,89250,89302,52
stepping,89339,89302,89339,37
rising,89340,89339,89340,1
sniffing,89349,89340,89349,9
grooming,89422,89349,89422,73
walking,89423,89422,89423,1
sniffing,89486,89423,89486,63
stepping,89511,89486,89511,25
rising,89585,89511,89585,74
grooming,89727,89585,89727,142
climbing,89896,89727,89896,169
stepping,89921,89896,89921,25
sniffing,90178,89921,90178,257
rising,90179,90178,90179,1
sniffing,90185,90179,90185,6
stepping,90236,90185,90236,51
climbing,90280,90236,90280,44
left_turning,90327,90280,90327,47
walking,90333,90327,90333,6
left_turning,90346,90333,90346,13
trotting,90427,90346,90427,81
sniffing,90761,90427,90761,334
left_turning,90809,90761,90809,48
rising,90869,90809,90869,60
climbing,90912,90869,90912,43
trotting,90979,90912,90979,67
sniffing,90996,90979,90996,17
rising,90997,90996,90997,1
stepping,91034,90997,91034,37
rising,91078,91034,91078,44
left_turning,91130,91078,91130,52
stepping,91166,91130,91166,36
sniffing,91325,91166,91325,159
grooming,91326,91325,91326,1
rearing,91410,91326,91410,84
rising,91467,91410,91467,57
sniffing,91520,91467,91520,53
scratching,91521,91520,91521,1
sniffing,91673,91521,91673,152
walking,91707,91673,91707,34
sniffing,91742,91707,91742,35
rising,91743,91742,91743,1
left_turning,91795,91743,91795,52
rearing,91796,91795,91796,1
rising,91848,91796,91848,52
grooming,92016,91848,92016,168
rising,92072,92016,92072,56
grooming,92117,92072,92117,45
rearing,92118,92117,92118,1
left_turning,92185,92118,92185,67
stepping,92217,92185,92217,32
sniffing,92371,92217,92371,154
rising,92372,92371,92372,1
stepping,92451,92372,92451,79
rising,92515,92451,92515,64
grooming,92681,92515,92681,166
sniffing,92843,92681,92843,162
hunching,92866,92843,92866,23
climbing,92892,92866,92892,26
right_turning,92915,92892,92915,23
walking,92950,92915,92950,35
left_turning,93001,92950,93001,51
rearing,93002,93001,93002,1
grooming,93003,93002,93003,1
sniffing,93004,93003,93004,1
trotting,93007,93004,93007,3
left_turning,93059,93007,93059,52
stepping,93097,93059,93097,38
sniffing,93219,93097,93219,122
stepping,93242,93219,93242,23
sniffing,93385,93242,93385,143
stepping,93403,93385,93403,18
rearing,93465,93403,93465,62
climbing,93592,93465,93592,127
walking,93649,93592,93649,57
stepping,93719,93649,93719,70
climbing,93783,93719,93783,64
grooming,93904,93783,93904,121
rearing,93937,93904,93937,33
walking,93944,93937,93944,7
rising,93961,93944,93961,17
rearing,94051,93961,94051,90
grooming,94232,94051,94232,181
rearing,94259,94232,94259,27
climbing,94355,94259,94355,96
rearing,94356,94355,94356,1
grooming,94442,94356,94442,86
stepping,94492,94442,94492,50
walking,94511,94492,94511,19
stepping,94531,94511,94531,20
rising,94638,94531,94638,107
right_turning,94642,94638,94642,4
sniffing,94754,94642,94754,112
walking,94813,94754,94813,59
running,94814,94813,94814,1
walking,94856,94814,94856,42
sniffing,94857,94856,94857,1
walking,94911,94857,94911,54
sniffing,94915,94911,94915,4
climbing,94916,94915,94916,1
rearing,94977,94916,94977,61
rising,95100,94977,95100,123
rearing,95212,95100,95212,112
trotting,95245,95212,95245,33
walking,95307,95245,95307,62
grooming,95451,95307,95451,144
hunching,95464,95451,95464,13
sniffing,95577,95464,95577,113
stepping,95611,95577,95611,34
sniffing,95612,95611,95612,1
rearing,95631,95612,95631,19
grooming,95632,95631,95632,1
rearing,95715,95632,95715,83
stepping,95764,95715,95764,49
rising,95775,95764,95775,11
stepping,95836,95775,95836,61
walking,95904,95836,95904,68
sniffing,95998,95904,95998,94
rising,96008,95998,96008,10
sniffing,96009,96008,96009,1
stepping,96052,96009,96052,43
grooming,96148,96052,96148,96
left_turning,96218,96148,96218,70
walking,96219,96218,96219,1
running,96237,96219,96237,18
sniffing,96563,96237,96563,326
grooming,96734,96563,96734,171
right_turning,96778,96734,96778,44
trotting,96795,96778,96795,17
walking,96846,96795,96846,51
sniffing,97014,96846,97014,168
rising,97039,97014,97039,25
rearing,97098,97039,97098,59
hunching,97172,97098,97172,74
walking,97215,97172,97215,43
rising,97282,97215,97282,67
walking,97412,97282,97412,130
trotting,97424,97412,97424,12
running,97446,97424,97446,22
sniffing,97500,97446,97500,54
grooming,97565,97500,97565,65
hunching,97634,97565,97634,69
grooming,97728,97634,97728,94
sniffing,97729,97728,97729,1
grooming,97966,97729,97966,237
hunching,98081,97966,98081,115
rearing,98160,98081,98160,79
sniffing,98161,98160,98161,1
left_turning,98190,98161,98190,29
sniffing,98250,98190,98250,60
stepping,98318,98250,98318,68
climbing,98423,98318,98423,105
stepping,98452,98423,98452,29
rearing,98467,98452,98467,15
grooming,98698,98467,98698,231
right_turning,98719,98698,98719,21
sniffing,98720,98719,98720,1
rising,98721,98720,98721,1
sniffing,98722,98721,98722,1
walking,98745,98722,98745,23
climbing,98746,98745,98746,1
walking,98867,98746,98867,121
stepping,98920,98867,98920,53
grooming,99292,98920,99292,372
hunching,99337,99292,99337,45
rearing,99477,99337,99477,140
grooming,99506,99477,99506,29
rearing,99544,99506,99544,38
sniffing,99655,99544,99655,111
rising,99672,99655,99672,17
climbing,99675,99672,99675,3
stepping,99760,99675,99760,85
walking,99798,99760,99798,38
stepping,99824,99798,99824,26
grooming,99848,99824,99848,24
left_turning,99873,99848,99873,25
walking,99963,99873,99963,90
stepping,100005,99963,100005,42
sniffing,100130,100005,100130,125
running,100158,100130,100158,28
stepping,100207,100158,100207,49
sniffing,100228,100207,100228,21
rising,100234,100228,100234,6
climbing,100490,100234,100490,256
left_turning,100626,100490,100626,136
grooming,100727,100626,100727,101
rearing,100820,100727,100820,93
grooming,101213,100820,101213,393
sniffing,101449,101213,101449,236
walking,101454,101449,101454,5
right_turning,101549,101454,101549,95
stepping,101597,101549,101597,48
rising,101659,101597,101659,62
sniffing,101772,101659,101772,113
walking,101831,101772,101831,59
sniffing,102003,101831,102003,172
walking,102092,102003,102092,89
sniffing,102186,102092,102186,94
left_turning,102213,102186,102213,27
sniffing,102260,102213,102260,47
walking,102354,102260,102354,94
rising,102420,102354,102420,66
sniffing,102483,102420,102483,63
walking,102484,102483,102484,1
climbing,102576,102484,102576,92
rising,102632,102576,102632,56
sniffing,102855,102632,102855,223
stepping,102931,102855,102931,76
rising,102932,102931,102932,1
stepping,102966,102932,102966,34
rising,103042,102966,103042,76
left_turning,103095,103042,103095,53
rearing,103157,103095,103157,62
left_turning,103175,103157,103175,18
running,103214,103175,103214,39
walking,103226,103214,103226,12
stepping,103267,103226,103267,41
rearing,103275,103267,103275,8
grooming,103276,103275,103276,1
rearing,103282,103276,103282,6
hunching,103370,103282,103370,88
rearing,103591,103370,103591,221
grooming,103806,103591,103806,215
rising,103822,103806,103822,16
sniffing,103899,103822,103899,77
climbing,103900,103899,103900,1
walking,103905,103900,103905,5
right_turning,103940,103905,103940,35
sniffing,103955,103940,103955,15
trotting,103994,103955,103994,39
sniffing,103995,103994,103995,1
left_turning,104023,103995,104023,28
stepping,104091,104023,104091,68
sniffing,104326,104091,104326,235
climbing,104470,104326,104470,144
grooming,104843,104470,104843,373
sniffing,104883,104843,104883,40
walking,104907,104883,104907,24
sniffing,105052,104907,105052,145
walking,105091,105052,105091,39
stepping,105140,105091,105140,49
right_turning,105141,105140,105141,1
grooming,105410,105141,105410,269
hunching,105484,105410,105484,74
left_turning,105540,105484,105540,56
sniffing,105598,105540,105598,58
rearing,105621,105598,105621,23
hunching,105765,105621,105765,144
grooming,105866,105765,105866,101
hunching,105942,105866,105942,76
rising,105991,105942,105991,49
climbing,106105,105991,106105,114
stepping,106181,106105,106181,76
grooming,106452,106181,106452,271
sniffing,106515,106452,106515,63
grooming,106599,106515,106599,84
rising,106653,106599,106653,54
rearing,106669,106653,106669,16
grooming,106864,106669,106864,195
rearing,106933,106864,106933,69
rising,107003,106933,107003,70
scratching,107004,107003,107004,1
left_turning,107023,107004,107023,19
walking,107083,107023,107083,60
stepping,107127,107083,107127,44
rearing,107128,107127,107128,1
grooming,107181,107128,107181,53
hunching,107234,107181,107234,53
grooming,107651,107234,107651,417
rearing,107654,107651,107654,3
rising,107655,107654,107655,1
rearing,107667,107655,107667,12
grooming,107867,107667,107867,200
right_turning,107871,107867,107871,4
stepping,107953,107871,107953,82
grooming,107954,107953,107954,1
rearing,107955,107954,107955,1
right_turning,107997,107955,107997,42
stepping,108000,107997,108000,3
