revised_movement_label,segBoundary,segBoundary_start,segBoundary_end,length
sniffing,122,0,122,122
rising,149,122,149,27
rearing,261,149,261,112
grooming,262,261,262,1
walking,316,262,316,54
stepping,322,316,322,6
walking,339,322,339,17
stepping,341,339,341,2
left_turning,357,341,357,16
stepping,424,357,424,67
sniffing,425,424,425,1
rising,481,425,481,56
sniffing,482,481,482,1
grooming,555,482,555,73
rearing,593,555,593,38
sniffing,636,593,636,43
stepping,637,636,637,1
sniffing,738,637,738,101
rising,753,738,753,15
walking,754,753,754,1
stepping,777,754,777,23
sniffing,840,777,840,63
walking,867,840,867,27
stepping,878,867,878,11
sniffing,921,878,921,43
stepping,922,921,922,1
sniffing,923,922,923,1
stepping,953,923,953,30
walking,954,953,954,1
trotting,1009,954,1009,55
rising,1034,1009,1034,25
sniffing,1101,1034,1101,67
grooming,1102,1101,1102,1
trotting,1127,1102,1127,25
walking,1174,1127,1174,47
sniffing,1188,1174,1188,14
stepping,1240,1188,1240,52
trotting,1279,1240,1279,39
walking,1338,1279,1338,59
rising,1375,1338,1375,37
walking,1440,1375,1440,65
trotting,1487,1440,1487,47
walking,1488,1487,1488,1
sniffing,1560,1488,1560,72
left_turning,1585,1560,1585,25
sniffing,1586,1585,1586,1
rising,1634,1586,1634,48
sniffing,1635,1634,1635,1
right_turning,1636,1635,1636,1
sniffing,1689,1636,1689,53
stepping,1740,1689,1740,51
walking,1832,1740,1832,92
sniffing,1869,1832,1869,37
rising,1870,1869,1870,1
sniffing,1871,1870,1871,1
rising,1880,1871,1880,9
sniffing,1914,1880,1914,34
rising,1979,1914,1979,65
stepping,1980,1979,1980,1
sniffing,2047,1980,2047,67
rising,2155,2047,2155,108
climbing,2227,2155,2227,72
right_turning,2253,2227,2253,26
rising,2325,2253,2325,72
sniffing,2327,2325,2327,2
rising,2360,2327,2360,33
walking,2393,2360,2393,33
stepping,2397,2393,2397,4
walking,2420,2397,2420,23
stepping,2449,2420,2449,29
rising,2515,2449,2515,66
sniffing,2516,2515,2516,1
rising,2517,2516,2517,1
sniffing,2634,2517,2634,117
rising,2637,2634,2637,3
climbing,2677,2637,2677,40
sniffing,2721,2677,2721,44
grooming,2722,2721,2722,1
sniffing,2778,2722,2778,56
rising,2842,2778,2842,64
walking,2876,2842,2876,34
stepping,2935,2876,2935,59
rising,2941,2935,2941,6
sniffing,2942,2941,2942,1
rising,2997,2942,2997,55
sniffing,2998,2997,2998,1
stepping,3053,2998,3053,55
sniffing,3116,3053,3116,63
rising,3181,3116,3181,65
left_turning,3212,3181,3212,31
trotting,3269,3212,3269,57
walking,3338,3269,3338,69
trotting,3352,3338,3352,14
walking,3399,3352,3399,47
rising,3418,3399,3418,19
left_turning,3473,3418,3473,55
sniffing,3517,3473,3517,44
walking,3588,3517,3588,71
sniffing,3589,3588,3589,1
walking,3665,3589,3665,76
trotting,3736,3665,3736,71
stepping,3797,3736,3797,61
rising,3816,3797,3816,19
running,3837,3816,3837,21
walking,3908,3837,3908,71
stepping,3962,3908,3962,54
sniffing,4053,3962,4053,91
stepping,4260,4053,4260,207
sniffing,4289,4260,4289,29
left_turning,4340,4289,4340,51
grooming,4471,4340,4471,131
hunching,4499,4471,4499,28
grooming,4601,4499,4601,102
rising,4629,4601,4629,28
trotting,4630,4629,4630,1
sniffing,4710,4630,4710,80
stepping,4728,4710,4728,18
rising,4762,4728,4762,34
walking,4816,4762,4816,54
trotting,4880,4816,4880,64
sniffing,4881,4880,4881,1
left_turning,4935,4881,4935,54
running,4972,4935,4972,37
walking,4973,4972,4973,1
rising,5065,4973,5065,92
sniffing,5066,5065,5066,1
rising,5105,5066,5105,39
walking,5106,5105,5106,1
trotting,5107,5106,5107,1
running,5137,5107,5137,30
rising,5191,5137,5191,54
sniffing,5192,5191,5192,1
hunching,5215,5192,5215,23
grooming,5319,5215,5319,104
left_turning,5412,5319,5412,93
stepping,5438,5412,5438,26
running,5440,5438,5440,2
sniffing,5594,5440,5594,154
left_turning,5639,5594,5639,45
stepping,5653,5639,5653,14
grooming,5752,5653,5752,99
rising,5765,5752,5765,13
stepping,5778,5765,5778,13
sniffing,5815,5778,5815,37
grooming,5816,5815,5816,1
right_turning,5839,5816,5839,23
sniffing,5909,5839,5909,70
stepping,5937,5909,5937,28
walking,6020,5937,6020,83
sniffing,6058,6020,6058,38
left_turning,6085,6058,6085,27
sniffing,6101,6085,6101,16
trotting,6111,6101,6111,10
rising,6132,6111,6132,21
sniffing,6133,6132,6133,1
grooming,6134,6133,6134,1
rising,6176,6134,6176,42
sniffing,6262,6176,6262,86
rising,6334,6262,6334,72
rearing,6335,6334,6335,1
rising,6369,6335,6369,34
sniffing,6437,6369,6437,68
walking,6468,6437,6468,31
sniffing,6476,6468,6476,8
grooming,6713,6476,6713,237
climbing,6743,6713,6743,30
sniffing,6747,6743,6747,4
climbing,6813,6747,6813,66
left_turning,6816,6813,6816,3
trotting,6841,6816,6841,25
walking,6903,6841,6903,62
rising,6927,6903,6927,24
sniffing,7013,6927,7013,86
walking,7092,7013,7092,79
trotting,7127,7092,7127,35
walking,7158,7127,7158,31
stepping,7181,7158,7181,23
rising,7290,7181,7290,109
sniffing,7338,7290,7338,48
rearing,7414,7338,7414,76
rising,7492,7414,7492,78
climbing,7527,7492,7527,35
grooming,7567,7527,7567,40
sniffing,7655,7567,7655,88
stepping,7732,7655,7732,77
walking,7733,7732,7733,1
rising,7786,7733,7786,53
sniffing,7787,7786,7787,1
running,7803,7787,7803,16
grooming,7837,7803,7837,34
left_turning,7891,7837,7891,54
running,7920,7891,7920,29
rising,7956,7920,7956,36
sniffing,7981,7956,7981,25
rearing,8049,7981,8049,68
walking,8099,8049,8099,50
rising,8100,8099,8100,1
sniffing,8101,8100,8101,1
rising,8102,8101,8102,1
trotting,8170,8102,8170,68
sniffing,8271,8170,8271,101
trotting,8299,8271,8299,28
walking,8305,8299,8305,6
sniffing,8402,8305,8402,97
rising,8403,8402,8403,1
climbing,8413,8403,8413,10
sniffing,8641,8413,8641,228
grooming,8675,8641,8675,34
rising,8697,8675,8697,22
sniffing,8919,8697,8919,222
left_turning,8920,8919,8920,1
walking,8936,8920,8936,16
trotting,9017,8936,9017,81
sniffing,9055,9017,9055,38
walking,9128,9055,9128,73
sniffing,9189,9128,9189,61
grooming,9249,9189,9249,60
rising,9310,9249,9310,61
sniffing,9326,9310,9326,16
walking,9352,9326,9352,26
sniffing,9418,9352,9418,66
walking,9419,9418,9419,1
sniffing,9420,9419,9420,1
rising,9445,9420,9445,25
rearing,9475,9445,9475,30
grooming,9476,9475,9476,1
sniffing,9477,9476,9477,1
left_turning,9478,9477,9478,1
walking,9483,9478,9483,5
trotting,9490,9483,9490,7
stepping,9521,9490,9521,31
grooming,9574,9521,9574,53
hunching,9655,9574,9655,81
rearing,9854,9655,9854,199
stepping,9941,9854,9941,87
rising,9975,9941,9975,34
trotting,9987,9975,9987,12
stepping,10040,9987,10040,53
scratching,10041,10040,10041,1
grooming,10042,10041,10042,1
sniffing,10102,10042,10102,60
stepping,10116,10102,10116,14
rising,10185,10116,10185,69
walking,10186,10185,10186,1
stepping,10272,10186,10272,86
walking,10339,10272,10339,67
stepping,10352,10339,10352,13
walking,10398,10352,10398,46
rising,10442,10398,10442,44
stepping,10477,10442,10477,35
grooming,10505,10477,10505,28
left_turning,10528,10505,10528,23
rising,10529,10528,10529,1
sniffing,10530,10529,10530,1
left_turning,10538,10530,10538,8
running,10561,10538,10561,23
walking,10607,10561,10607,46
grooming,10671,10607,10671,64
stepping,10695,10671,10695,24
rising,10696,10695,10696,1
rearing,10718,10696,10718,22
hunching,10743,10718,10743,25
rearing,10811,10743,10811,68
hunching,10827,10811,10827,16
rearing,10987,10827,10987,160
stepping,10988,10987,10988,1
sniffing,11058,10988,11058,70
rising,11085,11058,11085,27
rearing,11086,11085,11086,1
walking,11087,11086,11087,1
sniffing,11145,11087,11145,58
walking,11146,11145,11146,1
stepping,11155,11146,11155,9
sniffing,11170,11155,11170,15
stepping,11210,11170,11210,40
grooming,11422,11210,11422,212
walking,11438,11422,11438,16
stepping,11477,11438,11477,39
sniffing,11495,11477,11495,18
grooming,11566,11495,11566,71
walking,11627,11566,11627,61
climbing,11681,11627,11681,54
left_turning,11705,11681,11705,24
stepping,11779,11705,11779,74
walking,11812,11779,11812,33
stepping,11858,11812,11858,46
walking,11885,11858,11885,27
grooming,11926,11885,11926,41
rearing,11941,11926,11941,15
grooming,12069,11941,12069,128
stepping,12127,12069,12127,58
sniffing,12192,12127,12192,65
stepping,12211,12192,12211,19
left_turning,12218,12211,12218,7
walking,12271,12218,12271,53
stepping,12319,12271,12319,48
walking,12407,12319,12407,88
rising,12421,12407,12421,14
climbing,12428,12421,12428,7
grooming,12515,12428,12515,87
rising,12533,12515,12533,18
grooming,12534,12533,12534,1
scratching,12535,12534,12535,1
sniffing,12575,12535,12575,40
stepping,12637,12575,12637,62
rearing,12642,12637,12642,5
grooming,12759,12642,12759,117
sniffing,12814,12759,12814,55
rearing,12864,12814,12864,50
walking,12925,12864,12925,61
sniffing,12976,12925,12976,51
grooming,13044,12976,13044,68
walking,13109,13044,13109,65
stepping,13110,13109,13110,1
rising,13111,13110,13111,1
right_turning,13112,13111,13112,1
stepping,13148,13112,13148,36
sniffing,13183,13148,13183,35
rearing,13216,13183,13216,33
climbing,13270,13216,13270,54
grooming,13333,13270,13333,63
rearing,13360,13333,13360,27
trotting,13399,13360,13399,39
walking,13503,13399,13503,104
trotting,13573,13503,13573,70
rising,13618,13573,13618,45
grooming,13636,13618,13636,18
scratching,13637,13636,13637,1
sniffing,13666,13637,13666,29
rearing,13667,13666,13667,1
stepping,13708,13667,13708,41
climbing,13773,13708,13773,65
grooming,13839,13773,13839,66
walking,13876,13839,13876,37
stepping,13938,13876,13938,62
walking,13958,13938,13958,20
sniffing,14048,13958,14048,90
walking,14049,14048,14049,1
trotting,14054,14049,14054,5
stepping,14086,14054,14086,32
running,14126,14086,14126,40
walking,14160,14126,14160,34
sniffing,14220,14160,14220,60
rising,14292,14220,14292,72
trotting,14293,14292,14293,1
walking,14365,14293,14365,72
stepping,14404,14365,14404,39
sniffing,14405,14404,14405,1
left_turning,14452,14405,14452,47
rising,14484,14452,14484,32
grooming,14485,14484,14485,1
right_turning,14533,14485,14533,48
stepping,14598,14533,14598,65
walking,14599,14598,14599,1
sniffing,14626,14599,14626,27
grooming,14650,14626,14650,24
walking,14799,14650,14799,149
stepping,14800,14799,14800,1
running,14818,14800,14818,18
rising,14879,14818,14879,61
running,14893,14879,14893,14
stepping,14946,14893,14946,53
sniffing,15053,14946,15053,107
rising,15100,15053,15100,47
grooming,15110,15100,15110,10
rearing,15129,15110,15129,19
walking,15179,15129,15179,50
left_turning,15221,15179,15221,42
rearing,15293,15221,15293,72
left_turning,15328,15293,15328,35
walking,15411,15328,15411,83
rising,15483,15411,15483,72
hunching,15568,15483,15568,85
right_turning,15605,15568,15605,37
running,15640,15605,15640,35
stepping,15697,15640,15697,57
sniffing,15733,15697,15733,36
walking,15804,15733,15804,71
sniffing,15828,15804,15828,24
left_turning,15885,15828,15885,57
rearing,15937,15885,15937,52
right_turning,15965,15937,15965,28
sniffing,16035,15965,16035,70
walking,16042,16035,16042,7
right_turning,16070,16042,16070,28
rising,16095,16070,16095,25
grooming,16175,16095,16175,80
trotting,16242,16175,16242,67
stepping,16318,16242,16318,76
climbing,16380,16318,16380,62
running,16425,16380,16425,45
stepping,16522,16425,16522,97
sniffing,16539,16522,16539,17
stepping,16563,16539,16563,24
sniffing,16604,16563,16604,41
stepping,16621,16604,16621,17
grooming,16624,16621,16624,3
left_turning,16691,16624,16691,67
stepping,16756,16691,16756,65
sniffing,16757,16756,16757,1
walking,16813,16757,16813,56
trotting,16857,16813,16857,44
sniffing,16868,16857,16868,11
grooming,16967,16868,16967,99
running,16996,16967,16996,29
trotting,16998,16996,16998,2
sniffing,16999,16998,16999,1
grooming,17118,16999,17118,119
walking,17182,17118,17182,64
left_turning,17191,17182,17191,9
climbing,17197,17191,17197,6
stepping,17242,17197,17242,45
sniffing,17289,17242,17289,47
walking,17380,17289,17380,91
stepping,17421,17380,17421,41
walking,17459,17421,17459,38
right_turning,17469,17459,17469,10
walking,17527,17469,17527,58
stepping,17604,17527,17604,77
walking,17666,17604,17666,62
stepping,17725,17666,17725,59
climbing,17800,17725,17800,75
trotting,17810,17800,17810,10
stepping,17851,17810,17851,41
sniffing,17894,17851,17894,43
walking,17912,17894,17912,18
trotting,17956,17912,17956,44
stepping,17985,17956,17985,29
climbing,18078,17985,18078,93
trotting,18106,18078,18106,28
walking,18146,18106,18146,40
rearing,18172,18146,18172,26
hunching,18176,18172,18176,4
grooming,18177,18176,18177,1
rising,18186,18177,18186,9
stepping,18236,18186,18236,50
climbing,18283,18236,18283,47
rearing,18294,18283,18294,11
grooming,18449,18294,18449,155
stepping,18509,18449,18509,60
grooming,18682,18509,18682,173
right_turning,18712,18682,18712,30
walking,18713,18712,18713,1
stepping,18759,18713,18759,46
sniffing,18775,18759,18775,16
left_turning,18780,18775,18780,5
stepping,18818,18780,18818,38
grooming,18858,18818,18858,40
rearing,18859,18858,18859,1
grooming,19159,18859,19159,300
rearing,19170,19159,19170,11
walking,19197,19170,19197,27
right_turning,19209,19197,19209,12
walking,19258,19209,19258,49
stepping,19284,19258,19284,26
walking,19350,19284,19350,66
rising,19351,19350,19351,1
rearing,19402,19351,19402,51
grooming,19409,19402,19409,7
rearing,19465,19409,19465,56
climbing,19540,19465,19540,75
grooming,19618,19540,19618,78
walking,19651,19618,19651,33
rising,19741,19651,19741,90
walking,19789,19741,19789,48
rising,19843,19789,19843,54
stepping,19875,19843,19875,32
right_turning,19936,19875,19936,61
sniffing,19947,19936,19947,11
grooming,20091,19947,20091,144
stepping,20152,20091,20152,61
trotting,20196,20152,20196,44
sniffing,20402,20196,20402,206
scratching,20403,20402,20403,1
sniffing,20683,20403,20683,280
rearing,20728,20683,20728,45
climbing,20821,20728,20821,93
stepping,20848,20821,20848,27
walking,20912,20848,20912,64
sniffing,20969,20912,20969,57
trotting,21008,20969,21008,39
sniffing,21022,21008,21022,14
grooming,21023,21022,21023,1
hunching,21024,21023,21024,1
rearing,21093,21024,21093,69
hunching,21137,21093,21137,44
grooming,21138,21137,21138,1
walking,21148,21138,21148,10
climbing,21263,21148,21263,115
grooming,21415,21263,21415,152
hunching,21430,21415,21430,15
rearing,21459,21430,21459,29
hunching,21460,21459,21460,1
grooming,21461,21460,21461,1
walking,21464,21461,21464,3
stepping,21506,21464,21506,42
sniffing,21628,21506,21628,122
grooming,21757,21628,21757,129
rearing,21758,21757,21758,1
left_turning,21770,21758,21770,12
walking,21812,21770,21812,42
left_turning,21861,21812,21861,49
sniffing,21862,21861,21862,1
rising,21892,21862,21892,30
stepping,21953,21892,21953,61
trotting,22004,21953,22004,51
walking,22054,22004,22054,50
stepping,22148,22054,22148,94
sniffing,22314,22148,22314,166
left_turning,22320,22314,22320,6
grooming,22448,22320,22448,128
running,22476,22448,22476,28
sniffing,22592,22476,22592,116
stepping,22615,22592,22615,23
walking,22689,22615,22689,74
sniffing,22751,22689,22751,62
rising,22775,22751,22775,24
rearing,22776,22775,22776,1
trotting,22819,22776,22819,43
sniffing,22909,22819,22909,90
grooming,22910,22909,22910,1
rising,22938,22910,22938,28
grooming,22939,22938,22939,1
walking,23053,22939,23053,114
sniffing,23174,23053,23174,121
grooming,23293,23174,23293,119
left_turning,23318,23293,23318,25
stepping,23366,23318,23366,48
sniffing,23384,23366,23384,18
stepping,23391,23384,23391,7
walking,23392,23391,23392,1
stepping,23393,23392,23393,1
left_turning,23406,23393,23406,13
walking,23407,23406,23407,1
stepping,23458,23407,23458,51
rising,23493,23458,23493,35
sniffing,23557,23493,23557,64
grooming,23666,23557,23666,109
rising,23667,23666,23667,1
sniffing,23681,23667,23681,14
walking,23731,23681,23731,50
stepping,23792,23731,23792,61
walking,23852,23792,23852,60
stepping,23892,23852,23892,40
running,23911,23892,23911,19
walking,23919,23911,23919,8
climbing,23962,23919,23962,43
rising,24040,23962,24040,78
rearing,24041,24040,24041,1
stepping,24057,24041,24057,16
rearing,24098,24057,24098,41
sniffing,24107,24098,24107,9
grooming,24373,24107,24373,266
climbing,24374,24373,24374,1
rearing,24426,24374,24426,52
trotting,24461,24426,24461,35
sniffing,24567,24461,24567,106
stepping,24597,24567,24597,30
walking,24727,24597,24727,130
stepping,24793,24727,24793,66
left_turning,24841,24793,24841,48
walking,24899,24841,24899,58
grooming,25033,24899,25033,134
rising,25094,25033,25094,61
left_turning,25179,25094,25179,85
stepping,25193,25179,25193,14
grooming,25271,25193,25271,78
hunching,25333,25271,25333,62
rearing,25394,25333,25394,61
grooming,25485,25394,25485,91
walking,25486,25485,25486,1
stepping,25535,25486,25535,49
grooming,25764,25535,25764,229
walking,25795,25764,25795,31
sniffing,25834,25795,25834,39
rising,25849,25834,25849,15
grooming,25904,25849,25904,55
right_turning,25905,25904,25905,1
grooming,25906,25905,25906,1
sniffing,25987,25906,25987,81
grooming,25988,25987,25988,1
left_turning,25989,25988,25989,1
sniffing,26053,25989,26053,64
trotting,26075,26053,26075,22
sniffing,26120,26075,26120,45
walking,26121,26120,26121,1
sniffing,26159,26121,26159,38
stepping,26203,26159,26203,44
sniffing,26285,26203,26285,82
rising,26293,26285,26293,8
rearing,26381,26293,26381,88
sniffing,26418,26381,26418,37
hunching,26458,26418,26458,40
rearing,26459,26458,26459,1
grooming,26474,26459,26474,15
walking,26498,26474,26498,24
climbing,26561,26498,26561,63
rising,26590,26561,26590,29
sniffing,26591,26590,26591,1
rearing,26592,26591,26592,1
hunching,26655,26592,26655,63
climbing,26708,26655,26708,53
grooming,26987,26708,26987,279
walking,26999,26987,26999,12
rising,27000,26999,27000,1
left_turning,27050,27000,27050,50
stepping,27110,27050,27110,60
climbing,27126,27110,27126,16
rearing,27187,27126,27187,61
grooming,27188,27187,27188,1
climbing,27227,27188,27227,39
stepping,27274,27227,27274,47
grooming,27312,27274,27312,38
hunching,27331,27312,27331,19
grooming,27398,27331,27398,67
stepping,27454,27398,27454,56
sniffing,27584,27454,27584,130
walking,27613,27584,27613,29
stepping,27670,27613,27670,57
rising,27671,27670,27671,1
climbing,27734,27671,27734,63
left_turning,27750,27734,27750,16
trotting,27809,27750,27809,59
climbing,27857,27809,27857,48
sniffing,27932,27857,27932,75
running,27951,27932,27951,19
sniffing,27973,27951,27973,22
walking,28016,27973,28016,43
left_turning,28061,28016,28061,45
grooming,28379,28061,28379,318
scratching,28380,28379,28380,1
sniffing,28485,28380,28485,105
rising,28492,28485,28492,7
climbing,28493,28492,28493,1
right_turning,28498,28493,28498,5
grooming,28569,28498,28569,71
rearing,28601,28569,28601,32
rising,28607,28601,28607,6
climbing,28792,28607,28792,185
grooming,28836,28792,28836,44
rearing,28837,28836,28837,1
grooming,28873,28837,28873,36
left_turning,28887,28873,28887,14
grooming,28888,28887,28888,1
sniffing,28935,28888,28935,47
stepping,28998,28935,28998,63
right_turning,29051,28998,29051,53
walking,29068,29051,29068,17
stepping,29104,29068,29104,36
walking,29141,29104,29141,37
trotting,29189,29141,29189,48
sniffing,29324,29189,29324,135
rising,29346,29324,29346,22
sniffing,29367,29346,29367,21
stepping,29387,29367,29387,20
hunching,29457,29387,29457,70
grooming,29535,29457,29535,78
rearing,29595,29535,29595,60
grooming,29672,29595,29672,77
rearing,29716,29672,29716,44
grooming,29865,29716,29865,149
walking,29884,29865,29884,19
sniffing,30006,29884,30006,122
climbing,30086,30006,30086,80
walking,30168,30086,30168,82
right_turning,30215,30168,30215,47
grooming,30287,30215,30287,72
climbing,30344,30287,30344,57
grooming,30561,30344,30561,217
running,30579,30561,30579,18
rising,30654,30579,30654,75
climbing,30766,30654,30766,112
stepping,30825,30766,30825,59
sniffing,30885,30825,30885,60
rising,30886,30885,30886,1
climbing,30936,30886,30936,50
walking,30955,30936,30955,19
sniffing,30956,30955,30956,1
grooming,31175,30956,31175,219
running,31183,31175,31183,8
trotting,31226,31183,31226,43
running,31260,31226,31260,34
trotting,31261,31260,31261,1
walking,31262,31261,31262,1
rising,31286,31262,31286,24
hunching,31394,31286,31394,108
grooming,31590,31394,31590,196
walking,31603,31590,31603,13
rising,31645,31603,31645,42
rearing,31662,31645,31662,17
grooming,31797,31662,31797,135
left_turning,31844,31797,31844,47
trotting,31872,31844,31872,28
rearing,31893,31872,31893,21
stepping,31910,31893,31910,17
right_turning,31932,31910,31932,22
grooming,31950,31932,31950,18
sniffing,32004,31950,32004,54
rising,32076,32004,32076,72
climbing,32090,32076,32090,14
stepping,32126,32090,32126,36
walking,32127,32126,32127,1
rearing,32170,32127,32170,43
grooming,32173,32170,32173,3
rearing,32203,32173,32203,30
climbing,32231,32203,32231,28
left_turning,32262,32231,32262,31
stepping,32304,32262,32304,42
right_turning,32305,32304,32305,1
walking,32342,32305,32342,37
stepping,32381,32342,32381,39
rising,32492,32381,32492,111
grooming,32550,32492,32550,58
running,32613,32550,32613,63
sniffing,32691,32613,32691,78
stepping,32699,32691,32699,8
walking,32749,32699,32749,50
stepping,32786,32749,32786,37
left_turning,32827,32786,32827,41
rearing,32866,32827,32866,39
climbing,32867,32866,32867,1
grooming,32941,32867,32941,74
sniffing,33088,32941,33088,147
walking,33132,33088,33132,44
trotting,33165,33132,33165,33
rising,33180,33165,33180,15
rearing,33244,33180,33244,64
running,33264,33244,33264,20
trotting,33287,33264,33287,23
walking,33307,33287,33307,20
sniffing,33354,33307,33354,47
walking,33393,33354,33393,39
stepping,33402,33393,33402,9
walking,33444,33402,33444,42
sniffing,33481,33444,33481,37
running,33507,33481,33507,26
walking,33523,33507,33523,16
rearing,33547,33523,33547,24
grooming,33565,33547,33565,18
walking,33584,33565,33584,19
rearing,33593,33584,33593,9
climbing,33674,33593,33674,81
grooming,33675,33674,33675,1
rising,33676,33675,33676,1
grooming,33752,33676,33752,76
trotting,33785,33752,33785,33
sniffing,33926,33785,33926,141
grooming,34128,33926,34128,202
walking,34148,34128,34148,20
rising,34216,34148,34216,68
rearing,34329,34216,34329,113
climbing,34417,34329,34417,88
left_turning,34501,34417,34501,84
trotting,34509,34501,34509,8
sniffing,34511,34509,34511,2
rising,34522,34511,34522,11
climbing,34551,34522,34551,29
stepping,34580,34551,34580,29
sniffing,34647,34580,34647,67
rising,34692,34647,34692,45
climbing,34828,34692,34828,136
right_turning,34861,34828,34861,33
walking,34922,34861,34922,61
hunching,35001,34922,35001,79
grooming,35309,35001,35309,308
climbing,35403,35309,35403,94
grooming,35523,35403,35523,120
walking,35524,35523,35524,1
sniffing,35525,35524,35525,1
grooming,35526,35525,35526,1
climbing,35564,35526,35564,38
trotting,35588,35564,35588,24
sniffing,35589,35588,35589,1
rising,35619,35589,35619,30
grooming,35739,35619,35739,120
sniffing,35800,35739,35800,61
stepping,35831,35800,35831,31
sniffing,35915,35831,35915,84
grooming,36116,35915,36116,201
walking,36125,36116,36125,9
running,36149,36125,36149,24
right_turning,36187,36149,36187,38
walking,36242,36187,36242,55
sniffing,36264,36242,36264,22
left_turning,36325,36264,36325,61
grooming,36466,36325,36466,141
rising,36468,36466,36468,2
climbing,36544,36468,36544,76
trotting,36579,36544,36579,35
walking,36591,36579,36591,12
rising,36624,36591,36624,33
sniffing,36625,36624,36625,1
stepping,36645,36625,36645,20
sniffing,36751,36645,36751,106
grooming,36892,36751,36892,141
rearing,36940,36892,36940,48
hunching,37081,36940,37081,141
grooming,37187,37081,37187,106
sniffing,37188,37187,37188,1
stepping,37230,37188,37230,42
sniffing,37310,37230,37310,80
walking,37381,37310,37381,71
stepping,37427,37381,37427,46
rising,37428,37427,37428,1
grooming,37429,37428,37429,1
hunching,37477,37429,37477,48
rearing,37538,37477,37538,61
hunching,37563,37538,37563,25
left_turning,37616,37563,37616,53
grooming,37710,37616,37710,94
sniffing,37784,37710,37784,74
trotting,37812,37784,37812,28
walking,37883,37812,37883,71
sniffing,37967,37883,37967,84
grooming,37968,37967,37968,1
sniffing,38152,37968,38152,184
stepping,38202,38152,38202,50
grooming,38203,38202,38203,1
rising,38227,38203,38227,24
climbing,38300,38227,38300,73
left_turning,38310,38300,38310,10
sniffing,38311,38310,38311,1
rising,38394,38311,38394,83
grooming,38395,38394,38395,1
rearing,38396,38395,38396,1
grooming,38572,38396,38572,176
left_turning,38617,38572,38617,45
sniffing,38647,38617,38647,30
stepping,38719,38647,38719,72
trotting,38768,38719,38768,49
walking,38782,38768,38782,14
sniffing,38865,38782,38865,83
trotting,38926,38865,38926,61
running,38939,38926,38939,13
rearing,38998,38939,38998,59
trotting,39048,38998,39048,50
stepping,39097,39048,39097,49
rising,39143,39097,39143,46
grooming,39144,39143,39144,1
sniffing,39214,39144,39214,70
grooming,39215,39214,39215,1
running,39246,39215,39246,31
left_turning,39280,39246,39280,34
stepping,39311,39280,39311,31
sniffing,39450,39311,39450,139
stepping,39479,39450,39479,29
walking,39489,39479,39489,10
sniffing,39490,39489,39490,1
rising,39513,39490,39513,23
rearing,39514,39513,39514,1
hunching,39515,39514,39515,1
grooming,39524,39515,39524,9
stepping,39558,39524,39558,34
sniffing,39598,39558,39598,40
trotting,39644,39598,39644,46
sniffing,39760,39644,39760,116
walking,39792,39760,39792,32
sniffing,39852,39792,39852,60
walking,39903,39852,39903,51
sniffing,39928,39903,39928,25
grooming,39936,39928,39936,8
stepping,39948,39936,39948,12
sniffing,40002,39948,40002,54
walking,40057,40002,40057,55
sniffing,40084,40057,40084,27
walking,40120,40084,40120,36
stepping,40134,40120,40134,14
trotting,40166,40134,40166,32
walking,40213,40166,40213,47
sniffing,40297,40213,40297,84
right_turning,40320,40297,40320,23
walking,40336,40320,40336,16
rising,40337,40336,40337,1
climbing,40399,40337,40399,62
grooming,40572,40399,40572,173
rising,40597,40572,40597,25
rearing,40679,40597,40679,82
left_turning,40727,40679,40727,48
sniffing,40789,40727,40789,62
walking,40860,40789,40860,71
stepping,40925,40860,40925,65
sniffing,40926,40925,40926,1
rearing,40986,40926,40986,60
hunching,41042,40986,41042,56
rearing,41043,41042,41043,1
grooming,41067,41043,41067,24
left_turning,41087,41067,41087,20
walking,41153,41087,41153,66
sniffing,41238,41153,41238,85
rising,41239,41238,41239,1
sniffing,41346,41239,41346,107
walking,41379,41346,41379,33
sniffing,41451,41379,41451,72
grooming,41625,41451,41625,174
hunching,41685,41625,41685,60
grooming,41830,41685,41830,145
right_turning,41831,41830,41831,1
walking,41895,41831,41895,64
left_turning,41922,41895,41922,27
sniffing,42079,41922,42079,157
stepping,42107,42079,42107,28
sniffing,42241,42107,42241,134
grooming,42242,42241,42242,1
rearing,42243,42242,42243,1
hunching,42314,42243,42314,71
grooming,42320,42314,42320,6
hunching,42361,42320,42361,41
sniffing,42469,42361,42469,108
trotting,42491,42469,42491,22
sniffing,42492,42491,42492,1
rising,42518,42492,42518,26
walking,42593,42518,42593,75
sniffing,42594,42593,42594,1
rising,42629,42594,42629,35
rearing,42713,42629,42713,84
grooming,42714,42713,42714,1
rearing,42715,42714,42715,1
grooming,42935,42715,42935,220
hunching,42944,42935,42944,9
grooming,43031,42944,43031,87
left_turning,43098,43031,43098,67
stepping,43111,43098,43111,13
sniffing,43244,43111,43244,133
walking,43295,43244,43295,51
left_turning,43308,43295,43308,13
walking,43342,43308,43342,34
sniffing,43343,43342,43343,1
rising,43441,43343,43441,98
climbing,43442,43441,43442,1
left_turning,43517,43442,43517,75
stepping,43559,43517,43559,42
walking,43581,43559,43581,22
sniffing,43586,43581,43586,5
grooming,43683,43586,43683,97
rising,43775,43683,43775,92
running,43803,43775,43803,28
sniffing,43871,43803,43871,68
rearing,43872,43871,43872,1
hunching,43888,43872,43888,16
grooming,43937,43888,43937,49
right_turning,43942,43937,43942,5
rising,43994,43942,43994,52
sniffing,43995,43994,43995,1
walking,44117,43995,44117,122
stepping,44127,44117,44127,10
sniffing,44128,44127,44128,1
grooming,44129,44128,44129,1
rearing,44130,44129,44130,1
grooming,44443,44130,44443,313
sniffing,44531,44443,44531,88
left_turning,44577,44531,44577,46
walking,44592,44577,44592,15
running,44616,44592,44616,24
sniffing,44711,44616,44711,95
left_turning,44799,44711,44799,88
trotting,44839,44799,44839,40
sniffing,44871,44839,44871,32
grooming,44912,44871,44912,41
stepping,44944,44912,44944,32
rearing,44945,44944,44945,1
rising,44974,44945,44974,29
rearing,45106,44974,45106,132
climbing,45107,45106,45107,1
running,45134,45107,45134,27
sniffing,45161,45134,45161,27
stepping,45162,45161,45162,1
running,45163,45162,45163,1
sniffing,45209,45163,45209,46
stepping,45235,45209,45235,26
sniffing,45278,45235,45278,43
walking,45309,45278,45309,31
grooming,45332,45309,45332,23
sniffing,45402,45332,45402,70
left_turning,45408,45402,45408,6
sniffing,45429,45408,45429,21
rising,45468,45429,45468,39
right_turning,45494,45468,45494,26
sniffing,45574,45494,45574,80
walking,45632,45574,45632,58
stepping,45647,45632,45647,15
sniffing,45668,45647,45668,21
climbing,45738,45668,45738,70
sniffing,45814,45738,45814,76
right_turning,45815,45814,45815,1
sniffing,45854,45815,45854,39
walking,45880,45854,45880,26
grooming,46020,45880,46020,140
stepping,46021,46020,46021,1
grooming,46054,46021,46054,33
hunching,46098,46054,46098,44
rearing,46099,46098,46099,1
grooming,46548,46099,46548,449
left_turning,46592,46548,46592,44
sniffing,46671,46592,46671,79
rearing,46672,46671,46672,1
grooming,46673,46672,46673,1
sniffing,46798,46673,46798,125
running,46814,46798,46814,16
sniffing,46815,46814,46815,1
left_turning,46898,46815,46898,83
walking,46935,46898,46935,37
sniffing,47005,46935,47005,70
climbing,47105,47005,47105,100
right_turning,47134,47105,47134,29
walking,47136,47134,47136,2
stepping,47200,47136,47200,64
sniffing,47231,47200,47231,31
grooming,47232,47231,47232,1
sniffing,47260,47232,47260,28
grooming,47261,47260,47261,1
scratching,47262,47261,47262,1
grooming,47386,47262,47386,124
rearing,47387,47386,47387,1
rising,47473,47387,47473,86
climbing,47549,47473,47549,76
left_turning,47565,47549,47565,16
grooming,47686,47565,47686,121
sniffing,47800,47686,47800,114
left_turning,47952,47800,47952,152
walking,47953,47952,47953,1
sniffing,48104,47953,48104,151
trotting,48119,48104,48119,15
walking,48165,48119,48165,46
rearing,48226,48165,48226,61
stepping,48272,48226,48272,46
sniffing,48332,48272,48332,60
rearing,48378,48332,48378,46
grooming,48515,48378,48515,137
right_turning,48556,48515,48556,41
sniffing,48572,48556,48572,16
walking,48573,48572,48573,1
stepping,48598,48573,48598,25
rising,48655,48598,48655,57
rearing,48726,48655,48726,71
climbing,48778,48726,48778,52
stepping,48826,48778,48826,48
sniffing,48854,48826,48854,28
scratching,48855,48854,48855,1
sniffing,48879,48855,48879,24
stepping,48922,48879,48922,43
rising,48965,48922,48965,43
sniffing,49073,48965,49073,108
rising,49151,49073,49151,78
stepping,49163,49151,49163,12
sniffing,49164,49163,49164,1
left_turning,49219,49164,49219,55
walking,49360,49219,49360,141
running,49368,49360,49368,8
walking,49390,49368,49390,22
stepping,49441,49390,49441,51
grooming,49590,49441,49590,149
rearing,49697,49590,49697,107
sniffing,49714,49697,49714,17
rising,49773,49714,49773,59
sniffing,49811,49773,49811,38
grooming,49812,49811,49812,1
hunching,49925,49812,49925,113
rearing,49960,49925,49960,35
hunching,49970,49960,49970,10
grooming,50040,49970,50040,70
walking,50101,50040,50101,61
running,50118,50101,50118,17
left_turning,50169,50118,50169,51
grooming,50720,50169,50720,551
rearing,50811,50720,50811,91
rising,50827,50811,50827,16
stepping,50868,50827,50868,41
trotting,50893,50868,50893,25
walking,50908,50893,50908,15
sniffing,50967,50908,50967,59
rising,50968,50967,50968,1
climbing,51059,50968,51059,91
rearing,51121,51059,51121,62
walking,51158,51121,51158,37
left_turning,51182,51158,51182,24
sniffing,51197,51182,51197,15
rising,51209,51197,51209,12
walking,51241,51209,51241,32
right_turning,51252,51241,51252,11
walking,51312,51252,51312,60
sniffing,51313,51312,51313,1
trotting,51361,51313,51361,48
stepping,51398,51361,51398,37
sniffing,51533,51398,51533,135
stepping,51563,51533,51563,30
sniffing,51586,51563,51586,23
stepping,51643,51586,51643,57
sniffing,51795,51643,51795,152
walking,51885,51795,51885,90
sniffing,51961,51885,51961,76
right_turning,52014,51961,52014,53
walking,52071,52014,52071,57
sniffing,52181,52071,52181,110
climbing,52239,52181,52239,58
rising,52299,52239,52299,60
walking,52401,52299,52401,102
stepping,52473,52401,52473,72
walking,52511,52473,52511,38
rising,52559,52511,52559,48
sniffing,52765,52559,52765,206
trotting,52771,52765,52771,6
walking,52869,52771,52869,98
sniffing,52902,52869,52902,33
rising,52973,52902,52973,71
stepping,53054,52973,53054,81
walking,53098,53054,53098,44
rising,53172,53098,53172,74
sniffing,53418,53172,53418,246
stepping,53460,53418,53460,42
sniffing,53497,53460,53497,37
stepping,53529,53497,53529,32
sniffing,53545,53529,53545,16
stepping,53559,53545,53559,14
walking,53626,53559,53626,67
sniffing,53627,53626,53627,1
stepping,53670,53627,53670,43
sniffing,53671,53670,53671,1
walking,53672,53671,53672,1
stepping,53697,53672,53697,25
sniffing,53701,53697,53701,4
rearing,53833,53701,53833,132
climbing,53919,53833,53919,86
rearing,53920,53919,53920,1
scratching,53921,53920,53921,1
stepping,53938,53921,53938,17
sniffing,54030,53938,54030,92
stepping,54073,54030,54073,43
walking,54126,54073,54126,53
stepping,54127,54126,54127,1
sniffing,54162,54127,54162,35
rearing,54188,54162,54188,26
climbing,54234,54188,54234,46
sniffing,54298,54234,54298,64
rearing,54299,54298,54299,1
climbing,54477,54299,54477,178
trotting,54492,54477,54492,15
sniffing,54552,54492,54552,60
grooming,55279,54552,55279,727
left_turning,55302,55279,55302,23
walking,55313,55302,55313,11
stepping,55346,55313,55346,33
grooming,55420,55346,55420,74
walking,55478,55420,55478,58
sniffing,55587,55478,55587,109
walking,55610,55587,55610,23
stepping,55611,55610,55611,1
sniffing,55693,55611,55693,82
walking,55694,55693,55694,1
sniffing,55749,55694,55749,55
left_turning,55794,55749,55794,45
rising,55795,55794,55795,1
climbing,55852,55795,55852,57
left_turning,55891,55852,55891,39
sniffing,56025,55891,56025,134
walking,56042,56025,56042,17
trotting,56054,56042,56054,12
sniffing,56165,56054,56165,111
stepping,56182,56165,56182,17
left_turning,56236,56182,56236,54
trotting,56281,56236,56281,45
rising,56323,56281,56323,42
climbing,56372,56323,56372,49
rising,56412,56372,56412,40
sniffing,56646,56412,56646,234
stepping,56659,56646,56659,13
rising,56660,56659,56660,1
sniffing,56726,56660,56726,66
rearing,56727,56726,56727,1
trotting,56731,56727,56731,4
climbing,56783,56731,56783,52
rearing,56837,56783,56837,54
climbing,56956,56837,56956,119
left_turning,56987,56956,56987,31
sniffing,57045,56987,57045,58
stepping,57083,57045,57083,38
walking,57115,57083,57115,32
sniffing,57116,57115,57116,1
grooming,57461,57116,57461,345
walking,57522,57461,57522,61
sniffing,57538,57522,57538,16
left_turning,57563,57538,57563,25
stepping,57601,57563,57601,38
sniffing,57833,57601,57833,232
walking,57857,57833,57857,24
sniffing,57956,57857,57956,99
grooming,57957,57956,57957,1
left_turning,57982,57957,57982,25
trotting,58001,57982,58001,19
sniffing,58147,58001,58147,146
rising,58191,58147,58191,44
sniffing,58222,58191,58222,31
rearing,58292,58222,58292,70
climbing,58373,58292,58373,81
grooming,58439,58373,58439,66
sniffing,58511,58439,58511,72
grooming,58593,58511,58593,82
sniffing,58713,58593,58713,120
walking,58807,58713,58807,94
rising,58865,58807,58865,58
left_turning,58964,58865,58964,99
trotting,59000,58964,59000,36
walking,59067,59000,59067,67
rising,59115,59067,59115,48
rearing,59116,59115,59116,1
grooming,59290,59116,59290,174
sniffing,59353,59290,59353,63
grooming,59354,59353,59354,1
rearing,59447,59354,59447,93
rising,59501,59447,59501,54
left_turning,59508,59501,59508,7
walking,59549,59508,59549,41
sniffing,59603,59549,59603,54
grooming,59859,59603,59859,256
scratching,59860,59859,59860,1
sniffing,59896,59860,59896,36
stepping,59938,59896,59938,42
walking,59990,59938,59990,52
stepping,60015,59990,60015,25
walking,60046,60015,60046,31
sniffing,60178,60046,60178,132
stepping,60244,60178,60244,66
rising,60253,60244,60253,9
left_turning,60273,60253,60273,20
trotting,60295,60273,60295,22
walking,60316,60295,60316,21
sniffing,60424,60316,60424,108
stepping,60475,60424,60475,51
rearing,60492,60475,60492,17
left_turning,60540,60492,60540,48
stepping,60593,60540,60593,53
sniffing,60643,60593,60643,50
rising,60697,60643,60697,54
walking,60734,60697,60734,37
left_turning,60735,60734,60735,1
walking,60785,60735,60785,50
running,60823,60785,60823,38
sniffing,60842,60823,60842,19
left_turning,60870,60842,60870,28
walking,60908,60870,60908,38
rising,60920,60908,60920,12
sniffing,61002,60920,61002,82
left_turning,61069,61002,61069,67
walking,61142,61069,61142,73
rearing,61232,61142,61232,90
grooming,61264,61232,61264,32
hunching,61303,61264,61303,39
grooming,61461,61303,61461,158
rearing,61483,61461,61483,22
walking,61510,61483,61510,27
trotting,61511,61510,61511,1
climbing,61577,61511,61577,66
grooming,61646,61577,61646,69
stepping,61678,61646,61678,32
sniffing,61712,61678,61712,34
grooming,61789,61712,61789,77
sniffing,61790,61789,61790,1
walking,61803,61790,61803,13
rearing,61888,61803,61888,85
climbing,61897,61888,61897,9
right_turning,61921,61897,61921,24
stepping,61938,61921,61938,17
walking,61974,61938,61974,36
sniffing,62081,61974,62081,107
left_turning,62129,62081,62129,48
running,62168,62129,62168,39
walking,62172,62168,62172,4
sniffing,62173,62172,62173,1
stepping,62248,62173,62248,75
sniffing,62259,62248,62259,11
rising,62287,62259,62287,28
grooming,62345,62287,62345,58
rearing,62372,62345,62372,27
hunching,62407,62372,62407,35
grooming,62469,62407,62469,62
sniffing,62601,62469,62601,132
trotting,62638,62601,62638,37
rising,62676,62638,62676,38
rearing,62792,62676,62792,116
grooming,62882,62792,62882,90
stepping,62957,62882,62957,75
sniffing,62958,62957,62958,1
walking,62963,62958,62963,5
sniffing,62964,62963,62964,1
grooming,63158,62964,63158,194
stepping,63216,63158,63216,58
sniffing,63235,63216,63235,19
rising,63322,63235,63322,87
climbing,63347,63322,63347,25
running,63369,63347,63369,22
right_turning,63416,63369,63416,47
walking,63451,63416,63451,35
sniffing,63492,63451,63492,41
walking,63532,63492,63532,40
trotting,63588,63532,63588,56
stepping,63605,63588,63605,17
sniffing,63646,63605,63646,41
stepping,63693,63646,63693,47
sniffing,63838,63693,63838,145
rising,63839,63838,63839,1
left_turning,63876,63839,63876,37
walking,63881,63876,63881,5
stepping,63889,63881,63889,8
rising,63900,63889,63900,11
sniffing,63948,63900,63948,48
stepping,64002,63948,64002,54
sniffing,64101,64002,64101,99
stepping,64169,64101,64169,68
grooming,64170,64169,64170,1
sniffing,64215,64170,64215,45
right_turning,64233,64215,64233,18
sniffing,64332,64233,64332,99
walking,64364,64332,64364,32
sniffing,64414,64364,64414,50
walking,64444,64414,64444,30
sniffing,64537,64444,64537,93
grooming,64620,64537,64620,83
sniffing,64683,64620,64683,63
stepping,64730,64683,64730,47
sniffing,64742,64730,64742,12
walking,64812,64742,64812,70
stepping,64833,64812,64833,21
rising,64844,64833,64844,11
grooming,64845,64844,64845,1
walking,64958,64845,64958,113
sniffing,64961,64958,64961,3
stepping,65002,64961,65002,41
climbing,65062,65002,65062,60
sniffing,65149,65062,65149,87
left_turning,65162,65149,65162,13
walking,65233,65162,65233,71
trotting,65276,65233,65276,43
running,65302,65276,65302,26
sniffing,65444,65302,65444,142
right_turning,65463,65444,65463,19
rearing,65557,65463,65557,94
sniffing,65567,65557,65567,10
grooming,65738,65567,65738,171
rising,65826,65738,65826,88
climbing,65827,65826,65827,1
grooming,65921,65827,65921,94
rising,66003,65921,66003,82
climbing,66070,66003,66070,67
walking,66108,66070,66108,38
sniffing,66158,66108,66158,50
walking,66222,66158,66222,64
trotting,66266,66222,66266,44
stepping,66315,66266,66315,49
rearing,66411,66315,66411,96
climbing,66441,66411,66441,30
sniffing,66497,66441,66497,56
stepping,66515,66497,66515,18
rising,66573,66515,66573,58
sniffing,66654,66573,66654,81
grooming,66655,66654,66655,1
walking,66734,66655,66734,79
rising,66735,66734,66735,1
climbing,66736,66735,66736,1
running,66755,66736,66755,19
walking,66791,66755,66791,36
sniffing,66871,66791,66871,80
stepping,66887,66871,66887,16
walking,66967,66887,66967,80
sniffing,67082,66967,67082,115
stepping,67115,67082,67115,33
rearing,67124,67115,67124,9
hunching,67128,67124,67128,4
grooming,67496,67128,67496,368
rising,67497,67496,67497,1
climbing,67498,67497,67498,1
right_turning,67544,67498,67544,46
walking,67631,67544,67631,87
sniffing,67632,67631,67632,1
stepping,67689,67632,67689,57
walking,67711,67689,67711,22
sniffing,67790,67711,67790,79
stepping,67791,67790,67791,1
walking,67820,67791,67820,29
trotting,67853,67820,67853,33
rearing,67888,67853,67888,35
stepping,67936,67888,67936,48
rearing,68064,67936,68064,128
grooming,68065,68064,68065,1
rearing,68066,68065,68066,1
running,68100,68066,68100,34
climbing,68123,68100,68123,23
left_turning,68241,68123,68241,118
stepping,68307,68241,68307,66
sniffing,68375,68307,68375,68
climbing,68376,68375,68376,1
rearing,68432,68376,68432,56
hunching,68435,68432,68435,3
stepping,68466,68435,68466,31
climbing,68527,68466,68527,61
walking,68552,68527,68552,25
stepping,68584,68552,68584,32
trotting,68624,68584,68624,40
stepping,68701,68624,68701,77
sniffing,68762,68701,68762,61
right_turning,68772,68762,68772,10
sniffing,68933,68772,68933,161
rising,68954,68933,68954,21
hunching,68987,68954,68987,33
grooming,68988,68987,68988,1
rising,68991,68988,68991,3
climbing,69038,68991,69038,47
grooming,69232,69038,69232,194
sniffing,69233,69232,69233,1
walking,69304,69233,69304,71
climbing,69305,69304,69305,1
grooming,69306,69305,69306,1
running,69334,69306,69334,28
walking,69415,69334,69415,81
sniffing,69537,69415,69537,122
rising,69592,69537,69592,55
grooming,69593,69592,69593,1
rising,69604,69593,69604,11
climbing,69605,69604,69605,1
rising,69613,69605,69613,8
sniffing,69667,69613,69667,54
walking,69746,69667,69746,79
rising,69843,69746,69843,97
sniffing,69896,69843,69896,53
walking,69975,69896,69975,79
stepping,69992,69975,69992,17
climbing,70109,69992,70109,117
grooming,70130,70109,70130,21
scratching,70131,70130,70131,1
walking,70164,70131,70164,33
sniffing,70229,70164,70229,65
climbing,70296,70229,70296,67
right_turning,70297,70296,70297,1
sniffing,70535,70297,70535,238
stepping,70616,70535,70616,81
right_turning,70644,70616,70644,28
rising,70732,70644,70732,88
hunching,70814,70732,70814,82
grooming,70953,70814,70953,139
rearing,71019,70953,71019,66
climbing,71125,71019,71125,106
walking,71245,71125,71245,120
stepping,71318,71245,71318,73
sniffing,71420,71318,71420,102
stepping,71469,71420,71469,49
walking,71529,71469,71529,60
stepping,71544,71529,71544,15
rising,71572,71544,71572,28
climbing,71642,71572,71642,70
sniffing,71755,71642,71755,113
left_turning,71756,71755,71756,1
sniffing,71757,71756,71757,1
right_turning,71770,71757,71770,13
walking,71775,71770,71775,5
climbing,71837,71775,71837,62
grooming,71838,71837,71838,1
left_turning,71889,71838,71889,51
sniffing,71949,71889,71949,60
right_turning,71950,71949,71950,1
walking,71967,71950,71967,17
sniffing,72064,71967,72064,97
stepping,72116,72064,72116,52
sniffing,72170,72116,72170,54
hunching,72234,72170,72234,64
grooming,72295,72234,72295,61
scratching,72296,72295,72296,1
stepping,72359,72296,72359,63
rising,72386,72359,72386,27
rearing,72614,72386,72614,228
grooming,72615,72614,72615,1
hunching,72690,72615,72690,75
left_turning,72702,72690,72702,12
walking,72740,72702,72740,38
stepping,72797,72740,72797,57
walking,72900,72797,72900,103
stepping,72940,72900,72940,40
trotting,72961,72940,72961,21
running,73005,72961,73005,44
stepping,73032,73005,73032,27
sniffing,73157,73032,73157,125
grooming,73324,73157,73324,167
rising,73334,73324,73334,10
grooming,73390,73334,73390,56
sniffing,73568,73390,73568,178
left_turning,73601,73568,73601,33
running,73602,73601,73602,1
walking,73675,73602,73675,73
sniffing,73676,73675,73676,1
trotting,73677,73676,73677,1
stepping,73708,73677,73708,31
walking,73739,73708,73739,31
rising,73782,73739,73782,43
rearing,73836,73782,73836,54
stepping,73947,73836,73947,111
sniffing,73987,73947,73987,40
right_turning,74026,73987,74026,39
walking,74077,74026,74077,51
right_turning,74098,74077,74098,21
stepping,74146,74098,74146,48
sniffing,74196,74146,74196,50
climbing,74264,74196,74264,68
grooming,74265,74264,74265,1
sniffing,74307,74265,74307,42
rearing,74308,74307,74308,1
right_turning,74365,74308,74365,57
sniffing,74497,74365,74497,132
walking,74520,74497,74520,23
sniffing,74631,74520,74631,111
walking,74675,74631,74675,44
sniffing,74804,74675,74804,129
walking,74858,74804,74858,54
sniffing,74943,74858,74943,85
stepping,74980,74943,74980,37
walking,75009,74980,75009,29
stepping,75021,75009,75021,12
grooming,75561,75021,75561,540
sniffing,75711,75561,75711,150
stepping,75742,75711,75742,31
walking,75768,75742,75768,26
stepping,75813,75768,75813,45
sniffing,75814,75813,75814,1
left_turning,75873,75814,75873,59
sniffing,75965,75873,75965,92
walking,76035,75965,76035,70
trotting,76036,76035,76036,1
walking,76081,76036,76081,45
sniffing,76276,76081,76276,195
running,76300,76276,76300,24
right_turning,76301,76300,76301,1
sniffing,76347,76301,76347,46
grooming,76906,76347,76906,559
rearing,76995,76906,76995,89
walking,77011,76995,77011,16
sniffing,77012,77011,77012,1
rising,77060,77012,77060,48
grooming,77110,77060,77110,50
climbing,77185,77110,77185,75
trotting,77206,77185,77206,21
walking,77277,77206,77277,71
sniffing,77345,77277,77345,68
rising,77346,77345,77346,1
climbing,77442,77346,77442,96
walking,77487,77442,77487,45
sniffing,77510,77487,77510,23
grooming,77511,77510,77511,1
sniffing,77669,77511,77669,158
grooming,77915,77669,77915,246
walking,77930,77915,77930,15
stepping,77941,77930,77941,11
sniffing,78103,77941,78103,162
stepping,78155,78103,78155,52
sniffing,78171,78155,78171,16
stepping,78192,78171,78192,21
sniffing,78316,78192,78316,124
walking,78336,78316,78336,20
climbing,78453,78336,78453,117
stepping,78490,78453,78490,37
sniffing,78535,78490,78535,45
walking,78592,78535,78592,57
sniffing,78593,78592,78593,1
trotting,78604,78593,78604,11
walking,78629,78604,78629,25
rearing,78691,78629,78691,62
grooming,78754,78691,78754,63
left_turning,78769,78754,78769,15
stepping,78785,78769,78785,16
rising,78837,78785,78837,52
climbing,78856,78837,78856,19
rising,78893,78856,78893,37
grooming,78894,78893,78894,1
sniffing,78895,78894,78895,1
trotting,78935,78895,78935,40
climbing,78997,78935,78997,62
walking,79049,78997,79049,52
sniffing,79117,79049,79117,68
rising,79151,79117,79151,34
rearing,79234,79151,79234,83
stepping,79359,79234,79359,125
sniffing,79380,79359,79380,21
rearing,79424,79380,79424,44
climbing,79533,79424,79533,109
running,79534,79533,79534,1
walking,79614,79534,79614,80
sniffing,79661,79614,79661,47
stepping,79671,79661,79671,10
walking,79687,79671,79687,16
stepping,79704,79687,79704,17
walking,79746,79704,79746,42
stepping,79800,79746,79800,54
sniffing,79872,79800,79872,72
rearing,79922,79872,79922,50
rising,79959,79922,79959,37
rearing,80006,79959,80006,47
grooming,80007,80006,80007,1
rearing,80008,80007,80008,1
stepping,80012,80008,80012,4
sniffing,80123,80012,80123,111
stepping,80171,80123,80171,48
sniffing,80243,80171,80243,72
stepping,80294,80243,80294,51
sniffing,80451,80294,80451,157
stepping,80539,80451,80539,88
walking,80608,80539,80608,69
climbing,80689,80608,80689,81
walking,80701,80689,80701,12
stepping,80770,80701,80770,69
climbing,80943,80770,80943,173
left_turning,80995,80943,80995,52
sniffing,81054,80995,81054,59
walking,81141,81054,81141,87
trotting,81148,81141,81148,7
sniffing,81149,81148,81149,1
stepping,81176,81149,81176,27
sniffing,81177,81176,81177,1
right_turning,81232,81177,81232,55
sniffing,81233,81232,81233,1
stepping,81294,81233,81294,61
walking,81335,81294,81335,41
rearing,81355,81335,81355,20
grooming,81453,81355,81453,98
walking,81468,81453,81468,15
sniffing,81605,81468,81605,137
walking,81620,81605,81620,15
grooming,81776,81620,81776,156
rearing,81795,81776,81795,19
hunching,81796,81795,81796,1
left_turning,81817,81796,81817,21
sniffing,81888,81817,81888,71
stepping,81914,81888,81914,26
sniffing,81957,81914,81957,43
stepping,81986,81957,81986,29
walking,82026,81986,82026,40
sniffing,82027,82026,82027,1
walking,82033,82027,82033,6
rearing,82105,82033,82105,72
hunching,82149,82105,82149,44
left_turning,82183,82149,82183,34
stepping,82238,82183,82238,55
rising,82239,82238,82239,1
grooming,82886,82239,82886,647
left_turning,82887,82886,82887,1
rearing,82901,82887,82901,14
grooming,82902,82901,82902,1
trotting,82929,82902,82929,27
sniffing,82930,82929,82930,1
stepping,82992,82930,82992,62
grooming,82993,82992,82993,1
rearing,82994,82993,82994,1
grooming,82995,82994,82995,1
left_turning,83043,82995,83043,48
sniffing,83233,83043,83233,190
stepping,83260,83233,83260,27
sniffing,83407,83260,83407,147
grooming,83408,83407,83408,1
left_turning,83495,83408,83495,87
sniffing,83496,83495,83496,1
climbing,83548,83496,83548,52
rearing,83549,83548,83549,1
hunching,83589,83549,83589,40
sniffing,83614,83589,83614,25
walking,83693,83614,83693,79
stepping,83748,83693,83748,55
sniffing,83873,83748,83873,125
climbing,83929,83873,83929,56
left_turning,83930,83929,83930,1
grooming,84503,83930,84503,573
walking,84560,84503,84560,57
sniffing,84671,84560,84671,111
grooming,84887,84671,84887,216
walking,84932,84887,84932,45
sniffing,84961,84932,84961,29
walking,85020,84961,85020,59
trotting,85036,85020,85036,16
sniffing,85070,85036,85070,34
rising,85139,85070,85139,69
sniffing,85140,85139,85140,1
rearing,85222,85140,85222,82
sniffing,85240,85222,85240,18
walking,85278,85240,85278,38
sniffing,85344,85278,85344,66
rising,85386,85344,85386,42
grooming,85887,85386,85887,501
rising,85967,85887,85967,80
climbing,85968,85967,85968,1
rearing,85984,85968,85984,16
hunching,86054,85984,86054,70
grooming,86055,86054,86055,1
rearing,86125,86055,86125,70
grooming,86511,86125,86511,386
stepping,86554,86511,86554,43
walking,86572,86554,86572,18
rising,86589,86572,86589,17
climbing,86645,86589,86645,56
rearing,86672,86645,86672,27
rising,86738,86672,86738,66
trotting,86791,86738,86791,53
stepping,86853,86791,86853,62
sniffing,86880,86853,86880,27
rising,86890,86880,86890,10
grooming,86954,86890,86954,64
sniffing,87064,86954,87064,110
rearing,87151,87064,87151,87
grooming,87152,87151,87152,1
sniffing,87270,87152,87270,118
walking,87369,87270,87369,99
sniffing,87371,87369,87371,2
walking,87459,87371,87459,88
climbing,87496,87459,87496,37
running,87529,87496,87529,33
stepping,87552,87529,87552,23
walking,87576,87552,87576,24
trotting,87639,87576,87639,63
sniffing,87762,87639,87762,123
rising,87793,87762,87793,31
grooming,87796,87793,87796,3
climbing,87868,87796,87868,72
grooming,87869,87868,87869,1
rearing,87879,87869,87879,10
sniffing,87968,87879,87968,89
stepping,88013,87968,88013,45
rearing,88061,88013,88061,48
grooming,88254,88061,88254,193
walking,88281,88254,88281,27
sniffing,88330,88281,88330,49
walking,88369,88330,88369,39
stepping,88403,88369,88403,34
rising,88431,88403,88431,28
grooming,88647,88431,88647,216
rearing,88672,88647,88672,25
grooming,88995,88672,88995,323
hunching,89052,88995,89052,57
rearing,89187,89052,89187,135
grooming,89410,89187,89410,223
sniffing,89523,89410,89523,113
rising,89555,89523,89555,32
stepping,89597,89555,89597,42
sniffing,89661,89597,89661,64
running,89687,89661,89687,26
sniffing,89799,89687,89799,112
walking,89886,89799,89886,87
stepping,89911,89886,89911,25
sniffing,90039,89911,90039,128
walking,90057,90039,90057,18
stepping,90075,90057,90075,18
sniffing,90200,90075,90200,125
grooming,90408,90200,90408,208
climbing,90441,90408,90441,33
rearing,90571,90441,90571,130
trotting,90618,90571,90618,47
walking,90638,90618,90638,20
sniffing,90762,90638,90762,124
walking,90779,90762,90779,17
sniffing,90801,90779,90801,22
grooming,90802,90801,90802,1
climbing,90892,90802,90892,90
grooming,91982,90892,91982,1090
left_turning,92017,91982,92017,35
grooming,93318,92017,93318,1301
left_turning,93363,93318,93363,45
climbing,93430,93363,93430,67
trotting,93460,93430,93460,30
sniffing,93625,93460,93625,165
right_turning,93653,93625,93653,28
walking,93654,93653,93654,1
sniffing,93680,93654,93680,26
climbing,93818,93680,93818,138
left_turning,93819,93818,93819,1
grooming,94209,93819,94209,390
climbing,94212,94209,94212,3
grooming,94301,94212,94301,89
stepping,94374,94301,94374,73
rearing,94460,94374,94460,86
grooming,94603,94460,94603,143
scratching,94604,94603,94604,1
sniffing,94664,94604,94664,60
stepping,94676,94664,94676,12
walking,94718,94676,94718,42
stepping,94825,94718,94825,107
grooming,94826,94825,94826,1
sniffing,95033,94826,95033,207
climbing,95190,95033,95190,157
grooming,95231,95190,95231,41
scratching,95232,95231,95232,1
sniffing,95297,95232,95297,65
rising,95413,95297,95413,116
right_turning,95433,95413,95433,20
stepping,95448,95433,95448,15
climbing,95451,95448,95451,3
sniffing,95497,95451,95497,46
right_turning,95534,95497,95534,37
walking,95564,95534,95564,30
stepping,95617,95564,95617,53
sniffing,95726,95617,95726,109
stepping,95786,95726,95786,60
walking,95829,95786,95829,43
sniffing,95936,95829,95936,107
walking,95991,95936,95991,55
sniffing,95992,95991,95992,1
walking,95993,95992,95993,1
stepping,96046,95993,96046,53
walking,96049,96046,96049,3
sniffing,96105,96049,96105,56
rising,96141,96105,96141,36
grooming,96336,96141,96336,195
rising,96399,96336,96399,63
climbing,96400,96399,96400,1
stepping,96467,96400,96467,67
sniffing,96468,96467,96468,1
left_turning,96469,96468,96469,1
walking,96502,96469,96502,33
sniffing,96603,96502,96603,101
walking,96653,96603,96653,50
stepping,96674,96653,96674,21
climbing,96808,96674,96808,134
trotting,96846,96808,96846,38
sniffing,96984,96846,96984,138
stepping,97006,96984,97006,22
rearing,97041,97006,97041,35
sniffing,97302,97041,97302,261
left_turning,97314,97302,97314,12
grooming,97528,97314,97528,214
rearing,97618,97528,97618,90
grooming,97728,97618,97728,110
walking,97729,97728,97729,1
sniffing,97730,97729,97730,1
left_turning,97784,97730,97784,54
sniffing,97921,97784,97921,137
rising,97965,97921,97965,44
grooming,98091,97965,98091,126
rising,98092,98091,98092,1
sniffing,98180,98092,98180,88
walking,98257,98180,98257,77
sniffing,98348,98257,98348,91
rising,98387,98348,98387,39
stepping,98439,98387,98439,52
walking,98518,98439,98518,79
sniffing,98719,98518,98719,201
grooming,98866,98719,98866,147
rearing,99012,98866,99012,146
grooming,99013,99012,99013,1
left_turning,99048,99013,99048,35
sniffing,99160,99048,99160,112
stepping,99189,99160,99189,29
walking,99223,99189,99223,34
right_turning,99244,99223,99244,21
sniffing,99245,99244,99245,1
stepping,99284,99245,99284,39
walking,99389,99284,99389,105
climbing,99490,99389,99490,101
stepping,99519,99490,99519,29
rising,99552,99519,99552,33
rearing,99734,99552,99734,182
right_turning,99735,99734,99735,1
stepping,99742,99735,99742,7
sniffing,99743,99742,99743,1
stepping,99812,99743,99812,69
walking,99869,99812,99869,57
sniffing,100049,99869,100049,180
walking,100050,100049,100050,1
climbing,100143,100050,100143,93
rearing,100144,100143,100144,1
hunching,100244,100144,100244,100
grooming,100428,100244,100428,184
sniffing,100527,100428,100527,99
stepping,100552,100527,100552,25
sniffing,100582,100552,100582,30
left_turning,100662,100582,100662,80
grooming,100822,100662,100822,160
sniffing,100909,100822,100909,87
stepping,100920,100909,100920,11
sniffing,100921,100920,100921,1
trotting,100996,100921,100996,75
running,101027,100996,101027,31
sniffing,101116,101027,101116,89
stepping,101123,101116,101123,7
sniffing,101124,101123,101124,1
walking,101184,101124,101184,60
trotting,101208,101184,101208,24
stepping,101252,101208,101252,44
rearing,101289,101252,101289,37
sniffing,101415,101289,101415,126
grooming,101473,101415,101473,58
hunching,101537,101473,101537,64
grooming,101538,101537,101538,1
rearing,101539,101538,101539,1
grooming,101540,101539,101540,1
sniffing,101558,101540,101558,18
walking,101565,101558,101565,7
sniffing,101566,101565,101566,1
stepping,101649,101566,101649,83
walking,101655,101649,101655,6
trotting,101679,101655,101679,24
walking,101741,101679,101741,62
stepping,101762,101741,101762,21
sniffing,101799,101762,101799,37
rising,101876,101799,101876,77
sniffing,102008,101876,102008,132
walking,102069,102008,102069,61
sniffing,102070,102069,102070,1
rising,102184,102070,102184,114
grooming,102185,102184,102185,1
rearing,102301,102185,102301,116
climbing,102384,102301,102384,83
rearing,102385,102384,102385,1
stepping,102408,102385,102408,23
sniffing,102492,102408,102492,84
hunching,102728,102492,102728,236
grooming,102788,102728,102788,60
left_turning,102789,102788,102789,1
sniffing,102790,102789,102790,1
rearing,102890,102790,102890,100
grooming,102891,102890,102891,1
right_turning,102930,102891,102930,39
stepping,102983,102930,102983,53
sniffing,103139,102983,103139,156
stepping,103178,103139,103178,39
climbing,103179,103178,103179,1
sniffing,103278,103179,103278,99
grooming,103279,103278,103279,1
stepping,103295,103279,103295,16
rising,103362,103295,103362,67
left_turning,103390,103362,103390,28
climbing,103391,103390,103391,1
rearing,103517,103391,103517,126
climbing,103582,103517,103582,65
grooming,104087,103582,104087,505
left_turning,104088,104087,104088,1
scratching,104089,104088,104089,1
sniffing,104094,104089,104094,5
rising,104163,104094,104163,69
rearing,104247,104163,104247,84
grooming,104248,104247,104248,1
sniffing,104251,104248,104251,3
grooming,104522,104251,104522,271
rearing,104540,104522,104540,18
climbing,104670,104540,104670,130
right_turning,104686,104670,104686,16
grooming,104752,104686,104752,66
right_turning,104802,104752,104802,50
sniffing,104900,104802,104900,98
stepping,104917,104900,104917,17
sniffing,104987,104917,104987,70
rearing,105054,104987,105054,67
grooming,105174,105054,105174,120
rearing,105289,105174,105289,115
rising,105376,105289,105376,87
rearing,105455,105376,105455,79
hunching,105456,105455,105456,1
left_turning,105457,105456,105457,1
walking,105467,105457,105467,10
sniffing,105557,105467,105557,90
rising,105577,105557,105577,20
sniffing,105598,105577,105598,21
climbing,105640,105598,105640,42
grooming,106187,105640,106187,547
climbing,106332,106187,106332,145
hunching,106399,106332,106399,67
rearing,106565,106399,106565,166
left_turning,106602,106565,106602,37
grooming,106796,106602,106796,194
sniffing,106869,106796,106869,73
rising,106878,106869,106878,9
stepping,106879,106878,106879,1
sniffing,106958,106879,106958,79
walking,106979,106958,106979,21
stepping,107018,106979,107018,39
rearing,107139,107018,107139,121
hunching,107167,107139,107167,28
climbing,107188,107167,107188,21
grooming,107189,107188,107189,1
rearing,107190,107189,107190,1
sniffing,107321,107190,107321,131
walking,107330,107321,107330,9
sniffing,107397,107330,107397,67
scratching,107398,107397,107398,1
sniffing,107399,107398,107399,1
stepping,107480,107399,107480,81
rearing,107495,107480,107495,15
hunching,107565,107495,107565,70
grooming,107749,107565,107749,184
hunching,107750,107749,107750,1
rearing,107813,107750,107813,63
hunching,107861,107813,107861,48
grooming,108000,107861,108000,139
