revised_movement_label,segBoundary,segBoundary_start,segBoundary_end,length
sniffing,32,0,32,32
stepping,95,32,95,63
rearing,96,95,96,1
grooming,206,96,206,110
rearing,248,206,248,42
climbing,335,248,335,87
stepping,378,335,378,43
trotting,397,378,397,19
stepping,408,397,408,11
rearing,409,408,409,1
sniffing,439,409,439,30
walking,546,439,546,107
trotting,583,546,583,37
running,589,583,589,6
trotting,632,589,632,43
running,652,632,652,20
rising,653,652,653,1
grooming,827,653,827,174
walking,828,827,828,1
trotting,850,828,850,22
walking,931,850,931,81
stepping,1005,931,1005,74
rearing,1050,1005,1050,45
climbing,1101,1050,1101,51
sniffing,1227,1101,1227,126
hunching,1266,1227,1266,39
sniffing,1413,1266,1413,147
rising,1452,1413,1452,39
rearing,1493,1452,1493,41
hunching,1518,1493,1518,25
rearing,1565,1518,1565,47
left_turning,1624,1565,1624,59
walking,1753,1624,1753,129
sniffing,1839,1753,1839,86
rising,1864,1839,1864,25
left_turning,1936,1864,1936,72
running,1955,1936,1955,19
walking,1995,1955,1995,40
trotting,2007,1995,2007,12
sniffing,2021,2007,2021,14
left_turning,2024,2021,2024,3
sniffing,2025,2024,2025,1
grooming,2118,2025,2118,93
stepping,2180,2118,2180,62
right_turning,2212,2180,2212,32
walking,2258,2212,2258,46
sniffing,2321,2258,2321,63
stepping,2323,2321,2323,2
rising,2331,2323,2331,8
sniffing,2403,2331,2403,72
stepping,2407,2403,2407,4
rearing,2439,2407,2439,32
sniffing,2440,2439,2440,1
rising,2515,2440,2515,75
stepping,2603,2515,2603,88
rising,2626,2603,2626,23
grooming,2716,2626,2716,90
hunching,2743,2716,2743,27
rising,2797,2743,2797,54
right_turning,2798,2797,2798,1
running,2831,2798,2831,33
walking,2849,2831,2849,18
stepping,2929,2849,2929,80
sniffing,2970,2929,2970,41
walking,2991,2970,2991,21
running,3032,2991,3032,41
trotting,3070,3032,3070,38
walking,3127,3070,3127,57
sniffing,3135,3127,3135,8
rising,3177,3135,3177,42
running,3206,3177,3206,29
trotting,3256,3206,3256,50
rising,3324,3256,3324,68
left_turning,3329,3324,3329,5
rising,3330,3329,3330,1
grooming,3529,3330,3529,199
rearing,3533,3529,3533,4
rising,3597,3533,3597,64
hunching,3660,3597,3660,63
grooming,3661,3660,3661,1
trotting,3730,3661,3730,69
walking,3761,3730,3761,31
grooming,3762,3761,3762,1
sniffing,3788,3762,3788,26
stepping,3827,3788,3827,39
right_turning,3856,3827,3856,29
stepping,3903,3856,3903,47
walking,3990,3903,3990,87
running,4019,3990,4019,29
walking,4020,4019,4020,1
trotting,4042,4020,4042,22
running,4069,4042,4069,27
trotting,4097,4069,4097,28
running,4120,4097,4120,23
walking,4259,4120,4259,139
stepping,4285,4259,4285,26
left_turning,4330,4285,4330,45
hunching,4389,4330,4389,59
grooming,4515,4389,4515,126
sniffing,4543,4515,4543,28
grooming,4568,4543,4568,25
climbing,4603,4568,4603,35
left_turning,4604,4603,4604,1
grooming,4778,4604,4778,174
sniffing,4833,4778,4833,55
rising,4834,4833,4834,1
rearing,4876,4834,4876,42
left_turning,4920,4876,4920,44
trotting,4977,4920,4977,57
rising,5024,4977,5024,47
right_turning,5025,5024,5025,1
running,5036,5025,5036,11
trotting,5062,5036,5062,26
walking,5131,5062,5131,69
sniffing,5132,5131,5132,1
walking,5177,5132,5177,45
sniffing,5262,5177,5262,85
left_turning,5263,5262,5263,1
sniffing,5309,5263,5309,46
rising,5366,5309,5366,57
sniffing,5434,5366,5434,68
stepping,5467,5434,5467,33
rising,5492,5467,5492,25
sniffing,5586,5492,5586,94
walking,5652,5586,5652,66
sniffing,5676,5652,5676,24
rising,5703,5676,5703,27
left_turning,5713,5703,5713,10
walking,5762,5713,5762,49
sniffing,5816,5762,5816,54
rising,5817,5816,5817,1
stepping,5854,5817,5854,37
sniffing,5874,5854,5874,20
climbing,5929,5874,5929,55
grooming,5965,5929,5965,36
right_turning,5966,5965,5966,1
trotting,5992,5966,5992,26
walking,5998,5992,5998,6
sniffing,6108,5998,6108,110
stepping,6145,6108,6145,37
walking,6166,6145,6166,21
trotting,6186,6166,6186,20
running,6201,6186,6201,15
trotting,6282,6201,6282,81
sniffing,6393,6282,6393,111
rising,6430,6393,6430,37
left_turning,6480,6430,6480,50
walking,6492,6480,6492,12
stepping,6515,6492,6515,23
sniffing,6516,6515,6516,1
right_turning,6525,6516,6525,9
stepping,6584,6525,6584,59
sniffing,6671,6584,6671,87
rising,6672,6671,6672,1
grooming,6749,6672,6749,77
right_turning,6750,6749,6750,1
running,6777,6750,6777,27
walking,6808,6777,6808,31
stepping,6844,6808,6844,36
walking,6909,6844,6909,65
rising,6951,6909,6951,42
sniffing,6985,6951,6985,34
walking,7047,6985,7047,62
rising,7091,7047,7091,44
sniffing,7173,7091,7173,82
stepping,7218,7173,7218,45
walking,7219,7218,7219,1
stepping,7220,7219,7220,1
running,7245,7220,7245,25
trotting,7270,7245,7270,25
rising,7271,7270,7271,1
left_turning,7294,7271,7294,23
sniffing,7337,7294,7337,43
rising,7338,7337,7338,1
sniffing,7406,7338,7406,68
stepping,7436,7406,7436,30
sniffing,7615,7436,7615,179
walking,7694,7615,7694,79
trotting,7718,7694,7718,24
running,7721,7718,7721,3
sniffing,7727,7721,7727,6
rising,7753,7727,7753,26
sniffing,7796,7753,7796,43
grooming,7834,7796,7834,38
left_turning,7853,7834,7853,19
sniffing,7914,7853,7914,61
stepping,7970,7914,7970,56
trotting,8004,7970,8004,34
running,8029,8004,8029,25
walking,8064,8029,8064,35
rising,8120,8064,8120,56
sniffing,8121,8120,8121,1
walking,8168,8121,8168,47
sniffing,8169,8168,8169,1
stepping,8177,8169,8177,8
grooming,8358,8177,8358,181
hunching,8387,8358,8387,29
grooming,8545,8387,8545,158
right_turning,8546,8545,8546,1
walking,8571,8546,8571,25
grooming,8887,8571,8887,316
sniffing,8893,8887,8893,6
rising,8927,8893,8927,34
climbing,8938,8927,8938,11
left_turning,8983,8938,8983,45
rearing,8989,8983,8989,6
climbing,9069,8989,9069,80
sniffing,9070,9069,9070,1
rising,9071,9070,9071,1
stepping,9100,9071,9100,29
sniffing,9204,9100,9204,104
grooming,9205,9204,9205,1
sniffing,9437,9205,9437,232
rearing,9473,9437,9473,36
left_turning,9518,9473,9518,45
stepping,9565,9518,9565,47
walking,9590,9565,9590,25
stepping,9591,9590,9591,1
running,9649,9591,9649,58
stepping,9737,9649,9737,88
sniffing,9805,9737,9805,68
walking,9806,9805,9806,1
sniffing,9926,9806,9926,120
stepping,9982,9926,9982,56
rising,10067,9982,10067,85
sniffing,10195,10067,10195,128
stepping,10239,10195,10239,44
climbing,10298,10239,10298,59
sniffing,10324,10298,10324,26
grooming,10377,10324,10377,53
rearing,10586,10377,10586,209
right_turning,10607,10586,10607,21
trotting,10626,10607,10626,19
walking,10638,10626,10638,12
rising,10645,10638,10645,7
climbing,10692,10645,10692,47
grooming,11043,10692,11043,351
left_turning,11053,11043,11053,10
stepping,11054,11053,11054,1
climbing,11065,11054,11065,11
grooming,11181,11065,11181,116
stepping,11217,11181,11217,36
walking,11251,11217,11251,34
stepping,11314,11251,11314,63
sniffing,11326,11314,11326,12
hunching,11402,11326,11402,76
grooming,11406,11402,11406,4
sniffing,11460,11406,11460,54
left_turning,11492,11460,11492,32
sniffing,11526,11492,11526,34
stepping,11615,11526,11615,89
walking,11702,11615,11702,87
rising,11709,11702,11709,7
stepping,11744,11709,11744,35
sniffing,11864,11744,11864,120
grooming,11975,11864,11975,111
rearing,11976,11975,11976,1
grooming,11977,11976,11977,1
rearing,12065,11977,12065,88
left_turning,12131,12065,12131,66
rising,12132,12131,12132,1
climbing,12133,12132,12133,1
sniffing,12134,12133,12134,1
rising,12180,12134,12180,46
climbing,12254,12180,12254,74
rising,12255,12254,12255,1
sniffing,12370,12255,12370,115
trotting,12434,12370,12434,64
sniffing,12475,12434,12475,41
stepping,12529,12475,12529,54
grooming,12589,12529,12589,60
left_turning,12593,12589,12593,4
sniffing,12677,12593,12677,84
walking,12732,12677,12732,55
sniffing,12803,12732,12803,71
grooming,12920,12803,12920,117
rearing,13047,12920,13047,127
climbing,13084,13047,13084,37
rising,13085,13084,13085,1
sniffing,13192,13085,13192,107
rearing,13194,13192,13194,2
hunching,13195,13194,13195,1
left_turning,13256,13195,13256,61
walking,13327,13256,13327,71
sniffing,13409,13327,13409,82
stepping,13444,13409,13444,35
sniffing,13473,13444,13473,29
walking,13474,13473,13474,1
sniffing,13714,13474,13714,240
rising,13715,13714,13715,1
walking,13838,13715,13838,123
rising,13851,13838,13851,13
sniffing,13877,13851,13877,26
walking,13887,13877,13887,10
sniffing,13944,13887,13944,57
grooming,14077,13944,14077,133
stepping,14168,14077,14168,91
trotting,14191,14168,14191,23
stepping,14389,14191,14389,198
rearing,14468,14389,14468,79
sniffing,14515,14468,14515,47
walking,14580,14515,14580,65
stepping,14748,14580,14748,168
rising,14810,14748,14810,62
grooming,14819,14810,14819,9
rearing,14860,14819,14860,41
grooming,15132,14860,15132,272
running,15186,15132,15186,54
walking,15227,15186,15227,41
climbing,15282,15227,15282,55
grooming,15283,15282,15283,1
rearing,15511,15283,15511,228
hunching,15562,15511,15562,51
rearing,15575,15562,15575,13
running,15581,15575,15581,6
climbing,15587,15581,15587,6
grooming,15662,15587,15662,75
left_turning,15677,15662,15677,15
sniffing,15678,15677,15678,1
stepping,15711,15678,15711,33
walking,15736,15711,15736,25
grooming,15932,15736,15932,196
rearing,15966,15932,15966,34
grooming,16032,15966,16032,66
walking,16036,16032,16036,4
stepping,16120,16036,16120,84
sniffing,16121,16120,16121,1
stepping,16143,16121,16143,22
walking,16203,16143,16203,60
stepping,16254,16203,16254,51
right_turning,16316,16254,16316,62
walking,16317,16316,16317,1
sniffing,16365,16317,16365,48
walking,16366,16365,16366,1
rising,16367,16366,16367,1
hunching,16396,16367,16396,29
grooming,16673,16396,16673,277
stepping,16735,16673,16735,62
sniffing,16825,16735,16825,90
walking,16904,16825,16904,79
stepping,16942,16904,16942,38
grooming,16943,16942,16943,1
rising,17001,16943,17001,58
trotting,17055,17001,17055,54
sniffing,17056,17055,17056,1
grooming,17163,17056,17163,107
sniffing,17339,17163,17339,176
trotting,17363,17339,17363,24
grooming,17424,17363,17424,61
rearing,17491,17424,17491,67
hunching,17536,17491,17536,45
grooming,17586,17536,17586,50
stepping,17607,17586,17607,21
walking,17615,17607,17615,8
trotting,17660,17615,17660,45
sniffing,17733,17660,17733,73
stepping,17763,17733,17763,30
rising,17775,17763,17775,12
sniffing,17905,17775,17905,130
grooming,18009,17905,18009,104
sniffing,18057,18009,18057,48
walking,18077,18057,18077,20
rising,18096,18077,18096,19
stepping,18097,18096,18097,1
left_turning,18172,18097,18172,75
grooming,18337,18172,18337,165
sniffing,18418,18337,18418,81
grooming,18615,18418,18615,197
left_turning,18648,18615,18648,33
walking,18696,18648,18696,48
rising,18746,18696,18746,50
sniffing,18747,18746,18747,1
stepping,18792,18747,18792,45
sniffing,18817,18792,18817,25
stepping,18884,18817,18884,67
walking,18912,18884,18912,28
left_turning,18993,18912,18993,81
trotting,19033,18993,19033,40
sniffing,19034,19033,19034,1
left_turning,19102,19034,19102,68
grooming,19103,19102,19103,1
sniffing,19127,19103,19127,24
climbing,19197,19127,19197,70
walking,19262,19197,19262,65
trotting,19289,19262,19289,27
sniffing,19305,19289,19305,16
hunching,19339,19305,19339,34
stepping,19348,19339,19348,9
left_turning,19532,19348,19532,184
trotting,19568,19532,19568,36
sniffing,19590,19568,19590,22
rising,19606,19590,19606,16
rearing,19637,19606,19637,31
left_turning,19739,19637,19739,102
grooming,19740,19739,19740,1
left_turning,19776,19740,19776,36
rising,19823,19776,19823,47
climbing,19911,19823,19911,88
sniffing,19912,19911,19912,1
grooming,19958,19912,19958,46
rising,20058,19958,20058,100
sniffing,20155,20058,20155,97
stepping,20196,20155,20196,41
sniffing,20419,20196,20419,223
grooming,20478,20419,20478,59
rearing,20786,20478,20786,308
grooming,20943,20786,20943,157
rearing,20984,20943,20984,41
sniffing,21088,20984,21088,104
walking,21114,21088,21114,26
stepping,21142,21114,21142,28
sniffing,21172,21142,21172,30
rising,21203,21172,21203,31
stepping,21223,21203,21223,20
sniffing,21267,21223,21267,44
walking,21268,21267,21268,1
rising,21279,21268,21279,11
rearing,21320,21279,21320,41
walking,21321,21320,21321,1
rising,21328,21321,21328,7
rearing,21329,21328,21329,1
grooming,21474,21329,21474,145
climbing,21539,21474,21539,65
rearing,21616,21539,21616,77
walking,21641,21616,21641,25
climbing,21701,21641,21701,60
grooming,21702,21701,21702,1
rising,21710,21702,21710,8
sniffing,21711,21710,21711,1
grooming,21770,21711,21770,59
rising,21831,21770,21831,61
climbing,21877,21831,21877,46
left_turning,21913,21877,21913,36
trotting,21958,21913,21958,45
sniffing,22119,21958,22119,161
stepping,22177,22119,22177,58
sniffing,22283,22177,22283,106
left_turning,22294,22283,22294,11
trotting,22319,22294,22319,25
walking,22389,22319,22389,70
grooming,22594,22389,22594,205
hunching,22595,22594,22595,1
grooming,22712,22595,22712,117
rearing,22748,22712,22748,36
left_turning,22783,22748,22783,35
sniffing,22848,22783,22848,65
grooming,22849,22848,22849,1
rearing,22918,22849,22918,69
hunching,22930,22918,22930,12
rearing,22980,22930,22980,50
right_turning,22998,22980,22998,18
walking,23064,22998,23064,66
sniffing,23065,23064,23065,1
rising,23101,23065,23101,36
grooming,23231,23101,23231,130
sniffing,23246,23231,23246,15
rising,23247,23246,23247,1
climbing,23305,23247,23305,58
grooming,23306,23305,23306,1
sniffing,23360,23306,23360,54
left_turning,23376,23360,23376,16
walking,23377,23376,23377,1
rising,23378,23377,23378,1
left_turning,23468,23378,23468,90
stepping,23506,23468,23506,38
sniffing,23630,23506,23630,124
walking,23673,23630,23673,43
stepping,23678,23673,23678,5
running,23703,23678,23703,25
rearing,23704,23703,23704,1
stepping,23734,23704,23734,30
rearing,23778,23734,23778,44
climbing,23882,23778,23882,104
stepping,23921,23882,23921,39
sniffing,24088,23921,24088,167
grooming,24089,24088,24089,1
hunching,24127,24089,24127,38
grooming,24222,24127,24222,95
sniffing,24296,24222,24296,74
grooming,24397,24296,24397,101
rising,24406,24397,24406,9
climbing,24656,24406,24656,250
right_turning,24676,24656,24676,20
stepping,24709,24676,24709,33
walking,24786,24709,24786,77
stepping,24820,24786,24820,34
trotting,24858,24820,24858,38
rearing,24878,24858,24878,20
grooming,24937,24878,24937,59
stepping,24971,24937,24971,34
walking,25028,24971,25028,57
sniffing,25136,25028,25136,108
stepping,25170,25136,25170,34
trotting,25187,25170,25187,17
sniffing,25188,25187,25188,1
stepping,25239,25188,25239,51
sniffing,25284,25239,25284,45
left_turning,25326,25284,25326,42
sniffing,25365,25326,25365,39
walking,25403,25365,25403,38
rising,25405,25403,25405,2
stepping,25425,25405,25425,20
climbing,25461,25425,25461,36
walking,25545,25461,25545,84
sniffing,25695,25545,25695,150
running,25721,25695,25721,26
climbing,25829,25721,25829,108
rearing,25927,25829,25927,98
left_turning,25932,25927,25932,5
walking,25948,25932,25948,16
trotting,25989,25948,25989,41
sniffing,26126,25989,26126,137
rising,26127,26126,26127,1
grooming,26185,26127,26185,58
walking,26257,26185,26257,72
stepping,26258,26257,26258,1
sniffing,26328,26258,26328,70
walking,26338,26328,26338,10
rearing,26362,26338,26362,24
sniffing,26415,26362,26415,53
rising,26427,26415,26427,12
sniffing,26480,26427,26480,53
grooming,26897,26480,26897,417
hunching,26908,26897,26908,11
rising,26909,26908,26909,1
walking,26980,26909,26980,71
sniffing,26987,26980,26987,7
walking,27029,26987,27029,42
trotting,27049,27029,27049,20
climbing,27070,27049,27070,21
walking,27135,27070,27135,65
trotting,27176,27135,27176,41
walking,27240,27176,27240,64
rising,27322,27240,27322,82
rearing,27336,27322,27336,14
rising,27382,27336,27382,46
climbing,27465,27382,27465,83
grooming,27485,27465,27485,20
hunching,27558,27485,27558,73
grooming,27600,27558,27600,42
left_turning,27641,27600,27641,41
trotting,27696,27641,27696,55
left_turning,27718,27696,27718,22
grooming,27719,27718,27719,1
left_turning,27727,27719,27727,8
stepping,27774,27727,27774,47
sniffing,27843,27774,27843,69
rising,27916,27843,27916,73
hunching,27991,27916,27991,75
grooming,28025,27991,28025,34
right_turning,28033,28025,28033,8
trotting,28056,28033,28056,23
walking,28082,28056,28082,26
rising,28083,28082,28083,1
sniffing,28186,28083,28186,103
rising,28194,28186,28194,8
trotting,28209,28194,28209,15
sniffing,28210,28209,28210,1
trotting,28231,28210,28231,21
stepping,28298,28231,28298,67
right_turning,28341,28298,28341,43
walking,28370,28341,28370,29
rising,28414,28370,28414,44
rearing,28533,28414,28533,119
walking,28577,28533,28577,44
climbing,28632,28577,28632,55
stepping,28684,28632,28684,52
grooming,28685,28684,28685,1
rearing,28705,28685,28705,20
grooming,28861,28705,28861,156
hunching,28951,28861,28951,90
grooming,29092,28951,29092,141
rearing,29198,29092,29198,106
grooming,29199,29198,29199,1
walking,29288,29199,29288,89
sniffing,29289,29288,29289,1
walking,29372,29289,29372,83
climbing,29520,29372,29520,148
left_turning,29566,29520,29566,46
stepping,29574,29566,29574,8
sniffing,29588,29574,29588,14
left_turning,29617,29588,29617,29
grooming,29851,29617,29851,234
running,29893,29851,29893,42
sniffing,29946,29893,29946,53
rising,30051,29946,30051,105
climbing,30074,30051,30074,23
grooming,30131,30074,30131,57
hunching,30163,30131,30163,32
walking,30221,30163,30221,58
right_turning,30264,30221,30264,43
walking,30321,30264,30321,57
stepping,30358,30321,30358,37
sniffing,30456,30358,30456,98
rising,30464,30456,30464,8
rearing,30465,30464,30465,1
climbing,30490,30465,30490,25
left_turning,30491,30490,30491,1
trotting,30503,30491,30503,12
sniffing,30504,30503,30504,1
rearing,30610,30504,30610,106
grooming,30726,30610,30726,116
left_turning,30773,30726,30773,47
walking,30778,30773,30778,5
sniffing,30779,30778,30779,1
grooming,30793,30779,30793,14
stepping,30854,30793,30854,61
walking,30855,30854,30855,1
stepping,30896,30855,30896,41
walking,30902,30896,30902,6
sniffing,30903,30902,30903,1
rising,30946,30903,30946,43
climbing,31008,30946,31008,62
rising,31024,31008,31024,16
walking,31085,31024,31085,61
stepping,31100,31085,31100,15
sniffing,31101,31100,31101,1
stepping,31155,31101,31155,54
sniffing,31203,31155,31203,48
walking,31256,31203,31256,53
stepping,31263,31256,31263,7
sniffing,31268,31263,31268,5
rising,31292,31268,31292,24
sniffing,31359,31292,31359,67
walking,31360,31359,31360,1
sniffing,31485,31360,31485,125
stepping,31519,31485,31519,34
walking,31584,31519,31584,65
trotting,31610,31584,31610,26
walking,31658,31610,31658,48
rising,31755,31658,31755,97
walking,31783,31755,31783,28
sniffing,31807,31783,31807,24
stepping,31808,31807,31808,1
left_turning,31814,31808,31814,6
sniffing,31895,31814,31895,81
walking,32054,31895,32054,159
sniffing,32131,32054,32131,77
climbing,32169,32131,32169,38
left_turning,32209,32169,32209,40
sniffing,32316,32209,32316,107
grooming,32694,32316,32694,378
left_turning,32742,32694,32742,48
walking,32769,32742,32769,27
stepping,32784,32769,32784,15
sniffing,32863,32784,32863,79
stepping,32914,32863,32914,51
sniffing,32966,32914,32966,52
running,32983,32966,32983,17
sniffing,33020,32983,33020,37
grooming,33098,33020,33098,78
right_turning,33099,33098,33099,1
walking,33106,33099,33106,7
grooming,33107,33106,33107,1
hunching,33108,33107,33108,1
rearing,33155,33108,33155,47
left_turning,33188,33155,33188,33
grooming,33191,33188,33191,3
rearing,33192,33191,33192,1
grooming,33205,33192,33205,13
stepping,33240,33205,33240,35
right_turning,33267,33240,33267,27
rising,33268,33267,33268,1
grooming,33393,33268,33393,125
trotting,33436,33393,33436,43
left_turning,33474,33436,33474,38
trotting,33545,33474,33545,71
walking,33586,33545,33586,41
stepping,33623,33586,33623,37
walking,33631,33623,33631,8
sniffing,33662,33631,33662,31
stepping,33705,33662,33705,43
sniffing,33721,33705,33721,16
walking,33755,33721,33755,34
sniffing,33760,33755,33760,5
grooming,33761,33760,33761,1
scratching,33762,33761,33762,1
grooming,33803,33762,33803,41
climbing,33851,33803,33851,48
stepping,33894,33851,33894,43
sniffing,34019,33894,34019,125
walking,34092,34019,34092,73
stepping,34128,34092,34128,36
grooming,34153,34128,34153,25
climbing,34238,34153,34238,85
grooming,34374,34238,34374,136
hunching,34375,34374,34375,1
grooming,34378,34375,34378,3
rearing,34413,34378,34413,35
sniffing,34414,34413,34414,1
rearing,34467,34414,34467,53
left_turning,34504,34467,34504,37
sniffing,34505,34504,34505,1
grooming,34562,34505,34562,57
rearing,34594,34562,34594,32
stepping,34622,34594,34622,28
grooming,34632,34622,34632,10
climbing,34692,34632,34692,60
rising,34731,34692,34731,39
climbing,34732,34731,34732,1
sniffing,34733,34732,34733,1
grooming,34734,34733,34734,1
sniffing,34735,34734,34735,1
grooming,34832,34735,34832,97
sniffing,34856,34832,34856,24
stepping,34919,34856,34919,63
walking,34963,34919,34963,44
climbing,35029,34963,35029,66
right_turning,35045,35029,35045,16
stepping,35083,35045,35083,38
grooming,35125,35083,35125,42
scratching,35126,35125,35126,1
sniffing,35135,35126,35135,9
rising,35151,35135,35151,16
left_turning,35185,35151,35185,34
grooming,35302,35185,35302,117
sniffing,35303,35302,35303,1
stepping,35315,35303,35315,12
sniffing,35389,35315,35389,74
grooming,35408,35389,35408,19
hunching,35476,35408,35476,68
left_turning,35520,35476,35520,44
sniffing,35653,35520,35653,133
stepping,35682,35653,35682,29
sniffing,35896,35682,35896,214
trotting,35967,35896,35967,71
stepping,36014,35967,36014,47
right_turning,36020,36014,36020,6
stepping,36047,36020,36047,27
sniffing,36048,36047,36048,1
grooming,36138,36048,36138,90
trotting,36160,36138,36160,22
walking,36203,36160,36203,43
grooming,36204,36203,36204,1
hunching,36249,36204,36249,45
grooming,36250,36249,36250,1
sniffing,36316,36250,36316,66
walking,36360,36316,36360,44
left_turning,36375,36360,36375,15
sniffing,36376,36375,36376,1
stepping,36397,36376,36397,21
grooming,36471,36397,36471,74
sniffing,36566,36471,36566,95
rising,36641,36566,36641,75
grooming,36653,36641,36653,12
stepping,36701,36653,36701,48
sniffing,36770,36701,36770,69
grooming,36778,36770,36778,8
hunching,36822,36778,36822,44
rearing,36836,36822,36836,14
hunching,36892,36836,36892,56
sniffing,36893,36892,36893,1
stepping,36903,36893,36903,10
walking,36923,36903,36923,20
stepping,36955,36923,36955,32
rising,36981,36955,36981,26
sniffing,37091,36981,37091,110
stepping,37121,37091,37121,30
hunching,37191,37121,37191,70
left_turning,37215,37191,37215,24
trotting,37233,37215,37233,18
walking,37234,37233,37234,1
running,37261,37234,37261,27
walking,37334,37261,37334,73
stepping,37349,37334,37349,15
walking,37415,37349,37415,66
rising,37428,37415,37428,13
climbing,37429,37428,37429,1
stepping,37451,37429,37451,22
sniffing,37535,37451,37535,84
trotting,37551,37535,37551,16
sniffing,37617,37551,37617,66
stepping,37661,37617,37661,44
sniffing,37662,37661,37662,1
stepping,37715,37662,37715,53
rearing,37747,37715,37747,32
stepping,37792,37747,37792,45
walking,37793,37792,37793,1
trotting,37846,37793,37846,53
sniffing,37847,37846,37847,1
walking,37910,37847,37910,63
stepping,37944,37910,37944,34
rising,37945,37944,37945,1
climbing,37967,37945,37967,22
running,38007,37967,38007,40
climbing,38100,38007,38100,93
walking,38101,38100,38101,1
rearing,38109,38101,38109,8
hunching,38201,38109,38201,92
grooming,38217,38201,38217,16
hunching,38220,38217,38220,3
walking,38266,38220,38266,46
sniffing,38345,38266,38345,79
right_turning,38368,38345,38368,23
walking,38389,38368,38389,21
sniffing,38398,38389,38398,9
scratching,38399,38398,38399,1
walking,38406,38399,38406,7
rearing,38441,38406,38441,35
grooming,38548,38441,38548,107
walking,38564,38548,38564,16
grooming,38565,38564,38565,1
walking,38630,38565,38630,65
left_turning,38653,38630,38653,23
sniffing,38654,38653,38654,1
walking,38705,38654,38705,51
grooming,38759,38705,38759,54
rearing,38771,38759,38771,12
hunching,38799,38771,38799,28
rearing,38897,38799,38897,98
sniffing,38898,38897,38898,1
grooming,38968,38898,38968,70
rising,38995,38968,38995,27
grooming,38996,38995,38996,1
walking,39045,38996,39045,49
stepping,39072,39045,39072,27
right_turning,39095,39072,39095,23
climbing,39176,39095,39176,81
grooming,39415,39176,39415,239
sniffing,39562,39415,39562,147
walking,39612,39562,39612,50
sniffing,39673,39612,39673,61
walking,39777,39673,39777,104
rising,39837,39777,39837,60
walking,39858,39837,39858,21
stepping,39890,39858,39890,32
climbing,39920,39890,39920,30
grooming,40015,39920,40015,95
walking,40072,40015,40072,57
rising,40098,40072,40098,26
rearing,40109,40098,40109,11
hunching,40110,40109,40110,1
rearing,40142,40110,40142,32
grooming,40234,40142,40234,92
sniffing,40235,40234,40235,1
rising,40302,40235,40302,67
trotting,40322,40302,40322,20
left_turning,40335,40322,40335,13
rearing,40346,40335,40346,11
grooming,40347,40346,40347,1
hunching,40406,40347,40406,59
rearing,40468,40406,40468,62
left_turning,40507,40468,40507,39
stepping,40563,40507,40563,56
walking,40575,40563,40575,12
stepping,40634,40575,40634,59
walking,40645,40634,40645,11
trotting,40689,40645,40689,44
walking,40694,40689,40694,5
trotting,40730,40694,40730,36
rising,40806,40730,40806,76
left_turning,40824,40806,40824,18
trotting,40876,40824,40876,52
grooming,40900,40876,40900,24
hunching,40908,40900,40908,8
rearing,40939,40908,40939,31
grooming,41011,40939,41011,72
stepping,41032,41011,41032,21
sniffing,41068,41032,41068,36
grooming,41317,41068,41317,249
rearing,41406,41317,41406,89
grooming,41571,41406,41571,165
sniffing,41722,41571,41722,151
stepping,41739,41722,41739,17
rising,41766,41739,41766,27
trotting,41800,41766,41800,34
stepping,41822,41800,41822,22
walking,41835,41822,41835,13
sniffing,41867,41835,41867,32
stepping,41922,41867,41922,55
walking,41944,41922,41944,22
sniffing,41983,41944,41983,39
walking,41984,41983,41984,1
sniffing,42143,41984,42143,159
right_turning,42159,42143,42159,16
grooming,42179,42159,42179,20
hunching,42310,42179,42310,131
grooming,42425,42310,42425,115
left_turning,42470,42425,42470,45
sniffing,42701,42470,42701,231
rising,42718,42701,42718,17
left_turning,42726,42718,42726,8
sniffing,42727,42726,42727,1
stepping,42747,42727,42747,20
left_turning,42818,42747,42818,71
stepping,42854,42818,42854,36
grooming,42894,42854,42894,40
sniffing,43068,42894,43068,174
rearing,43069,43068,43069,1
grooming,43081,43069,43081,12
rearing,43174,43081,43174,93
running,43233,43174,43233,59
walking,43284,43233,43284,51
stepping,43329,43284,43329,45
walking,43433,43329,43433,104
trotting,43461,43433,43461,28
sniffing,43522,43461,43522,61
walking,43596,43522,43596,74
sniffing,43678,43596,43678,82
walking,43708,43678,43708,30
sniffing,43709,43708,43709,1
grooming,43893,43709,43893,184
hunching,43935,43893,43935,42
grooming,43974,43935,43974,39
climbing,44109,43974,44109,135
grooming,44237,44109,44237,128
stepping,44271,44237,44271,34
walking,44290,44271,44290,19
sniffing,44454,44290,44454,164
stepping,44467,44454,44467,13
walking,44557,44467,44557,90
grooming,44612,44557,44612,55
walking,44669,44612,44669,57
sniffing,44702,44669,44702,33
grooming,44784,44702,44784,82
rearing,44785,44784,44785,1
running,44801,44785,44801,16
right_turning,44806,44801,44806,5
stepping,44853,44806,44853,47
sniffing,44935,44853,44935,82
walking,44979,44935,44979,44
sniffing,45078,44979,45078,99
stepping,45108,45078,45108,30
right_turning,45125,45108,45125,17
rising,45135,45125,45135,10
grooming,45343,45135,45343,208
trotting,45400,45343,45400,57
climbing,45455,45400,45455,55
trotting,45481,45455,45481,26
sniffing,45529,45481,45529,48
stepping,45574,45529,45574,45
grooming,45613,45574,45613,39
sniffing,45681,45613,45681,68
rising,45686,45681,45686,5
right_turning,45709,45686,45709,23
walking,45761,45709,45761,52
stepping,45813,45761,45813,52
sniffing,46048,45813,46048,235
trotting,46086,46048,46086,38
sniffing,46118,46086,46118,32
grooming,46119,46118,46119,1
left_turning,46156,46119,46156,37
rearing,46271,46156,46271,115
climbing,46326,46271,46326,55
rearing,46354,46326,46354,28
running,46355,46354,46355,1
right_turning,46439,46355,46439,84
walking,46463,46439,46463,24
stepping,46518,46463,46518,55
sniffing,46565,46518,46565,47
grooming,46705,46565,46705,140
rising,46721,46705,46721,16
rearing,46730,46721,46730,9
left_turning,46731,46730,46731,1
grooming,46732,46731,46732,1
sniffing,46827,46732,46827,95
walking,46904,46827,46904,77
sniffing,46955,46904,46955,51
rising,46970,46955,46970,15
rearing,46982,46970,46982,12
grooming,47019,46982,47019,37
climbing,47108,47019,47108,89
walking,47209,47108,47209,101
stepping,47241,47209,47241,32
sniffing,47242,47241,47242,1
left_turning,47244,47242,47244,2
trotting,47275,47244,47275,31
running,47299,47275,47299,24
sniffing,47300,47299,47300,1
rising,47342,47300,47342,42
sniffing,47420,47342,47420,78
grooming,47544,47420,47544,124
scratching,47545,47544,47545,1
sniffing,47666,47545,47666,121
right_turning,47671,47666,47671,5
walking,47681,47671,47681,10
sniffing,47755,47681,47755,74
right_turning,47769,47755,47769,14
running,47791,47769,47791,22
rising,47796,47791,47796,5
walking,47798,47796,47798,2
rising,47851,47798,47851,53
climbing,47897,47851,47897,46
stepping,47939,47897,47939,42
grooming,48085,47939,48085,146
scratching,48086,48085,48086,1
grooming,48322,48086,48322,236
left_turning,48356,48322,48356,34
sniffing,48463,48356,48463,107
rising,48469,48463,48469,6
climbing,48613,48469,48613,144
sniffing,48722,48613,48722,109
stepping,48779,48722,48779,57
walking,48792,48779,48792,13
sniffing,48898,48792,48898,106
walking,48899,48898,48899,1
trotting,48953,48899,48953,54
sniffing,49031,48953,49031,78
walking,49062,49031,49062,31
stepping,49136,49062,49136,74
grooming,49197,49136,49197,61
sniffing,49252,49197,49252,55
left_turning,49253,49252,49253,1
sniffing,49360,49253,49360,107
running,49407,49360,49407,47
stepping,49477,49407,49477,70
sniffing,49508,49477,49508,31
left_turning,49509,49508,49509,1
hunching,49591,49509,49591,82
grooming,49954,49591,49954,363
hunching,49999,49954,49999,45
grooming,50011,49999,50011,12
rearing,50051,50011,50051,40
hunching,50104,50051,50104,53
rearing,50130,50104,50130,26
rising,50145,50130,50145,15
grooming,50354,50145,50354,209
walking,50412,50354,50412,58
left_turning,50427,50412,50427,15
sniffing,50483,50427,50483,56
stepping,50564,50483,50564,81
climbing,50579,50564,50579,15
grooming,50603,50579,50603,24
rising,50737,50603,50737,134
stepping,50775,50737,50775,38
sniffing,50806,50775,50806,31
grooming,51215,50806,51215,409
rearing,51269,51215,51269,54
grooming,51468,51269,51468,199
hunching,51516,51468,51516,48
grooming,51643,51516,51643,127
rising,51649,51643,51649,6
grooming,51650,51649,51650,1
rearing,51677,51650,51677,27
climbing,51684,51677,51684,7
rearing,51898,51684,51898,214
trotting,51906,51898,51906,8
walking,51957,51906,51957,51
sniffing,52090,51957,52090,133
grooming,52287,52090,52287,197
sniffing,52399,52287,52399,112
walking,52418,52399,52418,19
stepping,52426,52418,52426,8
right_turning,52458,52426,52458,32
sniffing,52459,52458,52459,1
rising,52470,52459,52470,11
grooming,52654,52470,52654,184
walking,52655,52654,52655,1
sniffing,52860,52655,52860,205
right_turning,52886,52860,52886,26
sniffing,53078,52886,53078,192
rising,53125,53078,53125,47
sniffing,53223,53125,53223,98
walking,53502,53223,53502,279
stepping,53552,53502,53552,50
sniffing,53574,53552,53574,22
right_turning,53587,53574,53587,13
scratching,53588,53587,53588,1
grooming,53641,53588,53641,53
hunching,53654,53641,53654,13
grooming,53785,53654,53785,131
sniffing,53836,53785,53836,51
rising,53934,53836,53934,98
sniffing,54013,53934,54013,79
stepping,54069,54013,54069,56
sniffing,54147,54069,54147,78
right_turning,54169,54147,54169,22
sniffing,54201,54169,54201,32
rising,54273,54201,54273,72
walking,54302,54273,54302,29
left_turning,54303,54302,54303,1
sniffing,54429,54303,54429,126
left_turning,54476,54429,54476,47
grooming,54477,54476,54477,1
hunching,54481,54477,54481,4
grooming,54776,54481,54776,295
hunching,54850,54776,54850,74
grooming,54904,54850,54904,54
rearing,54945,54904,54945,41
running,54984,54945,54984,39
sniffing,55017,54984,55017,33
rising,55025,55017,55025,8
grooming,55195,55025,55195,170
rearing,55222,55195,55222,27
climbing,55223,55222,55223,1
sniffing,55273,55223,55273,50
grooming,55441,55273,55441,168
scratching,55442,55441,55442,1
stepping,55489,55442,55489,47
sniffing,55595,55489,55595,106
left_turning,55604,55595,55604,9
rising,55643,55604,55643,39
left_turning,55663,55643,55663,20
scratching,55664,55663,55664,1
sniffing,55896,55664,55896,232
stepping,55946,55896,55946,50
rising,55974,55946,55974,28
grooming,56152,55974,56152,178
rearing,56224,56152,56224,72
grooming,56225,56224,56225,1
trotting,56260,56225,56260,35
left_turning,56387,56260,56387,127
running,56407,56387,56407,20
walking,56441,56407,56441,34
stepping,56489,56441,56489,48
climbing,56675,56489,56675,186
rearing,56718,56675,56718,43
climbing,56822,56718,56822,104
grooming,56993,56822,56993,171
rearing,57050,56993,57050,57
grooming,57051,57050,57051,1
rearing,57127,57051,57127,76
left_turning,57160,57127,57160,33
sniffing,57161,57160,57161,1
walking,57213,57161,57213,52
sniffing,57337,57213,57337,124
walking,57363,57337,57363,26
stepping,57388,57363,57388,25
walking,57515,57388,57515,127
sniffing,57584,57515,57584,69
grooming,57697,57584,57697,113
rearing,57785,57697,57785,88
climbing,57838,57785,57838,53
rearing,57873,57838,57873,35
hunching,57937,57873,57937,64
grooming,57938,57937,57938,1
rearing,58011,57938,58011,73
climbing,58055,58011,58055,44
hunching,58149,58055,58149,94
sniffing,58184,58149,58184,35
walking,58272,58184,58272,88
running,58297,58272,58297,25
walking,58344,58297,58344,47
trotting,58383,58344,58383,39
rising,58558,58383,58558,175
walking,58623,58558,58623,65
rising,58639,58623,58639,16
rearing,58640,58639,58640,1
grooming,58641,58640,58641,1
stepping,58699,58641,58699,58
sniffing,58746,58699,58746,47
grooming,58747,58746,58747,1
hunching,58754,58747,58754,7
grooming,58992,58754,58992,238
walking,59085,58992,59085,93
sniffing,59086,59085,59086,1
grooming,59636,59086,59636,550
rearing,59687,59636,59687,51
climbing,59767,59687,59767,80
grooming,59771,59767,59771,4
rearing,59806,59771,59806,35
grooming,59807,59806,59807,1
rearing,59808,59807,59808,1
grooming,59809,59808,59809,1
sniffing,59871,59809,59871,62
rising,59899,59871,59899,28
grooming,60058,59899,60058,159
stepping,60092,60058,60092,34
rearing,60199,60092,60199,107
hunching,60200,60199,60200,1
rearing,60289,60200,60289,89
grooming,60365,60289,60365,76
rearing,60366,60365,60366,1
grooming,60367,60366,60367,1
right_turning,60408,60367,60408,41
stepping,60442,60408,60442,34
walking,60500,60442,60500,58
stepping,60549,60500,60549,49
sniffing,60550,60549,60550,1
rising,60661,60550,60661,111
sniffing,60681,60661,60681,20
walking,60751,60681,60751,70
grooming,60785,60751,60785,34
stepping,60786,60785,60786,1
walking,60822,60786,60822,36
right_turning,60862,60822,60862,40
sniffing,60871,60862,60871,9
walking,60919,60871,60919,48
sniffing,60989,60919,60989,70
stepping,61021,60989,61021,32
sniffing,61029,61021,61029,8
rising,61055,61029,61055,26
grooming,61282,61055,61282,227
stepping,61331,61282,61331,49
sniffing,61332,61331,61332,1
stepping,61361,61332,61361,29
walking,61401,61361,61401,40
sniffing,61489,61401,61489,88
left_turning,61537,61489,61537,48
hunching,61583,61537,61583,46
grooming,62148,61583,62148,565
left_turning,62153,62148,62153,5
grooming,62338,62153,62338,185
stepping,62368,62338,62368,30
climbing,62404,62368,62404,36
rearing,62699,62404,62699,295
climbing,62796,62699,62796,97
left_turning,62821,62796,62821,25
rising,62874,62821,62874,53
rearing,62875,62874,62875,1
grooming,63222,62875,63222,347
rearing,63347,63222,63347,125
climbing,63391,63347,63391,44
walking,63401,63391,63401,10
trotting,63439,63401,63439,38
stepping,63443,63439,63443,4
sniffing,63613,63443,63613,170
trotting,63665,63613,63665,52
stepping,63699,63665,63699,34
sniffing,63700,63699,63700,1
walking,63701,63700,63701,1
sniffing,63726,63701,63726,25
stepping,63834,63726,63834,108
sniffing,64007,63834,64007,173
stepping,64029,64007,64029,22
walking,64036,64029,64036,7
sniffing,64093,64036,64093,57
left_turning,64130,64093,64130,37
stepping,64203,64130,64203,73
sniffing,64217,64203,64217,14
left_turning,64240,64217,64240,23
walking,64280,64240,64280,40
rising,64367,64280,64367,87
sniffing,64384,64367,64384,17
walking,64409,64384,64409,25
stepping,64466,64409,64466,57
sniffing,64563,64466,64563,97
left_turning,64593,64563,64593,30
sniffing,64659,64593,64659,66
rearing,64739,64659,64739,80
grooming,64790,64739,64790,51
rising,64824,64790,64824,34
climbing,64861,64824,64861,37
stepping,64895,64861,64895,34
sniffing,64917,64895,64917,22
rising,64960,64917,64960,43
sniffing,65043,64960,65043,83
climbing,65185,65043,65185,142
rising,65186,65185,65186,1
rearing,65233,65186,65233,47
hunching,65235,65233,65235,2
rearing,65293,65235,65293,58
rising,65385,65293,65385,92
grooming,65403,65385,65403,18
rearing,65440,65403,65440,37
grooming,65509,65440,65509,69
trotting,65546,65509,65546,37
running,65572,65546,65572,26
sniffing,65573,65572,65573,1
walking,65623,65573,65623,50
sniffing,65624,65623,65624,1
stepping,65653,65624,65653,29
left_turning,65672,65653,65672,19
trotting,65731,65672,65731,59
sniffing,65832,65731,65832,101
right_turning,65889,65832,65889,57
walking,65966,65889,65966,77
sniffing,65967,65966,65967,1
stepping,66010,65967,66010,43
sniffing,66093,66010,66093,83
stepping,66146,66093,66146,53
running,66162,66146,66162,16
walking,66198,66162,66198,36
trotting,66210,66198,66210,12
sniffing,66211,66210,66211,1
left_turning,66242,66211,66242,31
running,66278,66242,66278,36
stepping,66316,66278,66316,38
rising,66380,66316,66380,64
sniffing,66396,66380,66396,16
rising,66428,66396,66428,32
walking,66460,66428,66460,32
left_turning,66508,66460,66508,48
grooming,66667,66508,66667,159
rearing,66708,66667,66708,41
hunching,66793,66708,66793,85
grooming,67037,66793,67037,244
rising,67038,67037,67038,1
sniffing,67080,67038,67080,42
stepping,67092,67080,67092,12
walking,67111,67092,67111,19
stepping,67153,67111,67153,42
walking,67194,67153,67194,41
trotting,67209,67194,67209,15
walking,67244,67209,67244,35
stepping,67293,67244,67293,49
grooming,67477,67293,67477,184
trotting,67478,67477,67478,1
sniffing,67522,67478,67522,44
right_turning,67523,67522,67523,1
stepping,67533,67523,67533,10
walking,67559,67533,67559,26
trotting,67603,67559,67603,44
sniffing,67649,67603,67649,46
grooming,67712,67649,67712,63
scratching,67713,67712,67713,1
grooming,68128,67713,68128,415
rearing,68188,68128,68188,60
grooming,68189,68188,68189,1
sniffing,68306,68189,68306,117
rising,68353,68306,68353,47
climbing,68443,68353,68443,90
left_turning,68497,68443,68497,54
scratching,68498,68497,68498,1
sniffing,68499,68498,68499,1
stepping,68500,68499,68500,1
left_turning,68541,68500,68541,41
running,68576,68541,68576,35
sniffing,68713,68576,68713,137
stepping,68799,68713,68799,86
right_turning,68800,68799,68800,1
sniffing,68856,68800,68856,56
climbing,68892,68856,68892,36
walking,68939,68892,68939,47
sniffing,69011,68939,69011,72
walking,69084,69011,69084,73
sniffing,69252,69084,69252,168
rising,69293,69252,69293,41
left_turning,69342,69293,69342,49
grooming,69532,69342,69532,190
left_turning,69537,69532,69537,5
grooming,69923,69537,69923,386
rearing,69924,69923,69924,1
stepping,69972,69924,69972,48
rising,69991,69972,69991,19
grooming,69992,69991,69992,1
sniffing,70106,69992,70106,114
rearing,70128,70106,70128,22
stepping,70192,70128,70192,64
sniffing,70510,70192,70510,318
walking,70529,70510,70529,19
rising,70545,70529,70545,16
climbing,70579,70545,70579,34
rearing,70595,70579,70595,16
climbing,70622,70595,70622,27
right_turning,70648,70622,70648,26
sniffing,70743,70648,70743,95
rearing,70760,70743,70760,17
rising,70827,70760,70827,67
walking,70851,70827,70851,24
stepping,70889,70851,70889,38
walking,70890,70889,70890,1
trotting,70921,70890,70921,31
walking,70956,70921,70956,35
trotting,71001,70956,71001,45
sniffing,71060,71001,71060,59
walking,71061,71060,71061,1
sniffing,71062,71061,71062,1
stepping,71085,71062,71085,23
rising,71148,71085,71148,63
trotting,71157,71148,71157,9
walking,71223,71157,71223,66
left_turning,71261,71223,71261,38
rearing,71262,71261,71262,1
grooming,71263,71262,71263,1
rearing,71338,71263,71338,75
right_turning,71378,71338,71378,40
sniffing,71379,71378,71379,1
grooming,71449,71379,71449,70
rearing,71490,71449,71490,41
walking,71501,71490,71501,11
sniffing,71542,71501,71542,41
running,71543,71542,71543,1
trotting,71552,71543,71552,9
stepping,71591,71552,71591,39
rising,71621,71591,71621,30
walking,71628,71621,71628,7
sniffing,71762,71628,71762,134
rising,71848,71762,71848,86
sniffing,71849,71848,71849,1
grooming,71850,71849,71850,1
hunching,71887,71850,71887,37
grooming,71888,71887,71888,1
sniffing,71960,71888,71960,72
stepping,72001,71960,72001,41
sniffing,72096,72001,72096,95
grooming,72097,72096,72097,1
rearing,72107,72097,72107,10
left_turning,72121,72107,72121,14
stepping,72145,72121,72145,24
sniffing,72379,72145,72379,234
stepping,72411,72379,72411,32
sniffing,72457,72411,72457,46
walking,72482,72457,72482,25
stepping,72513,72482,72513,31
walking,72586,72513,72586,73
rising,72608,72586,72608,22
climbing,72641,72608,72641,33
trotting,72645,72641,72645,4
rising,72677,72645,72677,32
stepping,72732,72677,72732,55
walking,72780,72732,72780,48
trotting,72793,72780,72793,13
walking,72811,72793,72811,18
sniffing,72890,72811,72890,79
left_turning,72895,72890,72895,5
scratching,72896,72895,72896,1
left_turning,72943,72896,72943,47
stepping,72983,72943,72983,40
right_turning,73040,72983,73040,57
sniffing,73041,73040,73041,1
stepping,73066,73041,73066,25
climbing,73123,73066,73123,57
walking,73214,73123,73214,91
sniffing,73239,73214,73239,25
rising,73270,73239,73270,31
rearing,73377,73270,73377,107
sniffing,73391,73377,73391,14
stepping,73431,73391,73431,40
walking,73455,73431,73455,24
sniffing,73544,73455,73544,89
stepping,73612,73544,73612,68
climbing,73668,73612,73668,56
left_turning,73754,73668,73754,86
walking,73805,73754,73805,51
stepping,73851,73805,73851,46
walking,73958,73851,73958,107
rising,74090,73958,74090,132
stepping,74170,74090,74170,80
walking,74217,74170,74217,47
sniffing,74220,74217,74220,3
stepping,74249,74220,74249,29
sniffing,74289,74249,74289,40
rising,74316,74289,74316,27
rearing,74349,74316,74349,33
climbing,74384,74349,74384,35
left_turning,74426,74384,74426,42
rising,74468,74426,74468,42
sniffing,74626,74468,74626,158
left_turning,74700,74626,74700,74
sniffing,74701,74700,74701,1
stepping,74783,74701,74783,82
trotting,74850,74783,74850,67
stepping,74864,74850,74864,14
sniffing,74980,74864,74980,116
stepping,75034,74980,75034,54
walking,75138,75034,75138,104
sniffing,75383,75138,75383,245
walking,75490,75383,75490,107
stepping,75555,75490,75555,65
sniffing,75628,75555,75628,73
rising,75646,75628,75646,18
climbing,75754,75646,75754,108
trotting,75802,75754,75802,48
sniffing,75866,75802,75866,64
pausing,75986,75866,75986,120
sniffing,76077,75986,76077,91
left_turning,76147,76077,76147,70
sniffing,76328,76147,76328,181
left_turning,76363,76328,76363,35
rising,76377,76363,76377,14
rearing,76400,76377,76400,23
walking,76435,76400,76435,35
stepping,76492,76435,76492,57
rising,76497,76492,76497,5
climbing,76630,76497,76630,133
walking,76750,76630,76750,120
sniffing,76800,76750,76800,50
stepping,76848,76800,76848,48
sniffing,77105,76848,77105,257
rising,77163,77105,77163,58
climbing,77223,77163,77223,60
left_turning,77247,77223,77247,24
sniffing,77248,77247,77248,1
rising,77306,77248,77306,58
climbing,77343,77306,77343,37
trotting,77396,77343,77396,53
walking,77441,77396,77441,45
stepping,77451,77441,77451,10
climbing,77452,77451,77452,1
stepping,77504,77452,77504,52
climbing,77544,77504,77544,40
sniffing,77582,77544,77582,38
walking,77619,77582,77619,37
stepping,77662,77619,77662,43
walking,77684,77662,77684,22
stepping,77720,77684,77720,36
right_turning,77731,77720,77731,11
walking,77795,77731,77795,64
left_turning,77842,77795,77842,47
walking,77892,77842,77892,50
stepping,77912,77892,77912,20
sniffing,78026,77912,78026,114
left_turning,78100,78026,78100,74
grooming,78101,78100,78101,1
sniffing,78244,78101,78244,143
stepping,78245,78244,78245,1
sniffing,78517,78245,78517,272
grooming,79185,78517,79185,668
stepping,79220,79185,79220,35
sniffing,79221,79220,79221,1
rising,79222,79221,79222,1
rearing,79251,79222,79251,29
rising,79328,79251,79328,77
sniffing,79414,79328,79414,86
rising,79481,79414,79481,67
grooming,79482,79481,79482,1
scratching,79483,79482,79483,1
grooming,79594,79483,79594,111
sniffing,79628,79594,79628,34
stepping,79656,79628,79656,28
walking,79743,79656,79743,87
sniffing,79771,79743,79771,28
stepping,79809,79771,79809,38
grooming,79907,79809,79907,98
stepping,80006,79907,80006,99
sniffing,80021,80006,80021,15
right_turning,80034,80021,80034,13
walking,80086,80034,80086,52
climbing,80159,80086,80159,73
grooming,80363,80159,80363,204
sniffing,80509,80363,80509,146
left_turning,80568,80509,80568,59
rising,80575,80568,80575,7
climbing,80583,80575,80583,8
right_turning,80634,80583,80634,51
rising,80635,80634,80635,1
climbing,80666,80635,80666,31
walking,80727,80666,80727,61
sniffing,80904,80727,80904,177
stepping,80947,80904,80947,43
sniffing,80948,80947,80948,1
rising,80951,80948,80951,3
grooming,81167,80951,81167,216
left_turning,81199,81167,81199,32
sniffing,81200,81199,81200,1
grooming,81577,81200,81577,377
scratching,81578,81577,81578,1
grooming,81579,81578,81579,1
scratching,81580,81579,81580,1
grooming,81581,81580,81581,1
scratching,81582,81581,81582,1
rising,81583,81582,81583,1
walking,81639,81583,81639,56
left_turning,81658,81639,81658,19
walking,81731,81658,81731,73
stepping,81799,81731,81799,68
sniffing,81995,81799,81995,196
left_turning,82025,81995,82025,30
right_turning,82031,82025,82031,6
sniffing,82052,82031,82052,21
rising,82081,82052,82081,29
rearing,82116,82081,82116,35
trotting,82166,82116,82166,50
sniffing,82167,82166,82167,1
climbing,82242,82167,82242,75
sniffing,82284,82242,82284,42
left_turning,82294,82284,82294,10
stepping,82365,82294,82365,71
left_turning,82433,82365,82433,68
walking,82434,82433,82434,1
rising,82444,82434,82444,10
sniffing,82490,82444,82490,46
walking,82558,82490,82558,68
sniffing,82559,82558,82559,1
running,82577,82559,82577,18
trotting,82622,82577,82622,45
running,82652,82622,82652,30
trotting,82682,82652,82682,30
sniffing,82792,82682,82792,110
walking,82874,82792,82874,82
sniffing,82916,82874,82916,42
stepping,82938,82916,82938,22
sniffing,83104,82938,83104,166
trotting,83105,83104,83105,1
climbing,83118,83105,83118,13
running,83139,83118,83139,21
trotting,83193,83139,83193,54
sniffing,83282,83193,83282,89
stepping,83302,83282,83302,20
rising,83343,83302,83343,41
rearing,83382,83343,83382,39
grooming,83383,83382,83383,1
left_turning,83410,83383,83410,27
stepping,83452,83410,83452,42
trotting,83518,83452,83518,66
stepping,83565,83518,83565,47
rising,83566,83565,83566,1
sniffing,83582,83566,83582,16
grooming,83682,83582,83682,100
left_turning,83717,83682,83717,35
rising,83766,83717,83766,49
grooming,83767,83766,83767,1
trotting,83802,83767,83802,35
grooming,84429,83802,84429,627
rearing,84435,84429,84435,6
grooming,84436,84435,84436,1
climbing,84484,84436,84484,48
right_turning,84485,84484,84485,1
trotting,84512,84485,84512,27
walking,84542,84512,84542,30
sniffing,84543,84542,84543,1
stepping,84589,84543,84589,46
sniffing,84622,84589,84622,33
walking,84623,84622,84623,1
rising,84716,84623,84716,93
climbing,84801,84716,84801,85
sniffing,84814,84801,84814,13
walking,84920,84814,84920,106
sniffing,85061,84920,85061,141
walking,85069,85061,85069,8
grooming,85139,85069,85139,70
scratching,85140,85139,85140,1
grooming,85141,85140,85141,1
rearing,85142,85141,85142,1
right_turning,85156,85142,85156,14
stepping,85199,85156,85199,43
climbing,85380,85199,85380,181
stepping,85412,85380,85412,32
rearing,85458,85412,85458,46
grooming,85459,85458,85459,1
rearing,85558,85459,85558,99
walking,85559,85558,85559,1
sniffing,85633,85559,85633,74
grooming,85634,85633,85634,1
rearing,85748,85634,85748,114
rising,85781,85748,85781,33
left_turning,85816,85781,85816,35
stepping,85861,85816,85861,45
sniffing,86024,85861,86024,163
walking,86117,86024,86117,93
grooming,86523,86117,86523,406
stepping,86569,86523,86569,46
walking,86588,86569,86588,19
sniffing,86589,86588,86589,1
left_turning,86639,86589,86639,50
sniffing,86813,86639,86813,174
rising,86865,86813,86865,52
grooming,87248,86865,87248,383
right_turning,87266,87248,87266,18
rising,87294,87266,87294,28
sniffing,87354,87294,87354,60
walking,87408,87354,87408,54
rearing,87409,87408,87409,1
grooming,87410,87409,87410,1
rearing,87423,87410,87423,13
left_turning,87452,87423,87452,29
walking,87529,87452,87529,77
sniffing,87550,87529,87550,21
grooming,87812,87550,87812,262
rising,87813,87812,87813,1
sniffing,87825,87813,87825,12
hunching,87874,87825,87874,49
grooming,88170,87874,88170,296
rising,88245,88170,88245,75
hunching,88312,88245,88312,67
grooming,88509,88312,88509,197
running,88520,88509,88520,11
sniffing,88576,88520,88576,56
walking,88621,88576,88621,45
sniffing,88813,88621,88813,192
walking,88821,88813,88821,8
sniffing,88822,88821,88822,1
rising,88823,88822,88823,1
left_turning,88873,88823,88873,50
sniffing,89034,88873,89034,161
stepping,89060,89034,89060,26
sniffing,89138,89060,89138,78
grooming,89427,89138,89427,289
stepping,89444,89427,89444,17
sniffing,89594,89444,89594,150
rising,89610,89594,89610,16
sniffing,89682,89610,89682,72
rearing,89761,89682,89761,79
walking,89847,89761,89847,86
climbing,89871,89847,89871,24
trotting,89904,89871,89904,33
walking,89949,89904,89949,45
sniffing,89950,89949,89950,1
rising,89993,89950,89993,43
walking,89998,89993,89998,5
sniffing,90090,89998,90090,92
walking,90091,90090,90091,1
sniffing,90142,90091,90142,51
climbing,90143,90142,90143,1
sniffing,90291,90143,90291,148
trotting,90324,90291,90324,33
walking,90363,90324,90363,39
sniffing,90364,90363,90364,1
stepping,90407,90364,90407,43
sniffing,90440,90407,90440,33
grooming,90800,90440,90800,360
rearing,90846,90800,90846,46
grooming,90847,90846,90847,1
walking,90856,90847,90856,9
climbing,90911,90856,90911,55
rearing,90912,90911,90912,1
hunching,90926,90912,90926,14
left_turning,90956,90926,90956,30
walking,90961,90956,90961,5
running,90984,90961,90984,23
sniffing,90985,90984,90985,1
grooming,91115,90985,91115,130
left_turning,91181,91115,91181,66
running,91215,91181,91215,34
rising,91306,91215,91306,91
trotting,91349,91306,91349,43
right_turning,91368,91349,91368,19
stepping,91411,91368,91411,43
sniffing,91431,91411,91431,20
walking,91513,91431,91513,82
trotting,91541,91513,91541,28
sniffing,91809,91541,91809,268
rearing,91865,91809,91865,56
hunching,91956,91865,91956,91
grooming,91957,91956,91957,1
left_turning,91960,91957,91960,3
grooming,92306,91960,92306,346
sniffing,92323,92306,92323,17
rising,92324,92323,92324,1
climbing,92432,92324,92432,108
walking,92478,92432,92478,46
grooming,92479,92478,92479,1
rearing,92540,92479,92540,61
grooming,92541,92540,92541,1
hunching,92602,92541,92602,61
grooming,92658,92602,92658,56
trotting,92659,92658,92659,1
rising,92681,92659,92681,22
sniffing,92682,92681,92682,1
grooming,92885,92682,92885,203
walking,92912,92885,92912,27
rearing,92959,92912,92959,47
hunching,93088,92959,93088,129
grooming,93097,93088,93097,9
rearing,93187,93097,93187,90
climbing,93222,93187,93222,35
grooming,93348,93222,93348,126
hunching,93349,93348,93349,1
rearing,93385,93349,93385,36
stepping,93451,93385,93451,66
rearing,93516,93451,93516,65
climbing,93566,93516,93566,50
left_turning,93645,93566,93645,79
walking,93667,93645,93667,22
stepping,93683,93667,93683,16
trotting,93708,93683,93708,25
rising,93733,93708,93733,25
grooming,93734,93733,93734,1
sniffing,93785,93734,93785,51
walking,93786,93785,93786,1
rearing,93837,93786,93837,51
hunching,93916,93837,93916,79
left_turning,93938,93916,93938,22
sniffing,94018,93938,94018,80
rising,94022,94018,94022,4
grooming,94023,94022,94023,1
scratching,94024,94023,94024,1
sniffing,94098,94024,94098,74
grooming,94168,94098,94168,70
walking,94204,94168,94204,36
sniffing,94331,94204,94331,127
left_turning,94354,94331,94354,23
grooming,94502,94354,94502,148
rearing,94567,94502,94567,65
walking,94610,94567,94610,43
stepping,94636,94610,94636,26
rising,94637,94636,94637,1
sniffing,94713,94637,94713,76
left_turning,94762,94713,94762,49
rising,94856,94762,94856,94
climbing,94869,94856,94869,13
rearing,94922,94869,94922,53
stepping,94995,94922,94995,73
trotting,95005,94995,95005,10
stepping,95050,95005,95050,45
rising,95089,95050,95089,39
rearing,95171,95089,95171,82
climbing,95266,95171,95266,95
right_turning,95316,95266,95316,50
stepping,95364,95316,95364,48
grooming,95365,95364,95365,1
rearing,95448,95365,95448,83
grooming,95610,95448,95610,162
climbing,95628,95610,95628,18
trotting,95643,95628,95643,15
walking,95666,95643,95666,23
stepping,95704,95666,95704,38
rising,95872,95704,95872,168
climbing,95941,95872,95941,69
grooming,96090,95941,96090,149
climbing,96111,96090,96111,21
right_turning,96132,96111,96132,21
running,96170,96132,96170,38
stepping,96171,96170,96171,1
right_turning,96215,96171,96215,44
walking,96225,96215,96225,10
sniffing,96226,96225,96226,1
rising,96281,96226,96281,55
stepping,96315,96281,96315,34
rearing,96350,96315,96350,35
stepping,96409,96350,96409,59
right_turning,96469,96409,96469,60
walking,96502,96469,96502,33
sniffing,96818,96502,96818,316
right_turning,96835,96818,96835,17
rearing,97010,96835,97010,175
climbing,97100,97010,97100,90
stepping,97131,97100,97131,31
walking,97156,97131,97156,25
rearing,97168,97156,97168,12
climbing,97228,97168,97228,60
rearing,97278,97228,97278,50
grooming,97279,97278,97279,1
sniffing,97376,97279,97376,97
walking,97419,97376,97419,43
sniffing,97450,97419,97450,31
left_turning,97489,97450,97489,39
rising,97583,97489,97583,94
left_turning,97645,97583,97645,62
grooming,97896,97645,97896,251
rearing,97897,97896,97897,1
sniffing,97932,97897,97932,35
stepping,97952,97932,97952,20
trotting,97956,97952,97956,4
left_turning,97957,97956,97957,1
walking,97985,97957,97985,28
rising,98029,97985,98029,44
climbing,98127,98029,98127,98
rearing,98206,98127,98206,79
sniffing,98262,98206,98262,56
stepping,98309,98262,98309,47
walking,98352,98309,98352,43
stepping,98378,98352,98378,26
sniffing,98394,98378,98394,16
rearing,98479,98394,98479,85
climbing,98588,98479,98588,109
right_turning,98667,98588,98667,79
walking,98711,98667,98711,44
sniffing,98712,98711,98712,1
walking,98752,98712,98752,40
sniffing,98774,98752,98774,22
grooming,98775,98774,98775,1
sniffing,98778,98775,98778,3
stepping,98810,98778,98810,32
sniffing,98919,98810,98919,109
stepping,98926,98919,98926,7
sniffing,99056,98926,99056,130
trotting,99069,99056,99069,13
stepping,99080,99069,99080,11
sniffing,99130,99080,99130,50
rising,99177,99130,99177,47
rearing,99275,99177,99275,98
climbing,99282,99275,99282,7
grooming,99283,99282,99283,1
sniffing,99430,99283,99430,147
stepping,99515,99430,99515,85
sniffing,99670,99515,99670,155
left_turning,99720,99670,99720,50
grooming,99792,99720,99792,72
hunching,99793,99792,99793,1
grooming,99838,99793,99838,45
hunching,99946,99838,99946,108
left_turning,99953,99946,99953,7
sniffing,99997,99953,99997,44
walking,100061,99997,100061,64
grooming,100338,100061,100338,277
climbing,100394,100338,100394,56
rearing,100395,100394,100395,1
grooming,100859,100395,100859,464
rearing,100943,100859,100943,84
grooming,100992,100943,100992,49
sniffing,101075,100992,101075,83
walking,101189,101075,101189,114
climbing,101309,101189,101309,120
right_turning,101348,101309,101348,39
stepping,101410,101348,101410,62
sniffing,101436,101410,101436,26
scratching,101437,101436,101437,1
rising,101438,101437,101438,1
grooming,101447,101438,101447,9
sniffing,101536,101447,101536,89
stepping,101563,101536,101563,27
rearing,101675,101563,101675,112
sniffing,101790,101675,101790,115
walking,101791,101790,101791,1
sniffing,101918,101791,101918,127
scratching,101919,101918,101919,1
left_turning,101976,101919,101976,57
sniffing,102008,101976,102008,32
left_turning,102044,102008,102044,36
trotting,102052,102044,102052,8
running,102109,102052,102109,57
walking,102151,102109,102151,42
sniffing,102273,102151,102273,122
left_turning,102281,102273,102281,8
rearing,102316,102281,102316,35
left_turning,102317,102316,102317,1
grooming,102330,102317,102330,13
left_turning,102331,102330,102331,1
grooming,102332,102331,102332,1
rearing,102361,102332,102361,29
left_turning,102393,102361,102393,32
rearing,102483,102393,102483,90
climbing,102494,102483,102494,11
running,102514,102494,102514,20
walking,102589,102514,102589,75
sniffing,102590,102589,102590,1
rising,102591,102590,102591,1
rearing,102711,102591,102711,120
climbing,102746,102711,102746,35
rearing,102874,102746,102874,128
climbing,102969,102874,102969,95
rearing,103078,102969,103078,109
grooming,103220,103078,103220,142
sniffing,103221,103220,103221,1
left_turning,103260,103221,103260,39
stepping,103281,103260,103281,21
sniffing,103282,103281,103282,1
walking,103336,103282,103336,54
rising,103414,103336,103414,78
grooming,103483,103414,103483,69
left_turning,103484,103483,103484,1
climbing,103625,103484,103625,141
grooming,103674,103625,103674,49
rearing,103695,103674,103695,21
grooming,104556,103695,104556,861
sniffing,104757,104556,104757,201
rearing,104758,104757,104758,1
grooming,104930,104758,104930,172
rearing,105015,104930,105015,85
climbing,105103,105015,105103,88
grooming,105255,105103,105255,152
sniffing,105524,105255,105524,269
rising,105612,105524,105612,88
sniffing,105654,105612,105654,42
stepping,105688,105654,105688,34
trotting,105715,105688,105715,27
walking,105759,105715,105759,44
sniffing,105793,105759,105793,34
rising,105868,105793,105868,75
rearing,105869,105868,105869,1
climbing,105879,105869,105879,10
right_turning,105890,105879,105890,11
climbing,105942,105890,105942,52
grooming,105943,105942,105943,1
left_turning,105986,105943,105986,43
sniffing,106164,105986,106164,178
climbing,106165,106164,106165,1
jumping,106166,106165,106166,1
rising,106214,106166,106214,48
sniffing,106233,106214,106233,19
grooming,106234,106233,106234,1
rearing,106321,106234,106321,87
grooming,106419,106321,106419,98
walking,106480,106419,106480,61
sniffing,106528,106480,106528,48
left_turning,106552,106528,106552,24
walking,106601,106552,106601,49
rising,106663,106601,106663,62
sniffing,106702,106663,106702,39
scratching,106703,106702,106703,1
grooming,106893,106703,106893,190
walking,106902,106893,106902,9
stepping,106970,106902,106970,68
sniffing,107016,106970,107016,46
trotting,107063,107016,107063,47
sniffing,107064,107063,107064,1
grooming,107076,107064,107076,12
running,107077,107076,107077,1
walking,107106,107077,107106,29
stepping,107121,107106,107121,15
walking,107146,107121,107146,25
sniffing,107226,107146,107226,80
rising,107378,107226,107378,152
stepping,107453,107378,107453,75
climbing,107530,107453,107530,77
walking,107584,107530,107584,54
sniffing,107585,107584,107585,1
walking,107632,107585,107632,47
sniffing,107770,107632,107770,138
climbing,107960,107770,107960,190
running,107987,107960,107987,27
walking,108000,107987,108000,13
