revised_movement_label,segBoundary,segBoundary_start,segBoundary_end,length
stepping,66,0,66,66
sniffing,115,66,115,49
walking,153,115,153,38
sniffing,213,153,213,60
rising,214,213,214,1
rearing,245,214,245,31
left_turning,280,245,280,35
walking,322,280,322,42
sniffing,412,322,412,90
stepping,457,412,457,45
sniffing,510,457,510,53
rising,544,510,544,34
walking,596,544,596,52
trotting,665,596,665,69
walking,704,665,704,39
sniffing,857,704,857,153
rising,858,857,858,1
left_turning,888,858,888,30
stepping,911,888,911,23
right_turning,941,911,941,30
running,978,941,978,37
rising,1002,978,1002,24
grooming,1112,1002,1112,110
trotting,1143,1112,1143,31
walking,1230,1143,1230,87
stepping,1238,1230,1238,8
rising,1290,1238,1290,52
grooming,1324,1290,1324,34
sniffing,1328,1324,1328,4
stepping,1351,1328,1351,23
walking,1424,1351,1424,73
trotting,1425,1424,1425,1
sniffing,1426,1425,1426,1
left_turning,1449,1426,1449,23
trotting,1526,1449,1526,77
stepping,1573,1526,1573,47
sniffing,1596,1573,1596,23
rising,1635,1596,1635,39
walking,1636,1635,1636,1
stepping,1676,1636,1676,40
sniffing,1778,1676,1778,102
grooming,1842,1778,1842,64
sniffing,1860,1842,1860,18
rearing,1931,1860,1931,71
sniffing,1949,1931,1949,18
stepping,1997,1949,1997,48
walking,2064,1997,2064,67
sniffing,2303,2064,2303,239
walking,2347,2303,2347,44
rising,2387,2347,2387,40
sniffing,2436,2387,2436,49
stepping,2460,2436,2460,24
walking,2563,2460,2563,103
stepping,2600,2563,2600,37
sniffing,2639,2600,2639,39
rising,2686,2639,2686,47
climbing,2692,2686,2692,6
hunching,2745,2692,2745,53
rising,2760,2745,2760,15
climbing,2795,2760,2795,35
grooming,2905,2795,2905,110
left_turning,2935,2905,2935,30
stepping,3025,2935,3025,90
sniffing,3070,3025,3070,45
stepping,3125,3070,3125,55
rising,3126,3125,3126,1
sniffing,3223,3126,3223,97
stepping,3267,3223,3267,44
walking,3268,3267,3268,1
rising,3281,3268,3281,13
sniffing,3282,3281,3282,1
stepping,3348,3282,3348,66
running,3360,3348,3360,12
sniffing,3410,3360,3410,50
hunching,3421,3410,3421,11
rearing,3437,3421,3437,16
stepping,3491,3437,3491,54
rearing,3529,3491,3529,38
rising,3561,3529,3561,32
walking,3678,3561,3678,117
stepping,3685,3678,3685,7
rising,3686,3685,3686,1
left_turning,3744,3686,3744,58
rising,3745,3744,3745,1
left_turning,3746,3745,3746,1
sniffing,3772,3746,3772,26
stepping,3802,3772,3802,30
rising,3830,3802,3830,28
grooming,3913,3830,3913,83
sniffing,3976,3913,3976,63
rising,3977,3976,3977,1
walking,3997,3977,3997,20
sniffing,3998,3997,3998,1
rearing,4127,3998,4127,129
sniffing,4197,4127,4197,70
rising,4277,4197,4277,80
rearing,4289,4277,4289,12
rising,4290,4289,4290,1
grooming,4410,4290,4410,120
hunching,4445,4410,4445,35
left_turning,4469,4445,4469,24
sniffing,4523,4469,4523,54
rising,4537,4523,4537,14
sniffing,4560,4537,4560,23
rising,4571,4560,4571,11
sniffing,4683,4571,4683,112
rising,4692,4683,4692,9
stepping,4735,4692,4735,43
climbing,4784,4735,4784,49
rearing,4849,4784,4849,65
left_turning,4918,4849,4918,69
walking,5036,4918,5036,118
sniffing,5059,5036,5059,23
rising,5072,5059,5072,13
climbing,5123,5072,5123,51
grooming,5470,5123,5470,347
left_turning,5558,5470,5558,88
rising,5578,5558,5578,20
walking,5579,5578,5579,1
rearing,5580,5579,5580,1
left_turning,5581,5580,5581,1
sniffing,5582,5581,5582,1
rising,5635,5582,5635,53
walking,5663,5635,5663,28
running,5693,5663,5693,30
walking,5712,5693,5712,19
sniffing,5726,5712,5726,14
grooming,5904,5726,5904,178
walking,5943,5904,5943,39
stepping,6013,5943,6013,70
sniffing,6036,6013,6036,23
left_turning,6037,6036,6037,1
rising,6106,6037,6106,69
trotting,6149,6106,6149,43
walking,6164,6149,6164,15
stepping,6197,6164,6197,33
sniffing,6300,6197,6300,103
stepping,6374,6300,6374,74
sniffing,6375,6374,6375,1
rising,6393,6375,6393,18
trotting,6429,6393,6429,36
stepping,6457,6429,6457,28
rising,6458,6457,6458,1
stepping,6498,6458,6498,40
sniffing,6554,6498,6554,56
walking,6608,6554,6608,54
sniffing,6667,6608,6667,59
rising,6700,6667,6700,33
left_turning,6718,6700,6718,18
walking,6739,6718,6739,21
rising,6775,6739,6775,36
walking,6808,6775,6808,33
sniffing,6953,6808,6953,145
rising,7050,6953,7050,97
running,7060,7050,7060,10
trotting,7116,7060,7116,56
walking,7117,7116,7117,1
right_turning,7118,7117,7118,1
walking,7260,7118,7260,142
rising,7261,7260,7261,1
grooming,7315,7261,7315,54
sniffing,7406,7315,7406,91
stepping,7470,7406,7470,64
grooming,7471,7470,7471,1
hunching,7484,7471,7484,13
grooming,7485,7484,7485,1
walking,7545,7485,7545,60
sniffing,7592,7545,7592,47
walking,7630,7592,7630,38
trotting,7635,7630,7635,5
walking,7725,7635,7725,90
rising,7728,7725,7728,3
right_turning,7768,7728,7768,40
stepping,7846,7768,7846,78
walking,7924,7846,7924,78
stepping,8008,7924,8008,84
walking,8009,8008,8009,1
rising,8082,8009,8082,73
sniffing,8083,8082,8083,1
trotting,8084,8083,8084,1
rising,8085,8084,8085,1
sniffing,8162,8085,8162,77
right_turning,8169,8162,8169,7
running,8204,8169,8204,35
sniffing,8236,8204,8236,32
stepping,8243,8236,8243,7
walking,8290,8243,8290,47
stepping,8347,8290,8347,57
walking,8356,8347,8356,9
sniffing,8357,8356,8357,1
rearing,8363,8357,8363,6
hunching,8401,8363,8401,38
rearing,8435,8401,8435,34
rising,8443,8435,8443,8
walking,8471,8443,8471,28
stepping,8482,8471,8482,11
walking,8497,8482,8497,15
stepping,8563,8497,8563,66
sniffing,8570,8563,8570,7
rising,8609,8570,8609,39
grooming,8874,8609,8874,265
left_turning,8895,8874,8895,21
walking,8942,8895,8942,47
stepping,9004,8942,9004,62
sniffing,9163,9004,9163,159
walking,9173,9163,9173,10
right_turning,9234,9173,9234,61
walking,9303,9234,9303,69
grooming,9356,9303,9356,53
rearing,9357,9356,9357,1
walking,9422,9357,9422,65
rearing,9467,9422,9467,45
grooming,9540,9467,9540,73
sniffing,9658,9540,9658,118
walking,9713,9658,9713,55
sniffing,9853,9713,9853,140
walking,9854,9853,9854,1
stepping,9895,9854,9895,41
walking,9921,9895,9921,26
stepping,9970,9921,9970,49
walking,10025,9970,10025,55
climbing,10026,10025,10026,1
rearing,10027,10026,10027,1
climbing,10081,10027,10081,54
grooming,10082,10081,10082,1
sniffing,10119,10082,10119,37
grooming,10153,10119,10153,34
rearing,10202,10153,10202,49
grooming,10247,10202,10247,45
sniffing,10311,10247,10311,64
scratching,10312,10311,10312,1
grooming,10448,10312,10448,136
sniffing,10449,10448,10449,1
left_turning,10468,10449,10468,19
trotting,10469,10468,10469,1
sniffing,10470,10469,10470,1
rising,10528,10470,10528,58
grooming,10529,10528,10529,1
sniffing,10530,10529,10530,1
climbing,10614,10530,10614,84
walking,10671,10614,10671,57
rising,10718,10671,10718,47
grooming,10759,10718,10759,41
stepping,10778,10759,10778,19
walking,10835,10778,10835,57
rearing,10920,10835,10920,85
walking,10921,10920,10921,1
stepping,10946,10921,10946,25
walking,11000,10946,11000,54
stepping,11022,11000,11022,22
climbing,11061,11022,11061,39
grooming,11062,11061,11062,1
rearing,11134,11062,11134,72
hunching,11157,11134,11157,23
rearing,11198,11157,11198,41
grooming,11363,11198,11363,165
walking,11421,11363,11421,58
trotting,11450,11421,11450,29
rising,11474,11450,11474,24
rearing,11534,11474,11534,60
hunching,11535,11534,11535,1
grooming,11536,11535,11536,1
rising,11601,11536,11601,65
grooming,11683,11601,11683,82
hunching,11696,11683,11696,13
rising,11818,11696,11818,122
hunching,11837,11818,11837,19
left_turning,11845,11837,11845,8
walking,11900,11845,11900,55
sniffing,11905,11900,11905,5
rising,11966,11905,11966,61
walking,12162,11966,12162,196
sniffing,12244,12162,12244,82
stepping,12281,12244,12281,37
walking,12368,12281,12368,87
stepping,12407,12368,12407,39
right_turning,12456,12407,12456,49
stepping,12509,12456,12509,53
climbing,12673,12509,12673,164
rearing,12741,12673,12741,68
rising,12792,12741,12792,51
rearing,12793,12792,12793,1
climbing,12844,12793,12844,51
grooming,12926,12844,12926,82
trotting,12955,12926,12955,29
sniffing,13214,12955,13214,259
rising,13240,13214,13240,26
walking,13284,13240,13284,44
stepping,13351,13284,13351,67
sniffing,13463,13351,13463,112
grooming,13614,13463,13614,151
stepping,13641,13614,13641,27
grooming,13669,13641,13669,28
rearing,13729,13669,13729,60
walking,13807,13729,13807,78
sniffing,13962,13807,13962,155
stepping,14008,13962,14008,46
left_turning,14046,14008,14046,38
walking,14053,14046,14053,7
sniffing,14104,14053,14104,51
running,14127,14104,14127,23
walking,14149,14127,14149,22
sniffing,14221,14149,14221,72
grooming,14269,14221,14269,48
hunching,14300,14269,14300,31
climbing,14311,14300,14311,11
sniffing,14431,14311,14431,120
grooming,14501,14431,14501,70
rearing,14538,14501,14538,37
hunching,14559,14538,14559,21
rising,14563,14559,14563,4
sniffing,14644,14563,14644,81
rising,14703,14644,14703,59
sniffing,14704,14703,14704,1
rearing,14706,14704,14706,2
right_turning,14717,14706,14717,11
sniffing,14774,14717,14774,57
left_turning,14775,14774,14775,1
running,14790,14775,14790,15
stepping,14802,14790,14802,12
walking,14839,14802,14839,37
grooming,14925,14839,14925,86
rising,14972,14925,14972,47
sniffing,15028,14972,15028,56
hunching,15034,15028,15034,6
grooming,15190,15034,15190,156
scratching,15191,15190,15191,1
sniffing,15192,15191,15192,1
stepping,15240,15192,15240,48
sniffing,15275,15240,15275,35
rising,15339,15275,15339,64
grooming,15389,15339,15389,50
rearing,15477,15389,15477,88
hunching,15478,15477,15478,1
rearing,15479,15478,15479,1
hunching,15493,15479,15493,14
rearing,15579,15493,15579,86
stepping,15644,15579,15644,65
grooming,15761,15644,15761,117
left_turning,15800,15761,15800,39
walking,15854,15800,15854,54
rising,15906,15854,15906,52
climbing,15912,15906,15912,6
left_turning,15913,15912,15913,1
running,15920,15913,15920,7
walking,16018,15920,16018,98
stepping,16038,16018,16038,20
walking,16112,16038,16112,74
grooming,16319,16112,16319,207
scratching,16320,16319,16320,1
grooming,16437,16320,16437,117
rearing,16515,16437,16515,78
grooming,16700,16515,16700,185
left_turning,16709,16700,16709,9
stepping,16743,16709,16743,34
rising,16803,16743,16803,60
grooming,17019,16803,17019,216
scratching,17020,17019,17020,1
grooming,17078,17020,17078,58
running,17110,17078,17110,32
stepping,17121,17110,17121,11
rearing,17211,17121,17211,90
grooming,17256,17211,17256,45
hunching,17322,17256,17322,66
rearing,17325,17322,17325,3
sniffing,17326,17325,17326,1
right_turning,17348,17326,17348,22
sniffing,17409,17348,17409,61
grooming,17516,17409,17516,107
hunching,17526,17516,17526,10
rearing,17527,17526,17527,1
rising,17550,17527,17550,23
sniffing,17582,17550,17582,32
stepping,17663,17582,17663,81
sniffing,17664,17663,17664,1
grooming,17841,17664,17841,177
sniffing,17842,17841,17842,1
grooming,17912,17842,17912,70
trotting,17924,17912,17924,12
stepping,17952,17924,17952,28
sniffing,17956,17952,17956,4
rearing,17982,17956,17982,26
left_turning,17983,17982,17983,1
sniffing,17986,17983,17986,3
walking,18011,17986,18011,25
rising,18038,18011,18038,27
grooming,18220,18038,18220,182
left_turning,18246,18220,18246,26
stepping,18247,18246,18247,1
rising,18285,18247,18285,38
sniffing,18482,18285,18482,197
rising,18534,18482,18534,52
sniffing,18574,18534,18574,40
grooming,18677,18574,18677,103
rearing,18684,18677,18684,7
grooming,18685,18684,18685,1
climbing,18721,18685,18721,36
left_turning,18725,18721,18725,4
sniffing,18726,18725,18726,1
left_turning,18836,18726,18836,110
walking,18882,18836,18882,46
sniffing,19004,18882,19004,122
trotting,19037,19004,19037,33
rising,19066,19037,19066,29
walking,19113,19066,19113,47
rearing,19119,19113,19119,6
climbing,19167,19119,19167,48
sniffing,19191,19167,19191,24
grooming,19276,19191,19276,85
running,19315,19276,19315,39
walking,19392,19315,19392,77
stepping,19442,19392,19442,50
sniffing,19517,19442,19517,75
grooming,19518,19517,19518,1
stepping,19533,19518,19533,15
climbing,19617,19533,19617,84
rising,19665,19617,19665,48
grooming,19998,19665,19998,333
rising,19999,19998,19999,1
hunching,20055,19999,20055,56
rearing,20092,20055,20092,37
hunching,20095,20092,20095,3
grooming,20096,20095,20096,1
stepping,20161,20096,20161,65
walking,20192,20161,20192,31
left_turning,20240,20192,20240,48
sniffing,20340,20240,20340,100
trotting,20390,20340,20390,50
left_turning,20437,20390,20437,47
grooming,20479,20437,20479,42
sniffing,20502,20479,20502,23
rising,20561,20502,20561,59
stepping,20572,20561,20572,11
sniffing,20641,20572,20641,69
climbing,20642,20641,20642,1
grooming,20780,20642,20780,138
left_turning,20823,20780,20823,43
sniffing,20873,20823,20873,50
grooming,20874,20873,20874,1
stepping,20910,20874,20910,36
walking,20960,20910,20960,50
grooming,21077,20960,21077,117
rearing,21175,21077,21175,98
climbing,21186,21175,21186,11
stepping,21207,21186,21207,21
walking,21209,21207,21209,2
stepping,21231,21209,21231,22
sniffing,21329,21231,21329,98
stepping,21369,21329,21369,40
grooming,21370,21369,21370,1
sniffing,21393,21370,21393,23
stepping,21394,21393,21394,1
rising,21466,21394,21466,72
grooming,21467,21466,21467,1
rearing,21514,21467,21514,47
grooming,21594,21514,21594,80
sniffing,21621,21594,21621,27
stepping,21622,21621,21622,1
rearing,21691,21622,21691,69
walking,21708,21691,21708,17
grooming,21756,21708,21756,48
trotting,21763,21756,21763,7
sniffing,21776,21763,21776,13
rising,21836,21776,21836,60
sniffing,21837,21836,21837,1
right_turning,21850,21837,21850,13
rising,21860,21850,21860,10
climbing,21898,21860,21898,38
walking,21913,21898,21913,15
rearing,21963,21913,21963,50
hunching,22038,21963,22038,75
stepping,22073,22038,22073,35
grooming,22151,22073,22151,78
sniffing,22152,22151,22152,1
walking,22163,22152,22163,11
sniffing,22263,22163,22263,100
stepping,22320,22263,22320,57
sniffing,22390,22320,22390,70
hunching,22446,22390,22446,56
grooming,22626,22446,22626,180
rearing,22682,22626,22682,56
grooming,22768,22682,22768,86
rearing,22769,22768,22769,1
grooming,22770,22769,22770,1
right_turning,22819,22770,22819,49
stepping,22825,22819,22825,6
grooming,22870,22825,22870,45
stepping,22912,22870,22912,42
rising,22946,22912,22946,34
sniffing,23048,22946,23048,102
climbing,23054,23048,23054,6
rising,23097,23054,23097,43
rearing,23102,23097,23102,5
walking,23154,23102,23154,52
stepping,23170,23154,23170,16
sniffing,23258,23170,23258,88
left_turning,23259,23258,23259,1
walking,23369,23259,23369,110
stepping,23421,23369,23421,52
walking,23427,23421,23427,6
rising,23428,23427,23428,1
stepping,23453,23428,23453,25
grooming,23671,23453,23671,218
climbing,23733,23671,23733,62
grooming,23852,23733,23852,119
right_turning,23862,23852,23862,10
stepping,23954,23862,23954,92
grooming,23988,23954,23988,34
left_turning,24023,23988,24023,35
stepping,24114,24023,24114,91
walking,24171,24114,24171,57
sniffing,24211,24171,24211,40
stepping,24267,24211,24267,56
grooming,24288,24267,24288,21
climbing,24333,24288,24333,45
trotting,24363,24333,24363,30
rising,24398,24363,24398,35
rearing,24464,24398,24464,66
rising,24508,24464,24508,44
sniffing,24526,24508,24526,18
stepping,24557,24526,24557,31
walking,24605,24557,24605,48
stepping,24649,24605,24649,44
sniffing,24742,24649,24742,93
grooming,24774,24742,24774,32
rising,24795,24774,24795,21
climbing,24829,24795,24829,34
left_turning,24855,24829,24855,26
grooming,24880,24855,24880,25
walking,24893,24880,24893,13
sniffing,25023,24893,25023,130
rising,25077,25023,25077,54
sniffing,25110,25077,25110,33
rearing,25198,25110,25198,88
sniffing,25287,25198,25287,89
rising,25308,25287,25308,21
rearing,25369,25308,25369,61
hunching,25418,25369,25418,49
grooming,25622,25418,25622,204
hunching,25720,25622,25720,98
grooming,25828,25720,25828,108
rearing,25829,25828,25829,1
grooming,26248,25829,26248,419
left_turning,26249,26248,26249,1
walking,26307,26249,26307,58
rising,26308,26307,26308,1
rearing,26309,26308,26309,1
grooming,26436,26309,26436,127
sniffing,26582,26436,26582,146
grooming,26583,26582,26583,1
right_turning,26604,26583,26604,21
sniffing,26773,26604,26773,169
hunching,26837,26773,26837,64
grooming,26844,26837,26844,7
sniffing,26899,26844,26899,55
climbing,26990,26899,26990,91
left_turning,27051,26990,27051,61
running,27065,27051,27065,14
right_turning,27095,27065,27095,30
sniffing,27222,27095,27222,127
rising,27236,27222,27236,14
climbing,27317,27236,27317,81
grooming,27457,27317,27457,140
rearing,27458,27457,27458,1
hunching,27562,27458,27562,104
rising,27594,27562,27594,32
climbing,27680,27594,27680,86
right_turning,27723,27680,27723,43
walking,27777,27723,27777,54
rising,27778,27777,27778,1
sniffing,27939,27778,27939,161
running,27956,27939,27956,17
right_turning,27963,27956,27963,7
trotting,27991,27963,27991,28
stepping,28055,27991,28055,64
rising,28083,28055,28083,28
rearing,28145,28083,28145,62
left_turning,28178,28145,28178,33
sniffing,28230,28178,28230,52
rising,28314,28230,28314,84
climbing,28388,28314,28388,74
stepping,28440,28388,28440,52
walking,28458,28440,28458,18
stepping,28509,28458,28509,51
sniffing,28766,28509,28766,257
walking,28804,28766,28804,38
sniffing,28926,28804,28926,122
grooming,28946,28926,28946,20
rearing,28959,28946,28959,13
grooming,29040,28959,29040,81
sniffing,29122,29040,29122,82
stepping,29150,29122,29150,28
sniffing,29298,29150,29298,148
grooming,29399,29298,29399,101
left_turning,29479,29399,29479,80
rising,29502,29479,29502,23
climbing,29503,29502,29503,1
right_turning,29524,29503,29524,21
sniffing,29616,29524,29616,92
grooming,29617,29616,29617,1
right_turning,29658,29617,29658,41
rising,29675,29658,29675,17
trotting,29708,29675,29708,33
walking,29731,29708,29731,23
sniffing,29732,29731,29732,1
grooming,29883,29732,29883,151
stepping,29915,29883,29915,32
sniffing,30061,29915,30061,146
walking,30085,30061,30085,24
stepping,30130,30085,30130,45
rising,30147,30130,30147,17
sniffing,30228,30147,30228,81
rising,30229,30228,30229,1
right_turning,30256,30229,30256,27
sniffing,30352,30256,30352,96
grooming,30667,30352,30667,315
walking,30689,30667,30689,22
grooming,30742,30689,30742,53
rearing,30811,30742,30811,69
climbing,30883,30811,30883,72
sniffing,30884,30883,30884,1
grooming,31032,30884,31032,148
rising,31057,31032,31057,25
grooming,31365,31057,31365,308
rising,31366,31365,31366,1
climbing,31421,31366,31421,55
walking,31422,31421,31422,1
rising,31423,31422,31423,1
climbing,31505,31423,31505,82
grooming,31547,31505,31547,42
rearing,31624,31547,31624,77
grooming,32020,31624,32020,396
left_turning,32027,32020,32027,7
grooming,32322,32027,32322,295
rearing,32345,32322,32345,23
grooming,32369,32345,32369,24
walking,32404,32369,32404,35
grooming,32529,32404,32529,125
hunching,32530,32529,32530,1
grooming,32613,32530,32613,83
hunching,32653,32613,32653,40
rearing,32667,32653,32667,14
left_turning,32707,32667,32707,40
stepping,32738,32707,32738,31
sniffing,32842,32738,32842,104
walking,32886,32842,32886,44
sniffing,32941,32886,32941,55
rising,32950,32941,32950,9
stepping,32998,32950,32998,48
walking,33023,32998,33023,25
sniffing,33024,33023,33024,1
grooming,33201,33024,33201,177
hunching,33257,33201,33257,56
sniffing,33376,33257,33376,119
hunching,33548,33376,33548,172
rearing,33676,33548,33676,128
hunching,33798,33676,33798,122
grooming,33894,33798,33894,96
rearing,33947,33894,33947,53
stepping,33959,33947,33959,12
grooming,33960,33959,33960,1
left_turning,34020,33960,34020,60
scratching,34021,34020,34021,1
grooming,34072,34021,34072,51
sniffing,34198,34072,34198,126
walking,34274,34198,34274,76
sniffing,34351,34274,34351,77
grooming,34358,34351,34358,7
hunching,34412,34358,34412,54
grooming,34639,34412,34639,227
stepping,34681,34639,34681,42
sniffing,34741,34681,34741,60
grooming,34851,34741,34851,110
rearing,34889,34851,34889,38
left_turning,34933,34889,34933,44
rearing,34973,34933,34973,40
grooming,35113,34973,35113,140
sniffing,35114,35113,35114,1
left_turning,35115,35114,35115,1
stepping,35148,35115,35148,33
sniffing,35229,35148,35229,81
walking,35230,35229,35230,1
stepping,35280,35230,35280,50
sniffing,35357,35280,35357,77
right_turning,35407,35357,35407,50
stepping,35470,35407,35470,63
left_turning,35481,35470,35481,11
walking,35558,35481,35558,77
rising,35570,35558,35570,12
sniffing,35634,35570,35634,64
left_turning,35678,35634,35678,44
walking,35714,35678,35714,36
right_turning,35715,35714,35715,1
grooming,35716,35715,35716,1
sniffing,35734,35716,35734,18
rising,35781,35734,35781,47
climbing,35824,35781,35824,43
grooming,35965,35824,35965,141
left_turning,35980,35965,35980,15
stepping,36002,35980,36002,22
walking,36058,36002,36058,56
rising,36157,36058,36157,99
stepping,36170,36157,36170,13
rearing,36171,36170,36171,1
climbing,36206,36171,36206,35
left_turning,36260,36206,36260,54
walking,36306,36260,36306,46
rising,36362,36306,36362,56
climbing,36486,36362,36486,124
grooming,36558,36486,36558,72
left_turning,36615,36558,36615,57
walking,36645,36615,36645,30
sniffing,36726,36645,36726,81
walking,36727,36726,36727,1
rising,36764,36727,36764,37
climbing,36765,36764,36765,1
grooming,36779,36765,36779,14
rearing,36833,36779,36833,54
grooming,36834,36833,36834,1
climbing,36837,36834,36837,3
left_turning,36862,36837,36862,25
rising,36882,36862,36882,20
left_turning,36929,36882,36929,47
stepping,36958,36929,36958,29
sniffing,37192,36958,37192,234
rising,37242,37192,37242,50
stepping,37294,37242,37294,52
sniffing,37446,37294,37446,152
climbing,37508,37446,37508,62
walking,37535,37508,37535,27
stepping,37592,37535,37592,57
walking,37604,37592,37604,12
sniffing,37615,37604,37615,11
walking,37665,37615,37665,50
stepping,37700,37665,37700,35
walking,37738,37700,37738,38
sniffing,37791,37738,37791,53
rising,37880,37791,37880,89
climbing,37947,37880,37947,67
left_turning,37958,37947,37958,11
stepping,37963,37958,37963,5
grooming,38125,37963,38125,162
sniffing,38155,38125,38155,30
rising,38169,38155,38169,14
grooming,38231,38169,38231,62
hunching,38304,38231,38304,73
grooming,38411,38304,38411,107
left_turning,38433,38411,38433,22
stepping,38436,38433,38436,3
walking,38506,38436,38506,70
sniffing,38512,38506,38512,6
grooming,38513,38512,38513,1
sniffing,38817,38513,38817,304
stepping,38887,38817,38887,70
walking,38888,38887,38888,1
stepping,38899,38888,38899,11
climbing,38949,38899,38949,50
rearing,39052,38949,39052,103
grooming,39137,39052,39137,85
hunching,39141,39137,39141,4
grooming,39198,39141,39198,57
rearing,39296,39198,39296,98
sniffing,39358,39296,39358,62
rising,39372,39358,39372,14
climbing,39400,39372,39400,28
grooming,39447,39400,39447,47
hunching,39493,39447,39493,46
grooming,39510,39493,39510,17
sniffing,39511,39510,39511,1
right_turning,39516,39511,39516,5
rising,39553,39516,39553,37
climbing,39606,39553,39606,53
grooming,39617,39606,39617,11
rearing,39618,39617,39618,1
sniffing,39619,39618,39619,1
rising,39638,39619,39638,19
stepping,39686,39638,39686,48
sniffing,39687,39686,39687,1
grooming,39872,39687,39872,185
sniffing,39960,39872,39960,88
rearing,40030,39960,40030,70
hunching,40037,40030,40037,7
rearing,40038,40037,40038,1
rising,40090,40038,40090,52
rearing,40120,40090,40120,30
climbing,40125,40120,40125,5
rising,40160,40125,40160,35
sniffing,40247,40160,40247,87
rising,40296,40247,40296,49
stepping,40346,40296,40346,50
rising,40361,40346,40361,15
climbing,40428,40361,40428,67
grooming,40701,40428,40701,273
walking,40783,40701,40783,82
rearing,40858,40783,40858,75
hunching,40950,40858,40950,92
grooming,41066,40950,41066,116
trotting,41091,41066,41091,25
walking,41125,41091,41125,34
sniffing,41197,41125,41197,72
walking,41230,41197,41230,33
left_turning,41267,41230,41267,37
grooming,41314,41267,41314,47
walking,41315,41314,41315,1
left_turning,41327,41315,41327,12
climbing,41350,41327,41350,23
grooming,41410,41350,41410,60
rearing,41494,41410,41494,84
left_turning,41530,41494,41530,36
walking,41574,41530,41574,44
sniffing,41615,41574,41615,41
walking,41653,41615,41653,38
stepping,41695,41653,41695,42
sniffing,41796,41695,41796,101
rising,41797,41796,41797,1
left_turning,41832,41797,41832,35
walking,41868,41832,41868,36
sniffing,41961,41868,41961,93
rearing,42090,41961,42090,129
grooming,42175,42090,42175,85
climbing,42176,42175,42176,1
trotting,42188,42176,42188,12
stepping,42235,42188,42235,47
walking,42247,42235,42247,12
sniffing,42248,42247,42248,1
grooming,42480,42248,42480,232
rearing,42481,42480,42481,1
left_turning,42509,42481,42509,28
sniffing,42536,42509,42536,27
right_turning,42566,42536,42566,30
sniffing,42663,42566,42663,97
stepping,42699,42663,42699,36
trotting,42735,42699,42735,36
stepping,42753,42735,42753,18
sniffing,42791,42753,42791,38
hunching,42826,42791,42826,35
rearing,42877,42826,42877,51
grooming,42929,42877,42929,52
rising,42954,42929,42954,25
stepping,42989,42954,42989,35
walking,42990,42989,42990,1
sniffing,42991,42990,42991,1
rising,42992,42991,42992,1
climbing,43049,42992,43049,57
stepping,43083,43049,43083,34
sniffing,43132,43083,43132,49
grooming,43231,43132,43231,99
stepping,43232,43231,43232,1
walking,43293,43232,43293,61
trotting,43323,43293,43323,30
stepping,43353,43323,43353,30
sniffing,43524,43353,43524,171
walking,43581,43524,43581,57
sniffing,43641,43581,43641,60
right_turning,43646,43641,43646,5
stepping,43647,43646,43647,1
right_turning,43678,43647,43678,31
sniffing,43679,43678,43679,1
grooming,43680,43679,43680,1
rearing,43743,43680,43743,63
grooming,43744,43743,43744,1
right_turning,43745,43744,43745,1
walking,43746,43745,43746,1
stepping,43778,43746,43778,32
sniffing,43803,43778,43803,25
grooming,44070,43803,44070,267
sniffing,44119,44070,44119,49
grooming,44120,44119,44120,1
walking,44123,44120,44123,3
sniffing,44200,44123,44200,77
walking,44201,44200,44201,1
sniffing,44202,44201,44202,1
left_turning,44203,44202,44203,1
climbing,44238,44203,44238,35
grooming,44281,44238,44281,43
hunching,44345,44281,44345,64
grooming,44511,44345,44511,166
sniffing,44560,44511,44560,49
grooming,45074,44560,45074,514
sniffing,45114,45074,45114,40
grooming,45115,45114,45115,1
climbing,45147,45115,45147,32
walking,45204,45147,45204,57
sniffing,45220,45204,45220,16
right_turning,45264,45220,45264,44
sniffing,45286,45264,45286,22
rising,45340,45286,45340,54
left_turning,45352,45340,45352,12
climbing,45431,45352,45431,79
rising,45460,45431,45460,29
climbing,45539,45460,45539,79
running,45562,45539,45562,23
walking,45609,45562,45609,47
sniffing,45655,45609,45655,46
walking,45658,45655,45658,3
right_turning,45684,45658,45684,26
stepping,45744,45684,45744,60
rising,45761,45744,45761,17
sniffing,45768,45761,45768,7
left_turning,45866,45768,45866,98
sniffing,45960,45866,45960,94
walking,45990,45960,45990,30
stepping,46010,45990,46010,20
rearing,46090,46010,46090,80
grooming,46091,46090,46091,1
rising,46106,46091,46106,15
walking,46133,46106,46133,27
stepping,46147,46133,46147,14
sniffing,46183,46147,46183,36
grooming,46329,46183,46329,146
rising,46387,46329,46387,58
climbing,46489,46387,46489,102
rearing,46599,46489,46599,110
climbing,46600,46599,46600,1
running,46632,46600,46632,32
trotting,46646,46632,46646,14
stepping,46671,46646,46671,25
sniffing,46717,46671,46717,46
rising,46780,46717,46780,63
left_turning,46781,46780,46781,1
walking,46909,46781,46909,128
stepping,46967,46909,46967,58
sniffing,47118,46967,47118,151
walking,47235,47118,47235,117
rising,47312,47235,47312,77
right_turning,47313,47312,47313,1
sniffing,47445,47313,47445,132
stepping,47465,47445,47465,20
trotting,47518,47465,47518,53
sniffing,47536,47518,47536,18
rearing,47671,47536,47671,135
grooming,47672,47671,47672,1
rearing,47704,47672,47704,32
trotting,47740,47704,47740,36
sniffing,47989,47740,47989,249
rising,48037,47989,48037,48
climbing,48076,48037,48076,39
rearing,48177,48076,48177,101
left_turning,48225,48177,48225,48
grooming,48739,48225,48739,514
walking,48746,48739,48746,7
sniffing,48814,48746,48814,68
left_turning,48873,48814,48873,59
walking,48930,48873,48930,57
sniffing,48995,48930,48995,65
right_turning,49041,48995,49041,46
grooming,49068,49041,49068,27
scratching,49069,49068,49069,1
grooming,49295,49069,49295,226
walking,49366,49295,49366,71
sniffing,49526,49366,49526,160
walking,49584,49526,49584,58
sniffing,49651,49584,49651,67
walking,49680,49651,49680,29
sniffing,49686,49680,49686,6
right_turning,49715,49686,49715,29
walking,49716,49715,49716,1
sniffing,49756,49716,49756,40
walking,49773,49756,49773,17
right_turning,49783,49773,49783,10
stepping,49837,49783,49837,54
rearing,49945,49837,49945,108
sniffing,50042,49945,50042,97
grooming,50043,50042,50043,1
left_turning,50070,50043,50070,27
walking,50072,50070,50072,2
stepping,50079,50072,50079,7
running,50120,50079,50120,41
sniffing,50262,50120,50262,142
left_turning,50335,50262,50335,73
sniffing,50419,50335,50419,84
rising,50447,50419,50447,28
rearing,50448,50447,50448,1
grooming,50521,50448,50521,73
walking,50606,50521,50606,85
sniffing,50628,50606,50628,22
grooming,50629,50628,50629,1
rearing,50630,50629,50630,1
stepping,50670,50630,50670,40
rearing,50671,50670,50671,1
climbing,50701,50671,50701,30
stepping,50733,50701,50733,32
climbing,50772,50733,50772,39
left_turning,50781,50772,50781,9
sniffing,50812,50781,50812,31
left_turning,50850,50812,50850,38
walking,50866,50850,50866,16
sniffing,51008,50866,51008,142
walking,51037,51008,51037,29
sniffing,51105,51037,51105,68
walking,51208,51105,51208,103
sniffing,51249,51208,51249,41
grooming,51262,51249,51262,13
left_turning,51295,51262,51295,33
rising,51313,51295,51313,18
climbing,51380,51313,51380,67
grooming,51546,51380,51546,166
left_turning,51639,51546,51639,93
running,51686,51639,51686,47
sniffing,51815,51686,51815,129
rising,51856,51815,51856,41
grooming,51857,51856,51857,1
climbing,51942,51857,51942,85
grooming,52024,51942,52024,82
sniffing,52025,52024,52025,1
left_turning,52037,52025,52037,12
stepping,52038,52037,52038,1
climbing,52094,52038,52094,56
grooming,52325,52094,52325,231
sniffing,52452,52325,52452,127
walking,52467,52452,52467,15
sniffing,52468,52467,52468,1
left_turning,52469,52468,52469,1
walking,52494,52469,52494,25
stepping,52548,52494,52548,54
climbing,52618,52548,52618,70
hunching,52619,52618,52619,1
grooming,52620,52619,52620,1
right_turning,52646,52620,52646,26
walking,52660,52646,52660,14
climbing,52788,52660,52788,128
rearing,52828,52788,52828,40
grooming,53281,52828,53281,453
left_turning,53339,53281,53339,58
rising,53386,53339,53386,47
climbing,53389,53386,53389,3
left_turning,53390,53389,53390,1
walking,53436,53390,53436,46
right_turning,53463,53436,53463,27
sniffing,53479,53463,53479,16
climbing,53516,53479,53516,37
running,53517,53516,53517,1
grooming,53689,53517,53689,172
rising,53690,53689,53690,1
hunching,53746,53690,53746,56
grooming,53834,53746,53834,88
sniffing,54030,53834,54030,196
hunching,54070,54030,54070,40
grooming,54187,54070,54187,117
rearing,54237,54187,54237,50
left_turning,54288,54237,54288,51
stepping,54340,54288,54340,52
running,54372,54340,54372,32
walking,54373,54372,54373,1
right_turning,54387,54373,54387,14
sniffing,54451,54387,54451,64
climbing,54569,54451,54569,118
grooming,54645,54569,54645,76
sniffing,54724,54645,54724,79
stepping,54777,54724,54777,53
trotting,54817,54777,54817,40
sniffing,54837,54817,54837,20
left_turning,54908,54837,54908,71
trotting,54918,54908,54918,10
stepping,54940,54918,54940,22
sniffing,54941,54940,54941,1
stepping,54943,54941,54943,2
sniffing,54944,54943,54944,1
trotting,54996,54944,54996,52
rising,55054,54996,55054,58
stepping,55073,55054,55073,19
sniffing,55074,55073,55074,1
stepping,55105,55074,55105,31
walking,55127,55105,55127,22
stepping,55185,55127,55185,58
grooming,55402,55185,55402,217
hunching,55418,55402,55418,16
grooming,55419,55418,55419,1
stepping,55471,55419,55471,52
sniffing,55553,55471,55553,82
stepping,55621,55553,55621,68
sniffing,55704,55621,55704,83
walking,55751,55704,55751,47
trotting,55780,55751,55780,29
running,55782,55780,55782,2
walking,55801,55782,55801,19
sniffing,55831,55801,55831,30
grooming,55917,55831,55917,86
rearing,55945,55917,55945,28
climbing,55966,55945,55966,21
walking,55977,55966,55977,11
rearing,56029,55977,56029,52
left_turning,56087,56029,56087,58
walking,56125,56087,56125,38
grooming,56201,56125,56201,76
rearing,56202,56201,56202,1
right_turning,56205,56202,56205,3
sniffing,56258,56205,56258,53
rising,56274,56258,56274,16
sniffing,56275,56274,56275,1
walking,56307,56275,56307,32
sniffing,56345,56307,56345,38
grooming,56505,56345,56505,160
rearing,56530,56505,56530,25
hunching,56545,56530,56545,15
grooming,56546,56545,56546,1
walking,56584,56546,56584,38
sniffing,56849,56584,56849,265
walking,56865,56849,56865,16
rising,56873,56865,56873,8
right_turning,56874,56873,56874,1
walking,56914,56874,56914,40
grooming,56915,56914,56915,1
walking,56959,56915,56959,44
stepping,57015,56959,57015,56
left_turning,57019,57015,57019,4
sniffing,57020,57019,57020,1
stepping,57033,57020,57033,13
rising,57044,57033,57044,11
grooming,57086,57044,57086,42
scratching,57087,57086,57087,1
grooming,57171,57087,57171,84
walking,57215,57171,57215,44
sniffing,57223,57215,57223,8
grooming,57439,57223,57439,216
rising,57449,57439,57449,10
grooming,57450,57449,57450,1
walking,57492,57450,57492,42
left_turning,57538,57492,57538,46
sniffing,57539,57538,57539,1
right_turning,57560,57539,57560,21
sniffing,57561,57560,57561,1
walking,57589,57561,57589,28
sniffing,57590,57589,57590,1
left_turning,57715,57590,57715,125
walking,57717,57715,57717,2
sniffing,57855,57717,57855,138
grooming,57877,57855,57877,22
scratching,57878,57877,57878,1
stepping,57925,57878,57925,47
left_turning,57965,57925,57965,40
walking,57992,57965,57992,27
trotting,58012,57992,58012,20
left_turning,58032,58012,58032,20
walking,58111,58032,58111,79
stepping,58147,58111,58147,36
sniffing,58205,58147,58205,58
stepping,58232,58205,58232,27
walking,58250,58232,58250,18
sniffing,58353,58250,58353,103
walking,58367,58353,58367,14
sniffing,58441,58367,58441,74
trotting,58481,58441,58481,40
sniffing,58577,58481,58577,96
trotting,58599,58577,58599,22
right_turning,58643,58599,58643,44
sniffing,58645,58643,58645,2
rising,58646,58645,58646,1
left_turning,58703,58646,58703,57
trotting,58736,58703,58736,33
running,58776,58736,58776,40
sniffing,58777,58776,58777,1
rearing,58830,58777,58830,53
grooming,58831,58830,58831,1
rearing,58933,58831,58933,102
grooming,59282,58933,59282,349
climbing,59283,59282,59283,1
left_turning,59291,59283,59291,8
climbing,59292,59291,59292,1
rearing,59397,59292,59397,105
rising,59418,59397,59418,21
grooming,59721,59418,59721,303
stepping,59784,59721,59784,63
rising,59806,59784,59806,22
rearing,59807,59806,59807,1
stepping,59855,59807,59855,48
rising,60002,59855,60002,147
grooming,60072,60002,60072,70
rearing,60073,60072,60073,1
climbing,60164,60073,60164,91
grooming,60299,60164,60299,135
scratching,60300,60299,60300,1
sniffing,60328,60300,60328,28
rising,60345,60328,60345,17
rearing,60346,60345,60346,1
rising,60357,60346,60357,11
grooming,60688,60357,60688,331
rearing,60762,60688,60762,74
climbing,60785,60762,60785,23
rearing,60788,60785,60788,3
climbing,60903,60788,60903,115
trotting,60968,60903,60968,65
walking,61082,60968,61082,114
trotting,61095,61082,61095,13
walking,61166,61095,61166,71
trotting,61228,61166,61228,62
walking,61229,61228,61229,1
sniffing,61338,61229,61338,109
stepping,61342,61338,61342,4
walking,61359,61342,61359,17
sniffing,61379,61359,61379,20
stepping,61387,61379,61387,8
sniffing,61388,61387,61388,1
stepping,61419,61388,61419,31
sniffing,61437,61419,61437,18
stepping,61457,61437,61457,20
sniffing,61477,61457,61477,20
stepping,61478,61477,61478,1
rearing,61556,61478,61556,78
running,61578,61556,61578,22
rising,61599,61578,61599,21
grooming,61791,61599,61791,192
trotting,61792,61791,61792,1
sniffing,61793,61792,61793,1
left_turning,61829,61793,61829,36
walking,61851,61829,61851,22
sniffing,61901,61851,61901,50
walking,61967,61901,61967,66
sniffing,62008,61967,62008,41
walking,62014,62008,62014,6
rising,62100,62014,62100,86
rearing,62119,62100,62119,19
sniffing,62120,62119,62120,1
stepping,62151,62120,62151,31
left_turning,62234,62151,62234,83
grooming,62392,62234,62392,158
hunching,62412,62392,62412,20
grooming,62536,62412,62536,124
hunching,62569,62536,62569,33
rearing,62570,62569,62570,1
rising,62595,62570,62595,25
rearing,62658,62595,62658,63
grooming,62740,62658,62740,82
sniffing,62782,62740,62782,42
stepping,62806,62782,62806,24
grooming,62807,62806,62807,1
sniffing,62825,62807,62825,18
right_turning,62826,62825,62826,1
sniffing,62848,62826,62848,22
rising,62887,62848,62887,39
grooming,62888,62887,62888,1
rearing,62915,62888,62915,27
grooming,63253,62915,63253,338
stepping,63297,63253,63297,44
sniffing,63299,63297,63299,2
walking,63328,63299,63328,29
stepping,63383,63328,63383,55
grooming,63892,63383,63892,509
rearing,63960,63892,63960,68
running,64020,63960,64020,60
rising,64080,64020,64080,60
sniffing,64134,64080,64134,54
stepping,64155,64134,64155,21
sniffing,64174,64155,64174,19
right_turning,64208,64174,64208,34
walking,64252,64208,64252,44
sniffing,64414,64252,64414,162
walking,64485,64414,64485,71
sniffing,64585,64485,64585,100
grooming,64613,64585,64613,28
right_turning,64622,64613,64622,9
walking,64703,64622,64703,81
rising,64765,64703,64765,62
rearing,64766,64765,64766,1
climbing,64853,64766,64853,87
sniffing,64916,64853,64916,63
grooming,65180,64916,65180,264
walking,65197,65180,65197,17
climbing,65331,65197,65331,134
walking,65369,65331,65369,38
stepping,65423,65369,65423,54
sniffing,65505,65423,65505,82
climbing,65611,65505,65611,106
rearing,65644,65611,65644,33
grooming,65733,65644,65733,89
running,65750,65733,65750,17
right_turning,65771,65750,65771,21
walking,65779,65771,65779,8
sniffing,65800,65779,65800,21
hunching,65849,65800,65849,49
grooming,66197,65849,66197,348
sniffing,66198,66197,66198,1
rising,66223,66198,66223,25
sniffing,66256,66223,66256,33
walking,66305,66256,66305,49
sniffing,66357,66305,66357,52
walking,66443,66357,66443,86
trotting,66489,66443,66489,46
walking,66591,66489,66591,102
sniffing,66861,66591,66861,270
running,66871,66861,66871,10
trotting,66922,66871,66922,51
rearing,66964,66922,66964,42
left_turning,66989,66964,66989,25
sniffing,67199,66989,67199,210
hunching,67226,67199,67226,27
grooming,67326,67226,67326,100
sniffing,67407,67326,67407,81
rising,67420,67407,67420,13
climbing,67421,67420,67421,1
walking,67469,67421,67469,48
running,67488,67469,67488,19
walking,67526,67488,67526,38
sniffing,67531,67526,67531,5
walking,67592,67531,67592,61
sniffing,67634,67592,67634,42
rising,67643,67634,67643,9
sniffing,67749,67643,67749,106
left_turning,67765,67749,67765,16
rising,67775,67765,67775,10
grooming,67974,67775,67974,199
rearing,67990,67974,67990,16
grooming,68036,67990,68036,46
rearing,68037,68036,68037,1
grooming,68107,68037,68107,70
sniffing,68117,68107,68117,10
right_turning,68130,68117,68130,13
sniffing,68197,68130,68197,67
trotting,68213,68197,68213,16
walking,68219,68213,68219,6
sniffing,68250,68219,68250,31
rising,68284,68250,68284,34
climbing,68322,68284,68322,38
rearing,68364,68322,68364,42
rising,68409,68364,68409,45
stepping,68436,68409,68436,27
sniffing,68498,68436,68498,62
stepping,68507,68498,68507,9
trotting,68537,68507,68537,30
right_turning,68538,68537,68538,1
sniffing,68765,68538,68765,227
rising,68766,68765,68766,1
grooming,68935,68766,68935,169
sniffing,69045,68935,69045,110
grooming,69090,69045,69090,45
hunching,69131,69090,69131,41
grooming,69226,69131,69226,95
scratching,69227,69226,69227,1
walking,69262,69227,69262,35
left_turning,69263,69262,69263,1
sniffing,69267,69263,69267,4
rising,69275,69267,69275,8
climbing,69393,69275,69393,118
rising,69394,69393,69394,1
climbing,69484,69394,69484,90
grooming,69515,69484,69515,31
stepping,69565,69515,69565,50
walking,69638,69565,69638,73
stepping,69680,69638,69680,42
trotting,69708,69680,69708,28
sniffing,69749,69708,69749,41
stepping,69760,69749,69760,11
right_turning,69761,69760,69761,1
stepping,69781,69761,69781,20
sniffing,69913,69781,69913,132
rearing,69919,69913,69919,6
climbing,69920,69919,69920,1
walking,69931,69920,69931,11
running,69957,69931,69957,26
walking,69996,69957,69996,39
stepping,70015,69996,70015,19
rearing,70053,70015,70053,38
grooming,70417,70053,70417,364
rising,70455,70417,70455,38
sniffing,70610,70455,70610,155
left_turning,70660,70610,70660,50
walking,70699,70660,70699,39
trotting,70720,70699,70720,21
sniffing,70833,70720,70833,113
rising,70843,70833,70843,10
trotting,70845,70843,70845,2
rising,70859,70845,70859,14
climbing,70871,70859,70871,12
right_turning,70898,70871,70898,27
walking,70946,70898,70946,48
rising,71016,70946,71016,70
rearing,71081,71016,71081,65
grooming,71453,71081,71453,372
rearing,71499,71453,71499,46
walking,71545,71499,71545,46
trotting,71582,71545,71582,37
sniffing,71592,71582,71592,10
left_turning,71618,71592,71618,26
rising,71643,71618,71643,25
sniffing,72118,71643,72118,475
walking,72119,72118,72119,1
grooming,72224,72119,72224,105
left_turning,72225,72224,72225,1
scratching,72226,72225,72226,1
grooming,72558,72226,72558,332
walking,72603,72558,72603,45
sniffing,72634,72603,72634,31
left_turning,72660,72634,72660,26
walking,72709,72660,72709,49
rearing,72710,72709,72710,1
climbing,72738,72710,72738,28
left_turning,72739,72738,72739,1
grooming,72919,72739,72919,180
left_turning,72931,72919,72931,12
climbing,73063,72931,73063,132
walking,73097,73063,73097,34
sniffing,73116,73097,73116,19
rising,73146,73116,73146,30
rearing,73169,73146,73169,23
grooming,73234,73169,73234,65
left_turning,73244,73234,73244,10
scratching,73245,73244,73245,1
left_turning,73335,73245,73335,90
sniffing,73488,73335,73488,153
left_turning,73593,73488,73593,105
sniffing,73695,73593,73695,102
walking,73749,73695,73749,54
sniffing,73809,73749,73809,60
walking,73846,73809,73846,37
sniffing,73879,73846,73879,33
walking,73921,73879,73921,42
sniffing,73922,73921,73922,1
left_turning,73986,73922,73986,64
stepping,74063,73986,74063,77
rearing,74140,74063,74140,77
grooming,74214,74140,74214,74
climbing,74287,74214,74287,73
trotting,74307,74287,74307,20
walking,74350,74307,74350,43
rising,74469,74350,74469,119
sniffing,74564,74469,74564,95
left_turning,74608,74564,74608,44
sniffing,74652,74608,74652,44
left_turning,74748,74652,74748,96
sniffing,74749,74748,74749,1
walking,74769,74749,74769,20
rising,74770,74769,74770,1
sniffing,74835,74770,74835,65
scratching,74836,74835,74836,1
grooming,74991,74836,74991,155
rearing,74996,74991,74996,5
left_turning,75049,74996,75049,53
scratching,75050,75049,75050,1
grooming,75419,75050,75419,369
hunching,75450,75419,75450,31
rearing,75543,75450,75543,93
grooming,75673,75543,75673,130
climbing,75759,75673,75759,86
running,75769,75759,75769,10
walking,75807,75769,75807,38
stepping,75837,75807,75837,30
climbing,75916,75837,75916,79
grooming,76065,75916,76065,149
walking,76100,76065,76100,35
stepping,76175,76100,76175,75
climbing,76296,76175,76296,121
grooming,76323,76296,76323,27
sniffing,76389,76323,76389,66
rearing,76468,76389,76468,79
walking,76544,76468,76544,76
trotting,76558,76544,76558,14
walking,76576,76558,76576,18
sniffing,76612,76576,76612,36
walking,76679,76612,76679,67
sniffing,76952,76679,76952,273
rising,76991,76952,76991,39
sniffing,77088,76991,77088,97
walking,77089,77088,77089,1
rising,77163,77089,77163,74
climbing,77247,77163,77247,84
rearing,77248,77247,77248,1
climbing,77290,77248,77290,42
trotting,77338,77290,77338,48
sniffing,77356,77338,77356,18
stepping,77409,77356,77409,53
climbing,77496,77409,77496,87
walking,77497,77496,77497,1
rearing,77587,77497,77587,90
grooming,78140,77587,78140,553
sniffing,78160,78140,78160,20
walking,78175,78160,78175,15
sniffing,78204,78175,78204,29
left_turning,78303,78204,78303,99
rearing,78304,78303,78304,1
stepping,78362,78304,78362,58
walking,78453,78362,78453,91
stepping,78507,78453,78507,54
sniffing,78636,78507,78636,129
right_turning,78667,78636,78667,31
walking,78722,78667,78722,55
stepping,78793,78722,78793,71
sniffing,79034,78793,79034,241
rising,79035,79034,79035,1
climbing,79144,79035,79144,109
grooming,79213,79144,79213,69
rearing,79265,79213,79265,52
climbing,79307,79265,79307,42
walking,79399,79307,79399,92
sniffing,79463,79399,79463,64
rising,79535,79463,79535,72
grooming,79536,79535,79536,1
scratching,79537,79536,79537,1
left_turning,79538,79537,79538,1
rearing,79542,79538,79542,4
stepping,79580,79542,79580,38
sniffing,79581,79580,79581,1
stepping,79632,79581,79632,51
sniffing,79763,79632,79763,131
rising,79888,79763,79888,125
sniffing,79944,79888,79944,56
left_turning,79965,79944,79965,21
sniffing,79976,79965,79976,11
rising,80011,79976,80011,35
grooming,80012,80011,80012,1
walking,80046,80012,80046,34
right_turning,80089,80046,80089,43
trotting,80127,80089,80127,38
stepping,80149,80127,80149,22
rising,80150,80149,80150,1
climbing,80219,80150,80219,69
grooming,80578,80219,80578,359
climbing,80598,80578,80598,20
grooming,80800,80598,80800,202
scratching,80801,80800,80801,1
grooming,80816,80801,80816,15
left_turning,80849,80816,80849,33
grooming,80982,80849,80982,133
rising,81013,80982,81013,31
stepping,81030,81013,81030,17
rising,81066,81030,81066,36
right_turning,81067,81066,81067,1
left_turning,81117,81067,81117,50
grooming,81532,81117,81532,415
sniffing,81609,81532,81609,77
walking,81696,81609,81696,87
sniffing,81697,81696,81697,1
stepping,81742,81697,81742,45
rearing,81797,81742,81797,55
grooming,81990,81797,81990,193
sniffing,82125,81990,82125,135
rising,82218,82125,82218,93
sniffing,82232,82218,82232,14
rearing,82255,82232,82255,23
rising,82302,82255,82302,47
rearing,82343,82302,82343,41
climbing,82469,82343,82469,126
grooming,82653,82469,82653,184
sniffing,82754,82653,82754,101
stepping,82782,82754,82782,28
walking,82820,82782,82820,38
sniffing,83006,82820,83006,186
walking,83007,83006,83007,1
stepping,83065,83007,83065,58
rising,83070,83065,83070,5
climbing,83071,83070,83071,1
trotting,83098,83071,83098,27
rearing,83176,83098,83176,78
hunching,83300,83176,83300,124
grooming,83357,83300,83357,57
rearing,83358,83357,83358,1
stepping,83359,83358,83359,1
rising,83360,83359,83360,1
scratching,83361,83360,83361,1
grooming,83468,83361,83468,107
climbing,83572,83468,83572,104
grooming,83573,83572,83573,1
stepping,83599,83573,83599,26
sniffing,83658,83599,83658,59
walking,83679,83658,83679,21
left_turning,83693,83679,83693,14
walking,83694,83693,83694,1
stepping,83718,83694,83718,24
sniffing,83763,83718,83763,45
rearing,83764,83763,83764,1
right_turning,83768,83764,83768,4
rising,83825,83768,83825,57
sniffing,83861,83825,83861,36
walking,83908,83861,83908,47
sniffing,84016,83908,84016,108
trotting,84055,84016,84055,39
walking,84101,84055,84101,46
sniffing,84102,84101,84102,1
rising,84103,84102,84103,1
sniffing,84104,84103,84104,1
walking,84198,84104,84198,94
right_turning,84224,84198,84224,26
sniffing,84249,84224,84249,25
trotting,84252,84249,84252,3
sniffing,84253,84252,84253,1
running,84254,84253,84254,1
sniffing,84460,84254,84460,206
rising,84461,84460,84461,1
grooming,84677,84461,84677,216
rearing,84704,84677,84704,27
climbing,84765,84704,84765,61
rearing,84960,84765,84960,195
sniffing,84961,84960,84961,1
walking,85059,84961,85059,98
right_turning,85137,85059,85137,78
walking,85173,85137,85173,36
climbing,85271,85173,85271,98
right_turning,85281,85271,85281,10
climbing,85328,85281,85328,47
grooming,85420,85328,85420,92
walking,85565,85420,85565,145
sniffing,85644,85565,85644,79
left_turning,85690,85644,85690,46
trotting,85713,85690,85713,23
stepping,85790,85713,85790,77
sniffing,85850,85790,85850,60
stepping,85865,85850,85865,15
rising,85866,85865,85866,1
sniffing,85867,85866,85867,1
walking,85934,85867,85934,67
grooming,85978,85934,85978,44
left_turning,86084,85978,86084,106
stepping,86133,86084,86133,49
sniffing,86238,86133,86238,105
stepping,86249,86238,86249,11
sniffing,86390,86249,86390,141
grooming,86684,86390,86684,294
rearing,86716,86684,86716,32
hunching,86832,86716,86832,116
grooming,86963,86832,86963,131
hunching,87032,86963,87032,69
grooming,87033,87032,87033,1
hunching,87098,87033,87098,65
rearing,87152,87098,87152,54
sniffing,87186,87152,87186,34
rising,87456,87186,87456,270
rearing,87458,87456,87458,2
climbing,87459,87458,87459,1
trotting,87534,87459,87534,75
stepping,87548,87534,87548,14
sniffing,87628,87548,87628,80
stepping,87674,87628,87674,46
walking,87767,87674,87767,93
sniffing,87864,87767,87864,97
hunching,87870,87864,87870,6
grooming,87929,87870,87929,59
scratching,87930,87929,87930,1
sniffing,87943,87930,87943,13
grooming,87944,87943,87944,1
rearing,88002,87944,88002,58
sniffing,88069,88002,88069,67
walking,88070,88069,88070,1
running,88091,88070,88091,21
walking,88120,88091,88120,29
stepping,88148,88120,88148,28
rearing,88187,88148,88187,39
grooming,88364,88187,88364,177
left_turning,88406,88364,88406,42
stepping,88438,88406,88438,32
climbing,88563,88438,88563,125
sniffing,88608,88563,88608,45
rising,88619,88608,88619,11
stepping,88675,88619,88675,56
rising,88723,88675,88723,48
climbing,88807,88723,88807,84
walking,88878,88807,88878,71
rising,88922,88878,88922,44
rearing,89002,88922,89002,80
hunching,89003,89002,89003,1
rearing,89083,89003,89083,80
sniffing,89084,89083,89084,1
scratching,89085,89084,89085,1
grooming,89086,89085,89086,1
left_turning,89116,89086,89116,30
walking,89181,89116,89181,65
sniffing,89319,89181,89319,138
stepping,89365,89319,89365,46
sniffing,89453,89365,89453,88
walking,89488,89453,89488,35
sniffing,89609,89488,89609,121
walking,89671,89609,89671,62
stepping,89711,89671,89711,40
rearing,89771,89711,89771,60
left_turning,89794,89771,89794,23
stepping,89824,89794,89824,30
rising,89825,89824,89825,1
hunching,89846,89825,89846,21
grooming,90221,89846,90221,375
sniffing,90278,90221,90278,57
grooming,90279,90278,90279,1
rearing,90318,90279,90318,39
walking,90395,90318,90395,77
sniffing,90396,90395,90396,1
left_turning,90451,90396,90451,55
stepping,90502,90451,90502,51
rearing,90503,90502,90503,1
grooming,90648,90503,90648,145
trotting,90696,90648,90696,48
sniffing,90776,90696,90776,80
grooming,91164,90776,91164,388
sniffing,91254,91164,91254,90
trotting,91272,91254,91272,18
walking,91336,91272,91336,64
sniffing,91337,91336,91337,1
walking,91353,91337,91353,16
stepping,91408,91353,91408,55
sniffing,91435,91408,91435,27
climbing,91484,91435,91484,49
stepping,91516,91484,91516,32
grooming,91564,91516,91564,48
left_turning,91579,91564,91579,15
walking,91582,91579,91582,3
stepping,91638,91582,91638,56
walking,91671,91638,91671,33
sniffing,91743,91671,91743,72
left_turning,91763,91743,91763,20
rising,91825,91763,91825,62
grooming,92104,91825,92104,279
rising,92214,92104,92214,110
grooming,92244,92214,92244,30
right_turning,92282,92244,92282,38
running,92291,92282,92291,9
climbing,92342,92291,92342,51
running,92355,92342,92355,13
stepping,92401,92355,92401,46
sniffing,92488,92401,92488,87
rearing,92498,92488,92498,10
rising,92548,92498,92548,50
climbing,92660,92548,92660,112
running,92687,92660,92687,27
walking,92766,92687,92766,79
trotting,92812,92766,92812,46
sniffing,92906,92812,92906,94
rising,92928,92906,92928,22
climbing,93060,92928,93060,132
grooming,93324,93060,93324,264
rising,93442,93324,93442,118
climbing,93515,93442,93515,73
grooming,93644,93515,93644,129
walking,93657,93644,93657,13
rising,93661,93657,93661,4
grooming,93787,93661,93787,126
sniffing,93788,93787,93788,1
trotting,93838,93788,93838,50
rising,93920,93838,93920,82
walking,93968,93920,93968,48
sniffing,93978,93968,93978,10
left_turning,94029,93978,94029,51
running,94052,94029,94052,23
walking,94083,94052,94083,31
grooming,94207,94083,94207,124
rearing,94293,94207,94293,86
sniffing,94321,94293,94321,28
walking,94322,94321,94322,1
sniffing,94323,94322,94323,1
rising,94330,94323,94330,7
grooming,94331,94330,94331,1
sniffing,94389,94331,94389,58
left_turning,94399,94389,94399,10
walking,94424,94399,94424,25
sniffing,94529,94424,94529,105
rising,94549,94529,94549,20
rearing,94550,94549,94550,1
walking,94562,94550,94562,12
rearing,94622,94562,94622,60
left_turning,94655,94622,94655,33
walking,94762,94655,94762,107
grooming,94763,94762,94763,1
hunching,94930,94763,94930,167
rising,94936,94930,94936,6
climbing,94959,94936,94959,23
sniffing,95186,94959,95186,227
rising,95187,95186,95187,1
stepping,95232,95187,95232,45
sniffing,95298,95232,95298,66
rising,95418,95298,95418,120
stepping,95440,95418,95440,22
sniffing,95503,95440,95503,63
rising,95604,95503,95604,101
rearing,95659,95604,95659,55
grooming,95660,95659,95660,1
rearing,95676,95660,95676,16
stepping,95752,95676,95752,76
rising,96164,95752,96164,412
running,96188,96164,96188,24
sniffing,96274,96188,96274,86
rising,96318,96274,96318,44
climbing,96334,96318,96334,16
stepping,96370,96334,96370,36
walking,96403,96370,96403,33
rearing,96533,96403,96533,130
rising,96578,96533,96578,45
climbing,96681,96578,96681,103
walking,96700,96681,96700,19
climbing,96740,96700,96740,40
rearing,96763,96740,96763,23
sniffing,96787,96763,96787,24
stepping,96877,96787,96877,90
sniffing,96927,96877,96927,50
stepping,96978,96927,96978,51
sniffing,96999,96978,96999,21
walking,97042,96999,97042,43
climbing,97163,97042,97163,121
left_turning,97223,97163,97223,60
rearing,97246,97223,97246,23
grooming,98141,97246,98141,895
scratching,98142,98141,98142,1
sniffing,98163,98142,98163,21
trotting,98223,98163,98223,60
sniffing,98267,98223,98267,44
rising,98342,98267,98342,75
climbing,98365,98342,98365,23
rearing,98462,98365,98462,97
rising,98463,98462,98463,1
sniffing,98482,98463,98482,19
grooming,98656,98482,98656,174
rising,98668,98656,98668,12
sniffing,98669,98668,98669,1
rising,98751,98669,98751,82
sniffing,98760,98751,98760,9
rising,98764,98760,98764,4
stepping,98821,98764,98821,57
running,98835,98821,98835,14
trotting,98861,98835,98861,26
walking,98925,98861,98925,64
sniffing,99076,98925,99076,151
rising,99107,99076,99107,31
rearing,99150,99107,99150,43
grooming,99151,99150,99151,1
right_turning,99210,99151,99210,59
sniffing,99622,99210,99622,412
stepping,99632,99622,99632,10
sniffing,99688,99632,99688,56
walking,99746,99688,99746,58
stepping,99751,99746,99751,5
sniffing,99796,99751,99796,45
left_turning,99797,99796,99797,1
rising,99857,99797,99857,60
rearing,99932,99857,99932,75
grooming,99933,99932,99933,1
rearing,99950,99933,99950,17
climbing,99999,99950,99999,49
grooming,100224,99999,100224,225
left_turning,100291,100224,100291,67
sniffing,100292,100291,100292,1
right_turning,100366,100292,100366,74
walking,100420,100366,100420,54
stepping,100421,100420,100421,1
sniffing,100610,100421,100610,189
rearing,100611,100610,100611,1
sniffing,100730,100611,100730,119
rising,100782,100730,100782,52
stepping,100795,100782,100795,13
sniffing,100836,100795,100836,41
scratching,100837,100836,100837,1
sniffing,100838,100837,100838,1
grooming,100839,100838,100839,1
sniffing,100871,100839,100871,32
rising,100872,100871,100872,1
rearing,100903,100872,100903,31
right_turning,100931,100903,100931,28
sniffing,101105,100931,101105,174
grooming,101284,101105,101284,179
climbing,101285,101284,101285,1
walking,101310,101285,101310,25
grooming,101311,101310,101311,1
sniffing,101404,101311,101404,93
walking,101489,101404,101489,85
sniffing,101497,101489,101497,8
trotting,101518,101497,101518,21
stepping,101549,101518,101549,31
sniffing,101586,101549,101586,37
walking,101599,101586,101599,13
stepping,101696,101599,101696,97
walking,101785,101696,101785,89
sniffing,101837,101785,101837,52
running,101860,101837,101860,23
walking,101890,101860,101890,30
stepping,101906,101890,101906,16
sniffing,101925,101906,101925,19
walking,102051,101925,102051,126
rising,102085,102051,102085,34
rearing,102140,102085,102140,55
grooming,102681,102140,102681,541
rearing,102809,102681,102809,128
grooming,102874,102809,102874,65
left_turning,102926,102874,102926,52
climbing,103093,102926,103093,167
trotting,103155,103093,103155,62
walking,103254,103155,103254,99
rearing,103347,103254,103347,93
grooming,103348,103347,103348,1
walking,103398,103348,103398,50
grooming,103399,103398,103399,1
rearing,103419,103399,103419,20
sniffing,103444,103419,103444,25
climbing,103448,103444,103448,4
rearing,103449,103448,103449,1
climbing,103574,103449,103574,125
grooming,103679,103574,103679,105
rearing,103779,103679,103779,100
sniffing,104003,103779,104003,224
right_turning,104055,104003,104055,52
walking,104118,104055,104118,63
sniffing,104162,104118,104162,44
grooming,104163,104162,104163,1
rising,104164,104163,104164,1
rearing,104273,104164,104273,109
climbing,104380,104273,104380,107
left_turning,104395,104380,104395,15
stepping,104396,104395,104396,1
scratching,104397,104396,104397,1
grooming,104398,104397,104398,1
walking,104409,104398,104409,11
sniffing,104437,104409,104437,28
rising,104454,104437,104454,17
sniffing,104547,104454,104547,93
stepping,104618,104547,104618,71
sniffing,104689,104618,104689,71
rising,104709,104689,104709,20
rearing,104710,104709,104710,1
grooming,104937,104710,104937,227
rearing,104974,104937,104974,37
grooming,104975,104974,104975,1
left_turning,105004,104975,105004,29
walking,105090,105004,105090,86
rising,105093,105090,105093,3
sniffing,105098,105093,105098,5
stepping,105123,105098,105123,25
sniffing,105124,105123,105124,1
left_turning,105182,105124,105182,58
grooming,105355,105182,105355,173
scratching,105356,105355,105356,1
grooming,105656,105356,105656,300
sniffing,105733,105656,105733,77
stepping,105793,105733,105793,60
walking,105836,105793,105836,43
climbing,106006,105836,106006,170
rearing,106285,106006,106285,279
rising,106291,106285,106291,6
rearing,106408,106291,106408,117
grooming,106541,106408,106541,133
walking,106575,106541,106575,34
sniffing,106576,106575,106576,1
stepping,106641,106576,106641,65
sniffing,106655,106641,106655,14
grooming,106848,106655,106848,193
right_turning,106868,106848,106868,20
walking,106902,106868,106902,34
sniffing,106911,106902,106911,9
stepping,106962,106911,106962,51
sniffing,106963,106962,106963,1
stepping,107070,106963,107070,107
left_turning,107149,107070,107149,79
sniffing,107189,107149,107189,40
rearing,107365,107189,107365,176
climbing,107457,107365,107457,92
grooming,107860,107457,107860,403
rearing,108000,107860,108000,140
