revised_movement_label,segBoundary,segBoundary_start,segBoundary_end,length
walking,47,0,47,47
trotting,78,47,78,31
walking,146,78,146,68
trotting,195,146,195,49
running,244,195,244,49
stepping,276,244,276,32
rising,277,276,277,1
rearing,278,277,278,1
left_turning,366,278,366,88
rising,367,366,367,1
grooming,404,367,404,37
sniffing,490,404,490,86
right_turning,495,490,495,5
running,541,495,541,46
walking,637,541,637,96
running,665,637,665,28
walking,711,665,711,46
sniffing,783,711,783,72
rising,806,783,806,23
sniffing,875,806,875,69
walking,951,875,951,76
sniffing,1006,951,1006,55
grooming,1213,1006,1213,207
rising,1292,1213,1292,79
sniffing,1356,1292,1356,64
climbing,1388,1356,1388,32
sniffing,1438,1388,1438,50
grooming,1516,1438,1516,78
sniffing,1517,1516,1517,1
grooming,1598,1517,1598,81
trotting,1627,1598,1627,29
stepping,1658,1627,1658,31
rising,1688,1658,1688,30
left_turning,1746,1688,1746,58
sniffing,1747,1746,1747,1
rising,1814,1747,1814,67
grooming,1830,1814,1830,16
trotting,1848,1830,1848,18
right_turning,1849,1848,1849,1
walking,1937,1849,1937,88
trotting,1970,1937,1970,33
stepping,1971,1970,1971,1
sniffing,1991,1971,1991,20
walking,2026,1991,2026,35
stepping,2088,2026,2088,62
running,2091,2088,2091,3
walking,2121,2091,2121,30
trotting,2122,2121,2122,1
walking,2219,2122,2219,97
running,2227,2219,2227,8
sniffing,2228,2227,2228,1
grooming,2387,2228,2387,159
climbing,2392,2387,2392,5
right_turning,2396,2392,2396,4
sniffing,2406,2396,2406,10
walking,2428,2406,2428,22
sniffing,2506,2428,2506,78
stepping,2514,2506,2514,8
sniffing,2589,2514,2589,75
rising,2615,2589,2615,26
trotting,2718,2615,2718,103
walking,2835,2718,2835,117
sniffing,2913,2835,2913,78
rising,2994,2913,2994,81
sniffing,3146,2994,3146,152
left_turning,3177,3146,3177,31
grooming,3236,3177,3236,59
right_turning,3278,3236,3278,42
grooming,3345,3278,3345,67
stepping,3419,3345,3419,74
rearing,3427,3419,3427,8
grooming,3507,3427,3507,80
rearing,3581,3507,3581,74
rising,3608,3581,3608,27
grooming,3609,3608,3609,1
walking,3610,3609,3610,1
sniffing,3659,3610,3659,49
rising,3674,3659,3674,15
rearing,3722,3674,3722,48
sniffing,3794,3722,3794,72
stepping,3823,3794,3823,29
sniffing,3862,3823,3862,39
walking,3912,3862,3912,50
sniffing,3978,3912,3978,66
rising,3984,3978,3984,6
sniffing,4006,3984,4006,22
walking,4066,4006,4066,60
sniffing,4084,4066,4084,18
walking,4138,4084,4138,54
stepping,4148,4138,4148,10
rising,4194,4148,4194,46
climbing,4261,4194,4261,67
sniffing,4281,4261,4281,20
walking,4319,4281,4319,38
rising,4348,4319,4348,29
sniffing,4349,4348,4349,1
stepping,4436,4349,4436,87
running,4493,4436,4493,57
walking,4552,4493,4552,59
trotting,4553,4552,4553,1
stepping,4621,4553,4621,68
trotting,4697,4621,4697,76
stepping,4719,4697,4719,22
left_turning,4727,4719,4727,8
trotting,4735,4727,4735,8
left_turning,4736,4735,4736,1
hunching,4764,4736,4764,28
rearing,4812,4764,4812,48
left_turning,4855,4812,4855,43
sniffing,4894,4855,4894,39
stepping,4904,4894,4904,10
walking,4958,4904,4958,54
stepping,4977,4958,4977,19
sniffing,5046,4977,5046,69
stepping,5068,5046,5068,22
grooming,5069,5068,5069,1
left_turning,5074,5069,5074,5
sniffing,5119,5074,5119,45
left_turning,5188,5119,5188,69
walking,5247,5188,5247,59
trotting,5307,5247,5307,60
rising,5315,5307,5315,8
rearing,5382,5315,5382,67
grooming,5570,5382,5570,188
hunching,5629,5570,5629,59
rearing,5737,5629,5737,108
rising,5803,5737,5803,66
stepping,5878,5803,5878,75
trotting,5921,5878,5921,43
rising,6014,5921,6014,93
rearing,6055,6014,6055,41
sniffing,6056,6055,6056,1
left_turning,6093,6056,6093,37
sniffing,6174,6093,6174,81
stepping,6195,6174,6195,21
sniffing,6196,6195,6196,1
rising,6274,6196,6274,78
sniffing,6275,6274,6275,1
rising,6296,6275,6296,21
rearing,6302,6296,6302,6
right_turning,6309,6302,6309,7
trotting,6330,6309,6330,21
walking,6424,6330,6424,94
rising,6437,6424,6437,13
walking,6452,6437,6452,15
running,6500,6452,6500,48
sniffing,6557,6500,6557,57
grooming,6671,6557,6671,114
running,6703,6671,6703,32
trotting,6759,6703,6759,56
stepping,6790,6759,6790,31
right_turning,6813,6790,6813,23
sniffing,6814,6813,6814,1
grooming,6963,6814,6963,149
right_turning,7057,6963,7057,94
walking,7087,7057,7087,30
trotting,7131,7087,7131,44
running,7143,7131,7143,12
walking,7166,7143,7166,23
sniffing,7167,7166,7167,1
stepping,7245,7167,7245,78
sniffing,7246,7245,7246,1
rising,7323,7246,7323,77
sniffing,7389,7323,7389,66
climbing,7424,7389,7424,35
rearing,7425,7424,7425,1
grooming,7594,7425,7594,169
sniffing,7709,7594,7709,115
walking,7729,7709,7729,20
stepping,7819,7729,7819,90
walking,7888,7819,7888,69
rearing,7934,7888,7934,46
climbing,7984,7934,7984,50
rearing,8055,7984,8055,71
left_turning,8166,8055,8166,111
trotting,8186,8166,8186,20
rising,8187,8186,8187,1
sniffing,8188,8187,8188,1
walking,8273,8188,8273,85
trotting,8282,8273,8282,9
sniffing,8283,8282,8283,1
grooming,8354,8283,8354,71
sniffing,8447,8354,8447,93
right_turning,8471,8447,8471,24
rising,8554,8471,8554,83
rearing,8557,8554,8557,3
sniffing,8627,8557,8627,70
walking,8628,8627,8628,1
sniffing,8629,8628,8629,1
stepping,8653,8629,8653,24
sniffing,8724,8653,8724,71
grooming,8725,8724,8725,1
right_turning,8784,8725,8784,59
rising,8868,8784,8868,84
stepping,8928,8868,8928,60
running,8937,8928,8937,9
walking,8948,8937,8948,11
left_turning,8957,8948,8957,9
stepping,9022,8957,9022,65
sniffing,9085,9022,9085,63
climbing,9144,9085,9144,59
rearing,9194,9144,9194,50
walking,9218,9194,9218,24
rearing,9261,9218,9261,43
grooming,9431,9261,9431,170
scratching,9432,9431,9432,1
sniffing,9433,9432,9433,1
stepping,9468,9433,9468,35
sniffing,9485,9468,9485,17
rearing,9492,9485,9492,7
climbing,9559,9492,9559,67
grooming,9848,9559,9848,289
left_turning,9885,9848,9885,37
rising,9964,9885,9964,79
hunching,10010,9964,10010,46
grooming,10168,10010,10168,158
sniffing,10211,10168,10211,43
stepping,10251,10211,10251,40
rising,10263,10251,10263,12
climbing,10291,10263,10291,28
left_turning,10327,10291,10327,36
sniffing,10393,10327,10393,66
rising,10424,10393,10424,31
climbing,10472,10424,10472,48
running,10473,10472,10473,1
walking,10549,10473,10549,76
grooming,10559,10549,10559,10
hunching,10560,10559,10560,1
rearing,10654,10560,10654,94
grooming,10753,10654,10753,99
stepping,10754,10753,10754,1
sniffing,10755,10754,10755,1
rearing,10884,10755,10884,129
grooming,11152,10884,11152,268
sniffing,11249,11152,11249,97
climbing,11296,11249,11296,47
rising,11297,11296,11297,1
stepping,11365,11297,11365,68
trotting,11387,11365,11387,22
stepping,11432,11387,11432,45
climbing,11466,11432,11466,34
sniffing,11484,11466,11484,18
left_turning,11513,11484,11513,29
sniffing,11514,11513,11514,1
stepping,11515,11514,11515,1
grooming,11543,11515,11543,28
right_turning,11576,11543,11576,33
trotting,11610,11576,11610,34
walking,11677,11610,11677,67
stepping,11678,11677,11678,1
sniffing,11724,11678,11724,46
grooming,11744,11724,11744,20
hunching,11745,11744,11745,1
rearing,11801,11745,11801,56
rising,11840,11801,11840,39
sniffing,11922,11840,11922,82
rising,11972,11922,11972,50
stepping,11973,11972,11973,1
right_turning,12002,11973,12002,29
stepping,12054,12002,12054,52
walking,12071,12054,12071,17
stepping,12117,12071,12117,46
walking,12158,12117,12158,41
sniffing,12333,12158,12333,175
stepping,12389,12333,12389,56
sniffing,12523,12389,12523,134
hunching,12524,12523,12524,1
grooming,12609,12524,12609,85
rising,12610,12609,12610,1
trotting,12614,12610,12614,4
walking,12615,12614,12615,1
running,12661,12615,12661,46
walking,12711,12661,12711,50
sniffing,12825,12711,12825,114
rearing,12826,12825,12826,1
climbing,12941,12826,12941,115
walking,12984,12941,12984,43
sniffing,13020,12984,13020,36
stepping,13045,13020,13045,25
scratching,13046,13045,13046,1
grooming,13071,13046,13071,25
climbing,13121,13071,13121,50
rearing,13146,13121,13146,25
left_turning,13147,13146,13147,1
walking,13208,13147,13208,61
rearing,13276,13208,13276,68
climbing,13319,13276,13319,43
grooming,13433,13319,13433,114
walking,13434,13433,13434,1
sniffing,13505,13434,13505,71
right_turning,13525,13505,13525,20
stepping,13541,13525,13541,16
trotting,13625,13541,13625,84
walking,13675,13625,13675,50
sniffing,13740,13675,13740,65
walking,13811,13740,13811,71
trotting,13856,13811,13856,45
stepping,13939,13856,13939,83
walking,13944,13939,13944,5
sniffing,13991,13944,13991,47
walking,14098,13991,14098,107
trotting,14137,14098,14137,39
stepping,14226,14137,14226,89
walking,14227,14226,14227,1
running,14263,14227,14263,36
rising,14283,14263,14283,20
climbing,14325,14283,14325,42
stepping,14377,14325,14377,52
rising,14430,14377,14430,53
grooming,14442,14430,14442,12
hunching,14448,14442,14448,6
grooming,14449,14448,14449,1
hunching,14450,14449,14450,1
grooming,14783,14450,14783,333
walking,14784,14783,14784,1
left_turning,14786,14784,14786,2
sniffing,14818,14786,14818,32
rising,14826,14818,14826,8
walking,14861,14826,14861,35
stepping,14914,14861,14914,53
rising,14915,14914,14915,1
grooming,15040,14915,15040,125
walking,15141,15040,15141,101
sniffing,15142,15141,15142,1
rearing,15150,15142,15150,8
rising,15176,15150,15176,26
sniffing,15306,15176,15306,130
grooming,15421,15306,15421,115
right_turning,15468,15421,15468,47
grooming,15576,15468,15576,108
rising,15598,15576,15598,22
grooming,15674,15598,15674,76
sniffing,15687,15674,15687,13
rising,15688,15687,15688,1
grooming,15780,15688,15780,92
stepping,15845,15780,15845,65
walking,15924,15845,15924,79
stepping,15989,15924,15989,65
rising,16001,15989,16001,12
climbing,16002,16001,16002,1
grooming,16003,16002,16003,1
rearing,16045,16003,16045,42
rising,16091,16045,16091,46
grooming,16100,16091,16100,9
stepping,16166,16100,16166,66
climbing,16178,16166,16178,12
rising,16202,16178,16202,24
grooming,16507,16202,16507,305
rising,16540,16507,16540,33
walking,16572,16540,16572,32
stepping,16610,16572,16610,38
walking,16611,16610,16611,1
sniffing,16655,16611,16655,44
rising,16689,16655,16689,34
grooming,16770,16689,16770,81
trotting,16802,16770,16802,32
sniffing,16879,16802,16879,77
rising,16904,16879,16904,25
grooming,16905,16904,16905,1
rising,16935,16905,16935,30
stepping,16995,16935,16995,60
sniffing,17039,16995,17039,44
rising,17056,17039,17056,17
hunching,17074,17056,17074,18
rearing,17116,17074,17116,42
grooming,17125,17116,17125,9
hunching,17146,17125,17146,21
grooming,17331,17146,17331,185
hunching,17343,17331,17343,12
grooming,17561,17343,17561,218
walking,17637,17561,17637,76
rising,17700,17637,17700,63
grooming,17719,17700,17719,19
stepping,17754,17719,17754,35
sniffing,17836,17754,17836,82
stepping,17857,17836,17857,21
sniffing,17895,17857,17895,38
left_turning,17912,17895,17912,17
stepping,17944,17912,17944,32
rising,17965,17944,17965,21
grooming,17966,17965,17966,1
stepping,17973,17966,17973,7
grooming,18044,17973,18044,71
trotting,18082,18044,18082,38
stepping,18108,18082,18108,26
sniffing,18161,18108,18161,53
right_turning,18202,18161,18202,41
sniffing,18286,18202,18286,84
climbing,18370,18286,18370,84
grooming,18485,18370,18485,115
climbing,18499,18485,18499,14
stepping,18548,18499,18548,49
trotting,18568,18548,18568,20
walking,18592,18568,18592,24
rising,18622,18592,18622,30
sniffing,18680,18622,18680,58
walking,18705,18680,18705,25
stepping,18738,18705,18738,33
rising,18815,18738,18815,77
rearing,18889,18815,18889,74
grooming,18890,18889,18890,1
rising,18909,18890,18909,19
walking,18949,18909,18949,40
rising,18975,18949,18975,26
walking,19031,18975,19031,56
stepping,19091,19031,19091,60
sniffing,19239,19091,19239,148
rising,19256,19239,19256,17
grooming,19257,19256,19257,1
left_turning,19263,19257,19263,6
sniffing,19264,19263,19264,1
walking,19331,19264,19331,67
trotting,19332,19331,19332,1
walking,19381,19332,19381,49
sniffing,19473,19381,19473,92
walking,19474,19473,19474,1
stepping,19507,19474,19507,33
trotting,19538,19507,19538,31
sniffing,19579,19538,19579,41
grooming,19711,19579,19711,132
sniffing,19787,19711,19787,76
grooming,19806,19787,19806,19
walking,19884,19806,19884,78
trotting,19908,19884,19908,24
walking,19946,19908,19946,38
sniffing,19964,19946,19964,18
grooming,20098,19964,20098,134
trotting,20109,20098,20109,11
grooming,20178,20109,20178,69
stepping,20195,20178,20195,17
sniffing,20262,20195,20262,67
grooming,20370,20262,20370,108
hunching,20411,20370,20411,41
rearing,20473,20411,20473,62
grooming,20474,20473,20474,1
running,20490,20474,20490,16
stepping,20521,20490,20521,31
sniffing,20560,20521,20560,39
climbing,20583,20560,20583,23
stepping,20642,20583,20642,59
walking,20690,20642,20690,48
sniffing,20730,20690,20730,40
grooming,20731,20730,20731,1
right_turning,20768,20731,20768,37
sniffing,20774,20768,20774,6
rising,20775,20774,20775,1
climbing,20892,20775,20892,117
grooming,20893,20892,20893,1
rising,20928,20893,20928,35
rearing,20989,20928,20989,61
grooming,21091,20989,21091,102
rearing,21098,21091,21098,7
rising,21148,21098,21148,50
grooming,21149,21148,21149,1
climbing,21175,21149,21175,26
left_turning,21208,21175,21208,33
walking,21247,21208,21247,39
stepping,21313,21247,21313,66
sniffing,21387,21313,21387,74
rearing,21427,21387,21427,40
sniffing,21467,21427,21467,40
hunching,21485,21467,21485,18
grooming,21577,21485,21577,92
trotting,21712,21577,21712,135
stepping,21740,21712,21740,28
left_turning,21770,21740,21770,30
grooming,21771,21770,21771,1
hunching,21838,21771,21838,67
sniffing,21888,21838,21888,50
stepping,21889,21888,21889,1
sniffing,21947,21889,21947,58
stepping,21948,21947,21948,1
sniffing,22011,21948,22011,63
walking,22035,22011,22035,24
rising,22107,22035,22107,72
climbing,22116,22107,22116,9
walking,22135,22116,22135,19
sniffing,22136,22135,22136,1
stepping,22169,22136,22169,33
right_turning,22180,22169,22180,11
sniffing,22191,22180,22191,11
climbing,22195,22191,22195,4
stepping,22249,22195,22249,54
sniffing,22374,22249,22374,125
climbing,22409,22374,22409,35
sniffing,22501,22409,22501,92
grooming,22537,22501,22537,36
rearing,22593,22537,22593,56
left_turning,22655,22593,22655,62
stepping,22723,22655,22723,68
rearing,22786,22723,22786,63
grooming,22787,22786,22787,1
rearing,22844,22787,22844,57
climbing,22889,22844,22889,45
sniffing,22977,22889,22977,88
grooming,23072,22977,23072,95
stepping,23121,23072,23121,49
walking,23176,23121,23176,55
stepping,23189,23176,23189,13
rearing,23237,23189,23237,48
rising,23259,23237,23259,22
grooming,23341,23259,23341,82
hunching,23342,23341,23342,1
stepping,23386,23342,23386,44
sniffing,23476,23386,23476,90
trotting,23506,23476,23506,30
walking,23521,23506,23521,15
sniffing,23530,23521,23530,9
grooming,23531,23530,23531,1
walking,23600,23531,23600,69
trotting,23661,23600,23661,61
stepping,23704,23661,23704,43
sniffing,23781,23704,23781,77
right_turning,23828,23781,23828,47
sniffing,23868,23828,23868,40
grooming,23978,23868,23978,110
left_turning,24025,23978,24025,47
rearing,24026,24025,24026,1
stepping,24057,24026,24057,31
grooming,24170,24057,24170,113
hunching,24255,24170,24255,85
grooming,24355,24255,24355,100
sniffing,24510,24355,24510,155
walking,24567,24510,24567,57
sniffing,24626,24567,24626,59
stepping,24683,24626,24683,57
rising,24729,24683,24729,46
rearing,24733,24729,24733,4
walking,24770,24733,24770,37
running,24817,24770,24817,47
sniffing,24900,24817,24900,83
left_turning,24942,24900,24942,42
walking,24988,24942,24988,46
rising,25007,24988,25007,19
walking,25081,25007,25081,74
stepping,25119,25081,25119,38
grooming,25247,25119,25247,128
right_turning,25271,25247,25271,24
sniffing,25272,25271,25272,1
rising,25385,25272,25385,113
hunching,25386,25385,25386,1
rearing,25457,25386,25457,71
hunching,25473,25457,25473,16
sniffing,25518,25473,25518,45
stepping,25546,25518,25546,28
grooming,26370,25546,26370,824
sniffing,26371,26370,26371,1
rising,26410,26371,26410,39
climbing,26445,26410,26445,35
walking,26471,26445,26471,26
right_turning,26472,26471,26472,1
rising,26527,26472,26527,55
left_turning,26540,26527,26540,13
rising,26608,26540,26608,68
sniffing,26633,26608,26633,25
walking,26640,26633,26640,7
stepping,26700,26640,26700,60
sniffing,26701,26700,26701,1
grooming,26705,26701,26705,4
stepping,26770,26705,26770,65
grooming,27021,26770,27021,251
rearing,27022,27021,27022,1
grooming,27147,27022,27147,125
rising,27155,27147,27155,8
sniffing,27156,27155,27156,1
stepping,27186,27156,27186,30
right_turning,27259,27186,27259,73
stepping,27272,27259,27272,13
rearing,27297,27272,27297,25
grooming,27342,27297,27342,45
hunching,27400,27342,27400,58
sniffing,27643,27400,27643,243
walking,27671,27643,27671,28
sniffing,27687,27671,27687,16
rising,27689,27687,27689,2
climbing,27738,27689,27738,49
grooming,27999,27738,27999,261
sniffing,28074,27999,28074,75
walking,28083,28074,28083,9
running,28096,28083,28096,13
trotting,28122,28096,28122,26
walking,28123,28122,28123,1
stepping,28166,28123,28166,43
sniffing,28178,28166,28178,12
rising,28179,28178,28179,1
grooming,28308,28179,28308,129
left_turning,28364,28308,28364,56
sniffing,28387,28364,28387,23
rising,28469,28387,28469,82
grooming,28747,28469,28747,278
climbing,28786,28747,28786,39
rising,28796,28786,28796,10
grooming,28991,28796,28991,195
rearing,29175,28991,29175,184
walking,29226,29175,29226,51
climbing,29269,29226,29269,43
grooming,29326,29269,29326,57
rearing,29462,29326,29462,136
left_turning,29463,29462,29463,1
rising,29484,29463,29484,21
walking,29533,29484,29533,49
right_turning,29534,29533,29534,1
trotting,29557,29534,29557,23
left_turning,29582,29557,29582,25
sniffing,29583,29582,29583,1
grooming,29584,29583,29584,1
trotting,29605,29584,29605,21
walking,29647,29605,29647,42
grooming,29809,29647,29809,162
right_turning,29810,29809,29810,1
walking,29868,29810,29868,58
stepping,29893,29868,29893,25
walking,29945,29893,29945,52
left_turning,29982,29945,29982,37
rising,29990,29982,29990,8
stepping,30035,29990,30035,45
grooming,30331,30035,30331,296
scratching,30332,30331,30332,1
left_turning,30365,30332,30365,33
stepping,30420,30365,30420,55
sniffing,30449,30420,30449,29
walking,30490,30449,30490,41
stepping,30521,30490,30521,31
trotting,30544,30521,30544,23
stepping,30580,30544,30580,36
sniffing,30581,30580,30581,1
grooming,30601,30581,30601,20
rearing,30607,30601,30607,6
climbing,30635,30607,30635,28
stepping,30683,30635,30683,48
rising,30768,30683,30768,85
climbing,30811,30768,30811,43
grooming,30913,30811,30913,102
rising,30932,30913,30932,19
rearing,30933,30932,30933,1
grooming,30934,30933,30934,1
running,30979,30934,30979,45
trotting,30980,30979,30980,1
grooming,30981,30980,30981,1
rearing,31016,30981,31016,35
climbing,31072,31016,31072,56
grooming,31226,31072,31226,154
rearing,31234,31226,31234,8
hunching,31280,31234,31280,46
grooming,31281,31280,31281,1
hunching,31282,31281,31282,1
rearing,31332,31282,31332,50
sniffing,31398,31332,31398,66
stepping,31442,31398,31442,44
rising,31443,31442,31443,1
climbing,31552,31443,31552,109
walking,31639,31552,31639,87
sniffing,31640,31639,31640,1
climbing,31750,31640,31750,110
grooming,31854,31750,31854,104
sniffing,31908,31854,31908,54
stepping,31971,31908,31971,63
running,31978,31971,31978,7
stepping,32043,31978,32043,65
rising,32063,32043,32063,20
grooming,32202,32063,32202,139
walking,32306,32202,32306,104
right_turning,32349,32306,32349,43
climbing,32414,32349,32414,65
stepping,32456,32414,32456,42
sniffing,32481,32456,32481,25
stepping,32530,32481,32530,49
sniffing,32539,32530,32539,9
right_turning,32582,32539,32582,43
running,32597,32582,32597,15
walking,32598,32597,32598,1
rising,32667,32598,32667,69
rearing,32749,32667,32749,82
rising,32782,32749,32782,33
climbing,32808,32782,32808,26
left_turning,32816,32808,32816,8
sniffing,32981,32816,32981,165
walking,33034,32981,33034,53
sniffing,33094,33034,33094,60
rising,33115,33094,33115,21
grooming,33116,33115,33116,1
hunching,33175,33116,33175,59
rearing,33235,33175,33235,60
grooming,33350,33235,33350,115
walking,33351,33350,33351,1
stepping,33363,33351,33363,12
rising,33399,33363,33399,36
climbing,33528,33399,33528,129
right_turning,33529,33528,33529,1
sniffing,33545,33529,33545,16
left_turning,33604,33545,33604,59
grooming,33783,33604,33783,179
sniffing,33843,33783,33843,60
walking,33869,33843,33869,26
rising,33919,33869,33919,50
sniffing,33920,33919,33920,1
rearing,33921,33920,33921,1
grooming,33922,33921,33922,1
left_turning,33943,33922,33943,21
sniffing,33944,33943,33944,1
stepping,33976,33944,33976,32
walking,33992,33976,33992,16
right_turning,33993,33992,33993,1
stepping,34033,33993,34033,40
sniffing,34182,34033,34182,149
grooming,34183,34182,34183,1
sniffing,34230,34183,34230,47
stepping,34313,34230,34313,83
right_turning,34325,34313,34325,12
stepping,34378,34325,34378,53
grooming,34525,34378,34525,147
sniffing,34542,34525,34542,17
climbing,34598,34542,34598,56
sniffing,34606,34598,34606,8
walking,34643,34606,34643,37
rising,34669,34643,34669,26
sniffing,34808,34669,34808,139
climbing,34849,34808,34849,41
grooming,34962,34849,34962,113
rearing,35027,34962,35027,65
left_turning,35050,35027,35050,23
sniffing,35081,35050,35081,31
climbing,35190,35081,35190,109
trotting,35231,35190,35231,41
stepping,35284,35231,35284,53
walking,35298,35284,35298,14
sniffing,35324,35298,35324,26
grooming,35325,35324,35325,1
hunching,35397,35325,35397,72
rearing,35399,35397,35399,2
grooming,35551,35399,35551,152
stepping,35606,35551,35606,55
rising,35657,35606,35657,51
left_turning,35689,35657,35689,32
grooming,35716,35689,35716,27
rising,35734,35716,35734,18
grooming,35849,35734,35849,115
rising,35852,35849,35852,3
grooming,35853,35852,35853,1
walking,35854,35853,35854,1
left_turning,35878,35854,35878,24
grooming,35982,35878,35982,104
hunching,35984,35982,35984,2
grooming,36021,35984,36021,37
rearing,36022,36021,36022,1
left_turning,36093,36022,36093,71
walking,36132,36093,36132,39
climbing,36210,36132,36210,78
trotting,36244,36210,36244,34
stepping,36276,36244,36276,32
sniffing,36435,36276,36435,159
rearing,36436,36435,36436,1
climbing,36465,36436,36465,29
rising,36466,36465,36466,1
stepping,36489,36466,36489,23
sniffing,36606,36489,36606,117
left_turning,36620,36606,36620,14
walking,36654,36620,36654,34
stepping,36708,36654,36708,54
sniffing,36743,36708,36743,35
grooming,36888,36743,36888,145
rearing,36928,36888,36928,40
sniffing,36992,36928,36992,64
grooming,36993,36992,36993,1
left_turning,37032,36993,37032,39
sniffing,37033,37032,37033,1
walking,37074,37033,37074,41
sniffing,37075,37074,37075,1
rising,37076,37075,37076,1
rearing,37169,37076,37169,93
grooming,37170,37169,37170,1
walking,37212,37170,37212,42
trotting,37213,37212,37213,1
sniffing,37251,37213,37251,38
grooming,37406,37251,37406,155
rearing,37445,37406,37445,39
grooming,37746,37445,37746,301
left_turning,37786,37746,37786,40
grooming,37839,37786,37839,53
climbing,37852,37839,37852,13
stepping,37921,37852,37921,69
grooming,38117,37921,38117,196
left_turning,38118,38117,38118,1
stepping,38136,38118,38136,18
climbing,38137,38136,38137,1
left_turning,38153,38137,38153,16
walking,38203,38153,38203,50
sniffing,38224,38203,38224,21
grooming,38361,38224,38361,137
sniffing,38374,38361,38374,13
rearing,38424,38374,38424,50
hunching,38425,38424,38425,1
rearing,38482,38425,38482,57
climbing,38604,38482,38604,122
rearing,38632,38604,38632,28
hunching,38713,38632,38713,81
grooming,38714,38713,38714,1
rearing,38790,38714,38790,76
stepping,38839,38790,38839,49
trotting,38877,38839,38877,38
sniffing,38940,38877,38940,63
grooming,39071,38940,39071,131
rearing,39166,39071,39166,95
right_turning,39182,39166,39182,16
sniffing,39270,39182,39270,88
rising,39423,39270,39423,153
left_turning,39447,39423,39447,24
grooming,39462,39447,39462,15
right_turning,39489,39462,39489,27
stepping,39520,39489,39520,31
right_turning,39536,39520,39536,16
grooming,39748,39536,39748,212
rearing,39781,39748,39781,33
left_turning,39817,39781,39817,36
walking,39835,39817,39835,18
sniffing,39838,39835,39838,3
walking,39885,39838,39885,47
stepping,39938,39885,39938,53
grooming,40114,39938,40114,176
rearing,40176,40114,40176,62
grooming,40177,40176,40177,1
rearing,40282,40177,40282,105
grooming,40352,40282,40352,70
left_turning,40425,40352,40425,73
walking,40560,40425,40560,135
stepping,40621,40560,40621,61
sniffing,40638,40621,40638,17
rising,40639,40638,40639,1
climbing,40710,40639,40710,71
grooming,40734,40710,40734,24
climbing,40807,40734,40807,73
rearing,40884,40807,40884,77
climbing,40917,40884,40917,33
hunching,40936,40917,40936,19
grooming,41055,40936,41055,119
left_turning,41059,41055,41059,4
walking,41067,41059,41067,8
sniffing,41186,41067,41186,119
left_turning,41245,41186,41245,59
walking,41279,41245,41279,34
stepping,41321,41279,41321,42
sniffing,41390,41321,41390,69
stepping,41426,41390,41426,36
sniffing,41478,41426,41478,52
trotting,41523,41478,41523,45
sniffing,41544,41523,41544,21
rising,41576,41544,41576,32
grooming,41577,41576,41577,1
running,41598,41577,41598,21
rising,41613,41598,41613,15
grooming,41614,41613,41614,1
hunching,41615,41614,41615,1
grooming,41707,41615,41707,92
rearing,41783,41707,41783,76
climbing,41864,41783,41864,81
sniffing,41899,41864,41899,35
stepping,41945,41899,41945,46
grooming,42042,41945,42042,97
right_turning,42053,42042,42053,11
walking,42065,42053,42065,12
sniffing,42105,42065,42105,40
stepping,42106,42105,42106,1
grooming,42188,42106,42188,82
rising,42250,42188,42250,62
grooming,42251,42250,42251,1
stepping,42295,42251,42295,44
rising,42349,42295,42349,54
stepping,42359,42349,42359,10
sniffing,42423,42359,42423,64
stepping,42457,42423,42457,34
sniffing,42458,42457,42458,1
rising,42494,42458,42494,36
stepping,42527,42494,42527,33
walking,42569,42527,42569,42
grooming,42709,42569,42709,140
sniffing,42710,42709,42710,1
walking,42711,42710,42711,1
stepping,42770,42711,42770,59
walking,42773,42770,42773,3
right_turning,42804,42773,42804,31
walking,42805,42804,42805,1
sniffing,42826,42805,42826,21
stepping,42883,42826,42883,57
right_turning,42897,42883,42897,14
sniffing,42990,42897,42990,93
grooming,42991,42990,42991,1
running,43054,42991,43054,63
sniffing,43393,43054,43393,339
rising,43423,43393,43423,30
grooming,43562,43423,43562,139
running,43563,43562,43563,1
trotting,43582,43563,43582,19
sniffing,43607,43582,43607,25
grooming,43676,43607,43676,69
rearing,43710,43676,43710,34
grooming,43966,43710,43966,256
rising,43994,43966,43994,28
climbing,44087,43994,44087,93
rearing,44096,44087,44096,9
climbing,44140,44096,44140,44
right_turning,44188,44140,44188,48
walking,44266,44188,44266,78
rearing,44350,44266,44350,84
climbing,44449,44350,44449,99
trotting,44454,44449,44454,5
grooming,44610,44454,44610,156
rearing,44664,44610,44664,54
grooming,44713,44664,44713,49
rearing,44717,44713,44717,4
hunching,44718,44717,44718,1
sniffing,44775,44718,44775,57
stepping,44791,44775,44791,16
sniffing,44792,44791,44792,1
walking,44850,44792,44850,58
left_turning,44876,44850,44876,26
climbing,44923,44876,44923,47
rearing,44939,44923,44939,16
grooming,44989,44939,44989,50
hunching,45011,44989,45011,22
rearing,45012,45011,45012,1
grooming,45211,45012,45211,199
left_turning,45242,45211,45242,31
stepping,45243,45242,45243,1
sniffing,45296,45243,45296,53
rearing,45366,45296,45366,70
climbing,45443,45366,45443,77
left_turning,45461,45443,45461,18
climbing,45559,45461,45559,98
walking,45637,45559,45637,78
sniffing,45722,45637,45722,85
grooming,45838,45722,45838,116
walking,45875,45838,45875,37
sniffing,45897,45875,45897,22
grooming,46014,45897,46014,117
sniffing,46134,46014,46134,120
walking,46232,46134,46232,98
sniffing,46233,46232,46233,1
walking,46247,46233,46247,14
sniffing,46277,46247,46277,30
walking,46292,46277,46292,15
sniffing,46409,46292,46409,117
rising,46426,46409,46426,17
left_turning,46501,46426,46501,75
grooming,46502,46501,46502,1
rising,46555,46502,46555,53
rearing,46765,46555,46765,210
grooming,47448,46765,47448,683
walking,47528,47448,47528,80
grooming,47652,47528,47652,124
stepping,47690,47652,47690,38
sniffing,47707,47690,47707,17
walking,47720,47707,47720,13
sniffing,47744,47720,47744,24
rising,47748,47744,47748,4
stepping,47784,47748,47784,36
walking,47837,47784,47837,53
sniffing,47848,47837,47848,11
stepping,47977,47848,47977,129
walking,47978,47977,47978,1
sniffing,48034,47978,48034,56
rising,48074,48034,48074,40
sniffing,48173,48074,48173,99
rising,48174,48173,48174,1
climbing,48292,48174,48292,118
walking,48393,48292,48393,101
sniffing,48522,48393,48522,129
grooming,48622,48522,48622,100
rearing,48659,48622,48659,37
grooming,48853,48659,48853,194
rearing,48889,48853,48889,36
climbing,48966,48889,48966,77
grooming,48967,48966,48967,1
right_turning,48968,48967,48968,1
sniffing,48973,48968,48973,5
left_turning,49039,48973,49039,66
trotting,49068,49039,49068,29
stepping,49137,49068,49137,69
sniffing,49234,49137,49234,97
right_turning,49285,49234,49285,51
grooming,49492,49285,49492,207
hunching,49527,49492,49527,35
rearing,49552,49527,49552,25
climbing,49590,49552,49590,38
rearing,49706,49590,49706,116
stepping,49748,49706,49748,42
grooming,49845,49748,49845,97
rising,49878,49845,49878,33
sniffing,49883,49878,49883,5
left_turning,49894,49883,49894,11
grooming,49962,49894,49962,68
scratching,49963,49962,49963,1
stepping,49978,49963,49978,15
climbing,49979,49978,49979,1
walking,50017,49979,50017,38
stepping,50054,50017,50054,37
climbing,50211,50054,50211,157
walking,50212,50211,50212,1
sniffing,50269,50212,50269,57
grooming,50496,50269,50496,227
left_turning,50507,50496,50507,11
hunching,50703,50507,50703,196
grooming,51301,50703,51301,598
walking,51365,51301,51365,64
sniffing,51366,51365,51366,1
stepping,51390,51366,51390,24
walking,51479,51390,51479,89
rising,51480,51479,51480,1
sniffing,51547,51480,51547,67
grooming,51599,51547,51599,52
walking,51628,51599,51628,29
rising,51645,51628,51645,17
grooming,51646,51645,51646,1
rearing,51647,51646,51647,1
climbing,51805,51647,51805,158
walking,51858,51805,51858,53
rearing,51859,51858,51859,1
climbing,51932,51859,51932,73
stepping,51966,51932,51966,34
walking,51995,51966,51995,29
stepping,52053,51995,52053,58
sniffing,52054,52053,52054,1
walking,52133,52054,52133,79
stepping,52149,52133,52149,16
climbing,52249,52149,52249,100
walking,52313,52249,52313,64
trotting,52345,52313,52345,32
walking,52346,52345,52346,1
stepping,52378,52346,52378,32
trotting,52406,52378,52406,28
rearing,52407,52406,52407,1
grooming,52777,52407,52777,370
sniffing,52788,52777,52788,11
walking,52794,52788,52794,6
sniffing,52867,52794,52867,73
running,52868,52867,52868,1
left_turning,52874,52868,52874,6
grooming,52876,52874,52876,2
climbing,52899,52876,52899,23
walking,52962,52899,52962,63
stepping,52996,52962,52996,34
sniffing,53082,52996,53082,86
walking,53157,53082,53157,75
left_turning,53214,53157,53214,57
sniffing,53237,53214,53237,23
stepping,53301,53237,53301,64
sniffing,53441,53301,53441,140
climbing,53517,53441,53517,76
running,53525,53517,53525,8
walking,53555,53525,53555,30
stepping,53609,53555,53609,54
sniffing,53610,53609,53610,1
walking,53642,53610,53642,32
sniffing,53724,53642,53724,82
left_turning,53749,53724,53749,25
walking,53774,53749,53774,25
sniffing,53775,53774,53775,1
stepping,53830,53775,53830,55
grooming,53831,53830,53831,1
sniffing,53937,53831,53937,106
left_turning,53938,53937,53938,1
walking,53939,53938,53939,1
trotting,53964,53939,53964,25
stepping,54020,53964,54020,56
grooming,54021,54020,54021,1
sniffing,54031,54021,54031,10
grooming,54032,54031,54032,1
rearing,54033,54032,54033,1
grooming,54034,54033,54034,1
sniffing,54119,54034,54119,85
walking,54187,54119,54187,68
sniffing,54188,54187,54188,1
rising,54210,54188,54210,22
stepping,54226,54210,54226,16
walking,54264,54226,54264,38
sniffing,54265,54264,54265,1
grooming,54474,54265,54474,209
sniffing,54542,54474,54542,68
climbing,54673,54542,54673,131
sniffing,54729,54673,54729,56
rising,54809,54729,54809,80
grooming,55115,54809,55115,306
climbing,55176,55115,55176,61
walking,55239,55176,55239,63
sniffing,55303,55239,55303,64
stepping,55371,55303,55371,68
walking,55376,55371,55376,5
sniffing,55377,55376,55377,1
stepping,55379,55377,55379,2
trotting,55390,55379,55390,11
right_turning,55396,55390,55396,6
climbing,55533,55396,55533,137
sniffing,55668,55533,55668,135
right_turning,55684,55668,55684,16
climbing,55739,55684,55739,55
rising,55740,55739,55740,1
rearing,55756,55740,55756,16
climbing,55771,55756,55771,15
rearing,55833,55771,55833,62
climbing,55935,55833,55935,102
grooming,56202,55935,56202,267
rearing,56203,56202,56203,1
grooming,56334,56203,56334,131
stepping,56386,56334,56386,52
climbing,56399,56386,56399,13
trotting,56461,56399,56461,62
rising,56509,56461,56509,48
rearing,56519,56509,56519,10
climbing,56570,56519,56570,51
stepping,56633,56570,56633,63
climbing,56634,56633,56634,1
walking,56681,56634,56681,47
grooming,56914,56681,56914,233
walking,56921,56914,56921,7
stepping,56981,56921,56981,60
grooming,57074,56981,57074,93
rearing,57128,57074,57128,54
grooming,57168,57128,57168,40
sniffing,57169,57168,57169,1
left_turning,57215,57169,57215,46
hunching,57291,57215,57291,76
grooming,57292,57291,57292,1
running,57330,57292,57330,38
stepping,57356,57330,57356,26
right_turning,57360,57356,57360,4
walking,57372,57360,57372,12
stepping,57407,57372,57407,35
sniffing,57554,57407,57554,147
rising,57555,57554,57555,1
sniffing,57750,57555,57750,195
left_turning,57758,57750,57758,8
walking,57797,57758,57797,39
stepping,57846,57797,57846,49
sniffing,57847,57846,57847,1
rearing,57848,57847,57848,1
climbing,58072,57848,58072,224
rising,58139,58072,58139,67
stepping,58180,58139,58180,41
walking,58224,58180,58224,44
sniffing,58352,58224,58352,128
rising,58384,58352,58384,32
grooming,58420,58384,58420,36
scratching,58421,58420,58421,1
walking,58466,58421,58466,45
sniffing,58469,58466,58469,3
walking,58511,58469,58511,42
sniffing,58578,58511,58578,67
rearing,58605,58578,58605,27
grooming,58606,58605,58606,1
hunching,58698,58606,58698,92
right_turning,58713,58698,58713,15
running,58760,58713,58760,47
rising,58809,58760,58809,49
hunching,58876,58809,58876,67
left_turning,58884,58876,58884,8
walking,58910,58884,58910,26
stepping,58948,58910,58948,38
sniffing,58949,58948,58949,1
grooming,59061,58949,59061,112
rearing,59134,59061,59134,73
walking,59154,59134,59154,20
sniffing,59240,59154,59240,86
right_turning,59259,59240,59259,19
climbing,59283,59259,59283,24
rising,59284,59283,59284,1
grooming,59482,59284,59482,198
scratching,59483,59482,59483,1
left_turning,59533,59483,59533,50
trotting,59570,59533,59570,37
rising,59681,59570,59681,111
trotting,59687,59681,59687,6
walking,59715,59687,59715,28
stepping,59729,59715,59729,14
sniffing,59755,59729,59755,26
walking,59821,59755,59821,66
left_turning,59871,59821,59871,50
sniffing,59988,59871,59988,117
pausing,60132,59988,60132,144
grooming,60349,60132,60349,217
sniffing,60387,60349,60387,38
scratching,60388,60387,60388,1
left_turning,60426,60388,60426,38
walking,60508,60426,60508,82
stepping,60509,60508,60509,1
left_turning,60558,60509,60558,49
stepping,60629,60558,60629,71
sniffing,60630,60629,60630,1
right_turning,60667,60630,60667,37
walking,60797,60667,60797,130
rearing,60824,60797,60824,27
climbing,60840,60824,60840,16
sniffing,60907,60840,60907,67
stepping,60909,60907,60909,2
scratching,60910,60909,60910,1
grooming,60911,60910,60911,1
sniffing,60964,60911,60964,53
left_turning,61034,60964,61034,70
sniffing,61131,61034,61131,97
left_turning,61145,61131,61145,14
trotting,61158,61145,61158,13
rearing,61247,61158,61247,89
right_turning,61260,61247,61260,13
running,61282,61260,61282,22
sniffing,61362,61282,61362,80
grooming,61406,61362,61406,44
hunching,61407,61406,61407,1
grooming,61571,61407,61571,164
rearing,61641,61571,61641,70
sniffing,61709,61641,61709,68
climbing,61748,61709,61748,39
stepping,61782,61748,61782,34
walking,61803,61782,61803,21
sniffing,61973,61803,61973,170
scratching,61974,61973,61974,1
stepping,62028,61974,62028,54
sniffing,62029,62028,62029,1
right_turning,62044,62029,62044,15
walking,62077,62044,62077,33
grooming,62084,62077,62084,7
sniffing,62098,62084,62098,14
walking,62130,62098,62130,32
sniffing,62131,62130,62131,1
rising,62132,62131,62132,1
sniffing,62189,62132,62189,57
stepping,62222,62189,62222,33
rearing,62263,62222,62263,41
right_turning,62332,62263,62332,69
sniffing,62333,62332,62333,1
stepping,62347,62333,62347,14
grooming,62550,62347,62550,203
sniffing,62615,62550,62615,65
stepping,62616,62615,62616,1
rising,62729,62616,62729,113
rearing,62836,62729,62836,107
rising,62875,62836,62875,39
sniffing,63050,62875,63050,175
stepping,63089,63050,63089,39
sniffing,63090,63089,63090,1
rising,63109,63090,63109,19
climbing,63123,63109,63123,14
sniffing,63205,63123,63205,82
right_turning,63206,63205,63206,1
sniffing,63207,63206,63207,1
rising,63277,63207,63277,70
climbing,63343,63277,63343,66
trotting,63351,63343,63351,8
walking,63389,63351,63389,38
sniffing,63723,63389,63723,334
climbing,63804,63723,63804,81
trotting,63864,63804,63864,60
stepping,63962,63864,63962,98
walking,63963,63962,63963,1
sniffing,63973,63963,63973,10
running,64008,63973,64008,35
walking,64073,64008,64073,65
sniffing,64173,64073,64173,100
grooming,64373,64173,64373,200
stepping,64422,64373,64422,49
sniffing,64434,64422,64434,12
left_turning,64466,64434,64466,32
sniffing,64533,64466,64533,67
running,64534,64533,64534,1
rising,64568,64534,64568,34
climbing,64605,64568,64605,37
rearing,64709,64605,64709,104
grooming,64710,64709,64710,1
trotting,64764,64710,64764,54
right_turning,64814,64764,64814,50
sniffing,64815,64814,64815,1
grooming,64920,64815,64920,105
hunching,64943,64920,64943,23
rearing,65025,64943,65025,82
hunching,65160,65025,65160,135
grooming,65305,65160,65305,145
hunching,65331,65305,65331,26
grooming,65523,65331,65523,192
sniffing,65584,65523,65584,61
grooming,66345,65584,66345,761
sniffing,66428,66345,66428,83
stepping,66461,66428,66461,33
sniffing,66462,66461,66462,1
running,66483,66462,66483,21
walking,66496,66483,66496,13
sniffing,66609,66496,66609,113
grooming,66621,66609,66621,12
right_turning,66651,66621,66651,30
stepping,66687,66651,66687,36
sniffing,66795,66687,66795,108
trotting,66848,66795,66848,53
stepping,66888,66848,66888,40
sniffing,67114,66888,67114,226
scratching,67115,67114,67115,1
grooming,67134,67115,67134,19
left_turning,67154,67134,67154,20
sniffing,67214,67154,67214,60
left_turning,67273,67214,67273,59
stepping,67276,67273,67276,3
left_turning,67298,67276,67298,22
sniffing,67397,67298,67397,99
rising,67420,67397,67420,23
climbing,67452,67420,67452,32
trotting,67453,67452,67453,1
stepping,67507,67453,67507,54
sniffing,67574,67507,67574,67
grooming,67673,67574,67673,99
rearing,67750,67673,67750,77
rising,67815,67750,67815,65
climbing,68091,67815,68091,276
running,68126,68091,68126,35
walking,68127,68126,68127,1
sniffing,68128,68127,68128,1
stepping,68150,68128,68150,22
sniffing,68151,68150,68151,1
walking,68178,68151,68178,27
rising,68333,68178,68333,155
climbing,68433,68333,68433,100
rising,68466,68433,68466,33
stepping,68532,68466,68532,66
sniffing,68600,68532,68600,68
stepping,68628,68600,68628,28
sniffing,68692,68628,68692,64
left_turning,68707,68692,68707,15
grooming,68805,68707,68805,98
left_turning,68837,68805,68837,32
walking,68851,68837,68851,14
stepping,68869,68851,68869,18
sniffing,68870,68869,68870,1
stepping,68909,68870,68909,39
walking,68931,68909,68931,22
running,68947,68931,68947,16
walking,68980,68947,68980,33
sniffing,69018,68980,69018,38
walking,69097,69018,69097,79
sniffing,69195,69097,69195,98
rising,69271,69195,69271,76
climbing,69328,69271,69328,57
grooming,69764,69328,69764,436
rearing,69765,69764,69765,1
left_turning,69833,69765,69833,68
sniffing,69931,69833,69931,98
left_turning,69972,69931,69972,41
grooming,70247,69972,70247,275
sniffing,70271,70247,70271,24
stepping,70315,70271,70315,44
hunching,70322,70315,70322,7
left_turning,70330,70322,70330,8
stepping,70331,70330,70331,1
sniffing,70365,70331,70365,34
hunching,70446,70365,70446,81
grooming,70447,70446,70447,1
stepping,70546,70447,70546,99
sniffing,70551,70546,70551,5
right_turning,70553,70551,70553,2
climbing,70562,70553,70562,9
grooming,71672,70562,71672,1110
rising,71707,71672,71707,35
walking,71708,71707,71708,1
trotting,71751,71708,71751,43
walking,71812,71751,71812,61
sniffing,71866,71812,71866,54
walking,71872,71866,71872,6
sniffing,72088,71872,72088,216
left_turning,72110,72088,72110,22
walking,72208,72110,72208,98
trotting,72251,72208,72251,43
sniffing,72304,72251,72304,53
stepping,72366,72304,72366,62
walking,72396,72366,72396,30
sniffing,72457,72396,72457,61
rising,72475,72457,72475,18
rearing,72500,72475,72500,25
walking,72561,72500,72561,61
stepping,72617,72561,72617,56
sniffing,72667,72617,72667,50
grooming,72889,72667,72889,222
sniffing,72982,72889,72982,93
climbing,72991,72982,72991,9
grooming,73251,72991,73251,260
left_turning,73268,73251,73268,17
stepping,73310,73268,73310,42
walking,73311,73310,73311,1
sniffing,73312,73311,73312,1
rising,73333,73312,73333,21
sniffing,73334,73333,73334,1
walking,73376,73334,73376,42
sniffing,73474,73376,73474,98
stepping,73532,73474,73532,58
sniffing,73642,73532,73642,110
rising,73670,73642,73670,28
climbing,73779,73670,73779,109
grooming,73829,73779,73829,50
trotting,73830,73829,73830,1
sniffing,73977,73830,73977,147
rising,73986,73977,73986,9
rearing,74040,73986,74040,54
grooming,74431,74040,74431,391
rearing,74453,74431,74453,22
grooming,74454,74453,74454,1
rearing,74473,74454,74473,19
climbing,74567,74473,74567,94
trotting,74612,74567,74612,45
walking,74625,74612,74625,13
sniffing,74656,74625,74656,31
left_turning,74757,74656,74757,101
walking,74758,74757,74758,1
sniffing,74841,74758,74841,83
stepping,74881,74841,74881,40
walking,74940,74881,74940,59
rearing,74949,74940,74949,9
climbing,74980,74949,74980,31
left_turning,75006,74980,75006,26
walking,75026,75006,75026,20
stepping,75045,75026,75045,19
walking,75103,75045,75103,58
sniffing,75172,75103,75172,69
right_turning,75173,75172,75173,1
sniffing,75261,75173,75261,88
rising,75324,75261,75324,63
climbing,75344,75324,75344,20
trotting,75391,75344,75391,47
stepping,75477,75391,75477,86
grooming,75786,75477,75786,309
stepping,75813,75786,75813,27
sniffing,75861,75813,75861,48
walking,75878,75861,75878,17
sniffing,75912,75878,75912,34
rearing,76029,75912,76029,117
rising,76072,76029,76072,43
climbing,76073,76072,76073,1
left_turning,76114,76073,76114,41
walking,76162,76114,76162,48
trotting,76188,76162,76188,26
walking,76234,76188,76234,46
sniffing,76339,76234,76339,105
left_turning,76340,76339,76340,1
sniffing,76430,76340,76430,90
left_turning,76447,76430,76447,17
sniffing,76449,76447,76449,2
left_turning,76494,76449,76494,45
sniffing,76514,76494,76514,20
walking,76515,76514,76515,1
sniffing,76802,76515,76802,287
rearing,76813,76802,76813,11
grooming,77128,76813,77128,315
sniffing,77338,77128,77338,210
walking,77414,77338,77414,76
sniffing,77506,77414,77506,92
rising,77513,77506,77513,7
rearing,77557,77513,77557,44
left_turning,77610,77557,77610,53
sniffing,77611,77610,77611,1
right_turning,77654,77611,77654,43
stepping,77655,77654,77655,1
trotting,77681,77655,77681,26
climbing,77782,77681,77782,101
left_turning,77825,77782,77825,43
running,77846,77825,77846,21
sniffing,77917,77846,77917,71
left_turning,77969,77917,77969,52
grooming,77970,77969,77970,1
rising,77987,77970,77987,17
stepping,78029,77987,78029,42
sniffing,78159,78029,78159,130
left_turning,78199,78159,78199,40
stepping,78233,78199,78233,34
sniffing,78335,78233,78335,102
grooming,78344,78335,78344,9
trotting,78396,78344,78396,52
sniffing,78423,78396,78423,27
right_turning,78424,78423,78424,1
rearing,78492,78424,78492,68
rising,78578,78492,78578,86
grooming,78664,78578,78664,86
hunching,78738,78664,78738,74
grooming,78739,78738,78739,1
sniffing,78780,78739,78780,41
walking,78787,78780,78787,7
sniffing,78788,78787,78788,1
walking,78871,78788,78871,83
sniffing,78964,78871,78964,93
scratching,78965,78964,78965,1
grooming,79110,78965,79110,145
rearing,79131,79110,79131,21
sniffing,79193,79131,79193,62
walking,79239,79193,79239,46
sniffing,79435,79239,79435,196
rising,79436,79435,79436,1
sniffing,79513,79436,79513,77
left_turning,79543,79513,79543,30
trotting,79562,79543,79562,19
walking,79600,79562,79600,38
stepping,79615,79600,79615,15
rearing,79685,79615,79685,70
climbing,79720,79685,79720,35
stepping,79789,79720,79789,69
rearing,79894,79789,79894,105
stepping,79915,79894,79915,21
sniffing,79996,79915,79996,81
stepping,80042,79996,80042,46
trotting,80059,80042,80059,17
walking,80141,80059,80141,82
sniffing,80169,80141,80169,28
stepping,80234,80169,80234,65
sniffing,80328,80234,80328,94
rising,80356,80328,80356,28
rearing,80472,80356,80472,116
hunching,80517,80472,80517,45
grooming,80735,80517,80735,218
rearing,80881,80735,80881,146
grooming,80993,80881,80993,112
rearing,81036,80993,81036,43
grooming,81037,81036,81037,1
sniffing,81215,81037,81215,178
stepping,81270,81215,81270,55
climbing,81317,81270,81317,47
walking,81400,81317,81400,83
rearing,81458,81400,81458,58
left_turning,81472,81458,81472,14
sniffing,81520,81472,81520,48
rising,81537,81520,81537,17
right_turning,81634,81537,81634,97
walking,81717,81634,81717,83
sniffing,81718,81717,81718,1
hunching,81897,81718,81897,179
rearing,81945,81897,81945,48
grooming,82036,81945,82036,91
stepping,82054,82036,82054,18
sniffing,82160,82054,82160,106
running,82173,82160,82173,13
walking,82184,82173,82184,11
right_turning,82221,82184,82221,37
stepping,82271,82221,82271,50
trotting,82300,82271,82300,29
stepping,82368,82300,82368,68
climbing,82407,82368,82407,39
left_turning,82462,82407,82462,55
sniffing,82477,82462,82477,15
walking,82521,82477,82521,44
running,82568,82521,82568,47
sniffing,82711,82568,82711,143
left_turning,82744,82711,82744,33
grooming,82865,82744,82865,121
hunching,82866,82865,82866,1
rearing,82901,82866,82901,35
climbing,83048,82901,83048,147
left_turning,83084,83048,83084,36
rising,83105,83084,83105,21
stepping,83109,83105,83109,4
sniffing,83203,83109,83203,94
walking,83254,83203,83254,51
stepping,83327,83254,83327,73
sniffing,83429,83327,83429,102
trotting,83467,83429,83467,38
stepping,83524,83467,83524,57
rearing,83525,83524,83525,1
grooming,83599,83525,83599,74
scratching,83600,83599,83600,1
left_turning,83601,83600,83601,1
grooming,83668,83601,83668,67
rising,83722,83668,83722,54
grooming,83821,83722,83821,99
hunching,83888,83821,83888,67
rising,83946,83888,83946,58
walking,84005,83946,84005,59
sniffing,84072,84005,84072,67
right_turning,84095,84072,84095,23
climbing,84176,84095,84176,81
sniffing,84177,84176,84177,1
hunching,84251,84177,84251,74
grooming,85133,84251,85133,882
rearing,85240,85133,85240,107
left_turning,85314,85240,85314,74
walking,85320,85314,85320,6
stepping,85372,85320,85372,52
sniffing,85373,85372,85373,1
right_turning,85396,85373,85396,23
stepping,85438,85396,85438,42
sniffing,85460,85438,85460,22
grooming,85461,85460,85461,1
scratching,85462,85461,85462,1
grooming,85610,85462,85610,148
scratching,85611,85610,85611,1
sniffing,85665,85611,85665,54
left_turning,85687,85665,85687,22
rising,85688,85687,85688,1
rearing,85754,85688,85754,66
hunching,85860,85754,85860,106
rising,85974,85860,85974,114
sniffing,85975,85974,85975,1
grooming,85976,85975,85976,1
climbing,86088,85976,86088,112
sniffing,86157,86088,86157,69
rising,86158,86157,86158,1
rearing,86249,86158,86249,91
left_turning,86318,86249,86318,69
rearing,86367,86318,86367,49
climbing,86456,86367,86456,89
sniffing,86462,86456,86462,6
stepping,86528,86462,86528,66
rearing,86575,86528,86575,47
rising,86610,86575,86610,35
grooming,86965,86610,86965,355
rearing,86977,86965,86977,12
rising,87059,86977,87059,82
climbing,87118,87059,87118,59
grooming,87119,87118,87119,1
rearing,87221,87119,87221,102
grooming,87714,87221,87714,493
rearing,87752,87714,87752,38
hunching,87753,87752,87753,1
rearing,87820,87753,87820,67
hunching,87893,87820,87893,73
stepping,87931,87893,87931,38
sniffing,88036,87931,88036,105
grooming,88542,88036,88542,506
rearing,88606,88542,88606,64
left_turning,88664,88606,88664,58
rising,88699,88664,88699,35
grooming,88700,88699,88700,1
rising,88701,88700,88701,1
rearing,88757,88701,88757,56
hunching,88844,88757,88844,87
rearing,88860,88844,88860,16
running,88897,88860,88897,37
stepping,88904,88897,88904,7
sniffing,88940,88904,88940,36
stepping,88994,88940,88994,54
sniffing,89156,88994,89156,162
grooming,89723,89156,89723,567
rearing,89792,89723,89792,69
grooming,89920,89792,89920,128
rising,89984,89920,89984,64
rearing,89985,89984,89985,1
climbing,90041,89985,90041,56
right_turning,90112,90041,90112,71
walking,90199,90112,90199,87
stepping,90241,90199,90241,42
sniffing,90242,90241,90242,1
climbing,90267,90242,90267,25
stepping,90313,90267,90313,46
walking,90372,90313,90372,59
stepping,90402,90372,90402,30
grooming,90600,90402,90600,198
rearing,90613,90600,90613,13
grooming,90660,90613,90660,47
rearing,90700,90660,90700,40
climbing,90714,90700,90714,14
trotting,90758,90714,90758,44
walking,90759,90758,90759,1
sniffing,90760,90759,90760,1
grooming,90832,90760,90832,72
sniffing,91200,90832,91200,368
left_turning,91232,91200,91232,32
stepping,91288,91232,91288,56
rising,91326,91288,91326,38
sniffing,91367,91326,91367,41
walking,91414,91367,91414,47
stepping,91466,91414,91466,52
walking,91528,91466,91528,62
climbing,91580,91528,91580,52
sniffing,91581,91580,91581,1
rising,91582,91581,91582,1
sniffing,91639,91582,91639,57
left_turning,91737,91639,91737,98
sniffing,91738,91737,91738,1
stepping,91823,91738,91823,85
rearing,91827,91823,91827,4
hunching,91828,91827,91828,1
rearing,91870,91828,91870,42
hunching,91895,91870,91895,25
rearing,91966,91895,91966,71
sniffing,91975,91966,91975,9
rising,92031,91975,92031,56
rearing,92090,92031,92090,59
grooming,92143,92090,92143,53
walking,92206,92143,92206,63
sniffing,92208,92206,92208,2
right_turning,92209,92208,92209,1
walking,92281,92209,92281,72
sniffing,92404,92281,92404,123
stepping,92451,92404,92451,47
left_turning,92481,92451,92481,30
trotting,92485,92481,92485,4
walking,92556,92485,92556,71
rising,92588,92556,92588,32
climbing,92589,92588,92589,1
rearing,92729,92589,92729,140
grooming,92730,92729,92730,1
rearing,92822,92730,92822,92
trotting,92857,92822,92857,35
stepping,92876,92857,92876,19
walking,92990,92876,92990,114
stepping,93040,92990,93040,50
sniffing,93209,93040,93209,169
walking,93263,93209,93263,54
stepping,93264,93263,93264,1
rearing,93265,93264,93265,1
stepping,93301,93265,93301,36
right_turning,93328,93301,93328,27
running,93342,93328,93342,14
walking,93380,93342,93380,38
grooming,94048,93380,94048,668
scratching,94049,94048,94049,1
walking,94053,94049,94053,4
left_turning,94080,94053,94080,27
stepping,94144,94080,94144,64
rearing,94219,94144,94219,75
right_turning,94262,94219,94262,43
sniffing,94356,94262,94356,94
walking,94447,94356,94447,91
sniffing,94477,94447,94477,30
rising,94645,94477,94645,168
trotting,94673,94645,94673,28
stepping,94734,94673,94734,61
rearing,94821,94734,94821,87
climbing,94878,94821,94878,57
trotting,94905,94878,94905,27
stepping,94979,94905,94979,74
sniffing,95020,94979,95020,41
trotting,95021,95020,95021,1
walking,95035,95021,95035,14
sniffing,95036,95035,95036,1
rising,95037,95036,95037,1
sniffing,95165,95037,95165,128
stepping,95195,95165,95195,30
sniffing,95234,95195,95234,39
grooming,95402,95234,95402,168
climbing,95403,95402,95403,1
sniffing,95404,95403,95404,1
right_turning,95441,95404,95441,37
sniffing,95442,95441,95442,1
climbing,95443,95442,95443,1
grooming,95444,95443,95444,1
left_turning,95490,95444,95490,46
grooming,95491,95490,95491,1
stepping,95571,95491,95571,80
walking,95572,95571,95572,1
sniffing,95736,95572,95736,164
rising,95755,95736,95755,19
trotting,95770,95755,95770,15
sniffing,95771,95770,95771,1
stepping,95829,95771,95829,58
sniffing,95964,95829,95964,135
right_turning,96017,95964,96017,53
walking,96044,96017,96044,27
left_turning,96045,96044,96045,1
walking,96050,96045,96050,5
trotting,96164,96050,96164,114
running,96201,96164,96201,37
sniffing,96277,96201,96277,76
grooming,96541,96277,96541,264
rearing,96556,96541,96556,15
rising,96587,96556,96587,31
sniffing,96683,96587,96683,96
stepping,96697,96683,96697,14
rising,96698,96697,96698,1
grooming,96860,96698,96860,162
rearing,96861,96860,96861,1
rising,96891,96861,96891,30
sniffing,96892,96891,96892,1
walking,96919,96892,96919,27
rising,96985,96919,96985,66
grooming,97031,96985,97031,46
rearing,97035,97031,97035,4
rising,97039,97035,97039,4
grooming,97094,97039,97094,55
rearing,97095,97094,97095,1
walking,97144,97095,97144,49
sniffing,97253,97144,97253,109
walking,97269,97253,97269,16
stepping,97342,97269,97342,73
walking,97343,97342,97343,1
hunching,97345,97343,97345,2
sniffing,97369,97345,97369,24
rising,97441,97369,97441,72
rearing,97501,97441,97501,60
rising,97581,97501,97581,80
climbing,97588,97581,97588,7
rising,97605,97588,97605,17
sniffing,97676,97605,97676,71
grooming,97677,97676,97677,1
stepping,97706,97677,97706,29
climbing,97778,97706,97778,72
rearing,97825,97778,97825,47
stepping,97881,97825,97881,56
sniffing,97955,97881,97955,74
grooming,97956,97955,97956,1
rearing,98199,97956,98199,243
climbing,98200,98199,98200,1
sniffing,98434,98200,98434,234
rising,98461,98434,98461,27
grooming,98464,98461,98464,3
stepping,98480,98464,98480,16
sniffing,98511,98480,98511,31
stepping,98512,98511,98512,1
sniffing,98569,98512,98569,57
walking,98621,98569,98621,52
sniffing,98622,98621,98622,1
walking,98633,98622,98633,11
stepping,98656,98633,98656,23
walking,98678,98656,98678,22
sniffing,98679,98678,98679,1
stepping,98772,98679,98772,93
rising,98789,98772,98789,17
left_turning,98790,98789,98790,1
stepping,98862,98790,98862,72
sniffing,98863,98862,98863,1
scratching,98864,98863,98864,1
sniffing,98960,98864,98960,96
left_turning,98996,98960,98996,36
sniffing,99053,98996,99053,57
grooming,99272,99053,99272,219
climbing,99302,99272,99302,30
sniffing,99405,99302,99405,103
left_turning,99454,99405,99454,49
rearing,99564,99454,99564,110
sniffing,99651,99564,99651,87
stepping,99685,99651,99685,34
sniffing,99772,99685,99772,87
walking,99787,99772,99787,15
trotting,99853,99787,99853,66
sniffing,99952,99853,99952,99
walking,99989,99952,99989,37
stepping,100059,99989,100059,70
rearing,100060,100059,100060,1
left_turning,100117,100060,100117,57
rising,100132,100117,100132,15
sniffing,100192,100132,100192,60
left_turning,100214,100192,100214,22
sniffing,100219,100214,100219,5
grooming,100429,100219,100429,210
rearing,100430,100429,100430,1
hunching,100431,100430,100431,1
grooming,100432,100431,100432,1
rearing,100498,100432,100498,66
grooming,101007,100498,101007,509
walking,101049,101007,101049,42
climbing,101293,101049,101293,244
rearing,101294,101293,101294,1
sniffing,101361,101294,101361,67
walking,101408,101361,101408,47
sniffing,101508,101408,101508,100
rearing,101509,101508,101509,1
rising,101547,101509,101547,38
grooming,101854,101547,101854,307
right_turning,101875,101854,101875,21
walking,101944,101875,101944,69
stepping,101989,101944,101989,45
rising,101990,101989,101990,1
grooming,102444,101990,102444,454
rising,102456,102444,102456,12
climbing,102457,102456,102457,1
rearing,102494,102457,102494,37
grooming,102642,102494,102642,148
walking,102693,102642,102693,51
sniffing,102694,102693,102694,1
stepping,102709,102694,102709,15
sniffing,102710,102709,102710,1
stepping,102811,102710,102811,101
grooming,102821,102811,102821,10
walking,102822,102821,102822,1
sniffing,102823,102822,102823,1
walking,102906,102823,102906,83
sniffing,102963,102906,102963,57
rising,102979,102963,102979,16
left_turning,102984,102979,102984,5
sniffing,103019,102984,103019,35
rearing,103020,103019,103020,1
hunching,103122,103020,103122,102
grooming,103321,103122,103321,199
sniffing,103419,103321,103419,98
stepping,103446,103419,103446,27
sniffing,103447,103446,103447,1
rearing,103465,103447,103465,18
hunching,103540,103465,103540,75
grooming,103754,103540,103754,214
sniffing,103843,103754,103843,89
rising,103844,103843,103844,1
rearing,103882,103844,103882,38
grooming,104157,103882,104157,275
climbing,104252,104157,104252,95
left_turning,104282,104252,104282,30
sniffing,104415,104282,104415,133
rearing,104436,104415,104436,21
climbing,104485,104436,104485,49
rearing,104536,104485,104536,51
hunching,104537,104536,104537,1
rearing,104587,104537,104587,50
grooming,105406,104587,105406,819
rearing,105553,105406,105553,147
hunching,105576,105553,105576,23
rearing,105634,105576,105634,58
climbing,105823,105634,105823,189
rearing,105824,105823,105824,1
grooming,106170,105824,106170,346
left_turning,106261,106170,106261,91
sniffing,106325,106261,106325,64
walking,106422,106325,106422,97
stepping,106452,106422,106452,30
sniffing,106467,106452,106467,15
rising,106468,106467,106468,1
sniffing,106469,106468,106469,1
trotting,106501,106469,106501,32
running,106521,106501,106521,20
sniffing,106522,106521,106522,1
walking,106528,106522,106528,6
stepping,106529,106528,106529,1
climbing,106566,106529,106566,37
rising,106581,106566,106581,15
climbing,106663,106581,106663,82
rearing,106788,106663,106788,125
grooming,106789,106788,106789,1
hunching,106874,106789,106874,85
rearing,106941,106874,106941,67
climbing,107101,106941,107101,160
sniffing,107162,107101,107162,61
rising,107181,107162,107181,19
rearing,107182,107181,107182,1
rising,107216,107182,107216,34
rearing,107329,107216,107329,113
rising,107346,107329,107346,17
rearing,107347,107346,107347,1
grooming,108000,107347,108000,653
