revised_movement_label,segBoundary,segBoundary_start,segBoundary_end,length
right_turning,34,0,34,34
walking,42,34,42,8
sniffing,72,42,72,30
rearing,217,72,217,145
walking,239,217,239,22
sniffing,316,239,316,77
stepping,317,316,317,1
running,349,317,349,32
trotting,414,349,414,65
walking,455,414,455,41
stepping,456,455,456,1
rising,492,456,492,36
climbing,539,492,539,47
sniffing,630,539,630,91
grooming,631,630,631,1
rearing,642,631,642,11
sniffing,681,642,681,39
grooming,814,681,814,133
walking,815,814,815,1
sniffing,885,815,885,70
grooming,945,885,945,60
rising,946,945,946,1
left_turning,947,946,947,1
walking,973,947,973,26
stepping,995,973,995,22
walking,1078,995,1078,83
trotting,1159,1078,1159,81
sniffing,1160,1159,1160,1
stepping,1171,1160,1171,11
sniffing,1182,1171,1182,11
left_turning,1251,1182,1251,69
sniffing,1283,1251,1283,32
grooming,1374,1283,1374,91
right_turning,1396,1374,1396,22
walking,1421,1396,1421,25
stepping,1422,1421,1422,1
sniffing,1841,1422,1841,419
stepping,1867,1841,1867,26
sniffing,1952,1867,1952,85
rising,1953,1952,1953,1
rearing,1993,1953,1993,40
rising,2039,1993,2039,46
stepping,2073,2039,2073,34
sniffing,2080,2073,2080,7
stepping,2192,2080,2192,112
sniffing,2193,2192,2193,1
walking,2206,2193,2206,13
rising,2254,2206,2254,48
sniffing,2333,2254,2333,79
rising,2384,2333,2384,51
sniffing,2385,2384,2385,1
walking,2434,2385,2434,49
stepping,2505,2434,2505,71
running,2530,2505,2530,25
stepping,2531,2530,2531,1
running,2547,2531,2547,16
stepping,2592,2547,2592,45
rising,2593,2592,2593,1
right_turning,2599,2593,2599,6
running,2600,2599,2600,1
walking,2643,2600,2643,43
sniffing,2658,2643,2658,15
rising,2690,2658,2690,32
sniffing,2783,2690,2783,93
rising,2842,2783,2842,59
walking,2906,2842,2906,64
running,2932,2906,2932,26
walking,2998,2932,2998,66
sniffing,3076,2998,3076,78
stepping,3178,3076,3178,102
sniffing,3208,3178,3208,30
grooming,3242,3208,3242,34
rising,3246,3242,3246,4
left_turning,3293,3246,3293,47
sniffing,3332,3293,3332,39
stepping,3394,3332,3394,62
sniffing,3431,3394,3431,37
grooming,3453,3431,3453,22
hunching,3496,3453,3496,43
grooming,3530,3496,3530,34
hunching,3604,3530,3604,74
climbing,3650,3604,3650,46
grooming,3651,3650,3651,1
left_turning,3652,3651,3652,1
running,3667,3652,3667,15
trotting,3668,3667,3668,1
running,3723,3668,3723,55
trotting,3750,3723,3750,27
rising,3758,3750,3758,8
grooming,3782,3758,3782,24
rearing,3853,3782,3853,71
rising,3854,3853,3854,1
grooming,3907,3854,3907,53
running,3928,3907,3928,21
walking,3941,3928,3941,13
sniffing,3977,3941,3977,36
left_turning,3992,3977,3992,15
walking,4158,3992,4158,166
sniffing,4202,4158,4202,44
rising,4203,4202,4203,1
stepping,4231,4203,4231,28
sniffing,4253,4231,4253,22
walking,4282,4253,4282,29
running,4327,4282,4327,45
trotting,4339,4327,4339,12
walking,4398,4339,4398,59
sniffing,4478,4398,4478,80
climbing,4585,4478,4585,107
grooming,4637,4585,4637,52
sniffing,4684,4637,4684,47
rising,4685,4684,4685,1
walking,4747,4685,4747,62
running,4748,4747,4748,1
rising,4767,4748,4767,19
climbing,4819,4767,4819,52
rearing,4850,4819,4850,31
rising,4861,4850,4861,11
sniffing,4862,4861,4862,1
left_turning,4938,4862,4938,76
sniffing,4939,4938,4939,1
rising,4962,4939,4962,23
sniffing,5039,4962,5039,77
rearing,5110,5039,5110,71
hunching,5123,5110,5123,13
left_turning,5126,5123,5126,3
right_turning,5153,5126,5153,27
walking,5209,5153,5209,56
sniffing,5339,5209,5339,130
rising,5401,5339,5401,62
right_turning,5456,5401,5456,55
sniffing,5482,5456,5482,26
rising,5559,5482,5559,77
grooming,5732,5559,5732,173
walking,5762,5732,5762,30
right_turning,5768,5762,5768,6
walking,5800,5768,5800,32
stepping,5869,5800,5869,69
sniffing,5929,5869,5929,60
walking,5970,5929,5970,41
stepping,5993,5970,5993,23
walking,6014,5993,6014,21
stepping,6072,6014,6072,58
grooming,6073,6072,6073,1
right_turning,6121,6073,6121,48
grooming,6268,6121,6268,147
rearing,6376,6268,6376,108
rising,6395,6376,6395,19
left_turning,6423,6395,6423,28
rising,6439,6423,6439,16
stepping,6482,6439,6482,43
sniffing,6491,6482,6491,9
stepping,6521,6491,6521,30
rising,6586,6521,6586,65
climbing,6653,6586,6653,67
grooming,6667,6653,6667,14
rearing,6726,6667,6726,59
rising,6757,6726,6757,31
grooming,6893,6757,6893,136
left_turning,6909,6893,6909,16
sniffing,6910,6909,6910,1
stepping,6926,6910,6926,16
sniffing,6927,6926,6927,1
grooming,7033,6927,7033,106
rising,7084,7033,7084,51
sniffing,7182,7084,7182,98
right_turning,7190,7182,7190,8
walking,7263,7190,7263,73
sniffing,7364,7263,7364,101
walking,7424,7364,7424,60
stepping,7484,7424,7484,60
rising,7485,7484,7485,1
stepping,7557,7485,7557,72
sniffing,7597,7557,7597,40
stepping,7630,7597,7630,33
walking,7631,7630,7631,1
stepping,7679,7631,7679,48
walking,7684,7679,7684,5
sniffing,7749,7684,7749,65
walking,7859,7749,7859,110
stepping,7888,7859,7888,29
trotting,7922,7888,7922,34
stepping,7977,7922,7977,55
sniffing,8121,7977,8121,144
stepping,8174,8121,8174,53
rising,8196,8174,8196,22
stepping,8252,8196,8252,56
rising,8303,8252,8303,51
grooming,8477,8303,8477,174
rising,8516,8477,8516,39
right_turning,8548,8516,8548,32
trotting,8574,8548,8574,26
stepping,8577,8574,8577,3
walking,8599,8577,8599,22
sniffing,8617,8599,8617,18
left_turning,8618,8617,8618,1
stepping,8731,8618,8731,113
rising,8748,8731,8748,17
sniffing,8803,8748,8803,55
rising,8804,8803,8804,1
hunching,8808,8804,8808,4
right_turning,8815,8808,8815,7
rising,8858,8815,8858,43
sniffing,8901,8858,8901,43
trotting,8931,8901,8931,30
running,8948,8931,8948,17
walking,8989,8948,8989,41
rising,9002,8989,9002,13
left_turning,9056,9002,9056,54
walking,9172,9056,9172,116
climbing,9211,9172,9211,39
rearing,9215,9211,9215,4
hunching,9216,9215,9216,1
sniffing,9243,9216,9243,27
rising,9314,9243,9314,71
grooming,9315,9314,9315,1
walking,9316,9315,9316,1
stepping,9354,9316,9354,38
climbing,9383,9354,9383,29
grooming,9534,9383,9534,151
climbing,9577,9534,9577,43
grooming,9745,9577,9745,168
rising,9746,9745,9746,1
grooming,9805,9746,9805,59
hunching,9837,9805,9837,32
rearing,9865,9837,9865,28
rising,9933,9865,9933,68
hunching,9951,9933,9951,18
rearing,9952,9951,9952,1
hunching,9960,9952,9960,8
rearing,10060,9960,10060,100
grooming,10061,10060,10061,1
left_turning,10224,10061,10224,163
walking,10293,10224,10293,69
stepping,10294,10293,10294,1
grooming,10295,10294,10295,1
sniffing,10379,10295,10379,84
grooming,10444,10379,10444,65
rearing,10471,10444,10471,27
hunching,10507,10471,10507,36
rising,10508,10507,10508,1
grooming,10579,10508,10579,71
rising,10580,10579,10580,1
climbing,10640,10580,10640,60
left_turning,10666,10640,10666,26
running,10680,10666,10680,14
walking,10686,10680,10686,6
stepping,10710,10686,10710,24
grooming,10815,10710,10815,105
rising,10816,10815,10816,1
rearing,10817,10816,10817,1
grooming,10818,10817,10818,1
stepping,10844,10818,10844,26
sniffing,10986,10844,10986,142
grooming,11020,10986,11020,34
rising,11023,11020,11023,3
running,11060,11023,11060,37
walking,11092,11060,11092,32
stepping,11093,11092,11093,1
rising,11132,11093,11132,39
sniffing,11176,11132,11176,44
walking,11177,11176,11177,1
trotting,11198,11177,11198,21
walking,11201,11198,11201,3
climbing,11291,11201,11291,90
grooming,11476,11291,11476,185
walking,11564,11476,11564,88
sniffing,11642,11564,11642,78
stepping,11656,11642,11656,14
walking,11684,11656,11684,28
sniffing,11897,11684,11897,213
climbing,11911,11897,11911,14
grooming,11951,11911,11951,40
rising,12005,11951,12005,54
grooming,12116,12005,12116,111
rising,12140,12116,12140,24
rearing,12214,12140,12214,74
rising,12275,12214,12275,61
grooming,12345,12275,12345,70
rising,12406,12345,12406,61
running,12407,12406,12407,1
climbing,12463,12407,12463,56
grooming,12464,12463,12464,1
left_turning,12465,12464,12465,1
trotting,12487,12465,12487,22
sniffing,12488,12487,12488,1
running,12522,12488,12522,34
right_turning,12541,12522,12541,19
walking,12542,12541,12542,1
stepping,12594,12542,12594,52
sniffing,12595,12594,12595,1
walking,12613,12595,12613,18
stepping,12626,12613,12626,13
grooming,12693,12626,12693,67
stepping,12742,12693,12742,49
grooming,12800,12742,12800,58
walking,12801,12800,12801,1
stepping,12839,12801,12839,38
sniffing,12933,12839,12933,94
grooming,12934,12933,12934,1
rising,12952,12934,12952,18
running,12980,12952,12980,28
rising,13004,12980,13004,24
climbing,13052,13004,13052,48
grooming,13053,13052,13053,1
sniffing,13180,13053,13180,127
rising,13242,13180,13242,62
rearing,13312,13242,13312,70
grooming,13313,13312,13313,1
rearing,13378,13313,13378,65
hunching,13441,13378,13441,63
grooming,13693,13441,13693,252
hunching,13740,13693,13740,47
sniffing,13785,13740,13785,45
stepping,13859,13785,13859,74
grooming,13918,13859,13918,59
rising,13924,13918,13924,6
sniffing,14006,13924,14006,82
stepping,14015,14006,14015,9
grooming,14092,14015,14092,77
hunching,14128,14092,14128,36
grooming,14163,14128,14163,35
sniffing,14221,14163,14221,58
rising,14250,14221,14250,29
sniffing,14303,14250,14303,53
walking,14337,14303,14337,34
sniffing,14509,14337,14509,172
grooming,14630,14509,14630,121
left_turning,14729,14630,14729,99
stepping,14754,14729,14754,25
hunching,14769,14754,14769,15
grooming,14788,14769,14788,19
walking,14797,14788,14797,9
stepping,14875,14797,14875,78
walking,14920,14875,14920,45
trotting,14921,14920,14921,1
grooming,14942,14921,14942,21
left_turning,14943,14942,14943,1
grooming,15009,14943,15009,66
hunching,15053,15009,15053,44
left_turning,15079,15053,15079,26
sniffing,15118,15079,15118,39
stepping,15166,15118,15166,48
sniffing,15167,15166,15167,1
right_turning,15196,15167,15196,29
trotting,15228,15196,15228,32
climbing,15257,15228,15257,29
walking,15322,15257,15322,65
sniffing,15334,15322,15334,12
rearing,15402,15334,15402,68
sniffing,15445,15402,15445,43
walking,15468,15445,15468,23
rising,15496,15468,15496,28
grooming,15626,15496,15626,130
walking,15675,15626,15675,49
hunching,15685,15675,15685,10
rising,15740,15685,15740,55
left_turning,15763,15740,15763,23
rising,15785,15763,15785,22
rearing,15814,15785,15814,29
walking,15859,15814,15859,45
rising,15880,15859,15880,21
grooming,16082,15880,16082,202
rising,16140,16082,16140,58
sniffing,16141,16140,16141,1
rising,16142,16141,16142,1
grooming,16242,16142,16242,100
sniffing,16449,16242,16449,207
grooming,16524,16449,16524,75
scratching,16525,16524,16525,1
sniffing,16675,16525,16675,150
rearing,16704,16675,16704,29
left_turning,16753,16704,16753,49
walking,16782,16753,16782,29
grooming,16789,16782,16789,7
climbing,16840,16789,16840,51
grooming,17177,16840,17177,337
rearing,17178,17177,17178,1
grooming,17179,17178,17179,1
walking,17271,17179,17271,92
running,17295,17271,17295,24
left_turning,17337,17295,17337,42
walking,17395,17337,17395,58
trotting,17396,17395,17396,1
sniffing,17430,17396,17430,34
right_turning,17453,17430,17453,23
stepping,17476,17453,17476,23
walking,17477,17476,17477,1
sniffing,17664,17477,17664,187
walking,17676,17664,17676,12
climbing,17703,17676,17703,27
rising,17714,17703,17714,11
scratching,17715,17714,17715,1
grooming,17826,17715,17826,111
sniffing,17837,17826,17837,11
stepping,17902,17837,17902,65
grooming,18082,17902,18082,180
left_turning,18110,18082,18110,28
walking,18111,18110,18111,1
sniffing,18121,18111,18121,10
grooming,18122,18121,18122,1
rearing,18166,18122,18166,44
sniffing,18205,18166,18205,39
grooming,18206,18205,18206,1
walking,18207,18206,18207,1
rising,18215,18207,18215,8
climbing,18248,18215,18248,33
grooming,18249,18248,18249,1
left_turning,18288,18249,18288,39
running,18312,18288,18312,24
sniffing,18409,18312,18409,97
hunching,18438,18409,18438,29
rising,18487,18438,18487,49
stepping,18541,18487,18541,54
rearing,18581,18541,18581,40
grooming,18709,18581,18709,128
stepping,18751,18709,18751,42
sniffing,18796,18751,18796,45
stepping,18813,18796,18813,17
sniffing,18836,18813,18836,23
rising,18837,18836,18837,1
climbing,18976,18837,18976,139
sniffing,19011,18976,19011,35
climbing,19012,19011,19012,1
trotting,19059,19012,19059,47
stepping,19116,19059,19116,57
sniffing,19143,19116,19143,27
left_turning,19144,19143,19144,1
walking,19193,19144,19193,49
running,19226,19193,19226,33
left_turning,19275,19226,19275,49
stepping,19312,19275,19312,37
walking,19337,19312,19337,25
sniffing,19472,19337,19472,135
grooming,19590,19472,19590,118
walking,19667,19590,19667,77
trotting,19700,19667,19700,33
walking,19701,19700,19701,1
rising,19736,19701,19736,35
walking,19782,19736,19782,46
trotting,19832,19782,19832,50
sniffing,19988,19832,19988,156
stepping,19992,19988,19992,4
left_turning,20041,19992,20041,49
sniffing,20042,20041,20042,1
stepping,20085,20042,20085,43
walking,20167,20085,20167,82
sniffing,20240,20167,20240,73
grooming,20268,20240,20268,28
running,20291,20268,20291,23
walking,20307,20291,20307,16
sniffing,20308,20307,20308,1
rearing,20309,20308,20309,1
hunching,20341,20309,20341,32
rising,20342,20341,20342,1
rearing,20367,20342,20367,25
grooming,20368,20367,20368,1
sniffing,20471,20368,20471,103
rearing,20502,20471,20502,31
grooming,20682,20502,20682,180
right_turning,20715,20682,20715,33
walking,20807,20715,20807,92
sniffing,20860,20807,20860,53
right_turning,20872,20860,20872,12
stepping,20902,20872,20902,30
walking,20961,20902,20961,59
sniffing,20979,20961,20979,18
climbing,21023,20979,21023,44
walking,21067,21023,21067,44
left_turning,21114,21067,21114,47
walking,21115,21114,21115,1
rising,21177,21115,21177,62
stepping,21211,21177,21211,34
walking,21214,21211,21214,3
sniffing,21282,21214,21282,68
grooming,21458,21282,21458,176
climbing,21469,21458,21469,11
rearing,21559,21469,21559,90
rising,21623,21559,21623,64
hunching,21672,21623,21672,49
grooming,21705,21672,21705,33
trotting,21740,21705,21740,35
walking,21741,21740,21741,1
sniffing,21866,21741,21866,125
stepping,21939,21866,21939,73
sniffing,21944,21939,21944,5
climbing,22030,21944,22030,86
trotting,22069,22030,22069,39
stepping,22118,22069,22118,49
rearing,22187,22118,22187,69
left_turning,22253,22187,22253,66
rising,22299,22253,22299,46
sniffing,22415,22299,22415,116
walking,22463,22415,22463,48
sniffing,22495,22463,22495,32
stepping,22553,22495,22553,58
sniffing,22586,22553,22586,33
left_turning,22625,22586,22625,39
trotting,22629,22625,22629,4
stepping,22700,22629,22700,71
sniffing,22715,22700,22715,15
rising,22738,22715,22738,23
climbing,22757,22738,22757,19
rearing,22772,22757,22772,15
stepping,22814,22772,22814,42
walking,22855,22814,22855,41
trotting,22883,22855,22883,28
sniffing,22947,22883,22947,64
walking,23004,22947,23004,57
grooming,23197,23004,23197,193
hunching,23221,23197,23221,24
grooming,23222,23221,23222,1
hunching,23276,23222,23276,54
rearing,23277,23276,23277,1
hunching,23318,23277,23318,41
grooming,23389,23318,23389,71
trotting,23400,23389,23400,11
sniffing,23494,23400,23494,94
stepping,23495,23494,23495,1
rearing,23539,23495,23539,44
sniffing,23625,23539,23625,86
trotting,23668,23625,23668,43
sniffing,23776,23668,23776,108
stepping,23858,23776,23858,82
sniffing,23991,23858,23991,133
climbing,24070,23991,24070,79
rising,24071,24070,24071,1
stepping,24103,24071,24103,32
walking,24203,24103,24203,100
trotting,24248,24203,24248,45
stepping,24290,24248,24290,42
walking,24372,24290,24372,82
trotting,24390,24372,24390,18
rising,24402,24390,24402,12
trotting,24410,24402,24410,8
running,24411,24410,24411,1
rising,24435,24411,24435,24
grooming,24509,24435,24509,74
rising,24533,24509,24533,24
rearing,24619,24533,24619,86
sniffing,24738,24619,24738,119
rearing,24769,24738,24769,31
stepping,24834,24769,24834,65
sniffing,24892,24834,24892,58
climbing,24912,24892,24912,20
right_turning,24953,24912,24953,41
stepping,24994,24953,24994,41
rising,25010,24994,25010,16
sniffing,25039,25010,25039,29
grooming,25192,25039,25192,153
sniffing,25193,25192,25193,1
rearing,25203,25193,25203,10
hunching,25247,25203,25247,44
rearing,25501,25247,25501,254
climbing,25519,25501,25519,18
grooming,25539,25519,25539,20
rising,25543,25539,25543,4
right_turning,25566,25543,25566,23
walking,25567,25566,25567,1
stepping,25568,25567,25568,1
walking,25671,25568,25671,103
trotting,25718,25671,25718,47
walking,25723,25718,25723,5
sniffing,25750,25723,25750,27
grooming,25752,25750,25752,2
hunching,25836,25752,25836,84
grooming,25844,25836,25844,8
walking,25923,25844,25923,79
sniffing,25993,25923,25993,70
walking,25994,25993,25994,1
sniffing,26137,25994,26137,143
climbing,26219,26137,26219,82
stepping,26226,26219,26226,7
rising,26252,26226,26252,26
climbing,26253,26252,26253,1
grooming,26496,26253,26496,243
rearing,26555,26496,26555,59
grooming,26556,26555,26556,1
climbing,26631,26556,26631,75
grooming,26715,26631,26715,84
walking,26740,26715,26740,25
stepping,26816,26740,26816,76
right_turning,26825,26816,26825,9
walking,26863,26825,26863,38
sniffing,26877,26863,26877,14
running,26916,26877,26916,39
stepping,26972,26916,26972,56
sniffing,27075,26972,27075,103
stepping,27085,27075,27085,10
walking,27086,27085,27086,1
rising,27103,27086,27103,17
hunching,27121,27103,27121,18
grooming,27304,27121,27304,183
rising,27342,27304,27342,38
climbing,27378,27342,27378,36
grooming,27379,27378,27379,1
sniffing,27380,27379,27380,1
grooming,27585,27380,27585,205
sniffing,27586,27585,27586,1
stepping,27618,27586,27618,32
walking,27668,27618,27668,50
sniffing,27730,27668,27730,62
walking,27734,27730,27734,4
sniffing,27779,27734,27779,45
rearing,27780,27779,27780,1
hunching,27818,27780,27818,38
grooming,27819,27818,27819,1
sniffing,27923,27819,27923,104
walking,28049,27923,28049,126
stepping,28088,28049,28088,39
sniffing,28213,28088,28213,125
stepping,28243,28213,28243,30
rearing,28250,28243,28250,7
climbing,28392,28250,28392,142
walking,28403,28392,28403,11
stepping,28458,28403,28458,55
rising,28461,28458,28461,3
climbing,28524,28461,28524,63
trotting,28572,28524,28572,48
sniffing,28573,28572,28573,1
stepping,28581,28573,28581,8
rising,28605,28581,28605,24
rearing,28606,28605,28606,1
climbing,28691,28606,28691,85
walking,28888,28691,28888,197
grooming,29110,28888,29110,222
climbing,29198,29110,29198,88
left_turning,29244,29198,29244,46
sniffing,29341,29244,29341,97
walking,29355,29341,29355,14
sniffing,29462,29355,29462,107
left_turning,29500,29462,29500,38
walking,29583,29500,29583,83
sniffing,29600,29583,29600,17
walking,29633,29600,29633,33
sniffing,29698,29633,29698,65
rising,29721,29698,29721,23
rearing,29804,29721,29804,83
walking,29826,29804,29826,22
running,29834,29826,29834,8
walking,29896,29834,29896,62
sniffing,29958,29896,29958,62
stepping,30000,29958,30000,42
walking,30011,30000,30011,11
climbing,30019,30011,30019,8
grooming,30066,30019,30066,47
walking,30118,30066,30118,52
stepping,30149,30118,30149,31
sniffing,30246,30149,30246,97
stepping,30304,30246,30304,58
climbing,30347,30304,30347,43
left_turning,30348,30347,30348,1
sniffing,30414,30348,30414,66
rearing,30469,30414,30469,55
grooming,30483,30469,30483,14
left_turning,30501,30483,30501,18
grooming,30502,30501,30502,1
hunching,30626,30502,30626,124
grooming,30678,30626,30678,52
walking,30689,30678,30689,11
sniffing,30690,30689,30690,1
grooming,30703,30690,30703,13
rearing,30790,30703,30790,87
grooming,30927,30790,30927,137
stepping,30952,30927,30952,25
rising,30953,30952,30953,1
rearing,31043,30953,31043,90
left_turning,31059,31043,31059,16
sniffing,31360,31059,31360,301
rising,31364,31360,31364,4
sniffing,31365,31364,31365,1
climbing,31369,31365,31369,4
grooming,31459,31369,31459,90
walking,31460,31459,31460,1
sniffing,31505,31460,31505,45
stepping,31510,31505,31510,5
sniffing,31511,31510,31511,1
rising,31552,31511,31552,41
climbing,31620,31552,31620,68
stepping,31662,31620,31662,42
left_turning,31699,31662,31699,37
sniffing,31927,31699,31927,228
left_turning,31988,31927,31988,61
stepping,32026,31988,32026,38
rearing,32083,32026,32083,57
hunching,32086,32083,32086,3
left_turning,32106,32086,32106,20
sniffing,32194,32106,32194,88
stepping,32223,32194,32223,29
sniffing,32253,32223,32253,30
running,32274,32253,32274,21
trotting,32339,32274,32339,65
rearing,32432,32339,32432,93
stepping,32468,32432,32468,36
walking,32508,32468,32508,40
stepping,32561,32508,32561,53
grooming,32635,32561,32635,74
walking,32636,32635,32636,1
stepping,32637,32636,32637,1
grooming,32638,32637,32638,1
rearing,32666,32638,32666,28
grooming,32701,32666,32701,35
sniffing,32775,32701,32775,74
grooming,32776,32775,32776,1
sniffing,32796,32776,32796,20
rising,32872,32796,32872,76
stepping,32875,32872,32875,3
sniffing,32876,32875,32876,1
stepping,32940,32876,32940,64
trotting,32980,32940,32980,40
stepping,33013,32980,33013,33
walking,33033,33013,33033,20
sniffing,33058,33033,33058,25
grooming,33123,33058,33123,65
rearing,33150,33123,33150,27
grooming,33153,33150,33153,3
walking,33186,33153,33186,33
sniffing,33224,33186,33224,38
walking,33237,33224,33237,13
sniffing,33369,33237,33369,132
rising,33441,33369,33441,72
trotting,33515,33441,33515,74
left_turning,33516,33515,33516,1
rising,33539,33516,33539,23
grooming,33697,33539,33697,158
scratching,33698,33697,33698,1
grooming,33699,33698,33699,1
rising,33755,33699,33755,56
climbing,33756,33755,33756,1
walking,33785,33756,33785,29
sniffing,33834,33785,33834,49
stepping,33881,33834,33881,47
sniffing,33978,33881,33978,97
walking,34014,33978,34014,36
sniffing,34121,34014,34121,107
right_turning,34156,34121,34156,35
stepping,34172,34156,34172,16
grooming,34509,34172,34509,337
left_turning,34519,34509,34519,10
sniffing,34623,34519,34623,104
left_turning,34674,34623,34674,51
climbing,34723,34674,34723,49
trotting,34727,34723,34727,4
stepping,34742,34727,34742,15
climbing,34744,34742,34744,2
grooming,34771,34744,34771,27
rising,34826,34771,34826,55
walking,34830,34826,34830,4
running,34854,34830,34854,24
sniffing,34938,34854,34938,84
rising,34944,34938,34944,6
sniffing,35129,34944,35129,185
walking,35186,35129,35186,57
rising,35187,35186,35187,1
sniffing,35239,35187,35239,52
stepping,35274,35239,35274,35
climbing,35329,35274,35329,55
rearing,35342,35329,35342,13
grooming,35519,35342,35519,177
climbing,35529,35519,35529,10
grooming,35530,35529,35530,1
scratching,35531,35530,35531,1
sniffing,35628,35531,35628,97
stepping,35702,35628,35702,74
sniffing,35710,35702,35710,8
rising,35749,35710,35749,39
climbing,35787,35749,35787,38
stepping,35844,35787,35844,57
sniffing,36023,35844,36023,179
left_turning,36064,36023,36064,41
trotting,36094,36064,36094,30
sniffing,36118,36094,36118,24
walking,36165,36118,36165,47
sniffing,36166,36165,36166,1
walking,36307,36166,36307,141
trotting,36337,36307,36337,30
climbing,36375,36337,36375,38
hunching,36376,36375,36376,1
rearing,36406,36376,36406,30
hunching,36495,36406,36495,89
rising,36611,36495,36611,116
hunching,36668,36611,36668,57
grooming,36669,36668,36669,1
rearing,36677,36669,36677,8
climbing,36720,36677,36720,43
rearing,36781,36720,36781,61
grooming,36782,36781,36782,1
sniffing,36886,36782,36886,104
rearing,36917,36886,36917,31
grooming,37039,36917,37039,122
rearing,37120,37039,37120,81
left_turning,37165,37120,37165,45
stepping,37199,37165,37199,34
walking,37200,37199,37200,1
sniffing,37257,37200,37257,57
right_turning,37263,37257,37263,6
stepping,37304,37263,37304,41
climbing,37420,37304,37420,116
left_turning,37421,37420,37421,1
walking,37459,37421,37459,38
sniffing,37460,37459,37460,1
rising,37518,37460,37518,58
sniffing,37547,37518,37547,29
grooming,37953,37547,37953,406
walking,38003,37953,38003,50
climbing,38037,38003,38037,34
rearing,38071,38037,38071,34
stepping,38129,38071,38129,58
sniffing,38263,38129,38263,134
right_turning,38288,38263,38288,25
trotting,38350,38288,38350,62
sniffing,38357,38350,38357,7
grooming,38487,38357,38487,130
rising,38517,38487,38517,30
walking,38599,38517,38599,82
trotting,38628,38599,38628,29
walking,38668,38628,38668,40
left_turning,38689,38668,38689,21
sniffing,38747,38689,38747,58
running,38779,38747,38779,32
walking,38781,38779,38781,2
sniffing,38782,38781,38782,1
walking,38856,38782,38856,74
right_turning,38880,38856,38880,24
walking,38924,38880,38924,44
stepping,38942,38924,38942,18
trotting,38973,38942,38973,31
sniffing,39051,38973,39051,78
right_turning,39058,39051,39058,7
trotting,39075,39058,39075,17
sniffing,39076,39075,39076,1
stepping,39111,39076,39111,35
sniffing,39124,39111,39124,13
rising,39139,39124,39139,15
sniffing,39140,39139,39140,1
rearing,39141,39140,39141,1
grooming,39302,39141,39302,161
right_turning,39339,39302,39339,37
running,39387,39339,39387,48
sniffing,39469,39387,39469,82
trotting,39523,39469,39523,54
stepping,39560,39523,39560,37
climbing,39586,39560,39586,26
right_turning,39602,39586,39602,16
sniffing,39705,39602,39705,103
grooming,39925,39705,39925,220
rearing,39980,39925,39980,55
grooming,40047,39980,40047,67
rearing,40066,40047,40066,19
hunching,40067,40066,40067,1
walking,40080,40067,40080,13
stepping,40131,40080,40131,51
sniffing,40180,40131,40180,49
scratching,40181,40180,40181,1
sniffing,40247,40181,40247,66
walking,40380,40247,40380,133
sniffing,40381,40380,40381,1
stepping,40418,40381,40418,37
sniffing,40446,40418,40446,28
stepping,40494,40446,40494,48
walking,40495,40494,40495,1
rising,40496,40495,40496,1
stepping,40515,40496,40515,19
walking,40564,40515,40564,49
sniffing,40568,40564,40568,4
walking,40595,40568,40595,27
sniffing,40747,40595,40747,152
climbing,40814,40747,40814,67
trotting,40826,40814,40826,12
sniffing,40840,40826,40840,14
walking,40885,40840,40885,45
stepping,40952,40885,40952,67
sniffing,40953,40952,40953,1
grooming,41029,40953,41029,76
rearing,41052,41029,41052,23
grooming,41411,41052,41411,359
stepping,41423,41411,41423,12
climbing,41469,41423,41469,46
grooming,41470,41469,41470,1
rearing,41552,41470,41552,82
hunching,41609,41552,41609,57
grooming,41847,41609,41847,238
sniffing,42008,41847,42008,161
rising,42154,42008,42154,146
climbing,42167,42154,42167,13
stepping,42232,42167,42232,65
running,42235,42232,42235,3
sniffing,42352,42235,42352,117
stepping,42401,42352,42401,49
sniffing,42426,42401,42426,25
right_turning,42459,42426,42459,33
grooming,42494,42459,42494,35
right_turning,42524,42494,42524,30
sniffing,42693,42524,42693,169
rearing,42726,42693,42726,33
rising,42784,42726,42784,58
climbing,42800,42784,42800,16
walking,42835,42800,42835,35
rising,42853,42835,42853,18
sniffing,42918,42853,42918,65
stepping,42971,42918,42971,53
climbing,43098,42971,43098,127
rearing,43176,43098,43176,78
grooming,43177,43176,43177,1
rearing,43185,43177,43185,8
climbing,43186,43185,43186,1
grooming,43230,43186,43230,44
walking,43239,43230,43239,9
sniffing,43333,43239,43333,94
grooming,43334,43333,43334,1
hunching,43335,43334,43335,1
left_turning,43401,43335,43401,66
stepping,43460,43401,43460,59
walking,43515,43460,43515,55
rearing,43573,43515,43573,58
stepping,43600,43573,43600,27
sniffing,43635,43600,43635,35
trotting,43661,43635,43661,26
sniffing,43662,43661,43662,1
grooming,43704,43662,43704,42
stepping,43736,43704,43736,32
trotting,43755,43736,43755,19
walking,43830,43755,43830,75
stepping,43890,43830,43890,60
grooming,43920,43890,43920,30
hunching,43942,43920,43942,22
grooming,44155,43942,44155,213
left_turning,44187,44155,44187,32
sniffing,44188,44187,44188,1
walking,44249,44188,44249,61
sniffing,44258,44249,44258,9
rising,44259,44258,44259,1
stepping,44302,44259,44302,43
sniffing,44363,44302,44363,61
rising,44371,44363,44371,8
stepping,44445,44371,44445,74
sniffing,44446,44445,44446,1
stepping,44490,44446,44490,44
walking,44520,44490,44520,30
sniffing,44521,44520,44521,1
rising,44522,44521,44522,1
climbing,44591,44522,44591,69
rearing,44642,44591,44642,51
grooming,44677,44642,44677,35
hunching,44706,44677,44706,29
grooming,44936,44706,44936,230
walking,44948,44936,44948,12
climbing,44956,44948,44956,8
walking,44982,44956,44982,26
trotting,45029,44982,45029,47
walking,45030,45029,45030,1
scratching,45031,45030,45031,1
sniffing,45069,45031,45069,38
grooming,45070,45069,45070,1
sniffing,45139,45070,45139,69
stepping,45140,45139,45140,1
sniffing,45342,45140,45342,202
walking,45366,45342,45366,24
sniffing,45427,45366,45427,61
left_turning,45440,45427,45440,13
sniffing,45441,45440,45441,1
walking,45525,45441,45525,84
sniffing,45629,45525,45629,104
rising,45676,45629,45676,47
rearing,45694,45676,45694,18
hunching,45695,45694,45695,1
grooming,45723,45695,45723,28
scratching,45724,45723,45724,1
stepping,45736,45724,45736,12
running,45742,45736,45742,6
stepping,45772,45742,45772,30
walking,45793,45772,45793,21
sniffing,45803,45793,45803,10
grooming,46032,45803,46032,229
sniffing,46090,46032,46090,58
hunching,46150,46090,46150,60
rearing,46151,46150,46151,1
trotting,46173,46151,46173,22
walking,46195,46173,46195,22
running,46217,46195,46217,22
trotting,46267,46217,46267,50
walking,46328,46267,46328,61
trotting,46360,46328,46360,32
walking,46404,46360,46404,44
sniffing,46408,46404,46408,4
rearing,46461,46408,46461,53
left_turning,46462,46461,46462,1
grooming,46598,46462,46598,136
trotting,46613,46598,46613,15
sniffing,46753,46613,46753,140
rising,46776,46753,46776,23
sniffing,46835,46776,46835,59
running,46866,46835,46866,31
walking,46896,46866,46896,30
sniffing,46973,46896,46973,77
rising,47000,46973,47000,27
climbing,47102,47000,47102,102
rearing,47125,47102,47125,23
climbing,47207,47125,47207,82
right_turning,47264,47207,47264,57
walking,47340,47264,47340,76
climbing,47360,47340,47360,20
sniffing,47516,47360,47516,156
climbing,47564,47516,47564,48
left_turning,47572,47564,47572,8
walking,47600,47572,47600,28
stepping,47611,47600,47611,11
climbing,47737,47611,47737,126
walking,47812,47737,47812,75
sniffing,47949,47812,47949,137
left_turning,47972,47949,47972,23
rearing,48112,47972,48112,140
grooming,48113,48112,48113,1
climbing,48203,48113,48203,90
rising,48204,48203,48204,1
grooming,48325,48204,48325,121
hunching,48397,48325,48397,72
stepping,48435,48397,48435,38
walking,48436,48435,48436,1
grooming,48748,48436,48748,312
rearing,48758,48748,48758,10
walking,48801,48758,48801,43
stepping,48823,48801,48823,22
sniffing,48902,48823,48902,79
stepping,48932,48902,48932,30
climbing,49011,48932,49011,79
sniffing,49108,49011,49108,97
rearing,49109,49108,49109,1
climbing,49200,49109,49200,91
sniffing,49205,49200,49205,5
walking,49257,49205,49257,52
climbing,49304,49257,49304,47
sniffing,49358,49304,49358,54
grooming,49493,49358,49493,135
rearing,49532,49493,49532,39
rising,49543,49532,49543,11
rearing,49641,49543,49641,98
hunching,49714,49641,49714,73
rising,49715,49714,49715,1
rearing,49760,49715,49760,45
rising,49792,49760,49792,32
rearing,49894,49792,49894,102
grooming,50131,49894,50131,237
walking,50170,50131,50170,39
stepping,50239,50170,50239,69
trotting,50266,50239,50266,27
sniffing,50433,50266,50433,167
walking,50501,50433,50501,68
running,50519,50501,50519,18
sniffing,50536,50519,50536,17
stepping,50612,50536,50612,76
right_turning,50659,50612,50659,47
sniffing,50822,50659,50822,163
walking,50853,50822,50853,31
stepping,50884,50853,50884,31
sniffing,50960,50884,50960,76
walking,50965,50960,50965,5
grooming,51220,50965,51220,255
sniffing,51375,51220,51375,155
walking,51376,51375,51376,1
sniffing,51406,51376,51406,30
running,51421,51406,51421,15
sniffing,51515,51421,51515,94
walking,51591,51515,51591,76
stepping,51604,51591,51604,13
sniffing,51605,51604,51605,1
right_turning,51625,51605,51625,20
walking,51626,51625,51626,1
sniffing,51680,51626,51680,54
stepping,51704,51680,51704,24
sniffing,51947,51704,51947,243
walking,51964,51947,51964,17
sniffing,51998,51964,51998,34
left_turning,52001,51998,52001,3
sniffing,52002,52001,52002,1
grooming,52177,52002,52177,175
right_turning,52191,52177,52191,14
sniffing,52268,52191,52268,77
right_turning,52297,52268,52297,29
sniffing,52298,52297,52298,1
walking,52353,52298,52353,55
stepping,52378,52353,52378,25
sniffing,52400,52378,52400,22
rising,52428,52400,52428,28
grooming,52429,52428,52429,1
rising,52460,52429,52460,31
sniffing,52502,52460,52502,42
rising,52505,52502,52505,3
right_turning,52540,52505,52540,35
stepping,52576,52540,52576,36
sniffing,52734,52576,52734,158
grooming,52735,52734,52735,1
hunching,52817,52735,52817,82
grooming,52978,52817,52978,161
right_turning,53012,52978,53012,34
rising,53048,53012,53048,36
sniffing,53132,53048,53132,84
grooming,53133,53132,53133,1
stepping,53187,53133,53187,54
sniffing,53188,53187,53188,1
stepping,53213,53188,53213,25
grooming,53441,53213,53441,228
walking,53442,53441,53442,1
rising,53470,53442,53470,28
climbing,53525,53470,53525,55
walking,53539,53525,53539,14
sniffing,53547,53539,53547,8
stepping,53601,53547,53601,54
grooming,53684,53601,53684,83
rising,53697,53684,53697,13
rearing,53753,53697,53753,56
hunching,53754,53753,53754,1
rearing,53755,53754,53755,1
grooming,53756,53755,53756,1
rearing,53757,53756,53757,1
sniffing,53758,53757,53758,1
stepping,53794,53758,53794,36
sniffing,53795,53794,53795,1
walking,53829,53795,53829,34
stepping,53861,53829,53861,32
sniffing,53902,53861,53902,41
walking,53992,53902,53992,90
sniffing,54055,53992,54055,63
stepping,54098,54055,54098,43
rising,54165,54098,54165,67
rearing,54244,54165,54244,79
climbing,54268,54244,54268,24
left_turning,54348,54268,54348,80
sniffing,54433,54348,54433,85
left_turning,54503,54433,54503,70
sniffing,54647,54503,54647,144
grooming,54715,54647,54715,68
rearing,54725,54715,54725,10
grooming,54944,54725,54944,219
walking,54945,54944,54945,1
right_turning,54946,54945,54946,1
walking,54961,54946,54961,15
sniffing,55114,54961,55114,153
grooming,55223,55114,55223,109
sniffing,55256,55223,55256,33
stepping,55286,55256,55286,30
rising,55289,55286,55289,3
sniffing,55405,55289,55405,116
stepping,55431,55405,55431,26
rising,55514,55431,55514,83
rearing,55572,55514,55572,58
climbing,55661,55572,55661,89
grooming,55662,55661,55662,1
sniffing,55701,55662,55701,39
grooming,55906,55701,55906,205
walking,55968,55906,55968,62
sniffing,56377,55968,56377,409
stepping,56378,56377,56378,1
right_turning,56386,56378,56386,8
rising,56451,56386,56451,65
left_turning,56471,56451,56471,20
stepping,56519,56471,56519,48
walking,56537,56519,56537,18
stepping,56554,56537,56554,17
grooming,56845,56554,56845,291
rearing,56912,56845,56912,67
grooming,57013,56912,57013,101
scratching,57014,57013,57014,1
sniffing,57100,57014,57100,86
grooming,57254,57100,57254,154
scratching,57255,57254,57255,1
left_turning,57267,57255,57267,12
walking,57278,57267,57278,11
trotting,57336,57278,57336,58
rising,57349,57336,57349,13
climbing,57350,57349,57350,1
rising,57381,57350,57381,31
left_turning,57419,57381,57419,38
right_turning,57451,57419,57451,32
stepping,57501,57451,57501,50
sniffing,57523,57501,57523,22
left_turning,57532,57523,57532,9
sniffing,57533,57532,57533,1
stepping,57534,57533,57534,1
right_turning,57552,57534,57552,18
running,57562,57552,57562,10
rearing,57619,57562,57619,57
climbing,57670,57619,57670,51
left_turning,57684,57670,57684,14
trotting,57724,57684,57724,40
stepping,57753,57724,57753,29
walking,57772,57753,57772,19
sniffing,57857,57772,57857,85
rising,57858,57857,57858,1
climbing,57882,57858,57882,24
rearing,57922,57882,57922,40
left_turning,57969,57922,57969,47
trotting,58004,57969,58004,35
stepping,58058,58004,58058,54
grooming,58059,58058,58059,1
stepping,58129,58059,58129,70
walking,58130,58129,58130,1
stepping,58176,58130,58176,46
sniffing,58286,58176,58286,110
grooming,58384,58286,58384,98
sniffing,58575,58384,58575,191
stepping,58603,58575,58603,28
sniffing,58735,58603,58735,132
rising,58736,58735,58736,1
grooming,59051,58736,59051,315
rearing,59095,59051,59095,44
sniffing,59096,59095,59096,1
rising,59106,59096,59106,10
stepping,59138,59106,59138,32
left_turning,59215,59138,59215,77
stepping,59246,59215,59246,31
sniffing,59247,59246,59247,1
rising,59263,59247,59263,16
grooming,59546,59263,59546,283
sniffing,59618,59546,59618,72
walking,59619,59618,59619,1
trotting,59620,59619,59620,1
walking,59621,59620,59621,1
sniffing,59671,59621,59671,50
grooming,59856,59671,59856,185
sniffing,59986,59856,59986,130
walking,60079,59986,60079,93
sniffing,60080,60079,60080,1
rising,60090,60080,60090,10
rearing,60140,60090,60140,50
grooming,60336,60140,60336,196
rearing,60413,60336,60413,77
running,60439,60413,60439,26
walking,60514,60439,60514,75
sniffing,60666,60514,60666,152
rising,60708,60666,60708,42
rearing,60770,60708,60770,62
grooming,60936,60770,60936,166
rearing,60972,60936,60972,36
hunching,60973,60972,60973,1
rearing,60990,60973,60990,17
grooming,60991,60990,60991,1
hunching,61001,60991,61001,10
grooming,61040,61001,61040,39
rearing,61077,61040,61077,37
left_turning,61111,61077,61111,34
scratching,61112,61111,61112,1
left_turning,61133,61112,61133,21
sniffing,61231,61133,61231,98
stepping,61268,61231,61268,37
right_turning,61293,61268,61293,25
sniffing,61395,61293,61395,102
stepping,61434,61395,61434,39
sniffing,61461,61434,61461,27
stepping,61478,61461,61478,17
sniffing,61591,61478,61591,113
rearing,61592,61591,61592,1
grooming,61923,61592,61923,331
rearing,61932,61923,61932,9
rising,61965,61932,61965,33
sniffing,62066,61965,62066,101
walking,62136,62066,62136,70
sniffing,62245,62136,62245,109
grooming,62246,62245,62246,1
trotting,62294,62246,62294,48
stepping,62312,62294,62312,18
sniffing,62378,62312,62378,66
rearing,62452,62378,62452,74
climbing,62453,62452,62453,1
rearing,62566,62453,62566,113
left_turning,62596,62566,62596,30
sniffing,62597,62596,62597,1
rising,62613,62597,62613,16
grooming,62756,62613,62756,143
rearing,62763,62756,62763,7
grooming,63061,62763,63061,298
sniffing,63207,63061,63207,146
grooming,63208,63207,63208,1
running,63246,63208,63246,38
walking,63247,63246,63247,1
sniffing,63316,63247,63316,69
rising,63347,63316,63347,31
grooming,63348,63347,63348,1
walking,63366,63348,63366,18
rearing,63421,63366,63421,55
sniffing,63604,63421,63604,183
stepping,63645,63604,63645,41
sniffing,63713,63645,63713,68
stepping,63730,63713,63730,17
walking,63798,63730,63798,68
stepping,63832,63798,63832,34
sniffing,63841,63832,63841,9
stepping,63854,63841,63854,13
grooming,63855,63854,63855,1
running,63882,63855,63882,27
right_turning,63899,63882,63899,17
walking,63943,63899,63943,44
sniffing,63944,63943,63944,1
grooming,64852,63944,64852,908
sniffing,64924,64852,64924,72
grooming,65455,64924,65455,531
rising,65460,65455,65460,5
left_turning,65477,65460,65477,17
trotting,65481,65477,65481,4
stepping,65515,65481,65515,34
grooming,65516,65515,65516,1
sniffing,65543,65516,65543,27
stepping,65580,65543,65580,37
walking,65631,65580,65631,51
climbing,65632,65631,65632,1
sniffing,65657,65632,65657,25
rising,65658,65657,65658,1
climbing,65774,65658,65774,116
grooming,66323,65774,66323,549
rearing,66324,66323,66324,1
climbing,66477,66324,66477,153
sniffing,66645,66477,66645,168
rising,66661,66645,66661,16
grooming,67030,66661,67030,369
sniffing,67185,67030,67185,155
grooming,67221,67185,67221,36
trotting,67267,67221,67267,46
walking,67320,67267,67320,53
sniffing,67461,67320,67461,141
walking,67493,67461,67493,32
sniffing,67498,67493,67498,5
right_turning,67525,67498,67525,27
walking,67563,67525,67563,38
sniffing,67570,67563,67570,7
stepping,67612,67570,67612,42
sniffing,67659,67612,67659,47
walking,67660,67659,67660,1
stepping,67697,67660,67697,37
running,67719,67697,67719,22
walking,67793,67719,67793,74
climbing,67899,67793,67899,106
grooming,68046,67899,68046,147
rearing,68114,68046,68114,68
hunching,68162,68114,68162,48
grooming,68178,68162,68178,16
stepping,68180,68178,68180,2
walking,68192,68180,68192,12
sniffing,68193,68192,68193,1
rising,68242,68193,68242,49
climbing,68392,68242,68392,150
sniffing,68393,68392,68393,1
right_turning,68453,68393,68453,60
sniffing,68552,68453,68552,99
left_turning,68553,68552,68553,1
trotting,68565,68553,68565,12
walking,68634,68565,68634,69
stepping,68635,68634,68635,1
rearing,68636,68635,68636,1
grooming,68673,68636,68673,37
rearing,68718,68673,68718,45
grooming,68719,68718,68719,1
stepping,68773,68719,68773,54
trotting,68827,68773,68827,54
sniffing,68828,68827,68828,1
rising,68829,68828,68829,1
stepping,68830,68829,68830,1
running,68865,68830,68865,35
sniffing,68888,68865,68888,23
rearing,68889,68888,68889,1
sniffing,68908,68889,68908,19
grooming,68909,68908,68909,1
rising,68981,68909,68981,72
grooming,69426,68981,69426,445
walking,69493,69426,69493,67
sniffing,69574,69493,69574,81
walking,69649,69574,69649,75
sniffing,69659,69649,69659,10
grooming,69911,69659,69911,252
sniffing,69943,69911,69943,32
walking,70033,69943,70033,90
stepping,70034,70033,70034,1
walking,70069,70034,70069,35
sniffing,70231,70069,70231,162
walking,70232,70231,70232,1
rearing,70274,70232,70274,42
climbing,70327,70274,70327,53
grooming,70422,70327,70422,95
hunching,70549,70422,70549,127
rearing,70550,70549,70550,1
hunching,70592,70550,70592,42
grooming,71386,70592,71386,794
rearing,71525,71386,71525,139
sniffing,71700,71525,71700,175
rising,71768,71700,71768,68
grooming,71769,71768,71769,1
rearing,71770,71769,71770,1
grooming,72043,71770,72043,273
running,72075,72043,72075,32
left_turning,72095,72075,72095,20
walking,72122,72095,72122,27
sniffing,72242,72122,72242,120
grooming,72405,72242,72405,163
hunching,72621,72405,72621,216
rearing,72702,72621,72702,81
walking,72703,72702,72703,1
stepping,72745,72703,72745,42
sniffing,72746,72745,72746,1
rising,72781,72746,72781,35
sniffing,72792,72781,72792,11
rising,72826,72792,72826,34
climbing,72862,72826,72862,36
sniffing,72863,72862,72863,1
left_turning,72898,72863,72898,35
sniffing,72959,72898,72959,61
right_turning,72967,72959,72967,8
sniffing,73045,72967,73045,78
grooming,73239,73045,73239,194
rising,73375,73239,73375,136
sniffing,73473,73375,73473,98
walking,73537,73473,73537,64
sniffing,73774,73537,73774,237
rising,73888,73774,73888,114
climbing,73929,73888,73929,41
grooming,73976,73929,73976,47
sniffing,74176,73976,74176,200
left_turning,74240,74176,74240,64
sniffing,74361,74240,74361,121
trotting,74401,74361,74401,40
grooming,74402,74401,74402,1
climbing,74403,74402,74403,1
grooming,74814,74403,74814,411
sniffing,74833,74814,74833,19
rearing,74953,74833,74953,120
grooming,75268,74953,75268,315
left_turning,75317,75268,75317,49
trotting,75357,75317,75357,40
stepping,75438,75357,75438,81
sniffing,75537,75438,75537,99
walking,75541,75537,75541,4
sniffing,75666,75541,75666,125
walking,75680,75666,75680,14
sniffing,75945,75680,75945,265
rearing,75979,75945,75979,34
rising,75980,75979,75980,1
sniffing,75981,75980,75981,1
right_turning,76004,75981,76004,23
sniffing,76126,76004,76126,122
stepping,76169,76126,76169,43
sniffing,76215,76169,76215,46
right_turning,76254,76215,76254,39
walking,76257,76254,76257,3
sniffing,76303,76257,76303,46
walking,76320,76303,76320,17
running,76358,76320,76358,38
rising,76388,76358,76388,30
grooming,76497,76388,76497,109
climbing,76523,76497,76523,26
trotting,76552,76523,76552,29
walking,76572,76552,76572,20
sniffing,76687,76572,76687,115
left_turning,76728,76687,76728,41
running,76740,76728,76740,12
walking,76783,76740,76783,43
grooming,76886,76783,76886,103
rearing,76887,76886,76887,1
left_turning,76964,76887,76964,77
walking,77047,76964,77047,83
rising,77078,77047,77078,31
grooming,77248,77078,77248,170
stepping,77285,77248,77285,37
rising,77286,77285,77286,1
sniffing,77342,77286,77342,56
trotting,77351,77342,77351,9
sniffing,77390,77351,77390,39
right_turning,77416,77390,77416,26
walking,77444,77416,77444,28
stepping,77461,77444,77461,17
walking,77489,77461,77489,28
right_turning,77530,77489,77530,41
walking,77624,77530,77624,94
stepping,77662,77624,77662,38
left_turning,77722,77662,77722,60
trotting,77784,77722,77784,62
walking,77785,77784,77785,1
stepping,77806,77785,77806,21
walking,77863,77806,77863,57
rising,77937,77863,77937,74
sniffing,77938,77937,77938,1
rising,77981,77938,77981,43
hunching,78017,77981,78017,36
grooming,78112,78017,78112,95
sniffing,78119,78112,78119,7
rising,78161,78119,78161,42
grooming,78218,78161,78218,57
rising,78260,78218,78260,42
climbing,78281,78260,78281,21
stepping,78297,78281,78297,16
rearing,78434,78297,78434,137
walking,78460,78434,78460,26
stepping,78501,78460,78501,41
right_turning,78550,78501,78550,49
walking,78586,78550,78586,36
left_turning,78631,78586,78631,45
walking,78659,78631,78659,28
trotting,78687,78659,78687,28
stepping,78757,78687,78757,70
rising,78764,78757,78764,7
climbing,78840,78764,78840,76
trotting,78847,78840,78847,7
stepping,78914,78847,78914,67
sniffing,78944,78914,78944,30
right_turning,78989,78944,78989,45
trotting,79038,78989,79038,49
sniffing,79117,79038,79117,79
walking,79177,79117,79177,60
sniffing,79178,79177,79178,1
grooming,79418,79178,79418,240
hunching,79451,79418,79451,33
left_turning,79518,79451,79518,67
running,79580,79518,79580,62
sniffing,79733,79580,79733,153
rising,79809,79733,79809,76
sniffing,79813,79809,79813,4
left_turning,79838,79813,79838,25
running,79907,79838,79907,69
left_turning,80006,79907,80006,99
sniffing,80204,80006,80204,198
scratching,80205,80204,80205,1
sniffing,80206,80205,80206,1
rising,80210,80206,80210,4
sniffing,80263,80210,80263,53
grooming,80264,80263,80264,1
sniffing,80386,80264,80386,122
stepping,80444,80386,80444,58
grooming,80445,80444,80445,1
rearing,80522,80445,80522,77
walking,80595,80522,80595,73
sniffing,80596,80595,80596,1
right_turning,80632,80596,80632,36
sniffing,80682,80632,80682,50
right_turning,80720,80682,80720,38
sniffing,80833,80720,80833,113
walking,80896,80833,80896,63
jumping,80930,80896,80930,34
rearing,80931,80930,80931,1
grooming,81132,80931,81132,201
left_turning,81157,81132,81157,25
walking,81206,81157,81206,49
sniffing,81226,81206,81226,20
stepping,81256,81226,81256,30
sniffing,81286,81256,81286,30
rearing,81361,81286,81361,75
climbing,81642,81361,81642,281
rising,81643,81642,81643,1
rearing,81644,81643,81644,1
climbing,81749,81644,81749,105
trotting,81779,81749,81779,30
walking,81847,81779,81847,68
trotting,81848,81847,81848,1
walking,81885,81848,81885,37
sniffing,82037,81885,82037,152
rising,82051,82037,82051,14
rearing,82156,82051,82156,105
hunching,82165,82156,82165,9
grooming,82166,82165,82166,1
rearing,82173,82166,82173,7
grooming,82532,82173,82532,359
rearing,82641,82532,82641,109
hunching,82642,82641,82642,1
grooming,82682,82642,82682,40
hunching,82748,82682,82748,66
climbing,82785,82748,82785,37
grooming,82786,82785,82786,1
walking,82924,82786,82924,138
sniffing,83006,82924,83006,82
walking,83047,83006,83047,41
stepping,83096,83047,83096,49
rising,83097,83096,83097,1
sniffing,83133,83097,83133,36
rising,83167,83133,83167,34
rearing,83192,83167,83192,25
walking,83269,83192,83269,77
left_turning,83390,83269,83390,121
grooming,83715,83390,83715,325
left_turning,83718,83715,83718,3
sniffing,83820,83718,83820,102
rising,83821,83820,83821,1
climbing,83876,83821,83876,55
grooming,84205,83876,84205,329
rearing,84224,84205,84224,19
grooming,84225,84224,84225,1
climbing,84449,84225,84449,224
rising,84515,84449,84515,66
climbing,84602,84515,84602,87
grooming,84603,84602,84603,1
rearing,84655,84603,84655,52
rising,84690,84655,84690,35
sniffing,84876,84690,84876,186
walking,84953,84876,84953,77
sniffing,85032,84953,85032,79
walking,85116,85032,85116,84
stepping,85117,85116,85117,1
climbing,85163,85117,85163,46
running,85173,85163,85173,10
walking,85234,85173,85234,61
sniffing,85474,85234,85474,240
grooming,85539,85474,85539,65
sniffing,85630,85539,85630,91
stepping,85678,85630,85678,48
sniffing,85679,85678,85679,1
stepping,85719,85679,85719,40
sniffing,85720,85719,85720,1
scratching,85721,85720,85721,1
sniffing,85722,85721,85722,1
jumping,85776,85722,85776,54
left_turning,85817,85776,85817,41
sniffing,85967,85817,85967,150
stepping,86047,85967,86047,80
sniffing,86276,86047,86276,229
trotting,86328,86276,86328,52
sniffing,86487,86328,86487,159
rearing,86556,86487,86556,69
sniffing,86892,86556,86892,336
stepping,86907,86892,86907,15
rising,86908,86907,86908,1
stepping,86951,86908,86951,43
walking,87001,86951,87001,50
sniffing,87108,87001,87108,107
walking,87165,87108,87165,57
climbing,87218,87165,87218,53
walking,87245,87218,87245,27
left_turning,87363,87245,87363,118
walking,87431,87363,87431,68
trotting,87469,87431,87469,38
walking,87507,87469,87507,38
sniffing,87631,87507,87631,124
stepping,87677,87631,87677,46
rising,87720,87677,87720,43
stepping,87778,87720,87778,58
walking,87779,87778,87779,1
stepping,87815,87779,87815,36
walking,87838,87815,87838,23
sniffing,87973,87838,87973,135
hunching,87974,87973,87974,1
rearing,88053,87974,88053,79
grooming,88620,88053,88620,567
scratching,88621,88620,88621,1
sniffing,88818,88621,88818,197
trotting,88866,88818,88866,48
stepping,88905,88866,88905,39
sniffing,89047,88905,89047,142
rising,89081,89047,89081,34
sniffing,89095,89081,89095,14
scratching,89096,89095,89096,1
grooming,89111,89096,89111,15
walking,89116,89111,89116,5
right_turning,89167,89116,89167,51
stepping,89270,89167,89270,103
climbing,89271,89270,89271,1
sniffing,89366,89271,89366,95
grooming,89367,89366,89367,1
sniffing,89368,89367,89368,1
stepping,89407,89368,89407,39
rearing,89508,89407,89508,101
climbing,89587,89508,89587,79
walking,89623,89587,89623,36
grooming,89812,89623,89812,189
rearing,89826,89812,89826,14
hunching,89905,89826,89905,79
grooming,90539,89905,90539,634
rearing,90546,90539,90546,7
grooming,91764,90546,91764,1218
rearing,91778,91764,91778,14
walking,91849,91778,91849,71
rising,91887,91849,91887,38
stepping,91898,91887,91898,11
right_turning,91919,91898,91919,21
walking,91923,91919,91923,4
sniffing,91964,91923,91964,41
walking,92004,91964,92004,40
sniffing,92033,92004,92033,29
trotting,92061,92033,92061,28
walking,92093,92061,92093,32
right_turning,92150,92093,92150,57
stepping,92241,92150,92241,91
walking,92293,92241,92293,52
sniffing,92397,92293,92397,104
rising,92398,92397,92398,1
walking,92484,92398,92484,86
rising,92542,92484,92542,58
rearing,92659,92542,92659,117
grooming,92660,92659,92660,1
rising,92681,92660,92681,21
grooming,92682,92681,92682,1
rising,92683,92682,92683,1
grooming,92684,92683,92684,1
left_turning,92699,92684,92699,15
climbing,92844,92699,92844,145
left_turning,92886,92844,92886,42
walking,92948,92886,92948,62
sniffing,93076,92948,93076,128
left_turning,93097,93076,93097,21
grooming,93369,93097,93369,272
rearing,93370,93369,93370,1
grooming,93371,93370,93371,1
rearing,93423,93371,93423,52
trotting,93441,93423,93441,18
walking,93519,93441,93519,78
rising,93555,93519,93555,36
sniffing,93824,93555,93824,269
rearing,93869,93824,93869,45
sniffing,93870,93869,93870,1
grooming,93913,93870,93913,43
right_turning,93932,93913,93932,19
walking,93949,93932,93949,17
sniffing,94101,93949,94101,152
rearing,94141,94101,94141,40
hunching,94142,94141,94142,1
left_turning,94202,94142,94202,60
stepping,94262,94202,94262,60
rising,94290,94262,94290,28
rearing,94291,94290,94291,1
stepping,94335,94291,94335,44
grooming,94493,94335,94493,158
rising,94554,94493,94554,61
sniffing,94852,94554,94852,298
left_turning,94853,94852,94853,1
walking,94894,94853,94894,41
left_turning,94933,94894,94933,39
sniffing,94939,94933,94939,6
grooming,95453,94939,95453,514
trotting,95514,95453,95514,61
stepping,95537,95514,95537,23
sniffing,95596,95537,95596,59
climbing,95646,95596,95646,50
sniffing,95931,95646,95931,285
left_turning,95958,95931,95958,27
walking,95975,95958,95975,17
stepping,96029,95975,96029,54
climbing,96130,96029,96130,101
running,96179,96130,96179,49
trotting,96209,96179,96209,30
sniffing,96309,96209,96309,100
rising,96369,96309,96369,60
rearing,96421,96369,96421,52
rising,96428,96421,96428,7
grooming,96611,96428,96611,183
sniffing,96635,96611,96635,24
rising,96645,96635,96645,10
climbing,96719,96645,96719,74
grooming,96720,96719,96720,1
right_turning,96723,96720,96723,3
stepping,96752,96723,96752,29
sniffing,96753,96752,96753,1
walking,96806,96753,96806,53
sniffing,96923,96806,96923,117
left_turning,96954,96923,96954,31
walking,96988,96954,96988,34
sniffing,97109,96988,97109,121
grooming,98130,97109,98130,1021
sniffing,98131,98130,98131,1
left_turning,98179,98131,98179,48
grooming,98286,98179,98286,107
rising,98381,98286,98381,95
sniffing,98382,98381,98382,1
rearing,98458,98382,98458,76
sniffing,98459,98458,98459,1
walking,98475,98459,98475,16
running,98483,98475,98483,8
sniffing,98597,98483,98597,114
stepping,98663,98597,98663,66
rearing,98689,98663,98689,26
grooming,98785,98689,98785,96
left_turning,98814,98785,98814,29
grooming,98952,98814,98952,138
rearing,98994,98952,98994,42
grooming,99057,98994,99057,63
stepping,99125,99057,99125,68
walking,99199,99125,99199,74
sniffing,99200,99199,99200,1
stepping,99201,99200,99201,1
sniffing,99289,99201,99289,88
stepping,99325,99289,99325,36
climbing,99326,99325,99326,1
stepping,99375,99326,99375,49
rearing,99376,99375,99376,1
climbing,99501,99376,99501,125
rearing,99502,99501,99502,1
walking,99512,99502,99512,10
trotting,99535,99512,99535,23
walking,99626,99535,99626,91
stepping,99682,99626,99682,56
sniffing,99711,99682,99711,29
walking,99749,99711,99749,38
sniffing,99839,99749,99839,90
rising,99852,99839,99852,13
sniffing,99917,99852,99917,65
rearing,100041,99917,100041,124
grooming,100270,100041,100270,229
rearing,100271,100270,100271,1
sniffing,100289,100271,100289,18
stepping,100342,100289,100342,53
climbing,100502,100342,100502,160
walking,100519,100502,100519,17
climbing,100644,100519,100644,125
running,100678,100644,100678,34
trotting,100742,100678,100742,64
rising,100781,100742,100781,39
rearing,100840,100781,100840,59
climbing,100941,100840,100941,101
hunching,100980,100941,100980,39
grooming,101662,100980,101662,682
hunching,101677,101662,101677,15
stepping,101685,101677,101685,8
sniffing,101686,101685,101686,1
walking,101705,101686,101705,19
stepping,101763,101705,101763,58
sniffing,101822,101763,101822,59
scratching,101823,101822,101823,1
sniffing,101874,101823,101874,51
rising,101921,101874,101921,47
rearing,101950,101921,101950,29
hunching,101990,101950,101990,40
rearing,101999,101990,101999,9
climbing,102027,101999,102027,28
rising,102139,102027,102139,112
sniffing,102183,102139,102183,44
climbing,102297,102183,102297,114
trotting,102360,102297,102360,63
walking,102361,102360,102361,1
rising,102407,102361,102407,46
rearing,102519,102407,102519,112
climbing,102642,102519,102642,123
rearing,102645,102642,102645,3
grooming,102660,102645,102660,15
hunching,102678,102660,102678,18
left_turning,102679,102678,102679,1
trotting,102706,102679,102706,27
stepping,102720,102706,102720,14
trotting,102738,102720,102738,18
running,102762,102738,102762,24
walking,102772,102762,102772,10
rearing,102920,102772,102920,148
hunching,102921,102920,102921,1
rearing,103026,102921,103026,105
walking,103084,103026,103084,58
sniffing,103227,103084,103227,143
stepping,103268,103227,103268,41
walking,103288,103268,103288,20
trotting,103347,103288,103347,59
sniffing,103402,103347,103402,55
walking,103448,103402,103448,46
left_turning,103545,103448,103545,97
walking,103556,103545,103556,11
stepping,103603,103556,103603,47
rearing,104069,103603,104069,466
grooming,104405,104069,104405,336
right_turning,104412,104405,104412,7
walking,104430,104412,104430,18
sniffing,104483,104430,104483,53
stepping,104521,104483,104521,38
sniffing,104651,104521,104651,130
walking,104725,104651,104725,74
stepping,104781,104725,104781,56
sniffing,104818,104781,104818,37
rising,104871,104818,104871,53
rearing,104929,104871,104929,58
sniffing,105049,104929,105049,120
stepping,105141,105049,105141,92
grooming,105688,105141,105688,547
sniffing,105737,105688,105737,49
rising,105738,105737,105738,1
rearing,105752,105738,105752,14
grooming,105800,105752,105800,48
rearing,105801,105800,105801,1
rising,105802,105801,105802,1
sniffing,105803,105802,105803,1
stepping,105845,105803,105845,42
sniffing,105942,105845,105942,97
walking,105943,105942,105943,1
climbing,106122,105943,106122,179
rising,106147,106122,106147,25
sniffing,106162,106147,106162,15
grooming,106163,106162,106163,1
sniffing,106261,106163,106261,98
rising,106270,106261,106270,9
rearing,106435,106270,106435,165
stepping,106488,106435,106488,53
walking,106538,106488,106538,50
stepping,106560,106538,106560,22
sniffing,106561,106560,106561,1
rising,106562,106561,106562,1
rearing,106644,106562,106644,82
rising,106683,106644,106683,39
grooming,106808,106683,106808,125
sniffing,106852,106808,106852,44
walking,106895,106852,106895,43
climbing,106983,106895,106983,88
rising,106984,106983,106984,1
left_turning,107020,106984,107020,36
hunching,107123,107020,107123,103
rearing,107202,107123,107202,79
right_turning,107234,107202,107234,32
walking,107248,107234,107248,14
rearing,107356,107248,107356,108
grooming,107357,107356,107357,1
rearing,107358,107357,107358,1
hunching,107359,107358,107359,1
left_turning,107360,107359,107360,1
sniffing,107590,107360,107590,230
grooming,107602,107590,107602,12
left_turning,107641,107602,107641,39
sniffing,107642,107641,107642,1
walking,107682,107642,107682,40
trotting,107749,107682,107749,67
rising,107750,107749,107750,1
rearing,107820,107750,107820,70
walking,107883,107820,107883,63
sniffing,107884,107883,107884,1
grooming,108000,107884,108000,116
