revised_movement_label,segBoundary,segBoundary_start,segBoundary_end,length
grooming,99,0,99,99
sniffing,120,99,120,21
left_turning,145,120,145,25
rearing,217,145,217,72
climbing,247,217,247,30
rising,284,247,284,37
sniffing,302,284,302,18
stepping,379,302,379,77
rearing,471,379,471,92
sniffing,518,471,518,47
rising,547,518,547,29
trotting,589,547,589,42
walking,617,589,617,28
trotting,640,617,640,23
sniffing,717,640,717,77
grooming,800,717,800,83
sniffing,850,800,850,50
grooming,862,850,862,12
climbing,887,862,887,25
grooming,990,887,990,103
scratching,991,990,991,1
sniffing,1048,991,1048,57
grooming,1065,1048,1065,17
sniffing,1136,1065,1136,71
rising,1152,1136,1152,16
rearing,1230,1152,1230,78
rising,1282,1230,1282,52
walking,1283,1282,1283,1
sniffing,1364,1283,1364,81
rising,1411,1364,1411,47
sniffing,1467,1411,1467,56
running,1488,1467,1488,21
sniffing,1489,1488,1489,1
rising,1527,1489,1527,38
sniffing,1546,1527,1546,19
stepping,1647,1546,1647,101
sniffing,1693,1647,1693,46
walking,1731,1693,1731,38
sniffing,1732,1731,1732,1
left_turning,1771,1732,1771,39
sniffing,1787,1771,1787,16
rising,1788,1787,1788,1
hunching,1810,1788,1810,22
grooming,1811,1810,1811,1
left_turning,1883,1811,1883,72
running,1894,1883,1894,11
stepping,1910,1894,1910,16
walking,1939,1910,1939,29
sniffing,1975,1939,1975,36
rising,1981,1975,1981,6
stepping,2018,1981,2018,37
walking,2049,2018,2049,31
rising,2069,2049,2069,20
left_turning,2108,2069,2108,39
sniffing,2109,2108,2109,1
stepping,2110,2109,2110,1
sniffing,2141,2110,2141,31
rising,2189,2141,2189,48
grooming,2331,2189,2331,142
rising,2340,2331,2340,9
sniffing,2399,2340,2399,59
rising,2414,2399,2414,15
sniffing,2447,2414,2447,33
stepping,2448,2447,2448,1
sniffing,2514,2448,2514,66
walking,2517,2514,2517,3
sniffing,2549,2517,2549,32
rising,2580,2549,2580,31
sniffing,2581,2580,2581,1
grooming,2582,2581,2582,1
left_turning,2613,2582,2613,31
hunching,2645,2613,2645,32
grooming,2711,2645,2711,66
left_turning,2776,2711,2776,65
rising,2814,2776,2814,38
left_turning,2900,2814,2900,86
sniffing,2934,2900,2934,34
stepping,2956,2934,2956,22
rising,3017,2956,3017,61
stepping,3029,3017,3029,12
sniffing,3114,3029,3114,85
walking,3157,3114,3157,43
sniffing,3158,3157,3158,1
rising,3159,3158,3159,1
grooming,3170,3159,3170,11
right_turning,3193,3170,3193,23
walking,3216,3193,3216,23
rising,3241,3216,3241,25
sniffing,3311,3241,3311,70
stepping,3378,3311,3378,67
rising,3395,3378,3395,17
walking,3486,3395,3486,91
trotting,3554,3486,3554,68
running,3590,3554,3590,36
trotting,3626,3590,3626,36
walking,3694,3626,3694,68
sniffing,3738,3694,3738,44
walking,3756,3738,3756,18
sniffing,3771,3756,3771,15
rising,3792,3771,3792,21
walking,3817,3792,3817,25
trotting,3833,3817,3833,16
rising,3837,3833,3837,4
right_turning,3884,3837,3884,47
stepping,3896,3884,3896,12
sniffing,3915,3896,3915,19
stepping,4002,3915,4002,87
sniffing,4050,4002,4050,48
stepping,4105,4050,4105,55
sniffing,4106,4105,4106,1
stepping,4123,4106,4123,17
walking,4151,4123,4151,28
sniffing,4166,4151,4166,15
stepping,4226,4166,4226,60
sniffing,4318,4226,4318,92
rising,4330,4318,4330,12
grooming,4445,4330,4445,115
walking,4473,4445,4473,28
sniffing,4573,4473,4573,100
rising,4615,4573,4615,42
walking,4657,4615,4657,42
sniffing,4751,4657,4751,94
grooming,4752,4751,4752,1
stepping,4809,4752,4809,57
left_turning,4858,4809,4858,49
running,4860,4858,4860,2
walking,4883,4860,4883,23
stepping,4943,4883,4943,60
trotting,4984,4943,4984,41
walking,5032,4984,5032,48
trotting,5037,5032,5037,5
running,5038,5037,5038,1
trotting,5087,5038,5087,49
walking,5161,5087,5161,74
trotting,5167,5161,5167,6
walking,5185,5167,5185,18
stepping,5224,5185,5224,39
sniffing,5262,5224,5262,38
stepping,5302,5262,5302,40
sniffing,5424,5302,5424,122
stepping,5504,5424,5504,80
sniffing,5541,5504,5541,37
stepping,5587,5541,5587,46
trotting,5649,5587,5649,62
walking,5674,5649,5674,25
rising,5740,5674,5740,66
rearing,5741,5740,5741,1
climbing,5804,5741,5804,63
grooming,5912,5804,5912,108
right_turning,5919,5912,5919,7
sniffing,5956,5919,5956,37
walking,6036,5956,6036,80
stepping,6037,6036,6037,1
rising,6093,6037,6093,56
sniffing,6094,6093,6094,1
walking,6160,6094,6160,66
sniffing,6319,6160,6319,159
left_turning,6352,6319,6352,33
sniffing,6419,6352,6419,67
rising,6446,6419,6446,27
left_turning,6450,6446,6450,4
running,6489,6450,6489,39
trotting,6499,6489,6499,10
running,6540,6499,6540,41
rising,6563,6540,6563,23
sniffing,6632,6563,6632,69
stepping,6675,6632,6675,43
sniffing,6769,6675,6769,94
walking,6770,6769,6770,1
sniffing,6819,6770,6819,49
walking,6920,6819,6920,101
trotting,6960,6920,6960,40
rising,6982,6960,6982,22
sniffing,7018,6982,7018,36
left_turning,7088,7018,7088,70
sniffing,7089,7088,7089,1
walking,7097,7089,7097,8
sniffing,7137,7097,7137,40
stepping,7170,7137,7170,33
sniffing,7265,7170,7265,95
hunching,7268,7265,7268,3
grooming,7399,7268,7399,131
sniffing,7400,7399,7400,1
rearing,7462,7400,7462,62
rising,7489,7462,7489,27
right_turning,7497,7489,7497,8
trotting,7525,7497,7525,28
rising,7526,7525,7526,1
left_turning,7600,7526,7600,74
rising,7672,7600,7672,72
trotting,7719,7672,7719,47
left_turning,7746,7719,7746,27
walking,7812,7746,7812,66
trotting,7820,7812,7820,8
rising,7846,7820,7846,26
sniffing,7869,7846,7869,23
stepping,7899,7869,7899,30
sniffing,7914,7899,7914,15
rearing,7946,7914,7946,32
grooming,8072,7946,8072,126
walking,8101,8072,8101,29
sniffing,8102,8101,8102,1
walking,8184,8102,8184,82
left_turning,8216,8184,8216,32
walking,8304,8216,8304,88
grooming,8638,8304,8638,334
rising,8641,8638,8641,3
walking,8680,8641,8680,39
sniffing,8727,8680,8727,47
walking,8805,8727,8805,78
sniffing,8806,8805,8806,1
rising,8818,8806,8818,12
grooming,8842,8818,8842,24
rising,8855,8842,8855,13
rearing,8897,8855,8897,42
rising,8952,8897,8952,55
grooming,8998,8952,8998,46
rearing,9050,8998,9050,52
hunching,9070,9050,9070,20
rearing,9123,9070,9123,53
rising,9187,9123,9187,64
grooming,9255,9187,9255,68
sniffing,9256,9255,9256,1
rising,9270,9256,9270,14
climbing,9319,9270,9319,49
sniffing,9320,9319,9320,1
stepping,9376,9320,9376,56
rising,9393,9376,9393,17
right_turning,9394,9393,9394,1
stepping,9417,9394,9417,23
rearing,9503,9417,9503,86
climbing,9554,9503,9554,51
running,9570,9554,9570,16
trotting,9615,9570,9615,45
left_turning,9625,9615,9625,10
walking,9626,9625,9626,1
sniffing,9762,9626,9762,136
walking,9865,9762,9865,103
rearing,9930,9865,9930,65
rising,9931,9930,9931,1
sniffing,9959,9931,9959,28
grooming,10102,9959,10102,143
stepping,10140,10102,10140,38
sniffing,10141,10140,10141,1
rising,10142,10141,10142,1
grooming,10294,10142,10294,152
running,10313,10294,10313,19
stepping,10347,10313,10347,34
walking,10383,10347,10383,36
sniffing,10430,10383,10430,47
grooming,10520,10430,10520,90
scratching,10521,10520,10521,1
grooming,10605,10521,10605,84
left_turning,10606,10605,10606,1
walking,10607,10606,10607,1
stepping,10634,10607,10634,27
sniffing,10659,10634,10659,25
stepping,10708,10659,10708,49
sniffing,10709,10708,10709,1
rising,10745,10709,10745,36
walking,10817,10745,10817,72
sniffing,10887,10817,10887,70
grooming,10948,10887,10948,61
stepping,10974,10948,10974,26
running,11006,10974,11006,32
stepping,11035,11006,11035,29
trotting,11098,11035,11098,63
rising,11156,11098,11156,58
sniffing,11202,11156,11202,46
rising,11234,11202,11234,32
hunching,11275,11234,11275,41
grooming,11276,11275,11276,1
stepping,11329,11276,11329,53
walking,11442,11329,11442,113
grooming,11495,11442,11495,53
climbing,11496,11495,11496,1
sniffing,11584,11496,11584,88
climbing,11610,11584,11610,26
grooming,11649,11610,11649,39
hunching,11717,11649,11717,68
rising,11743,11717,11743,26
sniffing,11744,11743,11744,1
stepping,11777,11744,11777,33
running,11778,11777,11778,1
sniffing,11923,11778,11923,145
rising,11951,11923,11951,28
stepping,11974,11951,11974,23
grooming,12121,11974,12121,147
stepping,12194,12121,12194,73
sniffing,12282,12194,12282,88
hunching,12309,12282,12309,27
grooming,12680,12309,12680,371
stepping,12731,12680,12731,51
trotting,12786,12731,12786,55
grooming,13125,12786,13125,339
left_turning,13251,13125,13251,126
rearing,13277,13251,13277,26
stepping,13356,13277,13356,79
climbing,13401,13356,13401,45
left_turning,13408,13401,13408,7
sniffing,13409,13408,13409,1
stepping,13435,13409,13435,26
scratching,13436,13435,13436,1
sniffing,13523,13436,13523,87
left_turning,13543,13523,13543,20
trotting,13584,13543,13584,41
stepping,13649,13584,13649,65
rising,13652,13649,13652,3
grooming,13653,13652,13653,1
walking,13725,13653,13725,72
sniffing,13768,13725,13768,43
stepping,13834,13768,13834,66
walking,13934,13834,13934,100
sniffing,14029,13934,14029,95
grooming,14154,14029,14154,125
rearing,14240,14154,14240,86
rising,14258,14240,14258,18
grooming,14295,14258,14295,37
trotting,14331,14295,14331,36
running,14366,14331,14366,35
trotting,14406,14366,14406,40
running,14452,14406,14452,46
sniffing,14527,14452,14527,75
grooming,14569,14527,14569,42
stepping,14629,14569,14629,60
walking,14714,14629,14714,85
sniffing,14771,14714,14771,57
left_turning,14774,14771,14774,3
stepping,14848,14774,14848,74
trotting,14903,14848,14903,55
rising,14930,14903,14930,27
grooming,15051,14930,15051,121
hunching,15066,15051,15066,15
rearing,15112,15066,15112,46
hunching,15157,15112,15157,45
grooming,15236,15157,15236,79
sniffing,15376,15236,15376,140
walking,15453,15376,15453,77
sniffing,15454,15453,15454,1
scratching,15455,15454,15455,1
walking,15570,15455,15570,115
left_turning,15571,15570,15571,1
stepping,15651,15571,15651,80
grooming,15717,15651,15717,66
hunching,15751,15717,15751,34
grooming,15757,15751,15757,6
rearing,15758,15757,15758,1
grooming,15759,15758,15759,1
sniffing,15838,15759,15838,79
stepping,15860,15838,15860,22
climbing,15893,15860,15893,33
grooming,16035,15893,16035,142
left_turning,16097,16035,16097,62
trotting,16137,16097,16137,40
stepping,16138,16137,16138,1
rising,16220,16138,16220,82
grooming,16238,16220,16238,18
sniffing,16314,16238,16314,76
trotting,16337,16314,16337,23
sniffing,16338,16337,16338,1
stepping,16378,16338,16378,40
trotting,16399,16378,16399,21
stepping,16463,16399,16463,64
walking,16495,16463,16495,32
running,16543,16495,16543,48
stepping,16615,16543,16615,72
walking,16683,16615,16683,68
sniffing,16816,16683,16816,133
rising,16832,16816,16832,16
grooming,17030,16832,17030,198
hunching,17078,17030,17078,48
grooming,17376,17078,17376,298
rising,17434,17376,17434,58
sniffing,17510,17434,17510,76
grooming,17612,17510,17612,102
rising,17615,17612,17615,3
walking,17667,17615,17667,52
grooming,17794,17667,17794,127
trotting,17817,17794,17817,23
left_turning,17832,17817,17832,15
stepping,17861,17832,17861,29
walking,17930,17861,17930,69
trotting,18002,17930,18002,72
rising,18046,18002,18046,44
climbing,18047,18046,18047,1
rearing,18073,18047,18073,26
left_turning,18112,18073,18112,39
stepping,18138,18112,18138,26
grooming,18297,18138,18297,159
stepping,18351,18297,18351,54
sniffing,18352,18351,18352,1
left_turning,18456,18352,18456,104
stepping,18546,18456,18546,90
running,18577,18546,18577,31
rising,18639,18577,18639,62
left_turning,18715,18639,18715,76
walking,18772,18715,18772,57
stepping,18811,18772,18811,39
walking,18835,18811,18835,24
sniffing,18979,18835,18979,144
grooming,18980,18979,18980,1
scratching,18981,18980,18981,1
sniffing,19029,18981,19029,48
grooming,19110,19029,19110,81
left_turning,19124,19110,19124,14
grooming,19199,19124,19199,75
left_turning,19235,19199,19235,36
walking,19236,19235,19236,1
stepping,19281,19236,19281,45
sniffing,19324,19281,19324,43
stepping,19352,19324,19352,28
grooming,20286,19352,20286,934
running,20287,20286,20287,1
sniffing,20326,20287,20326,39
grooming,20327,20326,20327,1
hunching,20371,20327,20371,44
left_turning,20372,20371,20372,1
rising,20439,20372,20439,67
stepping,20515,20439,20515,76
walking,20516,20515,20516,1
right_turning,20565,20516,20565,49
grooming,20622,20565,20622,57
stepping,20668,20622,20668,46
walking,20824,20668,20824,156
rearing,20845,20824,20845,21
grooming,21032,20845,21032,187
sniffing,21033,21032,21033,1
stepping,21046,21033,21046,13
climbing,21080,21046,21080,34
rearing,21159,21080,21159,79
climbing,21188,21159,21188,29
right_turning,21223,21188,21223,35
rising,21224,21223,21224,1
stepping,21225,21224,21225,1
climbing,21293,21225,21293,68
rearing,21300,21293,21300,7
walking,21324,21300,21324,24
rising,21344,21324,21344,20
climbing,21392,21344,21392,48
sniffing,21393,21392,21393,1
grooming,21394,21393,21394,1
stepping,21446,21394,21446,52
walking,21449,21446,21449,3
stepping,21486,21449,21486,37
grooming,21497,21486,21497,11
hunching,21525,21497,21525,28
rearing,21568,21525,21568,43
sniffing,21617,21568,21617,49
running,21626,21617,21626,9
stepping,21767,21626,21767,141
sniffing,22054,21767,22054,287
stepping,22143,22054,22143,89
left_turning,22144,22143,22144,1
grooming,22367,22144,22367,223
stepping,22409,22367,22409,42
sniffing,22451,22409,22451,42
grooming,22758,22451,22758,307
stepping,22805,22758,22805,47
rising,22823,22805,22823,18
sniffing,22846,22823,22846,23
rising,22847,22846,22847,1
grooming,23049,22847,23049,202
rearing,23073,23049,23073,24
grooming,23211,23073,23211,138
trotting,23254,23211,23254,43
sniffing,23275,23254,23275,21
grooming,23476,23275,23476,201
left_turning,23482,23476,23482,6
trotting,23528,23482,23528,46
walking,23552,23528,23552,24
stepping,23586,23552,23586,34
right_turning,23589,23586,23589,3
walking,23625,23589,23625,36
left_turning,23668,23625,23668,43
walking,23763,23668,23763,95
sniffing,23764,23763,23764,1
walking,23779,23764,23779,15
sniffing,23999,23779,23999,220
grooming,24000,23999,24000,1
rearing,24050,24000,24050,50
grooming,24051,24050,24051,1
trotting,24087,24051,24087,36
sniffing,24151,24087,24151,64
running,24152,24151,24152,1
walking,24165,24152,24165,13
rising,24208,24165,24208,43
sniffing,24222,24208,24222,14
stepping,24226,24222,24226,4
trotting,24254,24226,24254,28
rising,24255,24254,24255,1
sniffing,24305,24255,24305,50
walking,24365,24305,24365,60
rising,24414,24365,24414,49
sniffing,24431,24414,24431,17
grooming,24604,24431,24604,173
sniffing,24605,24604,24605,1
grooming,24641,24605,24641,36
rising,24653,24641,24653,12
hunching,24690,24653,24690,37
sniffing,24820,24690,24820,130
stepping,24860,24820,24860,40
climbing,24940,24860,24940,80
trotting,24961,24940,24961,21
sniffing,24985,24961,24985,24
grooming,24986,24985,24986,1
hunching,24998,24986,24998,12
rearing,25016,24998,25016,18
stepping,25018,25016,25018,2
grooming,25096,25018,25096,78
trotting,25156,25096,25156,60
sniffing,25232,25156,25232,76
right_turning,25260,25232,25260,28
climbing,25394,25260,25394,134
sniffing,25407,25394,25407,13
right_turning,25451,25407,25451,44
stepping,25452,25451,25452,1
right_turning,25453,25452,25453,1
stepping,25467,25453,25467,14
climbing,25519,25467,25519,52
left_turning,25552,25519,25552,33
walking,25602,25552,25602,50
rising,25603,25602,25603,1
climbing,25752,25603,25752,149
running,25771,25752,25771,19
trotting,25818,25771,25818,47
walking,25875,25818,25875,57
sniffing,25883,25875,25883,8
rising,25904,25883,25904,21
climbing,25969,25904,25969,65
left_turning,25982,25969,25982,13
rearing,25996,25982,25996,14
walking,26006,25996,26006,10
sniffing,26044,26006,26044,38
rising,26055,26044,26055,11
sniffing,26133,26055,26133,78
trotting,26161,26133,26161,28
sniffing,26173,26161,26173,12
hunching,26174,26173,26174,1
trotting,26203,26174,26203,29
stepping,26204,26203,26204,1
trotting,26235,26204,26235,31
walking,26260,26235,26260,25
sniffing,26324,26260,26324,64
rising,26352,26324,26352,28
sniffing,26441,26352,26441,89
rearing,26464,26441,26464,23
sniffing,26503,26464,26503,39
rising,26516,26503,26516,13
sniffing,26538,26516,26538,22
rising,26539,26538,26539,1
sniffing,26633,26539,26633,94
walking,26709,26633,26709,76
trotting,26734,26709,26734,25
stepping,26751,26734,26751,17
walking,26781,26751,26781,30
sniffing,26782,26781,26782,1
left_turning,26823,26782,26823,41
stepping,26848,26823,26848,25
sniffing,26940,26848,26940,92
grooming,26966,26940,26966,26
rearing,27044,26966,27044,78
grooming,27045,27044,27045,1
rearing,27075,27045,27075,30
grooming,27181,27075,27181,106
sniffing,27282,27181,27282,101
rising,27359,27282,27359,77
walking,27397,27359,27397,38
left_turning,27464,27397,27464,67
rearing,27541,27464,27541,77
trotting,27545,27541,27545,4
stepping,27555,27545,27555,10
sniffing,27594,27555,27594,39
rising,27625,27594,27625,31
grooming,27698,27625,27698,73
sniffing,27699,27698,27699,1
rising,27700,27699,27700,1
stepping,27745,27700,27745,45
hunching,27778,27745,27778,33
grooming,27816,27778,27816,38
sniffing,27856,27816,27856,40
grooming,28078,27856,28078,222
sniffing,28275,28078,28275,197
left_turning,28332,28275,28332,57
sniffing,28416,28332,28416,84
stepping,28479,28416,28479,63
rising,28515,28479,28515,36
sniffing,28559,28515,28559,44
rising,28578,28559,28578,19
sniffing,28617,28578,28617,39
walking,28684,28617,28684,67
stepping,28720,28684,28720,36
rearing,28796,28720,28796,76
grooming,28932,28796,28932,136
stepping,28969,28932,28969,37
rearing,28970,28969,28970,1
climbing,29003,28970,29003,33
sniffing,29108,29003,29108,105
walking,29140,29108,29140,32
sniffing,29229,29140,29229,89
grooming,29276,29229,29276,47
right_turning,29277,29276,29277,1
sniffing,29466,29277,29466,189
rising,29480,29466,29480,14
climbing,29496,29480,29496,16
grooming,29521,29496,29521,25
sniffing,29560,29521,29560,39
walking,29561,29560,29561,1
stepping,29634,29561,29634,73
sniffing,29635,29634,29635,1
stepping,29679,29635,29679,44
sniffing,29723,29679,29723,44
rising,29764,29723,29764,41
climbing,29765,29764,29765,1
running,29832,29765,29832,67
sniffing,29833,29832,29833,1
walking,29866,29833,29866,33
rising,29919,29866,29919,53
rearing,29964,29919,29964,45
left_turning,30011,29964,30011,47
walking,30047,30011,30047,36
sniffing,30048,30047,30048,1
stepping,30085,30048,30085,37
right_turning,30094,30085,30094,9
trotting,30099,30094,30099,5
climbing,30115,30099,30115,16
stepping,30145,30115,30145,30
rising,30181,30145,30181,36
climbing,30245,30181,30245,64
rearing,30307,30245,30307,62
sniffing,30359,30307,30359,52
stepping,30415,30359,30415,56
right_turning,30417,30415,30417,2
grooming,30418,30417,30418,1
rearing,30519,30418,30519,101
walking,30694,30519,30694,175
sniffing,30695,30694,30695,1
grooming,30853,30695,30853,158
climbing,30961,30853,30961,108
sniffing,31012,30961,31012,51
left_turning,31047,31012,31047,35
grooming,31118,31047,31118,71
stepping,31168,31118,31168,50
rising,31208,31168,31208,40
stepping,31221,31208,31221,13
sniffing,31287,31221,31287,66
rearing,31288,31287,31288,1
left_turning,31332,31288,31332,44
sniffing,31333,31332,31333,1
running,31349,31333,31349,16
climbing,31353,31349,31353,4
walking,31354,31353,31354,1
stepping,31403,31354,31403,49
trotting,31438,31403,31438,35
running,31460,31438,31460,22
walking,31497,31460,31497,37
climbing,31500,31497,31500,3
trotting,31539,31500,31539,39
sniffing,31704,31539,31704,165
grooming,31743,31704,31743,39
right_turning,31829,31743,31829,86
rising,31845,31829,31845,16
sniffing,31998,31845,31998,153
climbing,32015,31998,32015,17
rearing,32036,32015,32036,21
stepping,32083,32036,32083,47
sniffing,32105,32083,32105,22
stepping,32142,32105,32142,37
walking,32162,32142,32162,20
right_turning,32175,32162,32175,13
walking,32176,32175,32176,1
right_turning,32206,32176,32206,30
walking,32207,32206,32207,1
left_turning,32238,32207,32238,31
walking,32239,32238,32239,1
sniffing,32286,32239,32286,47
walking,32406,32286,32406,120
stepping,32475,32406,32475,69
sniffing,32506,32475,32506,31
grooming,32549,32506,32549,43
hunching,32550,32549,32550,1
rearing,32632,32550,32632,82
rising,32656,32632,32656,24
climbing,32705,32656,32705,49
rising,32708,32705,32708,3
sniffing,32730,32708,32730,22
stepping,32762,32730,32762,32
walking,32780,32762,32780,18
rising,32806,32780,32806,26
climbing,32863,32806,32863,57
grooming,33016,32863,33016,153
right_turning,33042,33016,33042,26
walking,33082,33042,33082,40
stepping,33096,33082,33096,14
walking,33137,33096,33137,41
left_turning,33202,33137,33202,65
grooming,33292,33202,33292,90
left_turning,33293,33292,33293,1
walking,33348,33293,33348,55
sniffing,33372,33348,33372,24
stepping,33435,33372,33435,63
grooming,33543,33435,33543,108
sniffing,33665,33543,33665,122
walking,33770,33665,33770,105
stepping,33779,33770,33779,9
sniffing,33814,33779,33814,35
grooming,33831,33814,33831,17
rearing,33881,33831,33881,50
stepping,33894,33881,33894,13
sniffing,33912,33894,33912,18
climbing,33920,33912,33920,8
stepping,33953,33920,33953,33
walking,34045,33953,34045,92
sniffing,34046,34045,34046,1
grooming,34047,34046,34047,1
sniffing,34107,34047,34107,60
walking,34154,34107,34154,47
sniffing,34241,34154,34241,87
grooming,34242,34241,34242,1
hunching,34243,34242,34243,1
grooming,34244,34243,34244,1
sniffing,34278,34244,34278,34
rearing,34314,34278,34314,36
sniffing,34447,34314,34447,133
walking,34497,34447,34497,50
rising,34513,34497,34513,16
rearing,34530,34513,34530,17
grooming,34985,34530,34985,455
right_turning,35014,34985,35014,29
grooming,35015,35014,35015,1
rearing,35059,35015,35059,44
grooming,35060,35059,35060,1
sniffing,35081,35060,35081,21
grooming,35129,35081,35129,48
left_turning,35142,35129,35142,13
walking,35200,35142,35200,58
rearing,35201,35200,35201,1
grooming,35245,35201,35245,44
scratching,35246,35245,35246,1
grooming,35350,35246,35350,104
rearing,35362,35350,35362,12
grooming,35363,35362,35363,1
hunching,35377,35363,35377,14
left_turning,35409,35377,35409,32
trotting,35445,35409,35445,36
rising,35483,35445,35483,38
stepping,35505,35483,35505,22
walking,35577,35505,35577,72
sniffing,35578,35577,35578,1
stepping,35641,35578,35641,63
walking,35689,35641,35689,48
sniffing,35720,35689,35720,31
rising,35762,35720,35762,42
sniffing,35887,35762,35887,125
running,35918,35887,35918,31
walking,35925,35918,35925,7
sniffing,35982,35925,35982,57
walking,36000,35982,36000,18
left_turning,36025,36000,36025,25
walking,36031,36025,36031,6
sniffing,36083,36031,36083,52
rising,36098,36083,36098,15
climbing,36128,36098,36128,30
rising,36161,36128,36161,33
stepping,36219,36161,36219,58
right_turning,36260,36219,36260,41
jumping,36461,36260,36461,201
climbing,36538,36461,36538,77
grooming,36539,36538,36539,1
right_turning,36565,36539,36565,26
stepping,36619,36565,36619,54
grooming,36620,36619,36620,1
rearing,36621,36620,36621,1
sniffing,36686,36621,36686,65
right_turning,36687,36686,36687,1
sniffing,36751,36687,36751,64
walking,36810,36751,36810,59
right_turning,36882,36810,36882,72
stepping,36908,36882,36908,26
rising,36948,36908,36948,40
climbing,36993,36948,36993,45
running,37020,36993,37020,27
trotting,37060,37020,37060,40
left_turning,37061,37060,37061,1
stepping,37121,37061,37121,60
walking,37159,37121,37159,38
rearing,37194,37159,37194,35
climbing,37254,37194,37254,60
left_turning,37294,37254,37294,40
climbing,37295,37294,37295,1
left_turning,37314,37295,37314,19
sniffing,37665,37314,37665,351
grooming,37802,37665,37802,137
rearing,37856,37802,37856,54
grooming,37857,37856,37857,1
hunching,37865,37857,37865,8
rearing,37976,37865,37976,111
rising,38015,37976,38015,39
stepping,38045,38015,38045,30
sniffing,38102,38045,38102,57
walking,38171,38102,38171,69
rearing,38224,38171,38224,53
left_turning,38229,38224,38229,5
running,38246,38229,38246,17
walking,38272,38246,38272,26
stepping,38299,38272,38299,27
walking,38359,38299,38359,60
sniffing,38474,38359,38474,115
rearing,38475,38474,38475,1
grooming,38476,38475,38476,1
rearing,38589,38476,38589,113
grooming,38666,38589,38666,77
stepping,38715,38666,38715,49
rising,38744,38715,38744,29
sniffing,38850,38744,38850,106
rising,38851,38850,38851,1
rearing,38884,38851,38884,33
stepping,38931,38884,38931,47
climbing,38971,38931,38971,40
rearing,38997,38971,38997,26
stepping,39023,38997,39023,26
climbing,39076,39023,39076,53
grooming,39183,39076,39183,107
sniffing,39434,39183,39434,251
right_turning,39479,39434,39479,45
grooming,39645,39479,39645,166
rearing,39646,39645,39646,1
hunching,39672,39646,39672,26
grooming,39976,39672,39976,304
rearing,39999,39976,39999,23
grooming,40000,39999,40000,1
rearing,40071,40000,40071,71
rising,40131,40071,40131,60
sniffing,40189,40131,40189,58
walking,40216,40189,40216,27
climbing,40257,40216,40257,41
grooming,40493,40257,40493,236
walking,40544,40493,40544,51
rising,40545,40544,40545,1
grooming,40546,40545,40546,1
sniffing,40559,40546,40559,13
walking,40585,40559,40585,26
sniffing,40618,40585,40618,33
grooming,40688,40618,40688,70
sniffing,40834,40688,40834,146
rising,40835,40834,40835,1
rearing,40860,40835,40860,25
grooming,40948,40860,40948,88
rearing,40983,40948,40983,35
grooming,40991,40983,40991,8
rising,41028,40991,41028,37
walking,41029,41028,41029,1
climbing,41147,41029,41147,118
walking,41148,41147,41148,1
sniffing,41186,41148,41186,38
rearing,41187,41186,41187,1
stepping,41253,41187,41253,66
walking,41266,41253,41266,13
sniffing,41303,41266,41303,37
rising,41313,41303,41313,10
climbing,41400,41313,41400,87
grooming,41401,41400,41401,1
left_turning,41402,41401,41402,1
rising,41403,41402,41403,1
climbing,41488,41403,41488,85
grooming,41517,41488,41517,29
climbing,41719,41517,41719,202
rising,41792,41719,41792,73
climbing,41877,41792,41877,85
rearing,41952,41877,41952,75
grooming,42017,41952,42017,65
scratching,42018,42017,42018,1
grooming,42019,42018,42019,1
rearing,42022,42019,42022,3
grooming,42186,42022,42186,164
hunching,42187,42186,42187,1
stepping,42189,42187,42189,2
sniffing,42191,42189,42191,2
left_turning,42227,42191,42227,36
stepping,42258,42227,42258,31
sniffing,42259,42258,42259,1
walking,42294,42259,42294,35
stepping,42353,42294,42353,59
sniffing,42354,42353,42354,1
walking,42355,42354,42355,1
trotting,42371,42355,42371,16
stepping,42432,42371,42432,61
sniffing,42433,42432,42433,1
rising,42462,42433,42462,29
grooming,42578,42462,42578,116
right_turning,42622,42578,42622,44
trotting,42639,42622,42639,17
sniffing,42640,42639,42640,1
rising,42706,42640,42706,66
grooming,42713,42706,42713,7
hunching,42714,42713,42714,1
grooming,42878,42714,42878,164
sniffing,42945,42878,42945,67
grooming,42958,42945,42958,13
walking,42999,42958,42999,41
stepping,43044,42999,43044,45
right_turning,43066,43044,43066,22
stepping,43110,43066,43110,44
rising,43111,43110,43111,1
sniffing,43112,43111,43112,1
scratching,43113,43112,43113,1
walking,43186,43113,43186,73
sniffing,43187,43186,43187,1
rearing,43241,43187,43241,54
grooming,43264,43241,43264,23
left_turning,43295,43264,43295,31
grooming,43379,43295,43379,84
sniffing,43468,43379,43468,89
left_turning,43508,43468,43508,40
sniffing,43557,43508,43557,49
hunching,43647,43557,43647,90
rearing,43658,43647,43658,11
climbing,43659,43658,43659,1
stepping,43705,43659,43705,46
walking,43735,43705,43735,30
sniffing,44012,43735,44012,277
rearing,44013,44012,44013,1
grooming,44124,44013,44124,111
sniffing,44125,44124,44125,1
rearing,44126,44125,44126,1
grooming,44355,44126,44355,229
walking,44414,44355,44414,59
climbing,44450,44414,44450,36
walking,44526,44450,44526,76
left_turning,44584,44526,44584,58
walking,44585,44584,44585,1
sniffing,44628,44585,44628,43
walking,44692,44628,44692,64
running,44747,44692,44747,55
walking,44763,44747,44763,16
sniffing,44869,44763,44869,106
stepping,44925,44869,44925,56
climbing,44960,44925,44960,35
trotting,44961,44960,44961,1
walking,44992,44961,44992,31
grooming,45294,44992,45294,302
trotting,45327,45294,45327,33
sniffing,45358,45327,45358,31
grooming,45486,45358,45486,128
climbing,45558,45486,45558,72
left_turning,45619,45558,45619,61
stepping,45668,45619,45668,49
sniffing,45669,45668,45669,1
rising,45671,45669,45671,2
climbing,45777,45671,45777,106
stepping,45788,45777,45788,11
walking,45801,45788,45801,13
stepping,45824,45801,45824,23
walking,45847,45824,45847,23
left_turning,45892,45847,45892,45
grooming,46009,45892,46009,117
sniffing,46123,46009,46123,114
climbing,46206,46123,46206,83
grooming,46207,46206,46207,1
right_turning,46222,46207,46222,15
walking,46269,46222,46269,47
sniffing,46383,46269,46383,114
climbing,46475,46383,46475,92
grooming,46476,46475,46476,1
trotting,46515,46476,46515,39
stepping,46525,46515,46525,10
walking,46600,46525,46600,75
sniffing,46660,46600,46660,60
hunching,46665,46660,46665,5
rearing,46708,46665,46708,43
left_turning,46737,46708,46737,29
climbing,46846,46737,46846,109
running,46849,46846,46849,3
rising,46917,46849,46917,68
climbing,46918,46917,46918,1
grooming,47078,46918,47078,160
left_turning,47117,47078,47117,39
walking,47118,47117,47118,1
right_turning,47136,47118,47136,18
walking,47137,47136,47137,1
right_turning,47194,47137,47194,57
walking,47200,47194,47200,6
sniffing,47232,47200,47232,32
left_turning,47248,47232,47248,16
sniffing,47249,47248,47249,1
walking,47302,47249,47302,53
stepping,47337,47302,47337,35
rising,47403,47337,47403,66
left_turning,47434,47403,47434,31
sniffing,47479,47434,47479,45
running,47493,47479,47493,14
sniffing,47564,47493,47564,71
right_turning,47576,47564,47576,12
running,47596,47576,47596,20
stepping,47609,47596,47609,13
right_turning,47635,47609,47635,26
walking,47727,47635,47727,92
stepping,47748,47727,47748,21
running,47767,47748,47767,19
sniffing,47816,47767,47816,49
rising,47862,47816,47862,46
stepping,47920,47862,47920,58
sniffing,47921,47920,47921,1
rearing,48010,47921,48010,89
climbing,48054,48010,48054,44
left_turning,48078,48054,48078,24
running,48116,48078,48116,38
walking,48156,48116,48156,40
sniffing,48220,48156,48220,64
hunching,48249,48220,48249,29
sniffing,48305,48249,48305,56
right_turning,48308,48305,48308,3
sniffing,48354,48308,48354,46
rising,48398,48354,48398,44
sniffing,48399,48398,48399,1
rising,48448,48399,48448,49
left_turning,48463,48448,48463,15
stepping,48499,48463,48499,36
walking,48589,48499,48589,90
stepping,48618,48589,48618,29
sniffing,48623,48618,48623,5
walking,48654,48623,48654,31
sniffing,48676,48654,48676,22
stepping,48722,48676,48722,46
walking,48838,48722,48838,116
sniffing,48954,48838,48954,116
hunching,49000,48954,49000,46
rearing,49109,49000,49109,109
grooming,49122,49109,49122,13
sniffing,49223,49122,49223,101
stepping,49292,49223,49292,69
sniffing,49372,49292,49372,80
right_turning,49394,49372,49394,22
sniffing,49395,49394,49395,1
grooming,49599,49395,49599,204
stepping,49684,49599,49684,85
sniffing,49737,49684,49737,53
stepping,49775,49737,49775,38
right_turning,49812,49775,49812,37
scratching,49813,49812,49813,1
grooming,49991,49813,49991,178
hunching,49995,49991,49995,4
rearing,50167,49995,50167,172
left_turning,50192,50167,50192,25
stepping,50195,50192,50195,3
rising,50196,50195,50196,1
grooming,50246,50196,50246,50
rearing,50363,50246,50363,117
sniffing,50475,50363,50475,112
walking,50537,50475,50537,62
sniffing,50538,50537,50538,1
grooming,50572,50538,50572,34
rearing,50598,50572,50598,26
walking,50619,50598,50619,21
sniffing,50664,50619,50664,45
climbing,50747,50664,50747,83
rearing,50748,50747,50748,1
stepping,50793,50748,50793,45
walking,50815,50793,50815,22
sniffing,51015,50815,51015,200
left_turning,51066,51015,51066,51
stepping,51102,51066,51102,36
rearing,51205,51102,51205,103
hunching,51278,51205,51278,73
rearing,51373,51278,51373,95
trotting,51404,51373,51404,31
sniffing,51470,51404,51470,66
grooming,51576,51470,51576,106
rearing,51602,51576,51602,26
climbing,51652,51602,51652,50
grooming,51770,51652,51770,118
walking,51771,51770,51771,1
grooming,51864,51771,51864,93
trotting,51865,51864,51865,1
sniffing,51891,51865,51891,26
left_turning,51939,51891,51939,48
sniffing,52014,51939,52014,75
trotting,52044,52014,52044,30
walking,52128,52044,52128,84
sniffing,52129,52128,52129,1
stepping,52139,52129,52139,10
right_turning,52148,52139,52148,9
stepping,52201,52148,52201,53
walking,52271,52201,52271,70
rising,52273,52271,52273,2
grooming,52443,52273,52443,170
rising,52528,52443,52528,85
sniffing,52529,52528,52529,1
walking,52585,52529,52585,56
rising,52640,52585,52640,55
grooming,52787,52640,52787,147
climbing,52811,52787,52811,24
rearing,52812,52811,52812,1
stepping,52853,52812,52853,41
sniffing,52854,52853,52854,1
grooming,53040,52854,53040,186
left_turning,53062,53040,53062,22
walking,53067,53062,53067,5
sniffing,53130,53067,53130,63
grooming,53328,53130,53328,198
right_turning,53352,53328,53352,24
rising,53506,53352,53506,154
grooming,53543,53506,53543,37
rising,53572,53543,53572,29
left_turning,53613,53572,53613,41
sniffing,53614,53613,53614,1
grooming,53615,53614,53615,1
rearing,53646,53615,53646,31
climbing,53660,53646,53660,14
rearing,53700,53660,53700,40
grooming,53701,53700,53701,1
rearing,53711,53701,53711,10
sniffing,53803,53711,53803,92
rising,53886,53803,53886,83
grooming,54194,53886,54194,308
sniffing,54210,54194,54210,16
rising,54211,54210,54211,1
sniffing,54212,54211,54212,1
stepping,54239,54212,54239,27
hunching,54250,54239,54250,11
grooming,54251,54250,54251,1
stepping,54327,54251,54327,76
rising,54360,54327,54360,33
hunching,54376,54360,54376,16
rearing,54467,54376,54467,91
right_turning,54473,54467,54473,6
climbing,54491,54473,54491,18
rearing,54593,54491,54593,102
climbing,54671,54593,54671,78
sniffing,54724,54671,54724,53
rising,54778,54724,54778,54
grooming,54822,54778,54822,44
sniffing,55050,54822,55050,228
left_turning,55062,55050,55062,12
trotting,55063,55062,55063,1
rising,55169,55063,55169,106
sniffing,55506,55169,55506,337
right_turning,55567,55506,55567,61
running,55607,55567,55607,40
sniffing,55688,55607,55688,81
left_turning,55697,55688,55697,9
rising,55728,55697,55728,31
rearing,55752,55728,55752,24
grooming,55753,55752,55753,1
climbing,55827,55753,55827,74
running,55832,55827,55832,5
rising,55859,55832,55859,27
left_turning,55863,55859,55863,4
walking,55941,55863,55941,78
trotting,55944,55941,55944,3
rising,56077,55944,56077,133
left_turning,56084,56077,56084,7
walking,56114,56084,56114,30
sniffing,56143,56114,56143,29
climbing,56144,56143,56144,1
sniffing,56284,56144,56284,140
stepping,56335,56284,56335,51
grooming,56351,56335,56351,16
sniffing,56431,56351,56431,80
grooming,56559,56431,56559,128
rearing,56560,56559,56560,1
hunching,56613,56560,56613,53
climbing,56687,56613,56687,74
hunching,56726,56687,56726,39
rearing,56727,56726,56727,1
climbing,56785,56727,56785,58
trotting,56792,56785,56792,7
walking,56815,56792,56815,23
trotting,56854,56815,56854,39
stepping,56881,56854,56881,27
sniffing,56992,56881,56992,111
walking,57016,56992,57016,24
jumping,57048,57016,57048,32
stepping,57121,57048,57121,73
walking,57165,57121,57165,44
right_turning,57175,57165,57175,10
trotting,57218,57175,57218,43
walking,57244,57218,57244,26
sniffing,57559,57244,57559,315
right_turning,57599,57559,57599,40
walking,57666,57599,57666,67
sniffing,57695,57666,57695,29
walking,57734,57695,57734,39
right_turning,57744,57734,57744,10
stepping,57801,57744,57801,57
walking,57847,57801,57847,46
rising,57916,57847,57916,69
climbing,58114,57916,58114,198
trotting,58128,58114,58128,14
stepping,58150,58128,58150,22
walking,58219,58150,58219,69
running,58229,58219,58229,10
walking,58350,58229,58350,121
sniffing,58351,58350,58351,1
left_turning,58352,58351,58352,1
grooming,58400,58352,58400,48
hunching,58401,58400,58401,1
grooming,58539,58401,58539,138
sniffing,58615,58539,58615,76
grooming,58860,58615,58860,245
sniffing,58873,58860,58873,13
trotting,58939,58873,58939,66
rising,58970,58939,58970,31
left_turning,58992,58970,58992,22
sniffing,59112,58992,59112,120
scratching,59113,59112,59113,1
sniffing,59233,59113,59233,120
grooming,59234,59233,59234,1
walking,59258,59234,59258,24
rearing,59259,59258,59259,1
rising,59320,59259,59320,61
left_turning,59373,59320,59373,53
sniffing,59374,59373,59374,1
climbing,59375,59374,59375,1
trotting,59407,59375,59407,32
right_turning,59455,59407,59455,48
rising,59524,59455,59524,69
sniffing,59525,59524,59525,1
right_turning,59543,59525,59543,18
stepping,59550,59543,59550,7
sniffing,59713,59550,59713,163
rising,59714,59713,59714,1
stepping,59758,59714,59758,44
sniffing,59934,59758,59934,176
grooming,60169,59934,60169,235
rising,60205,60169,60205,36
walking,60216,60205,60216,11
stepping,60234,60216,60234,18
grooming,60353,60234,60353,119
hunching,60386,60353,60386,33
grooming,60387,60386,60387,1
rearing,60390,60387,60390,3
hunching,60400,60390,60400,10
grooming,60615,60400,60615,215
rearing,60664,60615,60664,49
grooming,60759,60664,60759,95
sniffing,60889,60759,60889,130
rising,60899,60889,60899,10
sniffing,60903,60899,60903,4
walking,60915,60903,60915,12
sniffing,60924,60915,60924,9
grooming,61501,60924,61501,577
rising,61555,61501,61555,54
grooming,61556,61555,61556,1
sniffing,61603,61556,61603,47
rearing,61604,61603,61604,1
left_turning,61622,61604,61622,18
walking,61640,61622,61640,18
sniffing,61706,61640,61706,66
walking,61727,61706,61727,21
right_turning,61748,61727,61748,21
stepping,61798,61748,61798,50
trotting,61835,61798,61835,37
stepping,61855,61835,61855,20
sniffing,61953,61855,61953,98
stepping,62000,61953,62000,47
sniffing,62041,62000,62041,41
grooming,62161,62041,62161,120
left_turning,62165,62161,62165,4
walking,62194,62165,62194,29
sniffing,62314,62194,62314,120
right_turning,62359,62314,62359,45
grooming,62433,62359,62433,74
rearing,62507,62433,62507,74
climbing,62557,62507,62557,50
stepping,62581,62557,62581,24
sniffing,62586,62581,62586,5
walking,62587,62586,62587,1
sniffing,62727,62587,62727,140
walking,62744,62727,62744,17
sniffing,62745,62744,62745,1
right_turning,62768,62745,62768,23
sniffing,62940,62768,62940,172
walking,62992,62940,62992,52
trotting,63005,62992,63005,13
sniffing,63038,63005,63038,33
walking,63077,63038,63077,39
sniffing,63260,63077,63260,183
grooming,63350,63260,63350,90
hunching,63351,63350,63351,1
grooming,63501,63351,63501,150
rearing,63619,63501,63619,118
stepping,63674,63619,63674,55
walking,63723,63674,63723,49
left_turning,63758,63723,63758,35
stepping,63786,63758,63786,28
rising,63797,63786,63797,11
rearing,63837,63797,63837,40
rising,63916,63837,63916,79
sniffing,63981,63916,63981,65
climbing,63998,63981,63998,17
left_turning,64044,63998,64044,46
walking,64053,64044,64053,9
trotting,64085,64053,64085,32
sniffing,64175,64085,64175,90
stepping,64194,64175,64194,19
walking,64241,64194,64241,47
sniffing,64309,64241,64309,68
walking,64371,64309,64371,62
sniffing,64419,64371,64419,48
rising,64420,64419,64420,1
left_turning,64462,64420,64462,42
stepping,64515,64462,64515,53
right_turning,64538,64515,64538,23
stepping,64610,64538,64610,72
right_turning,64611,64610,64611,1
walking,64637,64611,64637,26
climbing,64842,64637,64842,205
stepping,64857,64842,64857,15
rising,64858,64857,64858,1
hunching,64905,64858,64905,47
grooming,65352,64905,65352,447
right_turning,65385,65352,65385,33
walking,65415,65385,65415,30
rearing,65512,65415,65512,97
grooming,65513,65512,65513,1
trotting,65540,65513,65540,27
sniffing,65667,65540,65667,127
left_turning,65708,65667,65708,41
sniffing,65850,65708,65850,142
grooming,65856,65850,65856,6
rising,65911,65856,65911,55
climbing,65990,65911,65990,79
left_turning,66009,65990,66009,19
sniffing,66010,66009,66010,1
rising,66011,66010,66011,1
rearing,66040,66011,66040,29
grooming,66137,66040,66137,97
walking,66205,66137,66205,68
sniffing,66206,66205,66206,1
climbing,66207,66206,66207,1
stepping,66259,66207,66259,52
sniffing,66451,66259,66451,192
grooming,66834,66451,66834,383
hunching,66839,66834,66839,5
grooming,66990,66839,66990,151
rearing,67021,66990,67021,31
grooming,67022,67021,67022,1
sniffing,67123,67022,67123,101
walking,67169,67123,67169,46
sniffing,67170,67169,67170,1
walking,67191,67170,67191,21
sniffing,67192,67191,67192,1
walking,67220,67192,67220,28
sniffing,67333,67220,67333,113
grooming,67334,67333,67334,1
rising,67335,67334,67335,1
right_turning,67347,67335,67347,12
sniffing,67414,67347,67414,67
stepping,67484,67414,67484,70
rearing,67541,67484,67541,57
running,67571,67541,67571,30
sniffing,67574,67571,67574,3
stepping,67647,67574,67647,73
sniffing,67743,67647,67743,96
trotting,67745,67743,67745,2
sniffing,68154,67745,68154,409
walking,68180,68154,68180,26
sniffing,68381,68180,68381,201
walking,68413,68381,68413,32
stepping,68441,68413,68441,28
walking,68478,68441,68478,37
sniffing,68604,68478,68604,126
rising,68639,68604,68639,35
climbing,68726,68639,68726,87
stepping,68792,68726,68792,66
sniffing,69014,68792,69014,222
stepping,69015,69014,69015,1
walking,69056,69015,69056,41
stepping,69095,69056,69095,39
sniffing,69125,69095,69125,30
walking,69139,69125,69139,14
stepping,69181,69139,69181,42
rising,69197,69181,69197,16
walking,69201,69197,69201,4
sniffing,69317,69201,69317,116
left_turning,69367,69317,69367,50
running,69394,69367,69394,27
walking,69414,69394,69414,20
trotting,69415,69414,69415,1
sniffing,69450,69415,69450,35
stepping,69545,69450,69545,95
hunching,69606,69545,69606,61
rearing,69706,69606,69706,100
grooming,69996,69706,69996,290
rearing,69997,69996,69997,1
sniffing,70034,69997,70034,37
stepping,70041,70034,70041,7
walking,70042,70041,70042,1
rearing,70129,70042,70129,87
sniffing,70252,70129,70252,123
grooming,70294,70252,70294,42
walking,70313,70294,70313,19
sniffing,70494,70313,70494,181
grooming,70758,70494,70758,264
rising,70759,70758,70759,1
rearing,70799,70759,70799,40
stepping,70801,70799,70801,2
climbing,70840,70801,70840,39
rising,70872,70840,70872,32
sniffing,70943,70872,70943,71
rising,71013,70943,71013,70
climbing,71094,71013,71094,81
rising,71138,71094,71138,44
walking,71175,71138,71175,37
rearing,71195,71175,71195,20
grooming,71202,71195,71202,7
sniffing,71296,71202,71296,94
grooming,71450,71296,71450,154
trotting,71492,71450,71492,42
sniffing,71795,71492,71795,303
grooming,72430,71795,72430,635
rearing,72451,72430,72451,21
sniffing,72452,72451,72452,1
right_turning,72464,72452,72464,12
climbing,72481,72464,72481,17
left_turning,72512,72481,72512,31
walking,72564,72512,72564,52
sniffing,72665,72564,72665,101
walking,72729,72665,72729,64
stepping,72735,72729,72735,6
sniffing,72838,72735,72838,103
grooming,73074,72838,73074,236
climbing,73150,73074,73150,76
rising,73236,73150,73236,86
grooming,73538,73236,73538,302
scratching,73539,73538,73539,1
stepping,73540,73539,73540,1
grooming,73541,73540,73541,1
hunching,73542,73541,73542,1
left_turning,73608,73542,73608,66
grooming,73656,73608,73656,48
rearing,73738,73656,73738,82
grooming,73739,73738,73739,1
sniffing,73881,73739,73881,142
rising,73935,73881,73935,54
rearing,73973,73935,73973,38
climbing,74170,73973,74170,197
rearing,74171,74170,74171,1
grooming,74298,74171,74298,127
left_turning,74315,74298,74315,17
sniffing,74357,74315,74357,42
rearing,74394,74357,74394,37
stepping,74420,74394,74420,26
rising,74425,74420,74425,5
grooming,74619,74425,74619,194
hunching,74620,74619,74620,1
grooming,74819,74620,74819,199
sniffing,74932,74819,74932,113
climbing,74997,74932,74997,65
walking,74998,74997,74998,1
sniffing,75068,74998,75068,70
running,75082,75068,75082,14
stepping,75134,75082,75134,52
sniffing,75189,75134,75189,55
walking,75213,75189,75213,24
left_turning,75242,75213,75242,29
stepping,75303,75242,75303,61
walking,75347,75303,75347,44
stepping,75403,75347,75403,56
right_turning,75447,75403,75447,44
walking,75532,75447,75532,85
stepping,75548,75532,75548,16
rising,75603,75548,75603,55
grooming,75807,75603,75807,204
climbing,75919,75807,75919,112
sniffing,75966,75919,75966,47
grooming,76083,75966,76083,117
rearing,76143,76083,76143,60
stepping,76169,76143,76169,26
walking,76175,76169,76175,6
sniffing,76252,76175,76252,77
walking,76253,76252,76253,1
grooming,76382,76253,76382,129
rearing,76397,76382,76397,15
rising,76398,76397,76398,1
climbing,76433,76398,76433,35
left_turning,76452,76433,76452,19
sniffing,76554,76452,76554,102
stepping,76594,76554,76594,40
climbing,76646,76594,76646,52
hunching,76647,76646,76647,1
grooming,76868,76647,76868,221
rising,76870,76868,76870,2
climbing,76954,76870,76954,84
walking,76967,76954,76967,13
grooming,76968,76967,76968,1
rearing,76969,76968,76969,1
stepping,77010,76969,77010,41
rising,77060,77010,77060,50
rearing,77069,77060,77069,9
right_turning,77070,77069,77070,1
walking,77109,77070,77109,39
sniffing,77156,77109,77156,47
right_turning,77203,77156,77203,47
sniffing,77208,77203,77208,5
walking,77266,77208,77266,58
sniffing,77272,77266,77272,6
walking,77279,77272,77279,7
trotting,77341,77279,77341,62
stepping,77357,77341,77357,16
walking,77369,77357,77369,12
sniffing,77370,77369,77370,1
right_turning,77385,77370,77385,15
walking,77391,77385,77391,6
sniffing,77468,77391,77468,77
left_turning,77511,77468,77511,43
stepping,77547,77511,77547,36
right_turning,77592,77547,77592,45
walking,77604,77592,77604,12
sniffing,77716,77604,77716,112
walking,77839,77716,77839,123
rising,77840,77839,77840,1
climbing,77897,77840,77897,57
grooming,78327,77897,78327,430
climbing,78371,78327,78371,44
walking,78403,78371,78403,32
grooming,78404,78403,78404,1
hunching,78405,78404,78405,1
rearing,78427,78405,78427,22
right_turning,78475,78427,78475,48
walking,78492,78475,78492,17
rearing,78622,78492,78622,130
sniffing,78636,78622,78636,14
left_turning,78713,78636,78713,77
running,78752,78713,78752,39
stepping,78807,78752,78807,55
rearing,78881,78807,78881,74
rising,78944,78881,78944,63
climbing,78947,78944,78947,3
right_turning,78974,78947,78974,27
rising,78975,78974,78975,1
stepping,79071,78975,79071,96
trotting,79079,79071,79079,8
sniffing,79080,79079,79080,1
stepping,79089,79080,79089,9
walking,79140,79089,79140,51
stepping,79193,79140,79193,53
sniffing,79398,79193,79398,205
walking,79437,79398,79437,39
left_turning,79490,79437,79490,53
stepping,79515,79490,79515,25
sniffing,79623,79515,79623,108
grooming,79849,79623,79849,226
running,79860,79849,79860,11
sniffing,79861,79860,79861,1
left_turning,79923,79861,79923,62
sniffing,80198,79923,80198,275
trotting,80233,80198,80233,35
running,80260,80233,80260,27
sniffing,80286,80260,80286,26
stepping,80315,80286,80315,29
sniffing,80319,80315,80319,4
rising,80374,80319,80374,55
walking,80375,80374,80375,1
climbing,80439,80375,80439,64
left_turning,80440,80439,80440,1
rearing,80489,80440,80489,49
grooming,80815,80489,80815,326
rising,80838,80815,80838,23
sniffing,81026,80838,81026,188
rising,81091,81026,81091,65
rearing,81125,81091,81125,34
climbing,81139,81125,81139,14
grooming,81429,81139,81429,290
sniffing,81462,81429,81462,33
grooming,81516,81462,81516,54
climbing,81521,81516,81521,5
grooming,81720,81521,81720,199
rearing,81802,81720,81802,82
grooming,82221,81802,82221,419
walking,82250,82221,82250,29
sniffing,82403,82250,82403,153
stepping,82467,82403,82467,64
sniffing,82516,82467,82516,49
rising,82564,82516,82564,48
climbing,82572,82564,82572,8
sniffing,82609,82572,82609,37
climbing,82691,82609,82691,82
right_turning,82760,82691,82760,69
left_turning,82813,82760,82813,53
trotting,82858,82813,82858,45
stepping,82880,82858,82880,22
sniffing,82881,82880,82881,1
grooming,82970,82881,82970,89
rearing,82978,82970,82978,8
sniffing,83025,82978,83025,47
rising,83099,83025,83099,74
sniffing,83100,83099,83100,1
walking,83151,83100,83151,51
stepping,83207,83151,83207,56
sniffing,83208,83207,83208,1
grooming,83279,83208,83279,71
sniffing,83373,83279,83373,94
rising,83379,83373,83379,6
walking,83440,83379,83440,61
sniffing,83441,83440,83441,1
grooming,83595,83441,83595,154
rearing,83682,83595,83682,87
climbing,83751,83682,83751,69
rearing,83765,83751,83765,14
grooming,84182,83765,84182,417
climbing,84226,84182,84226,44
grooming,84406,84226,84406,180
sniffing,84558,84406,84558,152
right_turning,84581,84558,84581,23
stepping,84596,84581,84596,15
walking,84629,84596,84629,33
rearing,84647,84629,84647,18
grooming,84915,84647,84915,268
left_turning,84934,84915,84934,19
sniffing,84935,84934,84935,1
walking,84955,84935,84955,20
sniffing,85076,84955,85076,121
left_turning,85126,85076,85126,50
sniffing,85146,85126,85146,20
walking,85171,85146,85171,25
sniffing,85172,85171,85172,1
grooming,85655,85172,85655,483
rising,85656,85655,85656,1
rearing,85687,85656,85687,31
grooming,85915,85687,85915,228
walking,86013,85915,86013,98
sniffing,86128,86013,86128,115
left_turning,86166,86128,86166,38
grooming,86663,86166,86663,497
rearing,86791,86663,86791,128
grooming,86792,86791,86792,1
rising,86793,86792,86793,1
climbing,87073,86793,87073,280
rearing,87142,87073,87142,69
left_turning,87211,87142,87211,69
sniffing,87302,87211,87302,91
grooming,87843,87302,87843,541
stepping,87871,87843,87871,28
rising,87881,87871,87881,10
climbing,87918,87881,87918,37
grooming,88254,87918,88254,336
climbing,88294,88254,88294,40
sniffing,88356,88294,88356,62
rising,88475,88356,88475,119
grooming,88797,88475,88797,322
rearing,88798,88797,88798,1
hunching,88811,88798,88811,13
grooming,88812,88811,88812,1
sniffing,88829,88812,88829,17
grooming,89266,88829,89266,437
sniffing,89294,89266,89294,28
walking,89340,89294,89340,46
running,89380,89340,89380,40
sniffing,89403,89380,89403,23
grooming,89663,89403,89663,260
walking,89701,89663,89701,38
sniffing,89840,89701,89840,139
stepping,89852,89840,89852,12
walking,89858,89852,89858,6
rearing,89884,89858,89884,26
climbing,89885,89884,89885,1
grooming,89989,89885,89989,104
rearing,90264,89989,90264,275
sniffing,90265,90264,90265,1
grooming,90399,90265,90399,134
left_turning,90406,90399,90406,7
climbing,90536,90406,90536,130
rising,90588,90536,90588,52
grooming,90637,90588,90637,49
hunching,90638,90637,90638,1
grooming,90819,90638,90819,181
stepping,90829,90819,90829,10
sniffing,90932,90829,90932,103
stepping,90972,90932,90972,40
walking,90989,90972,90989,17
climbing,91059,90989,91059,70
left_turning,91080,91059,91080,21
walking,91135,91080,91135,55
running,91147,91135,91147,12
left_turning,91201,91147,91201,54
sniffing,91323,91201,91323,122
rising,91324,91323,91324,1
stepping,91331,91324,91331,7
trotting,91398,91331,91398,67
sniffing,91594,91398,91594,196
walking,91650,91594,91650,56
rising,91651,91650,91651,1
sniffing,91974,91651,91974,323
walking,92022,91974,92022,48
sniffing,92047,92022,92047,25
climbing,92109,92047,92109,62
grooming,92132,92109,92132,23
rearing,92138,92132,92138,6
right_turning,92142,92138,92142,4
climbing,92143,92142,92143,1
right_turning,92187,92143,92187,44
rearing,92205,92187,92205,18
stepping,92213,92205,92213,8
sniffing,92268,92213,92268,55
rearing,92335,92268,92335,67
grooming,92336,92335,92336,1
left_turning,92408,92336,92408,72
trotting,92446,92408,92446,38
sniffing,92571,92446,92571,125
walking,92664,92571,92664,93
sniffing,92723,92664,92723,59
left_turning,92724,92723,92724,1
rearing,92756,92724,92756,32
grooming,93075,92756,93075,319
rising,93107,93075,93107,32
stepping,93150,93107,93150,43
left_turning,93181,93150,93181,31
sniffing,93190,93181,93190,9
rising,93276,93190,93276,86
grooming,93550,93276,93550,274
rearing,93657,93550,93657,107
hunching,93677,93657,93677,20
rising,93780,93677,93780,103
sniffing,93792,93780,93792,12
stepping,93845,93792,93845,53
rising,93930,93845,93930,85
left_turning,93952,93930,93952,22
walking,93985,93952,93985,33
sniffing,94011,93985,94011,26
walking,94051,94011,94051,40
rising,94104,94051,94104,53
left_turning,94124,94104,94124,20
trotting,94174,94124,94174,50
walking,94175,94174,94175,1
trotting,94204,94175,94204,29
walking,94247,94204,94247,43
rising,94337,94247,94337,90
hunching,94338,94337,94338,1
left_turning,94354,94338,94354,16
walking,94414,94354,94414,60
climbing,94484,94414,94484,70
rearing,94533,94484,94533,49
walking,94582,94533,94582,49
rearing,94613,94582,94613,31
grooming,94688,94613,94688,75
hunching,94727,94688,94727,39
rearing,94780,94727,94780,53
climbing,94828,94780,94828,48
left_turning,94865,94828,94865,37
trotting,94913,94865,94913,48
running,94945,94913,94945,32
sniffing,95038,94945,95038,93
grooming,95907,95038,95907,869
rearing,95953,95907,95953,46
left_turning,95972,95953,95972,19
walking,95973,95972,95973,1
trotting,95989,95973,95989,16
rising,96051,95989,96051,62
grooming,96124,96051,96124,73
rearing,96211,96124,96211,87
climbing,96268,96211,96268,57
sniffing,96350,96268,96350,82
walking,96413,96350,96413,63
sniffing,96414,96413,96414,1
rising,96415,96414,96415,1
rearing,96482,96415,96482,67
rising,96526,96482,96526,44
grooming,96527,96526,96527,1
right_turning,96541,96527,96541,14
sniffing,96677,96541,96677,136
stepping,96725,96677,96725,48
walking,96764,96725,96764,39
rearing,96867,96764,96867,103
trotting,96911,96867,96911,44
sniffing,96939,96911,96939,28
walking,96990,96939,96990,51
stepping,97062,96990,97062,72
sniffing,97072,97062,97072,10
grooming,97073,97072,97073,1
trotting,97134,97073,97134,61
walking,97184,97134,97184,50
sniffing,97268,97184,97268,84
rearing,97318,97268,97318,50
sniffing,97416,97318,97416,98
walking,97426,97416,97426,10
rising,97427,97426,97427,1
sniffing,97495,97427,97495,68
rearing,97609,97495,97609,114
grooming,97610,97609,97610,1
rearing,97662,97610,97662,52
rising,97715,97662,97715,53
sniffing,97716,97715,97716,1
stepping,97762,97716,97762,46
running,97786,97762,97786,24
walking,97793,97786,97793,7
grooming,97794,97793,97794,1
walking,97795,97794,97795,1
rising,97860,97795,97860,65
grooming,97861,97860,97861,1
right_turning,97862,97861,97862,1
climbing,97900,97862,97900,38
walking,97901,97900,97901,1
climbing,97966,97901,97966,65
stepping,98015,97966,98015,49
right_turning,98033,98015,98033,18
walking,98054,98033,98054,21
jumping,98055,98054,98055,1
rearing,98103,98055,98103,48
walking,98104,98103,98104,1
climbing,98172,98104,98172,68
right_turning,98196,98172,98196,24
stepping,98296,98196,98296,100
rising,98349,98296,98349,53
grooming,98597,98349,98597,248
sniffing,98634,98597,98634,37
rising,98635,98634,98635,1
climbing,98636,98635,98636,1
left_turning,98650,98636,98650,14
running,98694,98650,98694,44
scratching,98695,98694,98695,1
sniffing,98825,98695,98825,130
left_turning,98859,98825,98859,34
walking,98872,98859,98872,13
sniffing,98873,98872,98873,1
stepping,98902,98873,98902,29
sniffing,98994,98902,98994,92
left_turning,99029,98994,99029,35
stepping,99093,99029,99093,64
sniffing,99094,99093,99094,1
walking,99173,99094,99173,79
sniffing,99254,99173,99254,81
stepping,99259,99254,99259,5
walking,99373,99259,99373,114
sniffing,99440,99373,99440,67
walking,99468,99440,99468,28
grooming,99819,99468,99819,351
walking,99880,99819,99880,61
sniffing,99931,99880,99931,51
rearing,99932,99931,99932,1
sniffing,99999,99932,99999,67
rising,100090,99999,100090,91
sniffing,100143,100090,100143,53
left_turning,100189,100143,100189,46
rearing,100267,100189,100267,78
hunching,100268,100267,100268,1
grooming,100269,100268,100269,1
rearing,100341,100269,100341,72
climbing,100412,100341,100412,71
hunching,100472,100412,100472,60
rearing,100542,100472,100542,70
hunching,100561,100542,100561,19
left_turning,100577,100561,100577,16
sniffing,100626,100577,100626,49
walking,100691,100626,100691,65
climbing,100831,100691,100831,140
walking,100916,100831,100916,85
sniffing,100994,100916,100994,78
rearing,101103,100994,101103,109
hunching,101128,101103,101128,25
rearing,101210,101128,101210,82
hunching,101250,101210,101250,40
grooming,101304,101250,101304,54
left_turning,101327,101304,101327,23
walking,101365,101327,101365,38
sniffing,101476,101365,101476,111
stepping,101519,101476,101519,43
walking,101588,101519,101588,69
trotting,101613,101588,101613,25
stepping,101659,101613,101659,46
walking,101693,101659,101693,34
sniffing,101787,101693,101787,94
rearing,101897,101787,101897,110
grooming,102109,101897,102109,212
rearing,102110,102109,102110,1
left_turning,102149,102110,102149,39
sniffing,102150,102149,102150,1
rearing,102191,102150,102191,41
rising,102218,102191,102218,27
sniffing,102490,102218,102490,272
rising,102549,102490,102549,59
sniffing,102687,102549,102687,138
walking,102748,102687,102748,61
trotting,102773,102748,102773,25
stepping,102824,102773,102824,51
sniffing,102825,102824,102825,1
rising,102893,102825,102893,68
grooming,102934,102893,102934,41
hunching,103010,102934,103010,76
rearing,103120,103010,103120,110
hunching,103178,103120,103178,58
grooming,103462,103178,103462,284
running,103463,103462,103463,1
stepping,103481,103463,103481,18
sniffing,103482,103481,103482,1
stepping,103489,103482,103489,7
climbing,103669,103489,103669,180
rising,103718,103669,103718,49
sniffing,103792,103718,103792,74
grooming,104029,103792,104029,237
right_turning,104038,104029,104038,9
grooming,104730,104038,104730,692
sniffing,104886,104730,104886,156
rising,104925,104886,104925,39
rearing,104940,104925,104940,15
grooming,104950,104940,104950,10
stepping,104997,104950,104997,47
sniffing,105081,104997,105081,84
rising,105082,105081,105082,1
rearing,105083,105082,105083,1
sniffing,105123,105083,105123,40
stepping,105124,105123,105124,1
sniffing,105130,105124,105130,6
stepping,105164,105130,105164,34
sniffing,105296,105164,105296,132
left_turning,105327,105296,105327,31
grooming,105410,105327,105410,83
rearing,105470,105410,105470,60
sniffing,105471,105470,105471,1
stepping,105489,105471,105489,18
rising,105533,105489,105533,44
sniffing,105702,105533,105702,169
stepping,105751,105702,105751,49
sniffing,105832,105751,105832,81
rising,105872,105832,105872,40
sniffing,105891,105872,105891,19
rearing,105892,105891,105892,1
rising,105974,105892,105974,82
grooming,105979,105974,105979,5
scratching,105980,105979,105980,1
grooming,106227,105980,106227,247
rearing,106474,106227,106474,247
grooming,106910,106474,106910,436
sniffing,107025,106910,107025,115
rising,107125,107025,107125,100
sniffing,107126,107125,107126,1
left_turning,107215,107126,107215,89
hunching,107233,107215,107233,18
rearing,107291,107233,107291,58
rising,107316,107291,107316,25
stepping,107357,107316,107357,41
sniffing,107414,107357,107414,57
grooming,107437,107414,107437,23
left_turning,107453,107437,107453,16
trotting,107487,107453,107487,34
stepping,107558,107487,107558,71
rising,107647,107558,107647,89
rearing,107743,107647,107743,96
stepping,107786,107743,107786,43
sniffing,107787,107786,107787,1
rising,107857,107787,107857,70
rearing,107913,107857,107913,56
hunching,107944,107913,107944,31
rising,107971,107944,107971,27
left_turning,107981,107971,107981,10
grooming,107982,107981,107982,1
sniffing,107983,107982,107983,1
walking,108000,107983,108000,17
