revised_movement_label,segBoundary,segBoundary_start,segBoundary_end,length
sniffing,60,0,60,60
right_turning,79,60,79,19
sniffing,135,79,135,56
climbing,151,135,151,16
right_turning,179,151,179,28
sniffing,226,179,226,47
walking,259,226,259,33
trotting,301,259,301,42
walking,309,301,309,8
sniffing,377,309,377,68
right_turning,378,377,378,1
walking,396,378,396,18
rising,417,396,417,21
climbing,451,417,451,34
hunching,452,451,452,1
sniffing,492,452,492,40
right_turning,542,492,542,50
trotting,548,542,548,6
left_turning,618,548,618,70
stepping,641,618,641,23
left_turning,691,641,691,50
sniffing,735,691,735,44
rising,766,735,766,31
right_turning,781,766,781,15
left_turning,826,781,826,45
running,831,826,831,5
sniffing,920,831,920,89
walking,921,920,921,1
sniffing,962,921,962,41
rearing,1059,962,1059,97
climbing,1062,1059,1062,3
rising,1127,1062,1127,65
sniffing,1138,1127,1138,11
walking,1168,1138,1168,30
sniffing,1261,1168,1261,93
climbing,1305,1261,1305,44
sniffing,1352,1305,1352,47
left_turning,1370,1352,1370,18
sniffing,1400,1370,1400,30
trotting,1460,1400,1460,60
sniffing,1470,1460,1470,10
rising,1502,1470,1502,32
stepping,1517,1502,1517,15
left_turning,1556,1517,1556,39
rising,1588,1556,1588,32
sniffing,1695,1588,1695,107
left_turning,1740,1695,1740,45
walking,1756,1740,1756,16
climbing,1820,1756,1820,64
rearing,2109,1820,2109,289
left_turning,2123,2109,2123,14
sniffing,2160,2123,2160,37
climbing,2203,2160,2203,43
sniffing,2256,2203,2256,53
climbing,2268,2256,2268,12
sniffing,2288,2268,2288,20
stepping,2289,2288,2289,1
climbing,2341,2289,2341,52
left_turning,2354,2341,2354,13
running,2391,2354,2391,37
trotting,2406,2391,2406,15
rearing,2415,2406,2415,9
sniffing,2478,2415,2478,63
left_turning,2514,2478,2514,36
running,2525,2514,2525,11
sniffing,2526,2525,2526,1
stepping,2552,2526,2552,26
right_turning,2559,2552,2559,7
trotting,2588,2559,2588,29
rising,2589,2588,2589,1
sniffing,2642,2589,2642,53
climbing,2684,2642,2684,42
hunching,2685,2684,2685,1
sniffing,2686,2685,2686,1
climbing,2735,2686,2735,49
walking,2780,2735,2780,45
sniffing,2808,2780,2808,28
climbing,2875,2808,2875,67
right_turning,2916,2875,2916,41
rising,2917,2916,2917,1
climbing,2946,2917,2946,29
sniffing,2999,2946,2999,53
climbing,3017,2999,3017,18
sniffing,3023,3017,3023,6
left_turning,3069,3023,3069,46
walking,3080,3069,3080,11
sniffing,3081,3080,3081,1
right_turning,3082,3081,3082,1
stepping,3125,3082,3125,43
right_turning,3126,3125,3126,1
trotting,3177,3126,3177,51
walking,3225,3177,3225,48
sniffing,3226,3225,3226,1
walking,3227,3226,3227,1
sniffing,3243,3227,3243,16
right_turning,3290,3243,3290,47
walking,3329,3290,3329,39
sniffing,3408,3329,3408,79
rising,3421,3408,3421,13
left_turning,3515,3421,3515,94
trotting,3525,3515,3525,10
sniffing,3610,3525,3610,85
walking,3611,3610,3611,1
left_turning,3643,3611,3643,32
sniffing,3755,3643,3755,112
climbing,3791,3755,3791,36
stepping,3876,3791,3876,85
climbing,3922,3876,3922,46
hunching,4171,3922,4171,249
sniffing,4235,4171,4235,64
left_turning,4290,4235,4290,55
trotting,4352,4290,4352,62
rising,4363,4352,4363,11
stepping,4421,4363,4421,58
rising,4422,4421,4422,1
climbing,4446,4422,4446,24
running,4482,4446,4482,36
walking,4491,4482,4491,9
rising,4744,4491,4744,253
sniffing,4761,4744,4761,17
pausing,4762,4761,4762,1
sniffing,4861,4762,4861,99
left_turning,4890,4861,4890,29
running,4900,4890,4900,10
walking,4939,4900,4939,39
trotting,4945,4939,4945,6
left_turning,4993,4945,4993,48
running,5026,4993,5026,33
walking,5048,5026,5048,22
climbing,5110,5048,5110,62
sniffing,5161,5110,5161,51
rearing,5345,5161,5345,184
sniffing,5416,5345,5416,71
running,5427,5416,5427,11
sniffing,5440,5427,5440,13
walking,5441,5440,5441,1
sniffing,5469,5441,5469,28
stepping,5503,5469,5503,34
walking,5599,5503,5599,96
left_turning,5654,5599,5654,55
rising,5660,5654,5660,6
rearing,5661,5660,5661,1
sniffing,5695,5661,5695,34
walking,5709,5695,5709,14
sniffing,5875,5709,5875,166
right_turning,5913,5875,5913,38
climbing,5944,5913,5944,31
sniffing,5977,5944,5977,33
rising,5978,5977,5978,1
rearing,5979,5978,5979,1
rising,5980,5979,5980,1
right_turning,5990,5980,5990,10
running,6023,5990,6023,33
climbing,6053,6023,6053,30
sniffing,6061,6053,6061,8
trotting,6078,6061,6078,17
climbing,6126,6078,6126,48
sniffing,6200,6126,6200,74
hunching,6237,6200,6237,37
climbing,6255,6237,6255,18
right_turning,6285,6255,6285,30
trotting,6304,6285,6304,19
left_turning,6321,6304,6321,17
rising,6421,6321,6421,100
sniffing,6522,6421,6522,101
climbing,6566,6522,6566,44
hunching,6567,6566,6567,1
sniffing,6625,6567,6625,58
running,6644,6625,6644,19
sniffing,6664,6644,6664,20
stepping,6678,6664,6678,14
sniffing,6767,6678,6767,89
right_turning,6795,6767,6795,28
walking,6843,6795,6843,48
stepping,6862,6843,6862,19
sniffing,6900,6862,6900,38
left_turning,6911,6900,6911,11
running,6941,6911,6941,30
walking,6949,6941,6949,8
climbing,6990,6949,6990,41
rising,6991,6990,6991,1
hunching,7067,6991,7067,76
rearing,7068,7067,7068,1
climbing,7079,7068,7079,11
sniffing,7097,7079,7097,18
stepping,7110,7097,7110,13
walking,7148,7110,7148,38
sniffing,7149,7148,7149,1
walking,7150,7149,7150,1
stepping,7154,7150,7154,4
walking,7189,7154,7189,35
rearing,7282,7189,7282,93
climbing,7333,7282,7333,51
right_turning,7334,7333,7334,1
stepping,7376,7334,7376,42
climbing,7410,7376,7410,34
hunching,7496,7410,7496,86
climbing,7514,7496,7514,18
sniffing,7518,7514,7518,4
rearing,7621,7518,7621,103
climbing,7686,7621,7686,65
trotting,7730,7686,7730,44
stepping,7815,7730,7815,85
sniffing,7833,7815,7833,18
pausing,7834,7833,7834,1
sniffing,7900,7834,7900,66
rising,7901,7900,7901,1
sniffing,7935,7901,7935,34
climbing,7981,7935,7981,46
trotting,7993,7981,7993,12
walking,8032,7993,8032,39
left_turning,8060,8032,8060,28
rising,8061,8060,8061,1
climbing,8103,8061,8103,42
sniffing,8278,8103,8278,175
rising,8279,8278,8279,1
climbing,8307,8279,8307,28
trotting,8332,8307,8332,25
sniffing,8524,8332,8524,192
climbing,8566,8524,8566,42
sniffing,8615,8566,8615,49
rising,8682,8615,8682,67
walking,8693,8682,8693,11
sniffing,8707,8693,8707,14
rising,8729,8707,8729,22
left_turning,8733,8729,8733,4
walking,8759,8733,8759,26
sniffing,8808,8759,8808,49
left_turning,8844,8808,8844,36
sniffing,8907,8844,8907,63
trotting,8944,8907,8944,37
left_turning,8978,8944,8978,34
stepping,9033,8978,9033,55
trotting,9059,9033,9059,26
sniffing,9060,9059,9060,1
climbing,9133,9060,9133,73
right_turning,9166,9133,9166,33
sniffing,9203,9166,9203,37
left_turning,9241,9203,9241,38
sniffing,9287,9241,9287,46
climbing,9315,9287,9315,28
rising,9339,9315,9339,24
stepping,9388,9339,9388,49
hunching,9630,9388,9630,242
climbing,9648,9630,9648,18
left_turning,9649,9648,9649,1
sniffing,9740,9649,9740,91
climbing,9783,9740,9783,43
left_turning,9784,9783,9784,1
trotting,9814,9784,9814,30
walking,9857,9814,9857,43
sniffing,9965,9857,9965,108
right_turning,9980,9965,9980,15
walking,10007,9980,10007,27
rising,10009,10007,10009,2
climbing,10014,10009,10014,5
sniffing,10028,10014,10028,14
stepping,10063,10028,10063,35
sniffing,10223,10063,10223,160
right_turning,10261,10223,10261,38
stepping,10287,10261,10287,26
sniffing,10289,10287,10289,2
walking,10352,10289,10352,63
sniffing,10386,10352,10386,34
stepping,10387,10386,10387,1
trotting,10402,10387,10402,15
left_turning,10403,10402,10403,1
right_turning,10409,10403,10409,6
walking,10476,10409,10476,67
sniffing,10588,10476,10588,112
rearing,10723,10588,10723,135
sniffing,10726,10723,10726,3
left_turning,10727,10726,10727,1
stepping,10743,10727,10743,16
sniffing,10744,10743,10744,1
trotting,10745,10744,10745,1
sniffing,10766,10745,10766,21
hunching,10891,10766,10891,125
right_turning,10902,10891,10902,11
trotting,10934,10902,10934,32
walking,10935,10934,10935,1
climbing,11022,10935,11022,87
rising,11054,11022,11054,32
climbing,11068,11054,11068,14
rising,11150,11068,11150,82
sniffing,11321,11150,11321,171
rearing,11372,11321,11372,51
walking,11373,11372,11373,1
left_turning,11431,11373,11431,58
sniffing,11437,11431,11437,6
climbing,11510,11437,11510,73
walking,11520,11510,11520,10
stepping,11547,11520,11547,27
walking,11549,11547,11549,2
left_turning,11574,11549,11574,25
rising,11622,11574,11622,48
walking,11626,11622,11626,4
left_turning,11640,11626,11640,14
walking,11672,11640,11672,32
sniffing,11747,11672,11747,75
left_turning,11778,11747,11778,31
walking,11785,11778,11785,7
rising,11850,11785,11850,65
sniffing,11908,11850,11908,58
walking,11932,11908,11932,24
trotting,11976,11932,11976,44
rising,12028,11976,12028,52
sniffing,12052,12028,12052,24
climbing,12084,12052,12084,32
rising,12085,12084,12085,1
climbing,12125,12085,12125,40
running,12137,12125,12137,12
rising,12138,12137,12138,1
rearing,12244,12138,12244,106
walking,12270,12244,12270,26
sniffing,12271,12270,12271,1
walking,12279,12271,12279,8
sniffing,12314,12279,12314,35
rising,12315,12314,12315,1
sniffing,12338,12315,12338,23
walking,12356,12338,12356,18
left_turning,12357,12356,12357,1
sniffing,12479,12357,12479,122
climbing,12519,12479,12519,40
sniffing,12556,12519,12556,37
left_turning,12567,12556,12567,11
sniffing,12568,12567,12568,1
right_turning,12585,12568,12585,17
running,12599,12585,12599,14
sniffing,12600,12599,12600,1
rising,12603,12600,12603,3
left_turning,12646,12603,12646,43
walking,12670,12646,12670,24
left_turning,12700,12670,12700,30
sniffing,12701,12700,12701,1
left_turning,12750,12701,12750,49
running,12780,12750,12780,30
stepping,12789,12780,12789,9
climbing,12840,12789,12840,51
rising,12841,12840,12841,1
climbing,12907,12841,12907,66
sniffing,12949,12907,12949,42
walking,12950,12949,12950,1
sniffing,13007,12950,13007,57
rising,13036,13007,13036,29
climbing,13097,13036,13097,61
sniffing,13129,13097,13129,32
climbing,13184,13129,13184,55
walking,13262,13184,13262,78
sniffing,13299,13262,13299,37
walking,13323,13299,13323,24
rising,13324,13323,13324,1
sniffing,13325,13324,13325,1
climbing,13360,13325,13360,35
rising,13454,13360,13454,94
right_turning,13474,13454,13474,20
climbing,13538,13474,13538,64
walking,13555,13538,13555,17
climbing,13578,13555,13578,23
grooming,13621,13578,13621,43
hunching,13678,13621,13678,57
climbing,13709,13678,13709,31
grooming,13710,13709,13710,1
sniffing,13795,13710,13795,85
walking,13806,13795,13806,11
sniffing,13855,13806,13855,49
left_turning,13873,13855,13873,18
walking,13897,13873,13897,24
rising,13948,13897,13948,51
sniffing,14007,13948,14007,59
rising,14008,14007,14008,1
climbing,14034,14008,14034,26
rising,14050,14034,14050,16
stepping,14055,14050,14055,5
sniffing,14056,14055,14056,1
hunching,14079,14056,14079,23
climbing,14160,14079,14160,81
sniffing,14161,14160,14161,1
walking,14182,14161,14182,21
left_turning,14234,14182,14234,52
sniffing,14261,14234,14261,27
rising,14299,14261,14299,38
climbing,14345,14299,14345,46
rising,14346,14345,14346,1
climbing,14394,14346,14394,48
trotting,14446,14394,14446,52
sniffing,14447,14446,14447,1
left_turning,14497,14447,14497,50
running,14531,14497,14531,34
walking,14548,14531,14548,17
rising,14589,14548,14589,41
climbing,14590,14589,14590,1
sniffing,14621,14590,14621,31
walking,14656,14621,14656,35
hunching,14657,14656,14657,1
left_turning,14686,14657,14686,29
stepping,14736,14686,14736,50
walking,14784,14736,14784,48
stepping,14800,14784,14800,16
walking,14830,14800,14830,30
rising,14935,14830,14935,105
left_turning,14978,14935,14978,43
sniffing,15065,14978,15065,87
walking,15120,15065,15120,55
left_turning,15136,15120,15136,16
rising,15137,15136,15137,1
right_turning,15163,15137,15163,26
rising,15212,15163,15212,49
climbing,15264,15212,15264,52
rearing,15371,15264,15371,107
climbing,15504,15371,15504,133
left_turning,15559,15504,15559,55
stepping,15607,15559,15607,48
sniffing,15638,15607,15638,31
running,15666,15638,15666,28
walking,15698,15666,15698,32
climbing,15745,15698,15745,47
running,15748,15745,15748,3
left_turning,15749,15748,15749,1
sniffing,15750,15749,15750,1
left_turning,15757,15750,15757,7
sniffing,15769,15757,15769,12
left_turning,15800,15769,15800,31
trotting,15803,15800,15803,3
rising,15879,15803,15879,76
sniffing,15975,15879,15975,96
rising,16042,15975,16042,67
climbing,16111,16042,16111,69
trotting,16163,16111,16163,52
sniffing,16259,16163,16259,96
walking,16299,16259,16299,40
left_turning,16334,16299,16334,35
walking,16353,16334,16353,19
sniffing,16367,16353,16367,14
walking,16412,16367,16412,45
rising,16486,16412,16486,74
trotting,16529,16486,16529,43
sniffing,16559,16529,16559,30
trotting,16569,16559,16569,10
rising,16570,16569,16570,1
sniffing,16575,16570,16575,5
left_turning,16624,16575,16624,49
grooming,17043,16624,17043,419
left_turning,17086,17043,17086,43
rising,17119,17086,17119,33
climbing,17133,17119,17133,14
walking,17177,17133,17177,44
climbing,17196,17177,17196,19
sniffing,17268,17196,17268,72
climbing,17332,17268,17332,64
right_turning,17336,17332,17336,4
trotting,17341,17336,17341,5
left_turning,17342,17341,17342,1
sniffing,17355,17342,17355,13
left_turning,17390,17355,17390,35
walking,17499,17390,17499,109
left_turning,17500,17499,17500,1
sniffing,17544,17500,17544,44
right_turning,17585,17544,17585,41
rising,17628,17585,17628,43
sniffing,17674,17628,17674,46
right_turning,17712,17674,17712,38
trotting,17752,17712,17752,40
sniffing,17813,17752,17813,61
climbing,17833,17813,17833,20
walking,17883,17833,17883,50
sniffing,17913,17883,17913,30
trotting,17928,17913,17928,15
sniffing,17980,17928,17980,52
rising,18068,17980,18068,88
walking,18072,18068,18072,4
sniffing,18083,18072,18083,11
left_turning,18084,18083,18084,1
sniffing,18134,18084,18134,50
walking,18178,18134,18178,44
sniffing,18245,18178,18245,67
walking,18303,18245,18303,58
sniffing,18304,18303,18304,1
stepping,18324,18304,18324,20
sniffing,18325,18324,18325,1
climbing,18362,18325,18362,37
rearing,18363,18362,18363,1
rising,18390,18363,18390,27
running,18406,18390,18406,16
sniffing,18426,18406,18426,20
walking,18427,18426,18427,1
right_turning,18446,18427,18446,19
walking,18447,18446,18447,1
sniffing,18572,18447,18572,125
stepping,18579,18572,18579,7
walking,18626,18579,18626,47
rising,18654,18626,18654,28
climbing,18655,18654,18655,1
trotting,18696,18655,18696,41
rising,18748,18696,18748,52
climbing,18794,18748,18794,46
right_turning,18808,18794,18808,14
walking,18809,18808,18809,1
left_turning,18814,18809,18814,5
sniffing,18833,18814,18833,19
walking,18858,18833,18858,25
trotting,18897,18858,18897,39
walking,18941,18897,18941,44
sniffing,18956,18941,18956,15
climbing,18992,18956,18992,36
walking,18993,18992,18993,1
stepping,19011,18993,19011,18
sniffing,19097,19011,19097,86
left_turning,19098,19097,19098,1
sniffing,19166,19098,19166,68
trotting,19187,19166,19187,21
right_turning,19206,19187,19206,19
trotting,19223,19206,19223,17
sniffing,19270,19223,19270,47
rearing,19271,19270,19271,1
sniffing,19291,19271,19291,20
climbing,19340,19291,19340,49
rising,19390,19340,19390,50
climbing,19446,19390,19446,56
walking,19463,19446,19463,17
stepping,19493,19463,19493,30
sniffing,19501,19493,19501,8
right_turning,19525,19501,19525,24
running,19560,19525,19560,35
stepping,19620,19560,19620,60
sniffing,19621,19620,19621,1
climbing,19721,19621,19721,100
sniffing,19723,19721,19723,2
rearing,19750,19723,19750,27
left_turning,19751,19750,19751,1
walking,19771,19751,19771,20
rising,19813,19771,19813,42
sniffing,19870,19813,19870,57
stepping,19918,19870,19918,48
rearing,19919,19918,19919,1
sniffing,19920,19919,19920,1
left_turning,19945,19920,19945,25
running,19948,19945,19948,3
sniffing,19969,19948,19969,21
right_turning,19975,19969,19975,6
running,20010,19975,20010,35
stepping,20017,20010,20017,7
walking,20040,20017,20040,23
sniffing,20087,20040,20087,47
walking,20113,20087,20113,26
sniffing,20194,20113,20194,81
trotting,20196,20194,20196,2
climbing,20249,20196,20249,53
rising,20260,20249,20260,11
climbing,20270,20260,20270,10
rising,20323,20270,20323,53
rearing,20438,20323,20438,115
grooming,20608,20438,20608,170
sniffing,20657,20608,20657,49
walking,20663,20657,20663,6
sniffing,20729,20663,20729,66
right_turning,20779,20729,20779,50
climbing,20798,20779,20798,19
sniffing,20853,20798,20853,55
pausing,20854,20853,20854,1
sniffing,20875,20854,20875,21
grooming,20876,20875,20876,1
climbing,20967,20876,20967,91
sniffing,20983,20967,20983,16
walking,21000,20983,21000,17
sniffing,21044,21000,21044,44
walking,21061,21044,21061,17
climbing,21099,21061,21099,38
trotting,21152,21099,21152,53
sniffing,21203,21152,21203,51
right_turning,21226,21203,21226,23
hunching,21291,21226,21291,65
rising,21394,21291,21394,103
climbing,21437,21394,21437,43
sniffing,21454,21437,21454,17
rising,21490,21454,21490,36
climbing,21551,21490,21551,61
sniffing,21603,21551,21603,52
walking,21613,21603,21613,10
sniffing,21652,21613,21652,39
left_turning,21660,21652,21660,8
walking,21682,21660,21682,22
trotting,21709,21682,21709,27
left_turning,21741,21709,21741,32
sniffing,21742,21741,21742,1
walking,21776,21742,21776,34
sniffing,21845,21776,21845,69
climbing,21898,21845,21898,53
left_turning,21951,21898,21951,53
walking,21966,21951,21966,15
rising,21967,21966,21967,1
sniffing,21992,21967,21992,25
walking,22045,21992,22045,53
sniffing,22075,22045,22075,30
rising,22129,22075,22129,54
climbing,22139,22129,22139,10
rising,22157,22139,22157,18
rearing,22202,22157,22202,45
sniffing,22323,22202,22323,121
stepping,22331,22323,22331,8
right_turning,22338,22331,22338,7
left_turning,22368,22338,22368,30
walking,22387,22368,22387,19
climbing,22435,22387,22435,48
walking,22481,22435,22481,46
sniffing,22482,22481,22482,1
rising,22506,22482,22506,24
walking,22512,22506,22512,6
sniffing,22566,22512,22566,54
rising,22630,22566,22630,64
left_turning,22631,22630,22631,1
sniffing,22702,22631,22702,71
walking,22707,22702,22707,5
right_turning,22723,22707,22723,16
walking,22760,22723,22760,37
left_turning,22789,22760,22789,29
running,22820,22789,22820,31
trotting,22855,22820,22855,35
walking,22872,22855,22872,17
rising,23036,22872,23036,164
climbing,23082,23036,23082,46
walking,23101,23082,23101,19
sniffing,23178,23101,23178,77
hunching,23193,23178,23193,15
climbing,23243,23193,23243,50
rising,23244,23243,23244,1
sniffing,23262,23244,23262,18
climbing,23263,23262,23263,1
sniffing,23267,23263,23267,4
walking,23328,23267,23328,61
rising,23329,23328,23329,1
left_turning,23368,23329,23368,39
walking,23369,23368,23369,1
sniffing,23390,23369,23390,21
left_turning,23399,23390,23399,9
trotting,23400,23399,23400,1
sniffing,23439,23400,23439,39
stepping,23501,23439,23501,62
right_turning,23513,23501,23513,12
rising,23514,23513,23514,1
sniffing,23515,23514,23515,1
walking,23524,23515,23524,9
sniffing,23614,23524,23614,90
left_turning,23624,23614,23624,10
sniffing,23629,23624,23629,5
stepping,23692,23629,23692,63
climbing,23709,23692,23709,17
walking,23710,23709,23710,1
sniffing,23747,23710,23747,37
right_turning,23798,23747,23798,51
running,23805,23798,23805,7
walking,23826,23805,23826,21
sniffing,23903,23826,23903,77
rearing,23904,23903,23904,1
rising,23905,23904,23905,1
rearing,23949,23905,23949,44
right_turning,23984,23949,23984,35
left_turning,24013,23984,24013,29
sniffing,24024,24013,24024,11
climbing,24036,24024,24036,12
hunching,24037,24036,24037,1
right_turning,24051,24037,24051,14
climbing,24084,24051,24084,33
left_turning,24127,24084,24127,43
rising,24187,24127,24187,60
climbing,24251,24187,24251,64
left_turning,24273,24251,24273,22
sniffing,24429,24273,24429,156
climbing,24479,24429,24479,50
hunching,24480,24479,24480,1
climbing,24541,24480,24541,61
hunching,24690,24541,24690,149
trotting,24708,24690,24708,18
rising,24797,24708,24797,89
hunching,24927,24797,24927,130
grooming,24928,24927,24928,1
left_turning,24988,24928,24988,60
sniffing,25068,24988,25068,80
climbing,25131,25068,25131,63
walking,25137,25131,25137,6
climbing,25196,25137,25196,59
rising,25243,25196,25243,47
walking,25267,25243,25267,24
sniffing,25383,25267,25383,116
walking,25384,25383,25384,1
stepping,25449,25384,25449,65
sniffing,25450,25449,25450,1
rising,25483,25450,25483,33
climbing,25541,25483,25541,58
hunching,25643,25541,25643,102
right_turning,25650,25643,25650,7
walking,25685,25650,25685,35
sniffing,25839,25685,25839,154
walking,25877,25839,25877,38
climbing,25878,25877,25878,1
left_turning,25917,25878,25917,39
sniffing,25971,25917,25971,54
rising,26035,25971,26035,64
hunching,26116,26035,26116,81
rearing,26117,26116,26117,1
climbing,26192,26117,26192,75
stepping,26219,26192,26219,27
sniffing,26306,26219,26306,87
walking,26320,26306,26320,14
rising,26321,26320,26321,1
sniffing,26332,26321,26332,11
left_turning,26385,26332,26385,53
walking,26395,26385,26395,10
climbing,26443,26395,26443,48
trotting,26456,26443,26456,13
left_turning,26480,26456,26480,24
sniffing,26547,26480,26547,67
rising,26594,26547,26594,47
sniffing,26610,26594,26610,16
walking,26644,26610,26644,34
sniffing,26737,26644,26737,93
rising,26761,26737,26761,24
left_turning,26805,26761,26805,44
climbing,26882,26805,26882,77
right_turning,26895,26882,26895,13
walking,26955,26895,26955,60
rising,27028,26955,27028,73
sniffing,27029,27028,27029,1
rising,27030,27029,27030,1
rearing,27031,27030,27031,1
walking,27081,27031,27081,50
sniffing,27082,27081,27082,1
walking,27118,27082,27118,36
sniffing,27119,27118,27119,1
climbing,27187,27119,27187,68
rising,27205,27187,27205,18
climbing,27206,27205,27206,1
trotting,27215,27206,27215,9
sniffing,27216,27215,27216,1
walking,27238,27216,27238,22
sniffing,27285,27238,27285,47
left_turning,27301,27285,27301,16
climbing,27344,27301,27344,43
rising,27368,27344,27368,24
climbing,27387,27368,27387,19
left_turning,27388,27387,27388,1
walking,27435,27388,27435,47
stepping,27498,27435,27498,63
rearing,27499,27498,27499,1
rising,27538,27499,27538,39
climbing,27574,27538,27574,36
grooming,27712,27574,27712,138
rearing,27846,27712,27846,134
right_turning,27851,27846,27851,5
grooming,27897,27851,27897,46
hunching,27910,27897,27910,13
walking,27911,27910,27911,1
left_turning,27975,27911,27975,64
sniffing,28003,27975,28003,28
rising,28004,28003,28004,1
walking,28050,28004,28050,46
sniffing,28110,28050,28110,60
rising,28491,28110,28491,381
walking,28536,28491,28536,45
sniffing,28671,28536,28671,135
walking,28684,28671,28684,13
stepping,28778,28684,28778,94
rising,28779,28778,28779,1
rearing,28871,28779,28871,92
hunching,29034,28871,29034,163
rearing,29057,29034,29057,23
hunching,29088,29057,29088,31
grooming,29089,29088,29089,1
walking,29171,29089,29171,82
right_turning,29198,29171,29198,27
walking,29248,29198,29248,50
sniffing,29346,29248,29346,98
climbing,29354,29346,29354,8
rearing,29355,29354,29355,1
sniffing,29474,29355,29474,119
walking,29505,29474,29505,31
rising,29554,29505,29554,49
sniffing,29595,29554,29595,41
running,29610,29595,29610,15
walking,29627,29610,29627,17
trotting,29632,29627,29632,5
walking,29696,29632,29696,64
stepping,29715,29696,29715,19
sniffing,29753,29715,29753,38
rising,29816,29753,29816,63
trotting,29848,29816,29848,32
sniffing,29894,29848,29894,46
stepping,29895,29894,29895,1
walking,29904,29895,29904,9
sniffing,29905,29904,29905,1
climbing,29947,29905,29947,42
rising,30034,29947,30034,87
right_turning,30064,30034,30064,30
grooming,30420,30064,30420,356
rearing,30772,30420,30772,352
right_turning,30787,30772,30787,15
walking,30803,30787,30803,16
sniffing,30804,30803,30804,1
rising,30872,30804,30872,68
left_turning,30885,30872,30885,13
trotting,30886,30885,30886,1
sniffing,30971,30886,30971,85
rising,31038,30971,31038,67
climbing,31136,31038,31136,98
right_turning,31181,31136,31181,45
sniffing,31237,31181,31237,56
climbing,31267,31237,31267,30
rearing,31321,31267,31321,54
running,31349,31321,31349,28
sniffing,31473,31349,31473,124
right_turning,31480,31473,31480,7
walking,31500,31480,31500,20
trotting,31501,31500,31501,1
walking,31529,31501,31529,28
sniffing,31530,31529,31530,1
trotting,31559,31530,31559,29
rising,31560,31559,31560,1
climbing,31646,31560,31646,86
sniffing,31694,31646,31694,48
rising,31720,31694,31720,26
climbing,31820,31720,31820,100
rearing,31821,31820,31821,1
sniffing,31876,31821,31876,55
rising,31994,31876,31994,118
sniffing,31995,31994,31995,1
left_turning,32012,31995,32012,17
sniffing,32093,32012,32093,81
stepping,32137,32093,32137,44
walking,32154,32137,32154,17
rising,32278,32154,32278,124
sniffing,32279,32278,32279,1
left_turning,32312,32279,32312,33
sniffing,32313,32312,32313,1
rising,32343,32313,32343,30
sniffing,32344,32343,32344,1
stepping,32368,32344,32368,24
grooming,32646,32368,32646,278
left_turning,32699,32646,32699,53
walking,32719,32699,32719,20
sniffing,32775,32719,32775,56
hunching,32826,32775,32826,51
sniffing,32827,32826,32827,1
grooming,33166,32827,33166,339
rearing,33258,33166,33258,92
grooming,33259,33258,33259,1
rearing,33273,33259,33273,14
right_turning,33282,33273,33282,9
left_turning,33283,33282,33283,1
walking,33345,33283,33345,62
sniffing,33440,33345,33440,95
pausing,33441,33440,33441,1
sniffing,33442,33441,33442,1
rising,33443,33442,33443,1
trotting,33512,33443,33512,69
rising,33521,33512,33521,9
left_turning,33522,33521,33522,1
walking,33603,33522,33603,81
sniffing,33628,33603,33628,25
rising,33648,33628,33648,20
climbing,33662,33648,33662,14
sniffing,33873,33662,33873,211
walking,33913,33873,33913,40
sniffing,34013,33913,34013,100
rising,34078,34013,34078,65
climbing,34269,34078,34269,191
sniffing,34270,34269,34270,1
grooming,34470,34270,34470,200
sniffing,34517,34470,34517,47
walking,34552,34517,34552,35
sniffing,34553,34552,34553,1
rising,34554,34553,34554,1
climbing,34609,34554,34609,55
walking,34653,34609,34653,44
rising,34688,34653,34688,35
climbing,34776,34688,34776,88
rising,34791,34776,34791,15
right_turning,34807,34791,34807,16
rising,34873,34807,34873,66
climbing,34943,34873,34943,70
hunching,34944,34943,34944,1
walking,34947,34944,34947,3
rearing,34989,34947,34989,42
climbing,35023,34989,35023,34
rising,35040,35023,35040,17
climbing,35093,35040,35093,53
walking,35094,35093,35094,1
sniffing,35173,35094,35173,79
climbing,35220,35173,35220,47
rising,35221,35220,35221,1
rearing,35266,35221,35266,45
sniffing,35282,35266,35282,16
right_turning,35301,35282,35301,19
left_turning,35367,35301,35367,66
sniffing,35368,35367,35368,1
walking,35417,35368,35417,49
climbing,35481,35417,35481,64
sniffing,35595,35481,35595,114
right_turning,35597,35595,35597,2
trotting,35637,35597,35637,40
sniffing,35638,35637,35638,1
right_turning,35643,35638,35643,5
hunching,35803,35643,35803,160
rearing,35925,35803,35925,122
rising,35943,35925,35943,18
sniffing,35944,35943,35944,1
rising,35950,35944,35950,6
walking,36074,35950,36074,124
rising,36099,36074,36099,25
sniffing,36100,36099,36100,1
walking,36110,36100,36110,10
sniffing,36132,36110,36132,22
rising,36179,36132,36179,47
sniffing,36203,36179,36203,24
climbing,36220,36203,36220,17
walking,36254,36220,36254,34
pausing,36405,36254,36405,151
sniffing,36450,36405,36450,45
left_turning,36456,36450,36456,6
sniffing,36522,36456,36522,66
stepping,36572,36522,36572,50
sniffing,36625,36572,36625,53
stepping,36631,36625,36631,6
sniffing,36685,36631,36685,54
climbing,36717,36685,36717,32
left_turning,36769,36717,36769,52
sniffing,36839,36769,36839,70
rearing,36840,36839,36840,1
right_turning,36868,36840,36868,28
trotting,36931,36868,36931,63
walking,36932,36931,36932,1
trotting,36954,36932,36954,22
running,36978,36954,36978,24
walking,36989,36978,36989,11
rising,36996,36989,36996,7
climbing,37005,36996,37005,9
rising,37048,37005,37048,43
walking,37049,37048,37049,1
sniffing,37050,37049,37050,1
walking,37114,37050,37114,64
sniffing,37189,37114,37189,75
climbing,37225,37189,37225,36
walking,37247,37225,37247,22
sniffing,37248,37247,37248,1
walking,37266,37248,37266,18
running,37288,37266,37288,22
rising,37310,37288,37310,22
sniffing,37351,37310,37351,41
rearing,37363,37351,37363,12
sniffing,37369,37363,37369,6
walking,37427,37369,37427,58
sniffing,37428,37427,37428,1
rising,37454,37428,37454,26
climbing,37498,37454,37498,44
sniffing,37581,37498,37581,83
grooming,37582,37581,37582,1
rearing,37647,37582,37647,65
sniffing,37648,37647,37648,1
climbing,37742,37648,37742,94
sniffing,37755,37742,37755,13
climbing,37787,37755,37787,32
rising,37804,37787,37804,17
climbing,37836,37804,37836,32
walking,37849,37836,37849,13
sniffing,38000,37849,38000,151
climbing,38056,38000,38056,56
rising,38111,38056,38111,55
hunching,38191,38111,38191,80
climbing,38269,38191,38269,78
left_turning,38284,38269,38284,15
rising,38300,38284,38300,16
sniffing,38309,38300,38309,9
left_turning,38344,38309,38344,35
sniffing,38418,38344,38418,74
walking,38439,38418,38439,21
left_turning,38445,38439,38445,6
walking,38559,38445,38559,114
climbing,38592,38559,38592,33
walking,38604,38592,38604,12
sniffing,38672,38604,38672,68
walking,38722,38672,38722,50
sniffing,38761,38722,38761,39
left_turning,38783,38761,38783,22
trotting,38791,38783,38791,8
walking,38813,38791,38813,22
sniffing,38820,38813,38820,7
rising,38841,38820,38841,21
right_turning,38868,38841,38868,27
sniffing,38930,38868,38930,62
climbing,38995,38930,38995,65
right_turning,38996,38995,38996,1
walking,39007,38996,39007,11
rising,39109,39007,39109,102
climbing,39175,39109,39175,66
rearing,39198,39175,39198,23
left_turning,39207,39198,39207,9
sniffing,39249,39207,39249,42
climbing,39282,39249,39282,33
left_turning,39283,39282,39283,1
sniffing,39284,39283,39284,1
right_turning,39312,39284,39312,28
trotting,39313,39312,39313,1
walking,39314,39313,39314,1
rising,39318,39314,39318,4
sniffing,39388,39318,39388,70
rearing,39459,39388,39459,71
climbing,39537,39459,39537,78
trotting,39551,39537,39551,14
sniffing,39607,39551,39607,56
walking,39608,39607,39608,1
climbing,39667,39608,39667,59
walking,39702,39667,39702,35
rearing,39733,39702,39733,31
climbing,39763,39733,39763,30
running,39785,39763,39785,22
rising,39806,39785,39806,21
climbing,39807,39806,39807,1
walking,39860,39807,39860,53
sniffing,39918,39860,39918,58
left_turning,39919,39918,39919,1
walking,39971,39919,39971,52
left_turning,39998,39971,39998,27
walking,40075,39998,40075,77
stepping,40091,40075,40091,16
sniffing,40185,40091,40185,94
rearing,40203,40185,40203,18
grooming,40290,40203,40290,87
right_turning,40317,40290,40317,27
trotting,40351,40317,40351,34
sniffing,40366,40351,40366,15
running,40370,40366,40370,4
stepping,40401,40370,40401,31
walking,40402,40401,40402,1
rising,40421,40402,40421,19
jumping,40468,40421,40468,47
trotting,40516,40468,40516,48
jumping,40517,40516,40517,1
sniffing,40551,40517,40551,34
trotting,40590,40551,40590,39
sniffing,40681,40590,40681,91
rising,40698,40681,40698,17
climbing,40705,40698,40705,7
rising,40716,40705,40716,11
climbing,40765,40716,40765,49
left_turning,40766,40765,40766,1
rising,40954,40766,40954,188
walking,41010,40954,41010,56
sniffing,41011,41010,41011,1
rearing,41058,41011,41058,47
climbing,41115,41058,41115,57
grooming,41193,41115,41193,78
rearing,41194,41193,41194,1
grooming,42260,41194,42260,1066
sniffing,42337,42260,42337,77
climbing,42373,42337,42373,36
walking,42386,42373,42386,13
sniffing,42396,42386,42396,10
rearing,42548,42396,42548,152
grooming,42564,42548,42564,16
left_turning,42604,42564,42604,40
trotting,42613,42604,42613,9
sniffing,42667,42613,42667,54
walking,42692,42667,42692,25
sniffing,42751,42692,42751,59
walking,42853,42751,42853,102
stepping,42896,42853,42896,43
walking,42910,42896,42910,14
climbing,42928,42910,42928,18
rising,42948,42928,42948,20
climbing,42985,42948,42985,37
left_turning,43018,42985,43018,33
sniffing,43021,43018,43021,3
rising,43066,43021,43066,45
climbing,43090,43066,43090,24
grooming,43439,43090,43439,349
sniffing,43521,43439,43521,82
stepping,43522,43521,43522,1
left_turning,43555,43522,43555,33
walking,43598,43555,43598,43
sniffing,43599,43598,43599,1
left_turning,43608,43599,43608,9
sniffing,43634,43608,43634,26
right_turning,43665,43634,43665,31
trotting,43676,43665,43676,11
walking,43693,43676,43693,17
climbing,43766,43693,43766,73
rearing,43820,43766,43820,54
hunching,43862,43820,43862,42
grooming,43863,43862,43863,1
climbing,43897,43863,43897,34
rearing,43942,43897,43942,45
sniffing,43943,43942,43943,1
rising,44076,43943,44076,133
sniffing,44077,44076,44077,1
rising,44156,44077,44156,79
climbing,44253,44156,44253,97
rising,44256,44253,44256,3
walking,44302,44256,44302,46
running,44316,44302,44316,14
sniffing,44414,44316,44414,98
walking,44440,44414,44440,26
rearing,44506,44440,44506,66
walking,44590,44506,44590,84
sniffing,44670,44590,44670,80
walking,44687,44670,44687,17
stepping,44705,44687,44705,18
walking,44728,44705,44728,23
sniffing,44729,44728,44729,1
rising,44744,44729,44744,15
climbing,44745,44744,44745,1
trotting,44770,44745,44770,25
stepping,44776,44770,44776,6
walking,44789,44776,44789,13
sniffing,44808,44789,44808,19
climbing,44869,44808,44869,61
walking,44889,44869,44889,20
sniffing,44906,44889,44906,17
left_turning,44909,44906,44909,3
walking,44940,44909,44940,31
rising,45022,44940,45022,82
sniffing,45063,45022,45063,41
hunching,45064,45063,45064,1
stepping,45112,45064,45112,48
trotting,45113,45112,45113,1
sniffing,45131,45113,45131,18
pausing,45221,45131,45221,90
sniffing,45273,45221,45273,52
stepping,45291,45273,45291,18
sniffing,45320,45291,45320,29
right_turning,45365,45320,45365,45
sniffing,45466,45365,45466,101
rearing,45500,45466,45500,34
climbing,45533,45500,45533,33
walking,45543,45533,45543,10
sniffing,45544,45543,45544,1
left_turning,45587,45544,45587,43
walking,45626,45587,45626,39
jumping,45663,45626,45663,37
rising,45693,45663,45693,30
climbing,45721,45693,45721,28
rearing,45756,45721,45756,35
sniffing,45826,45756,45826,70
rising,45827,45826,45827,1
climbing,45882,45827,45882,55
grooming,45920,45882,45920,38
hunching,46069,45920,46069,149
grooming,46089,46069,46089,20
rearing,46240,46089,46240,151
walking,46273,46240,46273,33
left_turning,46274,46273,46274,1
walking,46346,46274,46346,72
sniffing,46452,46346,46452,106
left_turning,46540,46452,46540,88
walking,46564,46540,46564,24
sniffing,46658,46564,46658,94
stepping,46679,46658,46679,21
left_turning,46690,46679,46690,11
sniffing,46691,46690,46691,1
rising,46692,46691,46692,1
sniffing,46693,46692,46693,1
stepping,46694,46693,46694,1
rising,46695,46694,46695,1
walking,46719,46695,46719,24
stepping,46720,46719,46720,1
sniffing,46809,46720,46809,89
hunching,46854,46809,46854,45
walking,46882,46854,46882,28
rising,46893,46882,46893,11
climbing,46955,46893,46955,62
sniffing,47015,46955,47015,60
rising,47236,47015,47236,221
climbing,47305,47236,47305,69
right_turning,47324,47305,47324,19
trotting,47379,47324,47379,55
rising,47380,47379,47380,1
sniffing,47385,47380,47385,5
grooming,47591,47385,47591,206
left_turning,47607,47591,47607,16
sniffing,47684,47607,47684,77
right_turning,47716,47684,47716,32
walking,47717,47716,47717,1
left_turning,47797,47717,47797,80
sniffing,47844,47797,47844,47
rising,47896,47844,47896,52
left_turning,47943,47896,47943,47
sniffing,47944,47943,47944,1
right_turning,47994,47944,47994,50
trotting,48030,47994,48030,36
sniffing,48116,48030,48116,86
stepping,48175,48116,48175,59
sniffing,48261,48175,48261,86
trotting,48275,48261,48275,14
stepping,48291,48275,48291,16
grooming,48621,48291,48621,330
climbing,48699,48621,48699,78
sniffing,48700,48699,48700,1
climbing,48704,48700,48704,4
sniffing,48735,48704,48735,31
rising,48800,48735,48800,65
climbing,48803,48800,48803,3
rearing,48984,48803,48984,181
grooming,49474,48984,49474,490
rearing,49475,49474,49475,1
rising,49528,49475,49528,53
climbing,49565,49528,49565,37
sniffing,49568,49565,49568,3
rising,49672,49568,49672,104
sniffing,49674,49672,49674,2
stepping,49702,49674,49702,28
right_turning,49717,49702,49717,15
walking,49753,49717,49753,36
sniffing,49769,49753,49769,16
rearing,49945,49769,49945,176
rising,50188,49945,50188,243
climbing,50194,50188,50194,6
hunching,50226,50194,50226,32
sniffing,50295,50226,50295,69
grooming,50343,50295,50343,48
left_turning,50403,50343,50403,60
walking,50404,50403,50404,1
sniffing,50648,50404,50648,244
rising,50657,50648,50657,9
sniffing,50812,50657,50812,155
walking,50817,50812,50817,5
rising,50872,50817,50872,55
climbing,50954,50872,50954,82
right_turning,50980,50954,50980,26
trotting,51039,50980,51039,59
walking,51072,51039,51072,33
sniffing,51081,51072,51081,9
rising,51155,51081,51155,74
sniffing,51156,51155,51156,1
right_turning,51175,51156,51175,19
trotting,51209,51175,51209,34
sniffing,51260,51209,51260,51
climbing,51412,51260,51412,152
sniffing,51507,51412,51507,95
walking,51538,51507,51538,31
sniffing,51561,51538,51561,23
left_turning,51605,51561,51605,44
walking,51615,51605,51615,10
sniffing,51623,51615,51623,8
left_turning,51675,51623,51675,52
walking,51734,51675,51734,59
right_turning,51784,51734,51784,50
rising,52009,51784,52009,225
hunching,52089,52009,52089,80
rising,52090,52089,52090,1
right_turning,52132,52090,52132,42
sniffing,52177,52132,52177,45
rising,52272,52177,52272,95
climbing,52304,52272,52304,32
trotting,52316,52304,52316,12
walking,52342,52316,52342,26
climbing,52436,52342,52436,94
running,52485,52436,52485,49
walking,52486,52485,52486,1
sniffing,52487,52486,52487,1
rising,52488,52487,52488,1
climbing,52521,52488,52521,33
trotting,52549,52521,52549,28
sniffing,52583,52549,52583,34
left_turning,52611,52583,52611,28
running,52645,52611,52645,34
left_turning,52656,52645,52656,11
trotting,52694,52656,52694,38
walking,52731,52694,52731,37
left_turning,52732,52731,52732,1
walking,52758,52732,52758,26
rising,52759,52758,52759,1
climbing,52820,52759,52820,61
sniffing,52842,52820,52842,22
trotting,52845,52842,52845,3
rising,52927,52845,52927,82
climbing,52968,52927,52968,41
grooming,52971,52968,52971,3
sniffing,53053,52971,53053,82
rising,53086,53053,53086,33
climbing,53169,53086,53169,83
sniffing,53240,53169,53240,71
climbing,53290,53240,53290,50
grooming,53535,53290,53535,245
rising,53595,53535,53595,60
sniffing,53630,53595,53630,35
climbing,53631,53630,53631,1
sniffing,53663,53631,53663,32
rising,53683,53663,53683,20
walking,53699,53683,53699,16
rising,53720,53699,53720,21
left_turning,53772,53720,53772,52
trotting,53796,53772,53796,24
rising,53825,53796,53825,29
right_turning,53829,53825,53829,4
trotting,53856,53829,53856,27
left_turning,53878,53856,53878,22
walking,53926,53878,53926,48
rising,53970,53926,53970,44
sniffing,54061,53970,54061,91
rising,54136,54061,54136,75
walking,54143,54136,54143,7
sniffing,54152,54143,54152,9
rising,54154,54152,54154,2
climbing,54189,54154,54189,35
sniffing,54190,54189,54190,1
walking,54203,54190,54203,13
sniffing,54223,54203,54223,20
trotting,54263,54223,54263,40
climbing,54309,54263,54309,46
walking,54317,54309,54317,8
rising,54318,54317,54318,1
climbing,54380,54318,54380,62
trotting,54387,54380,54387,7
walking,54393,54387,54393,6
climbing,54415,54393,54415,22
rising,54502,54415,54502,87
left_turning,54514,54502,54514,12
trotting,54534,54514,54534,20
stepping,54617,54534,54617,83
sniffing,54665,54617,54665,48
rearing,54738,54665,54738,73
grooming,55164,54738,55164,426
rearing,55358,55164,55358,194
rising,55520,55358,55520,162
sniffing,55521,55520,55521,1
rising,55522,55521,55522,1
stepping,55523,55522,55523,1
trotting,55567,55523,55567,44
climbing,55608,55567,55608,41
walking,55640,55608,55640,32
sniffing,55738,55640,55738,98
left_turning,55801,55738,55801,63
rising,55806,55801,55806,5
climbing,55818,55806,55818,12
rearing,55873,55818,55873,55
sniffing,55973,55873,55973,100
trotting,55974,55973,55974,1
sniffing,55996,55974,55996,22
rising,55998,55996,55998,2
walking,55999,55998,55999,1
sniffing,56000,55999,56000,1
climbing,56002,56000,56002,2
trotting,56007,56002,56007,5
sniffing,56088,56007,56088,81
rising,56148,56088,56148,60
sniffing,56195,56148,56195,47
walking,56196,56195,56196,1
right_turning,56206,56196,56206,10
sniffing,56281,56206,56281,75
rising,56282,56281,56282,1
left_turning,56287,56282,56287,5
sniffing,56363,56287,56363,76
rearing,56423,56363,56423,60
rising,56473,56423,56473,50
climbing,56496,56473,56496,23
sniffing,56542,56496,56542,46
rising,56543,56542,56543,1
left_turning,56544,56543,56544,1
running,56568,56544,56568,24
trotting,56592,56568,56592,24
walking,56636,56592,56636,44
sniffing,56640,56636,56640,4
rising,56654,56640,56654,14
rearing,56743,56654,56743,89
climbing,56759,56743,56759,16
rearing,56909,56759,56909,150
sniffing,56981,56909,56981,72
climbing,56986,56981,56986,5
trotting,56987,56986,56987,1
walking,57043,56987,57043,56
rising,57097,57043,57097,54
rearing,57181,57097,57181,84
sniffing,57254,57181,57254,73
left_turning,57255,57254,57255,1
rising,57291,57255,57291,36
climbing,57342,57291,57342,51
grooming,57343,57342,57343,1
left_turning,57371,57343,57371,28
sniffing,57400,57371,57400,29
rising,57440,57400,57440,40
hunching,57441,57440,57441,1
sniffing,57442,57441,57442,1
hunching,57464,57442,57464,22
right_turning,57491,57464,57491,27
sniffing,57492,57491,57492,1
walking,57513,57492,57513,21
sniffing,57608,57513,57608,95
rising,57652,57608,57652,44
sniffing,57741,57652,57741,89
left_turning,57742,57741,57742,1
sniffing,57811,57742,57811,69
rising,57887,57811,57887,76
climbing,57946,57887,57946,59
rearing,57979,57946,57979,33
grooming,58215,57979,58215,236
sniffing,58317,58215,58317,102
left_turning,58382,58317,58382,65
sniffing,58407,58382,58407,25
rising,58435,58407,58435,28
climbing,58448,58435,58448,13
rising,58464,58448,58464,16
climbing,58498,58464,58498,34
rising,58512,58498,58512,14
sniffing,58595,58512,58595,83
walking,58610,58595,58610,15
sniffing,58661,58610,58661,51
left_turning,58706,58661,58706,45
running,58715,58706,58715,9
trotting,58730,58715,58730,15
walking,58753,58730,58753,23
rising,58806,58753,58806,53
climbing,58868,58806,58868,62
rising,58869,58868,58869,1
stepping,58870,58869,58870,1
sniffing,58914,58870,58914,44
left_turning,58915,58914,58915,1
sniffing,58916,58915,58916,1
stepping,59013,58916,59013,97
sniffing,59014,59013,59014,1
rising,59015,59014,59015,1
left_turning,59056,59015,59056,41
sniffing,59321,59056,59321,265
climbing,59345,59321,59345,24
rearing,59346,59345,59346,1
rising,59347,59346,59347,1
climbing,59422,59347,59422,75
sniffing,59480,59422,59480,58
climbing,59506,59480,59506,26
sniffing,59507,59506,59507,1
rising,59537,59507,59537,30
rearing,59641,59537,59641,104
walking,59670,59641,59670,29
rising,59725,59670,59725,55
sniffing,59731,59725,59731,6
right_turning,59773,59731,59773,42
hunching,59858,59773,59858,85
trotting,59887,59858,59887,29
sniffing,59888,59887,59888,1
walking,59940,59888,59940,52
sniffing,60067,59940,60067,127
stepping,60092,60067,60092,25
climbing,60124,60092,60124,32
sniffing,60125,60124,60125,1
walking,60133,60125,60133,8
sniffing,60134,60133,60134,1
left_turning,60159,60134,60159,25
walking,60160,60159,60160,1
running,60179,60160,60179,19
rising,60182,60179,60182,3
climbing,60218,60182,60218,36
rising,60269,60218,60269,51
climbing,60270,60269,60270,1
left_turning,60298,60270,60298,28
walking,60334,60298,60334,36
rearing,60452,60334,60452,118
rising,60509,60452,60509,57
climbing,60510,60509,60510,1
rearing,60617,60510,60617,107
rising,60710,60617,60710,93
climbing,60725,60710,60725,15
sniffing,60726,60725,60726,1
rearing,60764,60726,60764,38
jumping,60798,60764,60798,34
walking,60799,60798,60799,1
rising,60852,60799,60852,53
climbing,60853,60852,60853,1
right_turning,60865,60853,60865,12
sniffing,60904,60865,60904,39
trotting,60975,60904,60975,71
sniffing,60976,60975,60976,1
rearing,61042,60976,61042,66
grooming,61288,61042,61288,246
rearing,61397,61288,61397,109
grooming,61575,61397,61575,178
left_turning,61638,61575,61638,63
walking,61698,61638,61698,60
sniffing,61766,61698,61766,68
jumping,61859,61766,61859,93
rising,61913,61859,61913,54
left_turning,61957,61913,61957,44
trotting,61958,61957,61958,1
sniffing,61972,61958,61972,14
right_turning,61973,61972,61973,1
running,61989,61973,61989,16
left_turning,62048,61989,62048,59
walking,62095,62048,62095,47
trotting,62103,62095,62103,8
stepping,62122,62103,62122,19
sniffing,62170,62122,62170,48
rising,62177,62170,62177,7
sniffing,62226,62177,62226,49
walking,62246,62226,62246,20
rearing,62333,62246,62333,87
grooming,62540,62333,62540,207
left_turning,62614,62540,62614,74
sniffing,62625,62614,62625,11
left_turning,62626,62625,62626,1
walking,62736,62626,62736,110
left_turning,62802,62736,62802,66
walking,62835,62802,62835,33
sniffing,62836,62835,62836,1
trotting,62849,62836,62849,13
sniffing,62857,62849,62857,8
right_turning,62858,62857,62858,1
rising,62943,62858,62943,85
rearing,62992,62943,62992,49
climbing,63044,62992,63044,52
walking,63046,63044,63046,2
sniffing,63067,63046,63067,21
climbing,63121,63067,63121,54
sniffing,63122,63121,63122,1
stepping,63147,63122,63147,25
sniffing,63155,63147,63155,8
rising,63156,63155,63156,1
climbing,63224,63156,63224,68
walking,63228,63224,63228,4
sniffing,63329,63228,63329,101
right_turning,63346,63329,63346,17
sniffing,63363,63346,63363,17
left_turning,63388,63363,63388,25
stepping,63409,63388,63409,21
sniffing,63410,63409,63410,1
walking,63411,63410,63411,1
sniffing,63414,63411,63414,3
rising,63491,63414,63491,77
climbing,63520,63491,63520,29
left_turning,63557,63520,63557,37
sniffing,63673,63557,63673,116
walking,63691,63673,63691,18
rearing,63694,63691,63694,3
sniffing,63752,63694,63752,58
grooming,63753,63752,63753,1
climbing,63802,63753,63802,49
grooming,64385,63802,64385,583
sniffing,64442,64385,64442,57
rising,64451,64442,64451,9
climbing,64489,64451,64489,38
right_turning,64519,64489,64519,30
trotting,64557,64519,64557,38
rising,64558,64557,64558,1
sniffing,64559,64558,64559,1
walking,64597,64559,64597,38
trotting,64607,64597,64607,10
rising,64632,64607,64632,25
right_turning,64660,64632,64660,28
walking,64688,64660,64688,28
sniffing,64731,64688,64731,43
left_turning,64775,64731,64775,44
walking,64817,64775,64817,42
climbing,64933,64817,64933,116
sniffing,64934,64933,64934,1
walking,65035,64934,65035,101
sniffing,65036,65035,65036,1
hunching,65156,65036,65156,120
grooming,65157,65156,65157,1
rearing,65158,65157,65158,1
running,65176,65158,65176,18
stepping,65211,65176,65211,35
sniffing,65356,65211,65356,145
rising,65410,65356,65410,54
climbing,65510,65410,65510,100
left_turning,65511,65510,65511,1
running,65542,65511,65542,31
climbing,65640,65542,65640,98
left_turning,65687,65640,65687,47
sniffing,65703,65687,65703,16
stepping,65715,65703,65715,12
hunching,65783,65715,65783,68
climbing,65795,65783,65795,12
rearing,65796,65795,65796,1
climbing,65866,65796,65866,70
right_turning,65885,65866,65885,19
running,65916,65885,65916,31
left_turning,65917,65916,65917,1
running,65939,65917,65939,22
climbing,65997,65939,65997,58
rising,66021,65997,66021,24
left_turning,66022,66021,66022,1
sniffing,66057,66022,66057,35
climbing,66062,66057,66062,5
sniffing,66092,66062,66092,30
climbing,66160,66092,66160,68
rising,66242,66160,66242,82
climbing,66262,66242,66262,20
sniffing,66263,66262,66263,1
stepping,66283,66263,66283,20
walking,66305,66283,66305,22
climbing,66367,66305,66367,62
right_turning,66371,66367,66371,4
rising,66393,66371,66393,22
walking,66426,66393,66426,33
sniffing,66430,66426,66430,4
hunching,66652,66430,66652,222
climbing,66730,66652,66730,78
sniffing,66731,66730,66731,1
climbing,66808,66731,66808,77
rising,66889,66808,66889,81
walking,66978,66889,66978,89
sniffing,67022,66978,67022,44
grooming,67092,67022,67092,70
rearing,67149,67092,67149,57
walking,67150,67149,67150,1
stepping,67169,67150,67169,19
sniffing,67170,67169,67170,1
climbing,67171,67170,67171,1
walking,67200,67171,67200,29
rising,67201,67200,67201,1
climbing,67202,67201,67202,1
rising,67203,67202,67203,1
climbing,67266,67203,67266,63
sniffing,67328,67266,67328,62
left_turning,67347,67328,67347,19
sniffing,67348,67347,67348,1
right_turning,67354,67348,67354,6
climbing,67366,67354,67366,12
walking,67416,67366,67416,50
sniffing,67426,67416,67426,10
right_turning,67458,67426,67458,32
trotting,67459,67458,67459,1
stepping,67477,67459,67477,18
rising,67478,67477,67478,1
grooming,67661,67478,67661,183
sniffing,67668,67661,67668,7
right_turning,67669,67668,67669,1
walking,67671,67669,67671,2
rising,67725,67671,67725,54
climbing,67806,67725,67806,81
rearing,67807,67806,67807,1
grooming,67808,67807,67808,1
sniffing,67879,67808,67879,71
walking,67880,67879,67880,1
sniffing,67881,67880,67881,1
walking,67902,67881,67902,21
sniffing,68020,67902,68020,118
grooming,68412,68020,68412,392
rearing,68547,68412,68547,135
sniffing,68553,68547,68553,6
grooming,68554,68553,68554,1
sniffing,68674,68554,68674,120
hunching,68675,68674,68675,1
grooming,68676,68675,68676,1
rearing,68677,68676,68677,1
rising,68679,68677,68679,2
climbing,68722,68679,68722,43
rearing,68723,68722,68723,1
walking,68781,68723,68781,58
rearing,68815,68781,68815,34
climbing,68884,68815,68884,69
walking,68887,68884,68887,3
sniffing,68888,68887,68888,1
rising,68889,68888,68889,1
climbing,68914,68889,68914,25
rearing,68952,68914,68952,38
climbing,69002,68952,69002,50
rearing,69003,69002,69003,1
rising,69133,69003,69133,130
trotting,69161,69133,69161,28
walking,69231,69161,69231,70
climbing,69246,69231,69246,15
walking,69299,69246,69299,53
stepping,69340,69299,69340,41
sniffing,69403,69340,69403,63
walking,69452,69403,69452,49
sniffing,69457,69452,69457,5
rising,69494,69457,69494,37
rearing,69523,69494,69523,29
left_turning,69544,69523,69544,21
sniffing,69673,69544,69673,129
walking,69691,69673,69691,18
rearing,69725,69691,69725,34
hunching,69828,69725,69828,103
right_turning,69829,69828,69829,1
walking,69830,69829,69830,1
sniffing,69871,69830,69871,41
right_turning,69876,69871,69876,5
walking,69895,69876,69895,19
stepping,69934,69895,69934,39
sniffing,70001,69934,70001,67
grooming,70002,70001,70002,1
sniffing,70025,70002,70025,23
walking,70026,70025,70026,1
left_turning,70049,70026,70049,23
trotting,70073,70049,70073,24
rising,70095,70073,70095,22
climbing,70200,70095,70200,105
walking,70243,70200,70243,43
rearing,70244,70243,70244,1
grooming,70607,70244,70607,363
rising,70618,70607,70618,11
hunching,70649,70618,70649,31
climbing,70694,70649,70694,45
trotting,70716,70694,70716,22
rising,70754,70716,70754,38
climbing,70797,70754,70797,43
hunching,70894,70797,70894,97
rising,70895,70894,70895,1
hunching,71048,70895,71048,153
sniffing,71100,71048,71100,52
climbing,71171,71100,71171,71
right_turning,71178,71171,71178,7
walking,71205,71178,71205,27
stepping,71262,71205,71262,57
rising,71344,71262,71344,82
right_turning,71388,71344,71388,44
sniffing,71389,71388,71389,1
left_turning,71416,71389,71416,27
walking,71417,71416,71417,1
rising,71502,71417,71502,85
climbing,71529,71502,71529,27
right_turning,71530,71529,71530,1
running,71555,71530,71555,25
left_turning,71556,71555,71556,1
rising,71612,71556,71612,56
sniffing,71751,71612,71751,139
rising,71761,71751,71761,10
grooming,72297,71761,72297,536
rearing,72441,72297,72441,144
climbing,72449,72441,72449,8
sniffing,72474,72449,72474,25
climbing,72531,72474,72531,57
rearing,72549,72531,72549,18
left_turning,72581,72549,72581,32
walking,72585,72581,72585,4
sniffing,72599,72585,72599,14
climbing,72645,72599,72645,46
right_turning,72682,72645,72682,37
walking,72683,72682,72683,1
sniffing,72731,72683,72731,48
trotting,72763,72731,72763,32
walking,72812,72763,72812,49
climbing,72906,72812,72906,94
walking,72916,72906,72916,10
stepping,72958,72916,72958,42
walking,72995,72958,72995,37
sniffing,73026,72995,73026,31
rising,73051,73026,73051,25
sniffing,73099,73051,73099,48
left_turning,73123,73099,73123,24
trotting,73153,73123,73153,30
stepping,73185,73153,73185,32
left_turning,73233,73185,73233,48
running,73263,73233,73263,30
trotting,73287,73263,73287,24
walking,73288,73287,73288,1
sniffing,73395,73288,73395,107
climbing,73413,73395,73413,18
rearing,73414,73413,73414,1
hunching,73492,73414,73492,78
trotting,73502,73492,73502,10
walking,73520,73502,73520,18
rearing,73599,73520,73599,79
grooming,73812,73599,73812,213
left_turning,73816,73812,73816,4
sniffing,73817,73816,73817,1
rising,73843,73817,73843,26
climbing,73915,73843,73915,72
right_turning,73943,73915,73943,28
rising,74011,73943,74011,68
sniffing,74144,74011,74144,133
rearing,74145,74144,74145,1
right_turning,74175,74145,74175,30
sniffing,74214,74175,74214,39
walking,74234,74214,74234,20
hunching,74235,74234,74235,1
climbing,74275,74235,74275,40
grooming,74639,74275,74639,364
rearing,74845,74639,74845,206
sniffing,74969,74845,74969,124
rising,74970,74969,74970,1
sniffing,75023,74970,75023,53
hunching,75188,75023,75188,165
climbing,75240,75188,75240,52
trotting,75289,75240,75289,49
walking,75293,75289,75293,4
sniffing,75331,75293,75331,38
rising,75353,75331,75353,22
climbing,75427,75353,75427,74
rearing,75502,75427,75502,75
climbing,75512,75502,75512,10
left_turning,75513,75512,75513,1
walking,75551,75513,75551,38
climbing,75638,75551,75638,87
rising,75654,75638,75654,16
climbing,75690,75654,75690,36
right_turning,75695,75690,75695,5
walking,75739,75695,75739,44
sniffing,75870,75739,75870,131
climbing,75941,75870,75941,71
sniffing,76035,75941,76035,94
left_turning,76049,76035,76049,14
walking,76079,76049,76079,30
sniffing,76158,76079,76158,79
rising,76175,76158,76175,17
sniffing,76193,76175,76193,18
left_turning,76259,76193,76259,66
sniffing,76306,76259,76306,47
climbing,76329,76306,76329,23
rising,76427,76329,76427,98
left_turning,76428,76427,76428,1
sniffing,76537,76428,76537,109
rising,76538,76537,76538,1
climbing,76539,76538,76539,1
rearing,76567,76539,76567,28
grooming,76718,76567,76718,151
hunching,76854,76718,76854,136
walking,76880,76854,76880,26
sniffing,76886,76880,76886,6
left_turning,76887,76886,76887,1
rising,76925,76887,76925,38
walking,76976,76925,76976,51
sniffing,77018,76976,77018,42
climbing,77019,77018,77019,1
rising,77073,77019,77073,54
climbing,77078,77073,77078,5
grooming,77151,77078,77151,73
trotting,77175,77151,77175,24
sniffing,77234,77175,77234,59
rising,77273,77234,77273,39
sniffing,77274,77273,77274,1
rising,77310,77274,77310,36
climbing,77345,77310,77345,35
sniffing,77398,77345,77398,53
rising,77429,77398,77429,31
left_turning,77430,77429,77430,1
walking,77438,77430,77438,8
right_turning,77483,77438,77483,45
sniffing,77506,77483,77506,23
walking,77527,77506,77527,21
sniffing,77574,77527,77574,47
right_turning,77589,77574,77589,15
grooming,77685,77589,77685,96
sniffing,77729,77685,77729,44
left_turning,77755,77729,77755,26
walking,77805,77755,77805,50
sniffing,77833,77805,77833,28
climbing,77889,77833,77889,56
left_turning,77941,77889,77941,52
walking,77985,77941,77985,44
climbing,78056,77985,78056,71
trotting,78074,78056,78074,18
rising,78119,78074,78119,45
sniffing,78221,78119,78221,102
walking,78239,78221,78239,18
sniffing,78331,78239,78331,92
left_turning,78383,78331,78383,52
sniffing,78477,78383,78477,94
stepping,78495,78477,78495,18
climbing,78569,78495,78569,74
left_turning,78570,78569,78570,1
sniffing,78667,78570,78667,97
rising,78684,78667,78684,17
sniffing,78687,78684,78687,3
right_turning,78707,78687,78707,20
walking,78740,78707,78740,33
rising,78775,78740,78775,35
climbing,78855,78775,78855,80
walking,78881,78855,78881,26
rearing,78882,78881,78882,1
hunching,78883,78882,78883,1
climbing,78944,78883,78944,61
rising,78954,78944,78954,10
climbing,79015,78954,79015,61
right_turning,79030,79015,79030,15
trotting,79056,79030,79056,26
climbing,79097,79056,79097,41
trotting,79118,79097,79118,21
sniffing,79210,79118,79210,92
climbing,79257,79210,79257,47
sniffing,79284,79257,79284,27
walking,79339,79284,79339,55
sniffing,79434,79339,79434,95
walking,79435,79434,79435,1
climbing,79469,79435,79469,34
rearing,79507,79469,79507,38
left_turning,79533,79507,79533,26
trotting,79535,79533,79535,2
climbing,79563,79535,79563,28
rising,79588,79563,79588,25
sniffing,79707,79588,79707,119
walking,79732,79707,79732,25
sniffing,79739,79732,79739,7
left_turning,79789,79739,79789,50
sniffing,79797,79789,79797,8
right_turning,79840,79797,79840,43
climbing,79841,79840,79841,1
rearing,79872,79841,79872,31
left_turning,79873,79872,79873,1
walking,79914,79873,79914,41
sniffing,79954,79914,79954,40
walking,79987,79954,79987,33
sniffing,80037,79987,80037,50
grooming,80228,80037,80228,191
rearing,80383,80228,80383,155
sniffing,80477,80383,80477,94
climbing,80513,80477,80513,36
grooming,80514,80513,80514,1
left_turning,80515,80514,80515,1
right_turning,80516,80515,80516,1
rearing,80518,80516,80518,2
sniffing,80734,80518,80734,216
rising,80747,80734,80747,13
sniffing,80810,80747,80810,63
rising,80827,80810,80827,17
climbing,80888,80827,80888,61
grooming,80889,80888,80889,1
rearing,80930,80889,80930,41
left_turning,80983,80930,80983,53
hunching,80984,80983,80984,1
sniffing,80985,80984,80985,1
rearing,81056,80985,81056,71
right_turning,81057,81056,81057,1
sniffing,81058,81057,81058,1
left_turning,81091,81058,81091,33
running,81122,81091,81122,31
trotting,81149,81122,81149,27
walking,81175,81149,81175,26
stepping,81194,81175,81194,19
rearing,81307,81194,81307,113
sniffing,81313,81307,81313,6
walking,81326,81313,81326,13
sniffing,81349,81326,81349,23
walking,81462,81349,81462,113
stepping,81502,81462,81502,40
walking,81536,81502,81536,34
left_turning,81648,81536,81648,112
trotting,81689,81648,81689,41
running,81702,81689,81702,13
trotting,81751,81702,81751,49
sniffing,81772,81751,81772,21
walking,81819,81772,81819,47
sniffing,81843,81819,81843,24
climbing,81872,81843,81872,29
sniffing,81905,81872,81905,33
trotting,81925,81905,81925,20
sniffing,82015,81925,82015,90
climbing,82081,82015,82081,66
rearing,82183,82081,82183,102
sniffing,82230,82183,82230,47
walking,82292,82230,82292,62
right_turning,82293,82292,82293,1
trotting,82319,82293,82319,26
climbing,82411,82319,82411,92
sniffing,82412,82411,82412,1
walking,82493,82412,82493,81
left_turning,82538,82493,82538,45
walking,82561,82538,82561,23
rising,82601,82561,82601,40
sniffing,82607,82601,82607,6
rising,82647,82607,82647,40
climbing,82683,82647,82683,36
left_turning,82684,82683,82684,1
walking,82717,82684,82717,33
stepping,82748,82717,82748,31
climbing,82774,82748,82774,26
hunching,82775,82774,82775,1
rearing,82813,82775,82813,38
left_turning,82882,82813,82882,69
sniffing,82888,82882,82888,6
climbing,82909,82888,82909,21
sniffing,82910,82909,82910,1
walking,83000,82910,83000,90
left_turning,83006,83000,83006,6
stepping,83062,83006,83062,56
walking,83063,83062,83063,1
climbing,83095,83063,83095,32
sniffing,83127,83095,83127,32
walking,83166,83127,83166,39
rearing,83261,83166,83261,95
sniffing,83357,83261,83357,96
grooming,83358,83357,83358,1
hunching,83359,83358,83359,1
grooming,83476,83359,83476,117
rearing,83477,83476,83477,1
right_turning,83513,83477,83513,36
walking,83535,83513,83535,22
sniffing,83629,83535,83629,94
climbing,83633,83629,83633,4
sniffing,83669,83633,83669,36
right_turning,83693,83669,83693,24
left_turning,83781,83693,83781,88
walking,83791,83781,83791,10
left_turning,83851,83791,83851,60
sniffing,83866,83851,83866,15
left_turning,83935,83866,83935,69
sniffing,84019,83935,84019,84
left_turning,84020,84019,84020,1
walking,84021,84020,84021,1
rising,84060,84021,84060,39
climbing,84237,84060,84237,177
hunching,84274,84237,84274,37
rising,84368,84274,84368,94
left_turning,84369,84368,84369,1
sniffing,84394,84369,84394,25
rearing,84523,84394,84523,129
sniffing,84632,84523,84632,109
rising,84657,84632,84657,25
climbing,84726,84657,84726,69
rising,84745,84726,84745,19
climbing,84754,84745,84754,9
rising,84755,84754,84755,1
climbing,84779,84755,84779,24
sniffing,84780,84779,84780,1
rising,84781,84780,84781,1
sniffing,84856,84781,84856,75
rising,84901,84856,84901,45
climbing,84942,84901,84942,41
rising,85001,84942,85001,59
climbing,85002,85001,85002,1
rearing,85081,85002,85081,79
walking,85102,85081,85102,21
left_turning,85116,85102,85116,14
sniffing,85172,85116,85172,56
left_turning,85216,85172,85216,44
sniffing,85255,85216,85255,39
rearing,85256,85255,85256,1
hunching,85443,85256,85443,187
trotting,85452,85443,85452,9
sniffing,85531,85452,85531,79
walking,85539,85531,85539,8
sniffing,85584,85539,85584,45
rising,85624,85584,85624,40
sniffing,85663,85624,85663,39
rising,85691,85663,85691,28
grooming,85828,85691,85828,137
rearing,85861,85828,85861,33
right_turning,85869,85861,85869,8
sniffing,85926,85869,85926,57
walking,85971,85926,85971,45
left_turning,86026,85971,86026,55
sniffing,86160,86026,86160,134
walking,86171,86160,86171,11
rising,86201,86171,86201,30
rearing,86279,86201,86279,78
climbing,86302,86279,86302,23
hunching,86363,86302,86363,61
sniffing,86515,86363,86515,152
rising,86602,86515,86602,87
left_turning,86655,86602,86655,53
sniffing,86680,86655,86680,25
trotting,86706,86680,86706,26
sniffing,86738,86706,86738,32
left_turning,86739,86738,86739,1
climbing,86795,86739,86795,56
walking,86820,86795,86820,25
sniffing,86956,86820,86956,136
trotting,86989,86956,86989,33
sniffing,86990,86989,86990,1
rearing,87032,86990,87032,42
sniffing,87050,87032,87050,18
walking,87059,87050,87059,9
sniffing,87099,87059,87099,40
walking,87100,87099,87100,1
sniffing,87101,87100,87101,1
walking,87102,87101,87102,1
sniffing,87158,87102,87158,56
rising,87195,87158,87195,37
walking,87240,87195,87240,45
sniffing,87241,87240,87241,1
walking,87295,87241,87295,54
sniffing,87296,87295,87296,1
grooming,87310,87296,87310,14
sniffing,87311,87310,87311,1
grooming,87591,87311,87591,280
right_turning,87592,87591,87592,1
sniffing,87599,87592,87599,7
left_turning,87630,87599,87630,31
sniffing,87661,87630,87661,31
rising,87662,87661,87662,1
right_turning,87678,87662,87678,16
walking,87679,87678,87679,1
sniffing,87765,87679,87765,86
rising,87766,87765,87766,1
sniffing,87826,87766,87826,60
climbing,87961,87826,87961,135
walking,88017,87961,88017,56
sniffing,88074,88017,88074,57
grooming,88322,88074,88322,248
rearing,88490,88322,88490,168
stepping,88511,88490,88511,21
sniffing,88629,88511,88629,118
walking,88652,88629,88652,23
sniffing,88726,88652,88726,74
left_turning,88961,88726,88961,235
walking,88994,88961,88994,33
sniffing,89046,88994,89046,52
climbing,89120,89046,89120,74
rearing,89193,89120,89193,73
rising,89211,89193,89211,18
left_turning,89298,89211,89298,87
rising,89323,89298,89323,25
sniffing,89400,89323,89400,77
walking,89456,89400,89456,56
sniffing,89566,89456,89566,110
right_turning,89570,89566,89570,4
walking,89606,89570,89606,36
left_turning,89633,89606,89633,27
sniffing,89928,89633,89928,295
left_turning,89967,89928,89967,39
stepping,89979,89967,89979,12
left_turning,89995,89979,89995,16
rising,90010,89995,90010,15
trotting,90031,90010,90031,21
sniffing,90076,90031,90076,45
rising,90085,90076,90085,9
sniffing,90123,90085,90123,38
rising,90169,90123,90169,46
climbing,90185,90169,90185,16
grooming,90316,90185,90316,131
hunching,90317,90316,90317,1
sniffing,90357,90317,90357,40
right_turning,90359,90357,90359,2
walking,90360,90359,90360,1
sniffing,90459,90360,90459,99
rearing,90624,90459,90624,165
climbing,90645,90624,90645,21
sniffing,90681,90645,90681,36
walking,90702,90681,90702,21
rising,90712,90702,90712,10
sniffing,91042,90712,91042,330
right_turning,91063,91042,91063,21
sniffing,91075,91063,91075,12
rising,91076,91075,91076,1
climbing,91077,91076,91077,1
sniffing,91120,91077,91120,43
right_turning,91134,91120,91134,14
sniffing,91192,91134,91192,58
rising,91201,91192,91201,9
sniffing,91209,91201,91209,8
rising,91251,91209,91251,42
rearing,91294,91251,91294,43
climbing,91329,91294,91329,35
sniffing,91333,91329,91333,4
rising,91334,91333,91334,1
climbing,91355,91334,91355,21
sniffing,91378,91355,91378,23
trotting,91423,91378,91423,45
left_turning,91467,91423,91467,44
trotting,91491,91467,91491,24
rising,91514,91491,91514,23
climbing,91520,91514,91520,6
hunching,91524,91520,91524,4
rising,91575,91524,91575,51
climbing,91599,91575,91599,24
sniffing,91741,91599,91741,142
grooming,91832,91741,91832,91
rearing,91914,91832,91914,82
rising,91940,91914,91940,26
sniffing,91942,91940,91942,2
left_turning,91943,91942,91943,1
climbing,91970,91943,91970,27
right_turning,91997,91970,91997,27
rearing,91998,91997,91998,1
rising,91999,91998,91999,1
sniffing,92011,91999,92011,12
climbing,92078,92011,92078,67
right_turning,92083,92078,92083,5
running,92104,92083,92104,21
rising,92215,92104,92215,111
hunching,92315,92215,92315,100
sniffing,92530,92315,92530,215
rearing,92531,92530,92531,1
left_turning,92542,92531,92542,11
running,92555,92542,92555,13
rearing,92556,92555,92556,1
walking,92578,92556,92578,22
trotting,92607,92578,92607,29
sniffing,92633,92607,92633,26
pausing,93034,92633,93034,401
sniffing,93064,93034,93064,30
right_turning,93081,93064,93081,17
left_turning,93111,93081,93111,30
walking,93132,93111,93132,21
stepping,93149,93132,93149,17
trotting,93187,93149,93187,38
walking,93222,93187,93222,35
left_turning,93291,93222,93291,69
walking,93328,93291,93328,37
sniffing,93370,93328,93370,42
left_turning,93371,93370,93371,1
rearing,93391,93371,93391,20
climbing,93509,93391,93509,118
walking,93573,93509,93573,64
left_turning,93603,93573,93603,30
sniffing,93604,93603,93604,1
grooming,93616,93604,93616,12
rearing,93617,93616,93617,1
climbing,93627,93617,93627,10
grooming,93881,93627,93881,254
rearing,93882,93881,93882,1
rising,93911,93882,93911,29
walking,93941,93911,93941,30
right_turning,93950,93941,93950,9
stepping,93983,93950,93983,33
climbing,93984,93983,93984,1
rising,94033,93984,94033,49
rearing,94164,94033,94164,131
climbing,94217,94164,94217,53
sniffing,94218,94217,94218,1
climbing,94244,94218,94244,26
walking,94291,94244,94291,47
climbing,94292,94291,94292,1
rearing,94328,94292,94328,36
hunching,94408,94328,94408,80
grooming,94433,94408,94433,25
walking,94457,94433,94457,24
rising,94508,94457,94508,51
grooming,94525,94508,94525,17
sniffing,94576,94525,94576,51
trotting,94583,94576,94583,7
left_turning,94584,94583,94584,1
trotting,94635,94584,94635,51
walking,94672,94635,94672,37
sniffing,94678,94672,94678,6
pausing,94951,94678,94951,273
sniffing,94952,94951,94952,1
stepping,94953,94952,94953,1
right_turning,94954,94953,94954,1
walking,95014,94954,95014,60
right_turning,95028,95014,95028,14
sniffing,95072,95028,95072,44
right_turning,95083,95072,95083,11
running,95109,95083,95109,26
sniffing,95266,95109,95266,157
right_turning,95302,95266,95302,36
sniffing,95355,95302,95355,53
rising,95385,95355,95385,30
climbing,95386,95385,95386,1
rearing,95387,95386,95387,1
climbing,95394,95387,95394,7
rearing,95427,95394,95427,33
grooming,95456,95427,95456,29
rearing,95457,95456,95457,1
sniffing,95519,95457,95519,62
walking,95592,95519,95592,73
rising,95611,95592,95611,19
climbing,95684,95611,95684,73
running,95709,95684,95709,25
sniffing,95736,95709,95736,27
rising,95737,95736,95737,1
climbing,95743,95737,95743,6
rising,95781,95743,95781,38
climbing,95793,95781,95793,12
walking,95835,95793,95835,42
left_turning,95875,95835,95875,40
sniffing,95902,95875,95902,27
stepping,95907,95902,95907,5
rising,95936,95907,95936,29
climbing,95937,95936,95937,1
rearing,95961,95937,95961,24
grooming,95994,95961,95994,33
sniffing,96188,95994,96188,194
walking,96213,96188,96213,25
sniffing,96278,96213,96278,65
rising,96299,96278,96299,21
climbing,96338,96299,96338,39
stepping,96362,96338,96362,24
trotting,96376,96362,96376,14
rising,96389,96376,96389,13
climbing,96395,96389,96395,6
grooming,96472,96395,96472,77
sniffing,96474,96472,96474,2
left_turning,96504,96474,96504,30
running,96512,96504,96512,8
stepping,96520,96512,96520,8
jumping,96619,96520,96619,99
rising,96668,96619,96668,49
climbing,96770,96668,96770,102
grooming,96771,96770,96771,1
left_turning,96772,96771,96772,1
stepping,96818,96772,96818,46
sniffing,96957,96818,96957,139
climbing,97015,96957,97015,58
sniffing,97037,97015,97037,22
walking,97089,97037,97089,52
climbing,97140,97089,97140,51
rearing,97208,97140,97208,68
sniffing,97294,97208,97294,86
left_turning,97342,97294,97342,48
walking,97397,97342,97397,55
rising,97398,97397,97398,1
left_turning,97438,97398,97438,40
trotting,97462,97438,97462,24
rising,97503,97462,97503,41
sniffing,97504,97503,97504,1
rearing,97594,97504,97594,90
sniffing,97595,97594,97595,1
trotting,97602,97595,97602,7
walking,97603,97602,97603,1
stepping,97642,97603,97642,39
trotting,97643,97642,97643,1
sniffing,97698,97643,97698,55
grooming,97755,97698,97755,57
right_turning,97763,97755,97763,8
running,97795,97763,97795,32
sniffing,97913,97795,97913,118
walking,97914,97913,97914,1
climbing,97965,97914,97965,51
walking,98020,97965,98020,55
rising,98021,98020,98021,1
climbing,98035,98021,98035,14
rearing,98036,98035,98036,1
climbing,98064,98036,98064,28
rearing,98105,98064,98105,41
climbing,98137,98105,98137,32
sniffing,98192,98137,98192,55
walking,98230,98192,98230,38
sniffing,98264,98230,98264,34
left_turning,98265,98264,98265,1
walking,98355,98265,98355,90
hunching,98436,98355,98436,81
rearing,98522,98436,98522,86
left_turning,98523,98522,98523,1
trotting,98584,98523,98584,61
walking,98631,98584,98631,47
left_turning,98636,98631,98636,5
sniffing,98637,98636,98637,1
left_turning,98638,98637,98638,1
walking,98701,98638,98701,63
left_turning,98713,98701,98713,12
rising,98715,98713,98715,2
hunching,98776,98715,98776,61
climbing,98794,98776,98794,18
left_turning,98827,98794,98827,33
running,98852,98827,98852,25
left_turning,98853,98852,98853,1
sniffing,98974,98853,98974,121
rising,99038,98974,99038,64
climbing,99093,99038,99093,55
walking,99098,99093,99098,5
climbing,99182,99098,99182,84
sniffing,99193,99182,99193,11
walking,99340,99193,99340,147
sniffing,99396,99340,99396,56
rising,99635,99396,99635,239
trotting,99654,99635,99654,19
rising,99689,99654,99689,35
grooming,99776,99689,99776,87
hunching,99819,99776,99819,43
right_turning,99843,99819,99843,24
rising,99856,99843,99856,13
walking,99870,99856,99870,14
rising,99871,99870,99871,1
climbing,99907,99871,99907,36
hunching,99921,99907,99921,14
sniffing,99922,99921,99922,1
left_turning,99923,99922,99923,1
sniffing,100007,99923,100007,84
left_turning,100064,100007,100064,57
walking,100073,100064,100073,9
sniffing,100158,100073,100158,85
rising,100161,100158,100161,3
hunching,100178,100161,100178,17
sniffing,100184,100178,100184,6
climbing,100258,100184,100258,74
walking,100294,100258,100294,36
sniffing,100316,100294,100316,22
running,100329,100316,100329,13
rearing,100330,100329,100330,1
right_turning,100340,100330,100340,10
walking,100390,100340,100390,50
stepping,100435,100390,100435,45
sniffing,100526,100435,100526,91
grooming,100759,100526,100759,233
climbing,100760,100759,100760,1
grooming,100761,100760,100761,1
sniffing,100762,100761,100762,1
walking,100763,100762,100763,1
sniffing,100877,100763,100877,114
climbing,100930,100877,100930,53
sniffing,100945,100930,100945,15
right_turning,100954,100945,100954,9
walking,100973,100954,100973,19
sniffing,101041,100973,101041,68
walking,101088,101041,101088,47
sniffing,101168,101088,101168,80
left_turning,101201,101168,101201,33
sniffing,101202,101201,101202,1
rising,101262,101202,101262,60
walking,101269,101262,101269,7
sniffing,101293,101269,101293,24
pausing,101294,101293,101294,1
right_turning,101295,101294,101295,1
sniffing,101365,101295,101365,70
rearing,101540,101365,101540,175
sniffing,101560,101540,101560,20
hunching,101561,101560,101561,1
rising,101566,101561,101566,5
sniffing,101567,101566,101567,1
right_turning,101568,101567,101568,1
sniffing,101573,101568,101573,5
left_turning,101574,101573,101574,1
rising,101703,101574,101703,129
right_turning,101758,101703,101758,55
sniffing,101812,101758,101812,54
rising,101857,101812,101857,45
sniffing,101858,101857,101858,1
trotting,101911,101858,101911,53
sniffing,101923,101911,101923,12
walking,102003,101923,102003,80
left_turning,102004,102003,102004,1
running,102027,102004,102027,23
sniffing,102066,102027,102066,39
grooming,102243,102066,102243,177
climbing,102260,102243,102260,17
rising,102320,102260,102320,60
rearing,102412,102320,102412,92
walking,102418,102412,102418,6
sniffing,102419,102418,102419,1
trotting,102432,102419,102432,13
walking,102490,102432,102490,58
rising,102590,102490,102590,100
left_turning,102628,102590,102628,38
running,102632,102628,102632,4
left_turning,102642,102632,102642,10
sniffing,102676,102642,102676,34
stepping,102705,102676,102705,29
left_turning,102764,102705,102764,59
rising,102806,102764,102806,42
rearing,102937,102806,102937,131
sniffing,102938,102937,102938,1
rising,102955,102938,102955,17
sniffing,102981,102955,102981,26
climbing,102982,102981,102982,1
rising,102983,102982,102983,1
climbing,103049,102983,103049,66
sniffing,103081,103049,103081,32
left_turning,103082,103081,103082,1
sniffing,103095,103082,103095,13
rising,103099,103095,103099,4
sniffing,103205,103099,103205,106
rising,103275,103205,103275,70
sniffing,103357,103275,103357,82
climbing,103396,103357,103396,39
sniffing,103494,103396,103494,98
left_turning,103495,103494,103495,1
climbing,103580,103495,103580,85
sniffing,103623,103580,103623,43
left_turning,103639,103623,103639,16
sniffing,103721,103639,103721,82
grooming,103828,103721,103828,107
rearing,103889,103828,103889,61
hunching,103890,103889,103890,1
right_turning,103891,103890,103891,1
walking,103923,103891,103923,32
sniffing,104170,103923,104170,247
pausing,104171,104170,104171,1
sniffing,104172,104171,104172,1
left_turning,104234,104172,104234,62
trotting,104285,104234,104285,51
sniffing,104365,104285,104365,80
rising,104390,104365,104390,25
sniffing,104431,104390,104431,41
grooming,104432,104431,104432,1
sniffing,104485,104432,104485,53
rising,104486,104485,104486,1
walking,104487,104486,104487,1
sniffing,104488,104487,104488,1
rising,104489,104488,104489,1
left_turning,104508,104489,104508,19
climbing,104564,104508,104564,56
rearing,104565,104564,104565,1
sniffing,104615,104565,104615,50
right_turning,104646,104615,104646,31
stepping,104683,104646,104683,37
sniffing,104764,104683,104764,81
rising,104765,104764,104765,1
rearing,104813,104765,104813,48
sniffing,104909,104813,104909,96
stepping,105013,104909,105013,104
rising,105014,105013,105014,1
sniffing,105054,105014,105054,40
rearing,105055,105054,105055,1
sniffing,105118,105055,105118,63
rising,105130,105118,105130,12
trotting,105162,105130,105162,32
rearing,105163,105162,105163,1
walking,105201,105163,105201,38
rising,105284,105201,105284,83
sniffing,105415,105284,105415,131
grooming,105429,105415,105429,14
sniffing,105440,105429,105440,11
rising,105441,105440,105441,1
sniffing,105452,105441,105452,11
right_turning,105506,105452,105506,54
trotting,105540,105506,105540,34
sniffing,105574,105540,105574,34
pausing,105575,105574,105575,1
sniffing,105681,105575,105681,106
pausing,105682,105681,105682,1
climbing,105779,105682,105779,97
right_turning,105788,105779,105788,9
rising,105839,105788,105839,51
hunching,105891,105839,105891,52
sniffing,106116,105891,106116,225
left_turning,106133,106116,106133,17
running,106153,106133,106153,20
walking,106165,106153,106165,12
sniffing,106168,106165,106168,3
grooming,106235,106168,106235,67
sniffing,106267,106235,106267,32
rising,106315,106267,106315,48
grooming,106316,106315,106316,1
right_turning,106362,106316,106362,46
walking,106396,106362,106396,34
sniffing,106397,106396,106397,1
grooming,106683,106397,106683,286
sniffing,106809,106683,106809,126
left_turning,106810,106809,106810,1
sniffing,106814,106810,106814,4
walking,106815,106814,106815,1
climbing,106861,106815,106861,46
rising,106926,106861,106926,65
sniffing,106964,106926,106964,38
climbing,107034,106964,107034,70
hunching,107170,107034,107170,136
climbing,107182,107170,107182,12
rising,107253,107182,107253,71
sniffing,107317,107253,107317,64
walking,107332,107317,107332,15
climbing,107333,107332,107333,1
rising,107342,107333,107342,9
rearing,107343,107342,107343,1
grooming,107433,107343,107433,90
hunching,107434,107433,107434,1
right_turning,107437,107434,107437,3
walking,107468,107437,107468,31
climbing,107481,107468,107481,13
rearing,107670,107481,107670,189
rising,107673,107670,107673,3
sniffing,107695,107673,107695,22
climbing,107696,107695,107696,1
grooming,107954,107696,107954,258
rearing,107973,107954,107973,19
walking,107974,107973,107974,1
climbing,107986,107974,107986,12
hunching,107990,107986,107990,4
grooming,107991,107990,107991,1
rising,108000,107991,108000,9
