revised_movement_label,segBoundary,segBoundary_start,segBoundary_end,length
walking,47,0,47,47
sniffing,69,47,69,22
trotting,86,69,86,17
sniffing,87,86,87,1
left_turning,133,87,133,46
walking,134,133,134,1
trotting,135,134,135,1
sniffing,223,135,223,88
walking,269,223,269,46
sniffing,277,269,277,8
walking,328,277,328,51
climbing,392,328,392,64
walking,508,392,508,116
rising,544,508,544,36
stepping,545,544,545,1
climbing,590,545,590,45
trotting,669,590,669,79
rising,713,669,713,44
climbing,743,713,743,30
sniffing,872,743,872,129
rising,873,872,873,1
trotting,911,873,911,38
sniffing,917,911,917,6
climbing,990,917,990,73
left_turning,996,990,996,6
sniffing,997,996,997,1
walking,1050,997,1050,53
rearing,1057,1050,1057,7
rising,1068,1057,1068,11
rearing,1069,1068,1069,1
climbing,1084,1069,1084,15
rising,1092,1084,1092,8
right_turning,1105,1092,1105,13
trotting,1130,1105,1130,25
right_turning,1142,1130,1142,12
stepping,1153,1142,1153,11
climbing,1154,1153,1154,1
stepping,1196,1154,1196,42
climbing,1249,1196,1249,53
walking,1301,1249,1301,52
grooming,1426,1301,1426,125
walking,1457,1426,1457,31
climbing,1476,1457,1476,19
sniffing,1515,1476,1515,39
climbing,1545,1515,1545,30
sniffing,1546,1545,1546,1
hunching,1614,1546,1614,68
sniffing,1654,1614,1654,40
rising,1704,1654,1704,50
rearing,1705,1704,1705,1
grooming,2016,1705,2016,311
sniffing,2044,2016,2044,28
walking,2097,2044,2097,53
climbing,2121,2097,2121,24
right_turning,2130,2121,2130,9
trotting,2177,2130,2177,47
sniffing,2243,2177,2243,66
walking,2274,2243,2274,31
rising,2284,2274,2284,10
climbing,2351,2284,2351,67
sniffing,2451,2351,2451,100
walking,2471,2451,2471,20
rising,2494,2471,2494,23
climbing,2556,2494,2556,62
right_turning,2572,2556,2572,16
walking,2634,2572,2634,62
climbing,2672,2634,2672,38
rising,2673,2672,2673,1
walking,2692,2673,2692,19
left_turning,2718,2692,2718,26
walking,2719,2718,2719,1
climbing,2748,2719,2748,29
rising,2749,2748,2749,1
climbing,2773,2749,2773,24
sniffing,2797,2773,2797,24
walking,2878,2797,2878,81
sniffing,2905,2878,2905,27
rising,2956,2905,2956,51
climbing,3003,2956,3003,47
rising,3033,3003,3033,30
trotting,3073,3033,3073,40
sniffing,3086,3073,3086,13
right_turning,3129,3086,3129,43
walking,3156,3129,3156,27
climbing,3183,3156,3183,27
rising,3360,3183,3360,177
climbing,3429,3360,3429,69
rising,3430,3429,3430,1
climbing,3434,3430,3434,4
sniffing,3435,3434,3435,1
climbing,3493,3435,3493,58
trotting,3519,3493,3519,26
sniffing,3520,3519,3520,1
right_turning,3545,3520,3545,25
stepping,3597,3545,3597,52
sniffing,3610,3597,3610,13
walking,3665,3610,3665,55
sniffing,3722,3665,3722,57
left_turning,3767,3722,3767,45
sniffing,3813,3767,3813,46
walking,3852,3813,3852,39
left_turning,3853,3852,3853,1
walking,3893,3853,3893,40
running,3940,3893,3940,47
walking,3982,3940,3982,42
sniffing,3997,3982,3997,15
grooming,4036,3997,4036,39
sniffing,4037,4036,4037,1
walking,4038,4037,4038,1
stepping,4042,4038,4042,4
climbing,4087,4042,4087,45
trotting,4115,4087,4115,28
rising,4127,4115,4127,12
right_turning,4163,4127,4163,36
rising,4164,4163,4164,1
sniffing,4261,4164,4261,97
climbing,4318,4261,4318,57
left_turning,4340,4318,4340,22
rising,4369,4340,4369,29
sniffing,4530,4369,4530,161
rising,4567,4530,4567,37
sniffing,4675,4567,4675,108
left_turning,4676,4675,4676,1
walking,4678,4676,4678,2
climbing,4730,4678,4730,52
sniffing,4731,4730,4731,1
left_turning,4791,4731,4791,60
sniffing,4853,4791,4853,62
climbing,4870,4853,4870,17
trotting,4884,4870,4884,14
sniffing,4919,4884,4919,35
right_turning,4956,4919,4956,37
walking,4982,4956,4982,26
sniffing,4983,4982,4983,1
left_turning,4991,4983,4991,8
rising,4992,4991,4992,1
sniffing,4993,4992,4993,1
walking,4994,4993,4994,1
climbing,5053,4994,5053,59
walking,5092,5053,5092,39
sniffing,5107,5092,5107,15
rearing,5134,5107,5134,27
climbing,5167,5134,5167,33
walking,5199,5167,5199,32
rising,5240,5199,5240,41
climbing,5266,5240,5266,26
rearing,5324,5266,5324,58
rising,5332,5324,5332,8
right_turning,5372,5332,5372,40
walking,5373,5372,5373,1
rearing,5374,5373,5374,1
walking,5435,5374,5435,61
trotting,5477,5435,5477,42
right_turning,5484,5477,5484,7
sniffing,5485,5484,5485,1
trotting,5526,5485,5526,41
stepping,5568,5526,5568,42
hunching,5622,5568,5622,54
climbing,5682,5622,5682,60
running,5707,5682,5707,25
sniffing,5905,5707,5905,198
climbing,5960,5905,5960,55
sniffing,5994,5960,5994,34
climbing,6047,5994,6047,53
trotting,6072,6047,6072,25
walking,6083,6072,6083,11
sniffing,6100,6083,6100,17
walking,6113,6100,6113,13
sniffing,6160,6113,6160,47
left_turning,6163,6160,6163,3
walking,6170,6163,6170,7
rising,6199,6170,6199,29
sniffing,6291,6199,6291,92
walking,6352,6291,6352,61
climbing,6393,6352,6393,41
walking,6404,6393,6404,11
stepping,6422,6404,6422,18
trotting,6443,6422,6443,21
sniffing,6465,6443,6465,22
left_turning,6499,6465,6499,34
sniffing,6570,6499,6570,71
climbing,6601,6570,6601,31
sniffing,6664,6601,6664,63
walking,6668,6664,6668,4
sniffing,6724,6668,6724,56
rising,6779,6724,6779,55
climbing,6823,6779,6823,44
sniffing,6824,6823,6824,1
climbing,6891,6824,6891,67
rising,6958,6891,6958,67
sniffing,7034,6958,7034,76
left_turning,7046,7034,7046,12
sniffing,7078,7046,7078,32
rising,7150,7078,7150,72
climbing,7198,7150,7198,48
walking,7223,7198,7223,25
sniffing,7289,7223,7289,66
left_turning,7290,7289,7290,1
sniffing,7291,7290,7291,1
trotting,7306,7291,7306,15
rising,7316,7306,7316,10
sniffing,7330,7316,7330,14
right_turning,7376,7330,7376,46
rising,7387,7376,7387,11
rearing,7388,7387,7388,1
sniffing,7569,7388,7569,181
hunching,7722,7569,7722,153
sniffing,7886,7722,7886,164
walking,7950,7886,7950,64
sniffing,8040,7950,8040,90
walking,8076,8040,8076,36
climbing,8134,8076,8134,58
left_turning,8161,8134,8161,27
walking,8180,8161,8180,19
right_turning,8186,8180,8186,6
trotting,8217,8186,8217,31
left_turning,8338,8217,8338,121
walking,8378,8338,8378,40
rising,8383,8378,8383,5
sniffing,8568,8383,8568,185
trotting,8629,8568,8629,61
walking,8740,8629,8740,111
rising,8795,8740,8795,55
sniffing,8825,8795,8825,30
left_turning,8838,8825,8838,13
sniffing,8906,8838,8906,68
climbing,8924,8906,8924,18
stepping,8959,8924,8959,35
sniffing,8991,8959,8991,32
climbing,9024,8991,9024,33
rising,9086,9024,9086,62
sniffing,9116,9086,9116,30
rising,9167,9116,9167,51
climbing,9182,9167,9182,15
right_turning,9183,9182,9183,1
walking,9184,9183,9184,1
sniffing,9223,9184,9223,39
climbing,9263,9223,9263,40
trotting,9288,9263,9288,25
sniffing,9289,9288,9289,1
climbing,9303,9289,9303,14
sniffing,9327,9303,9327,24
trotting,9363,9327,9363,36
sniffing,9423,9363,9423,60
left_turning,9469,9423,9469,46
trotting,9496,9469,9496,27
climbing,9565,9496,9565,69
walking,9566,9565,9566,1
sniffing,9617,9566,9617,51
rising,9633,9617,9633,16
climbing,9703,9633,9703,70
sniffing,9756,9703,9756,53
right_turning,9798,9756,9798,42
walking,9880,9798,9880,82
sniffing,9935,9880,9935,55
left_turning,9995,9935,9995,60
sniffing,10014,9995,10014,19
climbing,10039,10014,10039,25
sniffing,10082,10039,10082,43
rising,10160,10082,10160,78
left_turning,10171,10160,10171,11
walking,10229,10171,10229,58
rising,10230,10229,10230,1
sniffing,10304,10230,10304,74
trotting,10352,10304,10352,48
sniffing,10405,10352,10405,53
climbing,10424,10405,10424,19
running,10425,10424,10425,1
walking,10460,10425,10460,35
sniffing,10522,10460,10522,62
walking,10523,10522,10523,1
right_turning,10574,10523,10574,51
walking,10631,10574,10631,57
sniffing,10639,10631,10639,8
walking,10646,10639,10646,7
sniffing,10647,10646,10647,1
grooming,11126,10647,11126,479
sniffing,11127,11126,11127,1
left_turning,11144,11127,11144,17
walking,11167,11144,11167,23
left_turning,11212,11167,11212,45
walking,11258,11212,11258,46
rising,11311,11258,11311,53
sniffing,11372,11311,11372,61
walking,11373,11372,11373,1
rising,11470,11373,11470,97
walking,11521,11470,11521,51
stepping,11534,11521,11534,13
climbing,11593,11534,11593,59
walking,11603,11593,11603,10
climbing,11651,11603,11651,48
rising,11652,11651,11652,1
stepping,11703,11652,11703,51
sniffing,11777,11703,11777,74
trotting,11826,11777,11826,49
left_turning,11827,11826,11827,1
right_turning,11838,11827,11838,11
rising,11859,11838,11859,21
right_turning,11884,11859,11884,25
sniffing,11891,11884,11891,7
rising,11892,11891,11892,1
climbing,11915,11892,11915,23
trotting,11953,11915,11953,38
sniffing,12017,11953,12017,64
walking,12106,12017,12106,89
left_turning,12107,12106,12107,1
trotting,12119,12107,12119,12
walking,12135,12119,12135,16
sniffing,12159,12135,12159,24
walking,12201,12159,12201,42
left_turning,12223,12201,12223,22
climbing,12272,12223,12272,49
sniffing,12318,12272,12318,46
right_turning,12380,12318,12380,62
running,12412,12380,12412,32
sniffing,12498,12412,12498,86
walking,12499,12498,12499,1
trotting,12518,12499,12518,19
walking,12541,12518,12541,23
climbing,12584,12541,12584,43
walking,12588,12584,12588,4
sniffing,12658,12588,12658,70
climbing,12659,12658,12659,1
sniffing,12762,12659,12762,103
rising,12763,12762,12763,1
walking,12815,12763,12815,52
rising,12858,12815,12858,43
sniffing,12899,12858,12899,41
hunching,12991,12899,12991,92
right_turning,13023,12991,13023,32
walking,13053,13023,13053,30
sniffing,13144,13053,13144,91
right_turning,13146,13144,13146,2
stepping,13147,13146,13147,1
walking,13215,13147,13215,68
stepping,13236,13215,13236,21
climbing,13256,13236,13256,20
sniffing,13268,13256,13268,12
walking,13306,13268,13306,38
left_turning,13342,13306,13342,36
sniffing,13447,13342,13447,105
walking,13448,13447,13448,1
right_turning,13466,13448,13466,18
trotting,13474,13466,13474,8
left_turning,13507,13474,13507,33
sniffing,13528,13507,13528,21
left_turning,13545,13528,13545,17
sniffing,13614,13545,13614,69
rising,13675,13614,13675,61
left_turning,13677,13675,13677,2
trotting,13764,13677,13764,87
walking,13770,13764,13770,6
rising,13871,13770,13871,101
right_turning,13882,13871,13882,11
sniffing,13930,13882,13930,48
walking,13931,13930,13931,1
sniffing,13955,13931,13955,24
climbing,13994,13955,13994,39
sniffing,14282,13994,14282,288
rising,14283,14282,14283,1
sniffing,14311,14283,14311,28
right_turning,14358,14311,14358,47
hunching,14515,14358,14515,157
sniffing,14516,14515,14516,1
walking,14576,14516,14576,60
sniffing,14625,14576,14625,49
rising,14671,14625,14671,46
right_turning,14688,14671,14688,17
sniffing,14749,14688,14749,61
climbing,14776,14749,14776,27
rearing,14799,14776,14799,23
walking,14872,14799,14872,73
left_turning,14898,14872,14898,26
walking,14929,14898,14929,31
sniffing,14952,14929,14952,23
climbing,14971,14952,14971,19
rising,15025,14971,15025,54
sniffing,15047,15025,15047,22
left_turning,15064,15047,15064,17
walking,15148,15064,15148,84
sniffing,15149,15148,15149,1
walking,15174,15149,15174,25
sniffing,15233,15174,15233,59
climbing,15271,15233,15271,38
rising,15280,15271,15280,9
sniffing,15320,15280,15320,40
climbing,15388,15320,15388,68
left_turning,15389,15388,15389,1
walking,15442,15389,15442,53
sniffing,15505,15442,15505,63
climbing,15547,15505,15547,42
trotting,15606,15547,15606,59
walking,15645,15606,15645,39
sniffing,15671,15645,15671,26
climbing,15732,15671,15732,61
rising,15733,15732,15733,1
walking,15801,15733,15801,68
rising,15972,15801,15972,171
climbing,16000,15972,16000,28
sniffing,16048,16000,16048,48
left_turning,16113,16048,16113,65
sniffing,16191,16113,16191,78
walking,16203,16191,16203,12
rising,16204,16203,16204,1
climbing,16285,16204,16285,81
rising,16286,16285,16286,1
sniffing,16287,16286,16287,1
stepping,16315,16287,16315,28
climbing,16351,16315,16351,36
trotting,16378,16351,16378,27
climbing,16401,16378,16401,23
sniffing,16402,16401,16402,1
hunching,16499,16402,16499,97
rising,16556,16499,16556,57
rearing,16557,16556,16557,1
grooming,16562,16557,16562,5
sniffing,16588,16562,16588,26
rearing,16795,16588,16795,207
rising,16796,16795,16796,1
walking,16821,16796,16821,25
sniffing,16862,16821,16862,41
rising,16913,16862,16913,51
sniffing,16994,16913,16994,81
hunching,17051,16994,17051,57
walking,17068,17051,17068,17
sniffing,17185,17068,17185,117
walking,17237,17185,17237,52
stepping,17291,17237,17291,54
rising,17320,17291,17320,29
sniffing,17386,17320,17386,66
running,17400,17386,17400,14
sniffing,17425,17400,17425,25
left_turning,17441,17425,17441,16
running,17458,17441,17458,17
walking,17489,17458,17489,31
left_turning,17505,17489,17505,16
sniffing,17598,17505,17598,93
climbing,17622,17598,17622,24
sniffing,17623,17622,17623,1
walking,17649,17623,17649,26
stepping,17699,17649,17699,50
left_turning,17745,17699,17745,46
sniffing,17865,17745,17865,120
rising,17956,17865,17956,91
left_turning,17970,17956,17970,14
rising,18035,17970,18035,65
hunching,18051,18035,18051,16
climbing,18072,18051,18072,21
hunching,18233,18072,18233,161
climbing,18280,18233,18280,47
rising,18496,18280,18496,216
climbing,18528,18496,18528,32
walking,18529,18528,18529,1
sniffing,18622,18529,18622,93
walking,18659,18622,18659,37
sniffing,18689,18659,18689,30
rising,18703,18689,18703,14
walking,18746,18703,18746,43
stepping,18751,18746,18751,5
left_turning,18752,18751,18752,1
walking,18753,18752,18753,1
rising,18790,18753,18790,37
climbing,18865,18790,18865,75
sniffing,18866,18865,18866,1
walking,18891,18866,18891,25
left_turning,18937,18891,18937,46
sniffing,18973,18937,18973,36
rearing,19021,18973,19021,48
sniffing,19117,19021,19117,96
left_turning,19123,19117,19123,6
rising,19198,19123,19198,75
climbing,19252,19198,19252,54
walking,19253,19252,19253,1
right_turning,19314,19253,19314,61
walking,19315,19314,19315,1
trotting,19367,19315,19367,52
walking,19398,19367,19398,31
sniffing,19442,19398,19442,44
climbing,19517,19442,19517,75
rising,19538,19517,19538,21
left_turning,19573,19538,19573,35
walking,19574,19573,19574,1
left_turning,19585,19574,19585,11
sniffing,19611,19585,19611,26
climbing,19637,19611,19637,26
rearing,19638,19637,19638,1
running,19659,19638,19659,21
walking,19660,19659,19660,1
left_turning,19726,19660,19726,66
running,19749,19726,19749,23
sniffing,19782,19749,19782,33
rising,19785,19782,19785,3
climbing,19862,19785,19862,77
sniffing,19873,19862,19873,11
trotting,19874,19873,19874,1
walking,19888,19874,19888,14
sniffing,20038,19888,20038,150
left_turning,20116,20038,20116,78
walking,20118,20116,20118,2
climbing,20137,20118,20137,19
left_turning,20157,20137,20157,20
sniffing,20183,20157,20183,26
left_turning,20238,20183,20238,55
walking,20278,20238,20278,40
left_turning,20284,20278,20284,6
walking,20285,20284,20285,1
rising,20300,20285,20300,15
climbing,20354,20300,20354,54
sniffing,20375,20354,20375,21
walking,20407,20375,20407,32
climbing,20477,20407,20477,70
rising,20478,20477,20478,1
sniffing,20556,20478,20556,78
rising,20589,20556,20589,33
climbing,20614,20589,20614,25
rising,20755,20614,20755,141
climbing,20785,20755,20785,30
sniffing,20829,20785,20829,44
rising,20887,20829,20887,58
left_turning,20899,20887,20899,12
sniffing,20951,20899,20951,52
climbing,21012,20951,21012,61
sniffing,21064,21012,21064,52
rising,21066,21064,21066,2
climbing,21091,21066,21091,25
sniffing,21148,21091,21148,57
right_turning,21175,21148,21175,27
sniffing,21265,21175,21265,90
rising,21266,21265,21266,1
climbing,21368,21266,21368,102
trotting,21369,21368,21369,1
sniffing,21476,21369,21476,107
grooming,21761,21476,21761,285
sniffing,21808,21761,21808,47
climbing,21835,21808,21835,27
sniffing,21884,21835,21884,49
right_turning,21885,21884,21885,1
trotting,21954,21885,21954,69
sniffing,22051,21954,22051,97
climbing,22054,22051,22054,3
sniffing,22085,22054,22085,31
right_turning,22093,22085,22093,8
running,22109,22093,22109,16
rising,22160,22109,22160,51
rearing,22261,22160,22261,101
grooming,22394,22261,22394,133
pausing,22395,22394,22395,1
sniffing,22396,22395,22396,1
stepping,22427,22396,22427,31
sniffing,22544,22427,22544,117
grooming,22798,22544,22798,254
sniffing,22839,22798,22839,41
climbing,22877,22839,22877,38
sniffing,22961,22877,22961,84
rising,22962,22961,22962,1
right_turning,22978,22962,22978,16
sniffing,23201,22978,23201,223
climbing,23249,23201,23249,48
right_turning,23260,23249,23260,11
walking,23264,23260,23264,4
climbing,23266,23264,23266,2
trotting,23289,23266,23289,23
left_turning,23296,23289,23296,7
sniffing,23326,23296,23326,30
trotting,23375,23326,23375,49
sniffing,23420,23375,23420,45
walking,23446,23420,23446,26
sniffing,23459,23446,23459,13
left_turning,23504,23459,23504,45
sniffing,23512,23504,23512,8
walking,23548,23512,23548,36
sniffing,23566,23548,23566,18
rising,23584,23566,23584,18
grooming,23585,23584,23585,1
rising,23631,23585,23631,46
sniffing,23639,23631,23639,8
hunching,23733,23639,23733,94
walking,23748,23733,23748,15
sniffing,23749,23748,23749,1
left_turning,23815,23749,23815,66
sniffing,23895,23815,23895,80
rising,23896,23895,23896,1
sniffing,23940,23896,23940,44
walking,23970,23940,23970,30
sniffing,23996,23970,23996,26
left_turning,24033,23996,24033,37
rising,24056,24033,24056,23
left_turning,24070,24056,24070,14
walking,24099,24070,24099,29
sniffing,24182,24099,24182,83
stepping,24200,24182,24200,18
sniffing,24201,24200,24201,1
stepping,24206,24201,24206,5
climbing,24251,24206,24251,45
sniffing,24317,24251,24317,66
walking,24324,24317,24324,7
sniffing,24357,24324,24357,33
rising,24435,24357,24435,78
sniffing,24558,24435,24558,123
right_turning,24591,24558,24591,33
trotting,24609,24591,24609,18
rising,24624,24609,24624,15
sniffing,24730,24624,24730,106
walking,24766,24730,24766,36
sniffing,24807,24766,24807,41
running,24821,24807,24821,14
rising,24835,24821,24835,14
sniffing,24872,24835,24872,37
stepping,24952,24872,24952,80
sniffing,24999,24952,24999,47
climbing,25000,24999,25000,1
rearing,25036,25000,25036,36
walking,25066,25036,25066,30
left_turning,25095,25066,25095,29
sniffing,25119,25095,25119,24
rearing,25120,25119,25120,1
sniffing,25172,25120,25172,52
left_turning,25204,25172,25204,32
walking,25205,25204,25205,1
sniffing,25230,25205,25230,25
hunching,25343,25230,25343,113
sniffing,25382,25343,25382,39
rising,25447,25382,25447,65
climbing,25477,25447,25477,30
right_turning,25506,25477,25506,29
climbing,25544,25506,25544,38
hunching,25570,25544,25570,26
right_turning,25620,25570,25620,50
running,25635,25620,25635,15
sniffing,25753,25635,25753,118
rising,25788,25753,25788,35
left_turning,25805,25788,25805,17
walking,25843,25805,25843,38
climbing,25853,25843,25853,10
sniffing,25913,25853,25913,60
left_turning,25914,25913,25914,1
sniffing,25939,25914,25939,25
walking,25940,25939,25940,1
climbing,25983,25940,25983,43
sniffing,26038,25983,26038,55
stepping,26068,26038,26068,30
trotting,26145,26068,26145,77
walking,26181,26145,26181,36
sniffing,26309,26181,26309,128
left_turning,26352,26309,26352,43
sniffing,26449,26352,26449,97
left_turning,26462,26449,26462,13
rising,26499,26462,26499,37
right_turning,26508,26499,26508,9
sniffing,26560,26508,26560,52
left_turning,26611,26560,26611,51
sniffing,26627,26611,26627,16
rising,26634,26627,26634,7
walking,26652,26634,26652,18
sniffing,26743,26652,26743,91
climbing,26777,26743,26777,34
sniffing,26794,26777,26794,17
climbing,26858,26794,26858,64
grooming,26993,26858,26993,135
rearing,26994,26993,26994,1
climbing,27030,26994,27030,36
walking,27085,27030,27085,55
left_turning,27128,27085,27128,43
trotting,27157,27128,27157,29
sniffing,27199,27157,27199,42
left_turning,27200,27199,27200,1
running,27242,27200,27242,42
rising,27251,27242,27251,9
climbing,27275,27251,27275,24
walking,27300,27275,27300,25
left_turning,27356,27300,27356,56
sniffing,27429,27356,27429,73
climbing,27460,27429,27460,31
left_turning,27477,27460,27477,17
rising,27529,27477,27529,52
left_turning,27534,27529,27534,5
walking,27605,27534,27605,71
sniffing,27659,27605,27659,54
stepping,27668,27659,27668,9
walking,27708,27668,27708,40
stepping,27753,27708,27753,45
walking,27800,27753,27800,47
stepping,27829,27800,27829,29
sniffing,27830,27829,27830,1
walking,27865,27830,27865,35
left_turning,27891,27865,27891,26
walking,27907,27891,27907,16
rearing,27969,27907,27969,62
trotting,27993,27969,27993,24
sniffing,28008,27993,28008,15
left_turning,28020,28008,28020,12
rising,28021,28020,28021,1
climbing,28063,28021,28063,42
sniffing,28119,28063,28119,56
walking,28138,28119,28138,19
sniffing,28201,28138,28201,63
left_turning,28221,28201,28221,20
sniffing,28256,28221,28256,35
trotting,28303,28256,28303,47
sniffing,28372,28303,28372,69
trotting,28389,28372,28389,17
walking,28404,28389,28404,15
hunching,28457,28404,28457,53
sniffing,28498,28457,28498,41
walking,28537,28498,28537,39
left_turning,28544,28537,28544,7
sniffing,28593,28544,28593,49
left_turning,28662,28593,28662,69
rising,28677,28662,28677,15
hunching,28818,28677,28818,141
sniffing,28856,28818,28856,38
walking,28886,28856,28886,30
climbing,28911,28886,28911,25
rising,28959,28911,28959,48
trotting,29010,28959,29010,51
sniffing,29094,29010,29094,84
left_turning,29141,29094,29141,47
jumping,29190,29141,29190,49
rearing,29207,29190,29207,17
right_turning,29229,29207,29229,22
walking,29265,29229,29265,36
left_turning,29300,29265,29300,35
sniffing,29301,29300,29301,1
right_turning,29305,29301,29305,4
walking,29306,29305,29306,1
sniffing,29307,29306,29307,1
rising,29330,29307,29330,23
climbing,29361,29330,29361,31
sniffing,29370,29361,29370,9
walking,29399,29370,29399,29
left_turning,29464,29399,29464,65
sniffing,29501,29464,29501,37
rising,29502,29501,29502,1
climbing,29539,29502,29539,37
running,29540,29539,29540,1
rising,29552,29540,29552,12
right_turning,29575,29552,29575,23
left_turning,29609,29575,29609,34
sniffing,29746,29609,29746,137
trotting,29760,29746,29760,14
sniffing,29761,29760,29761,1
left_turning,29793,29761,29793,32
rising,29815,29793,29815,22
walking,29835,29815,29835,20
sniffing,29871,29835,29871,36
walking,29915,29871,29915,44
sniffing,29991,29915,29991,76
left_turning,30055,29991,30055,64
stepping,30056,30055,30056,1
sniffing,30084,30056,30084,28
left_turning,30194,30084,30194,110
walking,30224,30194,30224,30
sniffing,30225,30224,30225,1
walking,30249,30225,30249,24
climbing,30264,30249,30264,15
rising,30299,30264,30299,35
sniffing,30310,30299,30310,11
right_turning,30344,30310,30344,34
trotting,30363,30344,30363,19
walking,30379,30363,30379,16
climbing,30412,30379,30412,33
sniffing,30413,30412,30413,1
hunching,30532,30413,30532,119
walking,30569,30532,30569,37
sniffing,30599,30569,30599,30
stepping,30627,30599,30627,28
sniffing,30780,30627,30780,153
rising,30788,30780,30788,8
climbing,30825,30788,30825,37
sniffing,30841,30825,30841,16
walking,30880,30841,30880,39
running,30893,30880,30893,13
rearing,31008,30893,31008,115
walking,31036,31008,31036,28
stepping,31101,31036,31101,65
rising,31125,31101,31125,24
climbing,31161,31125,31161,36
left_turning,31181,31161,31181,20
sniffing,31236,31181,31236,55
climbing,31301,31236,31301,65
sniffing,31338,31301,31338,37
left_turning,31368,31338,31368,30
running,31392,31368,31392,24
rising,31504,31392,31504,112
sniffing,31579,31504,31579,75
trotting,31625,31579,31625,46
sniffing,31638,31625,31638,13
rising,31639,31638,31639,1
climbing,31704,31639,31704,65
rising,31705,31704,31705,1
sniffing,31706,31705,31706,1
walking,31745,31706,31745,39
sniffing,31832,31745,31832,87
rising,31876,31832,31876,44
sniffing,31893,31876,31893,17
right_turning,31924,31893,31924,31
walking,31943,31924,31943,19
rising,31944,31943,31944,1
climbing,31961,31944,31961,17
grooming,32459,31961,32459,498
trotting,32483,32459,32483,24
left_turning,32484,32483,32484,1
sniffing,32517,32484,32517,33
walking,32572,32517,32572,55
sniffing,32628,32572,32628,56
rising,32684,32628,32684,56
climbing,32702,32684,32702,18
rising,32712,32702,32712,10
trotting,32749,32712,32749,37
stepping,32772,32749,32772,23
walking,32782,32772,32782,10
sniffing,32851,32782,32851,69
pausing,32852,32851,32852,1
sniffing,32892,32852,32892,40
rising,32960,32892,32960,68
sniffing,32987,32960,32987,27
grooming,33557,32987,33557,570
rising,33578,33557,33578,21
walking,33668,33578,33668,90
stepping,33763,33668,33763,95
right_turning,33773,33763,33773,10
walking,33779,33773,33779,6
rising,33789,33779,33789,10
walking,33853,33789,33853,64
sniffing,33904,33853,33904,51
right_turning,33906,33904,33906,2
sniffing,33956,33906,33956,50
walking,33961,33956,33961,5
sniffing,33974,33961,33974,13
rising,34042,33974,34042,68
sniffing,34119,34042,34119,77
right_turning,34137,34119,34137,18
sniffing,34245,34137,34245,108
stepping,34296,34245,34296,51
walking,34312,34296,34312,16
rising,34347,34312,34347,35
grooming,34348,34347,34348,1
sniffing,34434,34348,34434,86
rising,34504,34434,34504,70
rearing,34505,34504,34505,1
hunching,34612,34505,34612,107
climbing,34631,34612,34631,19
right_turning,34660,34631,34660,29
sniffing,34661,34660,34661,1
climbing,34722,34661,34722,61
rising,34781,34722,34781,59
sniffing,34932,34781,34932,151
walking,34954,34932,34954,22
sniffing,35020,34954,35020,66
walking,35081,35020,35081,61
sniffing,35150,35081,35150,69
trotting,35169,35150,35169,19
sniffing,35243,35169,35243,74
right_turning,35255,35243,35255,12
walking,35294,35255,35294,39
rising,35349,35294,35349,55
sniffing,35388,35349,35388,39
climbing,35412,35388,35412,24
sniffing,35485,35412,35485,73
right_turning,35516,35485,35516,31
trotting,35528,35516,35528,12
sniffing,35555,35528,35555,27
climbing,35690,35555,35690,135
stepping,35730,35690,35730,40
sniffing,35788,35730,35788,58
rising,35789,35788,35789,1
jumping,35904,35789,35904,115
left_turning,35913,35904,35913,9
climbing,35961,35913,35961,48
trotting,35997,35961,35997,36
sniffing,36093,35997,36093,96
rising,36160,36093,36160,67
sniffing,36194,36160,36194,34
climbing,36203,36194,36203,9
walking,36248,36203,36248,45
rising,36288,36248,36288,40
climbing,36307,36288,36307,19
running,36324,36307,36324,17
walking,36335,36324,36335,11
stepping,36336,36335,36336,1
walking,36364,36336,36364,28
rising,36380,36364,36380,16
climbing,36428,36380,36428,48
rising,36483,36428,36483,55
sniffing,36604,36483,36604,121
left_turning,36652,36604,36652,48
trotting,36654,36652,36654,2
walking,36682,36654,36682,28
sniffing,36693,36682,36693,11
rising,36719,36693,36719,26
climbing,36763,36719,36763,44
walking,36788,36763,36788,25
rising,36840,36788,36840,52
rearing,36894,36840,36894,54
climbing,36990,36894,36990,96
rising,36999,36990,36999,9
rearing,37090,36999,37090,91
rising,37091,37090,37091,1
climbing,37132,37091,37132,41
walking,37164,37132,37164,32
sniffing,37229,37164,37229,65
climbing,37276,37229,37276,47
walking,37302,37276,37302,26
stepping,37336,37302,37336,34
climbing,37404,37336,37404,68
sniffing,37449,37404,37449,45
rising,37462,37449,37462,13
climbing,37496,37462,37496,34
right_turning,37497,37496,37497,1
stepping,37519,37497,37519,22
walking,37521,37519,37521,2
rising,37584,37521,37584,63
walking,37614,37584,37614,30
rising,37636,37614,37636,22
jumping,37686,37636,37686,50
sniffing,37687,37686,37687,1
rising,37737,37687,37737,50
walking,37840,37737,37840,103
left_turning,37894,37840,37894,54
sniffing,37903,37894,37903,9
climbing,37928,37903,37928,25
walking,37940,37928,37940,12
rearing,37941,37940,37941,1
rising,37942,37941,37942,1
climbing,37998,37942,37998,56
running,38010,37998,38010,12
walking,38011,38010,38011,1
sniffing,38019,38011,38019,8
walking,38027,38019,38027,8
rising,38103,38027,38103,76
grooming,38224,38103,38224,121
rearing,38225,38224,38225,1
left_turning,38279,38225,38279,54
walking,38300,38279,38300,21
sniffing,38387,38300,38387,87
rearing,38505,38387,38505,118
grooming,38798,38505,38798,293
sniffing,38799,38798,38799,1
grooming,38800,38799,38800,1
rearing,38885,38800,38885,85
sniffing,38886,38885,38886,1
rising,38899,38886,38899,13
climbing,38929,38899,38929,30
rising,38930,38929,38930,1
sniffing,38973,38930,38973,43
rising,38984,38973,38984,11
sniffing,39089,38984,39089,105
walking,39117,39089,39117,28
left_turning,39145,39117,39145,28
walking,39187,39145,39187,42
running,39214,39187,39214,27
sniffing,39238,39214,39238,24
stepping,39271,39238,39271,33
sniffing,39305,39271,39305,34
right_turning,39321,39305,39321,16
grooming,39322,39321,39322,1
rising,39390,39322,39390,68
walking,39450,39390,39450,60
rearing,39579,39450,39579,129
climbing,39640,39579,39640,61
left_turning,39652,39640,39652,12
sniffing,39653,39652,39653,1
right_turning,39658,39653,39658,5
sniffing,39677,39658,39677,19
grooming,39700,39677,39700,23
walking,39707,39700,39707,7
sniffing,39761,39707,39761,54
left_turning,39770,39761,39770,9
trotting,39780,39770,39780,10
sniffing,39792,39780,39792,12
climbing,39826,39792,39826,34
running,39850,39826,39850,24
sniffing,39902,39850,39902,52
rearing,39937,39902,39937,35
climbing,39939,39937,39939,2
rearing,40023,39939,40023,84
climbing,40041,40023,40041,18
running,40079,40041,40079,38
walking,40086,40079,40086,7
climbing,40099,40086,40099,13
left_turning,40126,40099,40126,27
sniffing,40168,40126,40168,42
rising,40169,40168,40169,1
sniffing,40264,40169,40264,95
rearing,40299,40264,40299,35
grooming,40407,40299,40407,108
rearing,40447,40407,40447,40
stepping,40472,40447,40472,25
rising,40541,40472,40541,69
walking,40594,40541,40594,53
sniffing,40599,40594,40599,5
left_turning,40601,40599,40601,2
walking,40603,40601,40603,2
rearing,40604,40603,40604,1
jumping,40610,40604,40610,6
rising,40622,40610,40622,12
left_turning,40627,40622,40627,5
walking,40664,40627,40664,37
sniffing,40706,40664,40706,42
left_turning,40735,40706,40735,29
sniffing,40780,40735,40780,45
grooming,41011,40780,41011,231
rearing,41012,41011,41012,1
grooming,41013,41012,41013,1
rearing,41014,41013,41014,1
grooming,41037,41014,41037,23
walking,41048,41037,41048,11
sniffing,41049,41048,41049,1
rising,41054,41049,41054,5
rearing,41162,41054,41162,108
climbing,41199,41162,41199,37
trotting,41233,41199,41233,34
sniffing,41314,41233,41314,81
rising,41330,41314,41330,16
sniffing,41480,41330,41480,150
grooming,41481,41480,41481,1
hunching,41540,41481,41540,59
stepping,41590,41540,41590,50
trotting,41615,41590,41615,25
walking,41662,41615,41662,47
sniffing,41688,41662,41688,26
rising,41726,41688,41726,38
sniffing,41828,41726,41828,102
walking,41891,41828,41891,63
sniffing,41937,41891,41937,46
walking,42037,41937,42037,100
sniffing,42044,42037,42044,7
trotting,42073,42044,42073,29
sniffing,42074,42073,42074,1
rising,42075,42074,42075,1
climbing,42118,42075,42118,43
walking,42148,42118,42148,30
sniffing,42240,42148,42240,92
climbing,42286,42240,42286,46
right_turning,42287,42286,42287,1
walking,42333,42287,42333,46
climbing,42395,42333,42395,62
left_turning,42435,42395,42435,40
walking,42467,42435,42467,32
trotting,42495,42467,42495,28
sniffing,42606,42495,42606,111
rearing,42660,42606,42660,54
rising,42661,42660,42661,1
walking,42715,42661,42715,54
rearing,42738,42715,42738,23
climbing,42751,42738,42751,13
rising,42790,42751,42790,39
grooming,42979,42790,42979,189
rearing,43025,42979,43025,46
sniffing,43026,43025,43026,1
rising,43055,43026,43055,29
climbing,43090,43055,43090,35
walking,43165,43090,43165,75
left_turning,43166,43165,43166,1
climbing,43217,43166,43217,51
running,43218,43217,43218,1
walking,43249,43218,43249,31
sniffing,43261,43249,43261,12
climbing,43288,43261,43288,27
rearing,43289,43288,43289,1
grooming,43446,43289,43446,157
rising,43447,43446,43447,1
rearing,43448,43447,43448,1
jumping,43519,43448,43519,71
walking,43558,43519,43558,39
climbing,43618,43558,43618,60
rearing,43662,43618,43662,44
climbing,43669,43662,43669,7
hunching,43848,43669,43848,179
right_turning,43870,43848,43870,22
rising,43922,43870,43922,52
sniffing,43939,43922,43939,17
rising,43947,43939,43947,8
sniffing,43971,43947,43971,24
hunching,44045,43971,44045,74
rising,44046,44045,44046,1
sniffing,44088,44046,44088,42
left_turning,44089,44088,44089,1
rising,44143,44089,44143,54
sniffing,44144,44143,44144,1
walking,44230,44144,44230,86
climbing,44231,44230,44231,1
grooming,44518,44231,44518,287
walking,44555,44518,44555,37
sniffing,44588,44555,44588,33
trotting,44595,44588,44595,7
sniffing,44605,44595,44605,10
jumping,44681,44605,44681,76
rising,44682,44681,44682,1
sniffing,44701,44682,44701,19
trotting,44734,44701,44734,33
rising,44783,44734,44783,49
sniffing,44887,44783,44887,104
rising,44947,44887,44947,60
climbing,45006,44947,45006,59
sniffing,45086,45006,45086,80
walking,45094,45086,45094,8
sniffing,45210,45094,45210,116
grooming,45648,45210,45648,438
rearing,45952,45648,45952,304
grooming,47148,45952,47148,1196
left_turning,47149,47148,47149,1
trotting,47192,47149,47192,43
walking,47193,47192,47193,1
sniffing,47239,47193,47239,46
rising,47289,47239,47289,50
climbing,47290,47289,47290,1
right_turning,47307,47290,47307,17
walking,47340,47307,47340,33
sniffing,47341,47340,47341,1
running,47345,47341,47345,4
walking,47395,47345,47395,50
sniffing,47424,47395,47424,29
walking,47434,47424,47434,10
climbing,47468,47434,47468,34
trotting,47479,47468,47479,11
walking,47480,47479,47480,1
left_turning,47481,47480,47481,1
sniffing,47482,47481,47482,1
grooming,47483,47482,47483,1
rising,47484,47483,47484,1
climbing,47551,47484,47551,67
sniffing,47552,47551,47552,1
hunching,47558,47552,47558,6
grooming,47559,47558,47559,1
rearing,47561,47559,47561,2
rising,47606,47561,47606,45
left_turning,47656,47606,47656,50
sniffing,47701,47656,47701,45
rising,47736,47701,47736,35
rearing,47810,47736,47810,74
stepping,47844,47810,47844,34
sniffing,47895,47844,47895,51
climbing,47928,47895,47928,33
right_turning,47941,47928,47941,13
climbing,47995,47941,47995,54
left_turning,47996,47995,47996,1
rising,48077,47996,48077,81
left_turning,48078,48077,48078,1
trotting,48108,48078,48108,30
walking,48152,48108,48152,44
sniffing,48153,48152,48153,1
left_turning,48155,48153,48155,2
rising,48187,48155,48187,32
climbing,48284,48187,48284,97
walking,48293,48284,48293,9
sniffing,48334,48293,48334,41
climbing,48335,48334,48335,1
sniffing,48340,48335,48340,5
left_turning,48404,48340,48404,64
walking,48405,48404,48405,1
sniffing,48469,48405,48469,64
rising,48470,48469,48470,1
sniffing,48471,48470,48471,1
climbing,48528,48471,48528,57
rearing,48529,48528,48529,1
walking,48551,48529,48551,22
trotting,48603,48551,48603,52
walking,48606,48603,48606,3
trotting,48630,48606,48630,24
sniffing,48690,48630,48690,60
pausing,48984,48690,48984,294
hunching,49046,48984,49046,62
climbing,49070,49046,49070,24
trotting,49082,49070,49082,12
running,49112,49082,49112,30
sniffing,49234,49112,49234,122
grooming,49235,49234,49235,1
stepping,49267,49235,49267,32
walking,49274,49267,49274,7
climbing,49286,49274,49286,12
rising,49287,49286,49287,1
climbing,49342,49287,49342,55
stepping,49343,49342,49343,1
sniffing,49344,49343,49344,1
rearing,49470,49344,49470,126
grooming,49471,49470,49471,1
rearing,49484,49471,49484,13
rising,49488,49484,49488,4
climbing,49580,49488,49580,92
rearing,49581,49580,49581,1
sniffing,49635,49581,49635,54
walking,49654,49635,49654,19
sniffing,49716,49654,49716,62
walking,49730,49716,49730,14
sniffing,49731,49730,49731,1
walking,49758,49731,49758,27
rising,49812,49758,49812,54
climbing,49843,49812,49843,31
right_turning,49877,49843,49877,34
stepping,49909,49877,49909,32
sniffing,49999,49909,49999,90
climbing,50002,49999,50002,3
walking,50010,50002,50010,8
hunching,50011,50010,50011,1
stepping,50078,50011,50078,67
sniffing,50176,50078,50176,98
walking,50187,50176,50187,11
sniffing,50309,50187,50309,122
walking,50348,50309,50348,39
rising,50378,50348,50378,30
sniffing,50398,50378,50398,20
climbing,50400,50398,50400,2
rising,50401,50400,50401,1
climbing,50471,50401,50471,70
left_turning,50472,50471,50472,1
sniffing,50473,50472,50473,1
left_turning,50670,50473,50670,197
right_turning,50705,50670,50705,35
hunching,50706,50705,50706,1
sniffing,50721,50706,50721,15
walking,50728,50721,50728,7
rising,50729,50728,50729,1
left_turning,50809,50729,50809,80
walking,50817,50809,50817,8
sniffing,50825,50817,50825,8
left_turning,50873,50825,50873,48
sniffing,50898,50873,50898,25
climbing,50899,50898,50899,1
walking,50913,50899,50913,14
sniffing,50944,50913,50944,31
right_turning,50984,50944,50984,40
sniffing,51011,50984,51011,27
right_turning,51022,51011,51022,11
trotting,51023,51022,51023,1
walking,51062,51023,51062,39
sniffing,51122,51062,51122,60
grooming,51263,51122,51263,141
sniffing,51337,51263,51337,74
trotting,51353,51337,51353,16
walking,51355,51353,51355,2
sniffing,51356,51355,51356,1
climbing,51383,51356,51383,27
right_turning,51396,51383,51396,13
sniffing,51425,51396,51425,29
walking,51443,51425,51443,18
climbing,51536,51443,51536,93
right_turning,51554,51536,51554,18
trotting,51593,51554,51593,39
rising,51597,51593,51597,4
rearing,51598,51597,51598,1
hunching,51621,51598,51621,23
rearing,51730,51621,51730,109
sniffing,51731,51730,51731,1
trotting,51753,51731,51753,22
sniffing,51886,51753,51886,133
left_turning,51887,51886,51887,1
sniffing,51907,51887,51907,20
left_turning,51909,51907,51909,2
sniffing,51958,51909,51958,49
rearing,52063,51958,52063,105
left_turning,52065,52063,52065,2
climbing,52124,52065,52124,59
stepping,52151,52124,52151,27
left_turning,52152,52151,52152,1
sniffing,52220,52152,52220,68
walking,52262,52220,52262,42
left_turning,52265,52262,52265,3
sniffing,52293,52265,52293,28
rising,52304,52293,52304,11
sniffing,52305,52304,52305,1
walking,52336,52305,52336,31
sniffing,52363,52336,52363,27
walking,52381,52363,52381,18
trotting,52432,52381,52432,51
left_turning,52486,52432,52486,54
walking,52487,52486,52487,1
stepping,52526,52487,52526,39
sniffing,52554,52526,52554,28
rising,52616,52554,52616,62
trotting,52639,52616,52639,23
sniffing,52677,52639,52677,38
rising,52697,52677,52697,20
walking,52722,52697,52722,25
sniffing,52723,52722,52723,1
left_turning,52785,52723,52785,62
walking,52797,52785,52797,12
sniffing,52888,52797,52888,91
left_turning,52889,52888,52889,1
sniffing,52911,52889,52911,22
rising,52949,52911,52949,38
grooming,53051,52949,53051,102
rearing,53053,53051,53053,2
walking,53064,53053,53064,11
left_turning,53065,53064,53065,1
trotting,53069,53065,53069,4
stepping,53076,53069,53076,7
left_turning,53101,53076,53101,25
walking,53147,53101,53147,46
climbing,53215,53147,53215,68
sniffing,53301,53215,53301,86
rising,53321,53301,53321,20
climbing,53368,53321,53368,47
rising,53399,53368,53399,31
rearing,53522,53399,53522,123
trotting,53553,53522,53553,31
rising,53583,53553,53583,30
walking,53584,53583,53584,1
rising,53618,53584,53618,34
climbing,53676,53618,53676,58
hunching,53744,53676,53744,68
rising,53745,53744,53745,1
rearing,53807,53745,53807,62
sniffing,53808,53807,53808,1
climbing,53821,53808,53821,13
rising,53843,53821,53843,22
left_turning,53859,53843,53859,16
walking,53934,53859,53934,75
sniffing,54023,53934,54023,89
stepping,54072,54023,54072,49
rising,54086,54072,54086,14
sniffing,54112,54086,54112,26
climbing,54139,54112,54139,27
rising,54143,54139,54143,4
climbing,54189,54143,54189,46
rising,54238,54189,54238,49
sniffing,54411,54238,54411,173
climbing,54470,54411,54470,59
sniffing,54471,54470,54471,1
left_turning,54488,54471,54488,17
sniffing,54546,54488,54546,58
walking,54603,54546,54603,57
sniffing,54635,54603,54635,32
stepping,54670,54635,54670,35
sniffing,54808,54670,54808,138
right_turning,54842,54808,54842,34
trotting,54865,54842,54865,23
sniffing,54871,54865,54871,6
climbing,54918,54871,54918,47
sniffing,54974,54918,54974,56
rising,54990,54974,54990,16
climbing,55088,54990,55088,98
walking,55129,55088,55129,41
sniffing,55143,55129,55143,14
walking,55160,55143,55160,17
rising,55282,55160,55282,122
rearing,55283,55282,55283,1
rising,55596,55283,55596,313
walking,55597,55596,55597,1
sniffing,55694,55597,55694,97
rising,55949,55694,55949,255
climbing,55960,55949,55960,11
walking,56009,55960,56009,49
climbing,56068,56009,56068,59
sniffing,56142,56068,56142,74
walking,56143,56142,56143,1
sniffing,56144,56143,56144,1
walking,56145,56144,56145,1
trotting,56180,56145,56180,35
rising,56181,56180,56181,1
left_turning,56241,56181,56241,60
stepping,56272,56241,56272,31
rearing,56435,56272,56435,163
climbing,56475,56435,56475,40
walking,56487,56475,56487,12
sniffing,56535,56487,56535,48
climbing,56582,56535,56582,47
sniffing,56583,56582,56583,1
pausing,56584,56583,56584,1
sniffing,56695,56584,56695,111
walking,56702,56695,56702,7
sniffing,56753,56702,56753,51
rising,56754,56753,56754,1
climbing,56763,56754,56763,9
grooming,56933,56763,56933,170
sniffing,57029,56933,57029,96
running,57064,57029,57064,35
sniffing,57068,57064,57068,4
walking,57094,57068,57094,26
sniffing,57186,57094,57186,92
left_turning,57237,57186,57237,51
sniffing,57267,57237,57267,30
stepping,57268,57267,57268,1
rearing,57281,57268,57281,13
sniffing,57321,57281,57321,40
walking,57341,57321,57341,20
sniffing,57351,57341,57351,10
left_turning,57352,57351,57352,1
walking,57353,57352,57353,1
left_turning,57361,57353,57361,8
sniffing,57414,57361,57414,53
right_turning,57415,57414,57415,1
stepping,57416,57415,57416,1
walking,57496,57416,57496,80
climbing,57555,57496,57555,59
sniffing,57556,57555,57556,1
rising,57572,57556,57572,16
grooming,57888,57572,57888,316
stepping,57907,57888,57907,19
climbing,57943,57907,57943,36
trotting,57963,57943,57963,20
sniffing,57978,57963,57978,15
climbing,58013,57978,58013,35
sniffing,58014,58013,58014,1
walking,58083,58014,58083,69
sniffing,58110,58083,58110,27
rising,58114,58110,58114,4
stepping,58127,58114,58127,13
sniffing,58196,58127,58196,69
walking,58244,58196,58244,48
running,58293,58244,58293,49
rearing,58327,58293,58327,34
sniffing,58377,58327,58377,50
left_turning,58378,58377,58378,1
sniffing,58498,58378,58498,120
rising,58568,58498,58568,70
climbing,58624,58568,58624,56
rearing,58725,58624,58725,101
grooming,58819,58725,58819,94
right_turning,58874,58819,58874,55
walking,58875,58874,58875,1
climbing,58959,58875,58959,84
rising,59138,58959,59138,179
climbing,59188,59138,59188,50
hunching,59248,59188,59248,60
right_turning,59257,59248,59257,9
walking,59313,59257,59313,56
sniffing,59404,59313,59404,91
climbing,59478,59404,59478,74
hunching,59533,59478,59533,55
right_turning,59567,59533,59567,34
walking,59596,59567,59596,29
trotting,59626,59596,59626,30
sniffing,59627,59626,59627,1
walking,59668,59627,59668,41
rising,59681,59668,59681,13
stepping,59703,59681,59703,22
sniffing,59704,59703,59704,1
left_turning,59739,59704,59739,35
sniffing,59740,59739,59740,1
rising,59790,59740,59790,50
trotting,59791,59790,59791,1
grooming,59893,59791,59893,102
rearing,60066,59893,60066,173
grooming,60067,60066,60067,1
trotting,60097,60067,60097,30
rising,60106,60097,60106,9
rearing,60107,60106,60107,1
rising,60146,60107,60146,39
rearing,60165,60146,60165,19
climbing,60217,60165,60217,52
rising,60285,60217,60285,68
hunching,60340,60285,60340,55
sniffing,60499,60340,60499,159
right_turning,60525,60499,60525,26
rising,60566,60525,60566,41
sniffing,60599,60566,60599,33
left_turning,60610,60599,60610,11
walking,60629,60610,60629,19
rising,60630,60629,60630,1
grooming,61032,60630,61032,402
hunching,61033,61032,61033,1
rising,61034,61033,61034,1
climbing,61038,61034,61038,4
sniffing,61039,61038,61039,1
rising,61040,61039,61040,1
rearing,61041,61040,61041,1
rising,61063,61041,61063,22
right_turning,61082,61063,61082,19
sniffing,61126,61082,61126,44
walking,61140,61126,61140,14
left_turning,61160,61140,61160,20
sniffing,61249,61160,61249,89
right_turning,61255,61249,61255,6
walking,61290,61255,61290,35
rising,61372,61290,61372,82
climbing,61373,61372,61373,1
left_turning,61399,61373,61399,26
walking,61400,61399,61400,1
sniffing,61401,61400,61401,1
climbing,61431,61401,61431,30
right_turning,61448,61431,61448,17
sniffing,61534,61448,61534,86
climbing,61630,61534,61630,96
running,61667,61630,61667,37
walking,61679,61667,61679,12
sniffing,61724,61679,61724,45
walking,61759,61724,61759,35
left_turning,61760,61759,61760,1
sniffing,61762,61760,61762,2
rising,61804,61762,61804,42
climbing,61858,61804,61858,54
grooming,61859,61858,61859,1
walking,61874,61859,61874,15
sniffing,61928,61874,61928,54
stepping,62045,61928,62045,117
sniffing,62075,62045,62075,30
rising,62076,62075,62076,1
right_turning,62094,62076,62094,18
walking,62121,62094,62121,27
stepping,62142,62121,62142,21
sniffing,62151,62142,62151,9
walking,62178,62151,62178,27
sniffing,62202,62178,62202,24
rising,62203,62202,62203,1
hunching,62245,62203,62245,42
right_turning,62267,62245,62267,22
walking,62291,62267,62291,24
stepping,62301,62291,62301,10
walking,62340,62301,62340,39
sniffing,62404,62340,62404,64
walking,62415,62404,62415,11
sniffing,62429,62415,62429,14
rising,62446,62429,62446,17
sniffing,62454,62446,62454,8
rearing,62466,62454,62466,12
grooming,62467,62466,62467,1
hunching,62494,62467,62494,27
climbing,62546,62494,62546,52
rising,62553,62546,62553,7
sniffing,62554,62553,62554,1
rising,62558,62554,62558,4
climbing,62605,62558,62605,47
rising,62661,62605,62661,56
jumping,62738,62661,62738,77
right_turning,62741,62738,62741,3
sniffing,62826,62741,62826,85
rising,62866,62826,62866,40
walking,62889,62866,62889,23
left_turning,62931,62889,62931,42
walking,62978,62931,62978,47
sniffing,62979,62978,62979,1
walking,62991,62979,62991,12
sniffing,63001,62991,63001,10
walking,63006,63001,63006,5
sniffing,63194,63006,63194,188
rising,63269,63194,63269,75
hunching,63312,63269,63312,43
climbing,63344,63312,63344,32
rising,63541,63344,63541,197
climbing,63542,63541,63542,1
stepping,63592,63542,63592,50
sniffing,63694,63592,63694,102
rising,63729,63694,63729,35
left_turning,63730,63729,63730,1
climbing,63766,63730,63766,36
grooming,64493,63766,64493,727
sniffing,64549,64493,64549,56
rising,64578,64549,64578,29
sniffing,64590,64578,64590,12
rising,64597,64590,64597,7
climbing,64627,64597,64627,30
trotting,64673,64627,64673,46
left_turning,64715,64673,64715,42
sniffing,64727,64715,64727,12
left_turning,64738,64727,64738,11
climbing,64739,64738,64739,1
walking,64747,64739,64747,8
rearing,64807,64747,64807,60
grooming,65145,64807,65145,338
climbing,65154,65145,65154,9
rising,65219,65154,65219,65
climbing,65229,65219,65229,10
right_turning,65242,65229,65242,13
walking,65268,65242,65268,26
stepping,65302,65268,65302,34
sniffing,65377,65302,65377,75
hunching,65438,65377,65438,61
rising,65444,65438,65444,6
rearing,65445,65444,65445,1
climbing,65446,65445,65446,1
grooming,65459,65446,65459,13
sniffing,65540,65459,65540,81
walking,65569,65540,65569,29
rearing,65571,65569,65571,2
sniffing,65660,65571,65660,89
rising,65661,65660,65661,1
sniffing,65662,65661,65662,1
walking,65703,65662,65703,41
sniffing,65727,65703,65727,24
left_turning,65741,65727,65741,14
sniffing,65830,65741,65830,89
trotting,65831,65830,65831,1
walking,65882,65831,65882,51
sniffing,65974,65882,65974,92
left_turning,66037,65974,66037,63
walking,66081,66037,66081,44
left_turning,66117,66081,66117,36
running,66163,66117,66163,46
walking,66230,66163,66230,67
climbing,66275,66230,66275,45
right_turning,66276,66275,66276,1
sniffing,66277,66276,66277,1
rising,66386,66277,66386,109
walking,66447,66386,66447,61
sniffing,66502,66447,66502,55
rising,66563,66502,66563,61
walking,66596,66563,66596,33
stepping,66617,66596,66617,21
climbing,66618,66617,66618,1
sniffing,66619,66618,66619,1
left_turning,66738,66619,66738,119
sniffing,66803,66738,66803,65
stepping,66822,66803,66822,19
sniffing,66916,66822,66916,94
rising,66925,66916,66925,9
rearing,67152,66925,67152,227
climbing,67190,67152,67190,38
hunching,67268,67190,67268,78
trotting,67310,67268,67310,42
sniffing,67351,67310,67351,41
rising,67352,67351,67352,1
climbing,67407,67352,67407,55
trotting,67441,67407,67441,34
stepping,67443,67441,67443,2
sniffing,67444,67443,67444,1
rising,67508,67444,67508,64
sniffing,67757,67508,67757,249
stepping,67797,67757,67797,40
sniffing,67853,67797,67853,56
rising,67893,67853,67893,40
climbing,67951,67893,67951,58
sniffing,68029,67951,68029,78
climbing,68132,68029,68132,103
hunching,68246,68132,68246,114
rearing,68368,68246,68368,122
sniffing,68414,68368,68414,46
rising,68454,68414,68454,40
climbing,68455,68454,68455,1
sniffing,68633,68455,68633,178
climbing,68668,68633,68668,35
walking,68714,68668,68714,46
rising,68791,68714,68791,77
sniffing,68844,68791,68844,53
left_turning,68895,68844,68895,51
rising,68896,68895,68896,1
stepping,68930,68896,68930,34
sniffing,68999,68930,68999,69
stepping,69019,68999,69019,20
climbing,69086,69019,69086,67
rearing,69128,69086,69128,42
running,69151,69128,69151,23
stepping,69178,69151,69178,27
rising,69195,69178,69195,17
left_turning,69241,69195,69241,46
sniffing,69266,69241,69266,25
rising,69267,69266,69267,1
climbing,69323,69267,69323,56
walking,69331,69323,69331,8
rising,69332,69331,69332,1
climbing,69494,69332,69494,162
rising,69495,69494,69495,1
sniffing,69513,69495,69513,18
grooming,69514,69513,69514,1
sniffing,69627,69514,69627,113
walking,69638,69627,69638,11
rising,69646,69638,69646,8
climbing,69715,69646,69715,69
walking,69739,69715,69739,24
left_turning,69762,69739,69762,23
rearing,69763,69762,69763,1
grooming,70169,69763,70169,406
left_turning,70170,70169,70170,1
walking,70171,70170,70171,1
sniffing,70203,70171,70203,32
right_turning,70228,70203,70228,25
walking,70280,70228,70280,52
rising,70281,70280,70281,1
sniffing,70324,70281,70324,43
climbing,70354,70324,70354,30
running,70364,70354,70364,10
right_turning,70376,70364,70376,12
trotting,70408,70376,70408,32
sniffing,70501,70408,70501,93
left_turning,70530,70501,70530,29
running,70547,70530,70547,17
walking,70603,70547,70603,56
sniffing,70663,70603,70663,60
rearing,70686,70663,70686,23
grooming,70696,70686,70696,10
sniffing,70781,70696,70781,85
left_turning,70847,70781,70847,66
sniffing,70848,70847,70848,1
right_turning,70875,70848,70875,27
walking,70897,70875,70897,22
sniffing,70981,70897,70981,84
rising,71056,70981,71056,75
sniffing,71075,71056,71075,19
walking,71084,71075,71084,9
sniffing,71085,71084,71085,1
walking,71086,71085,71086,1
sniffing,71087,71086,71087,1
trotting,71088,71087,71088,1
sniffing,71167,71088,71167,79
walking,71228,71167,71228,61
sniffing,71252,71228,71252,24
right_turning,71272,71252,71272,20
stepping,71368,71272,71368,96
sniffing,71443,71368,71443,75
pausing,71593,71443,71593,150
sniffing,71776,71593,71776,183
walking,71801,71776,71801,25
rising,71823,71801,71823,22
climbing,71845,71823,71845,22
right_turning,71869,71845,71869,24
hunching,71878,71869,71878,9
grooming,71979,71878,71979,101
left_turning,71988,71979,71988,9
trotting,71993,71988,71993,5
sniffing,72062,71993,72062,69
grooming,72409,72062,72409,347
hunching,72537,72409,72537,128
grooming,72766,72537,72766,229
rising,72774,72766,72774,8
rearing,72834,72774,72834,60
grooming,73123,72834,73123,289
sniffing,73200,73123,73200,77
left_turning,73201,73200,73201,1
stepping,73237,73201,73237,36
sniffing,73250,73237,73250,13
left_turning,73302,73250,73302,52
sniffing,73332,73302,73332,30
climbing,73403,73332,73403,71
sniffing,73453,73403,73453,50
climbing,73484,73453,73484,31
rising,73485,73484,73485,1
climbing,73501,73485,73501,16
sniffing,73502,73501,73502,1
left_turning,73511,73502,73511,9
sniffing,73523,73511,73523,12
climbing,73579,73523,73579,56
rising,73618,73579,73618,39
hunching,73619,73618,73619,1
rising,73638,73619,73638,19
sniffing,73722,73638,73722,84
climbing,73745,73722,73745,23
grooming,73746,73745,73746,1
climbing,73765,73746,73765,19
hunching,73810,73765,73810,45
sniffing,73811,73810,73811,1
rising,73846,73811,73846,35
rearing,73847,73846,73847,1
grooming,73848,73847,73848,1
rearing,73849,73848,73849,1
sniffing,73903,73849,73903,54
grooming,74139,73903,74139,236
climbing,74203,74139,74203,64
walking,74221,74203,74221,18
rising,74278,74221,74278,57
climbing,74279,74278,74279,1
sniffing,74310,74279,74310,31
rising,74328,74310,74328,18
climbing,74342,74328,74342,14
right_turning,74386,74342,74386,44
walking,74387,74386,74387,1
sniffing,74397,74387,74397,10
left_turning,74439,74397,74439,42
sniffing,74495,74439,74495,56
rising,74516,74495,74516,21
climbing,74588,74516,74588,72
rising,74625,74588,74625,37
climbing,74684,74625,74684,59
walking,74754,74684,74754,70
rising,74783,74754,74783,29
sniffing,74807,74783,74807,24
rearing,74837,74807,74837,30
walking,74857,74837,74857,20
sniffing,74888,74857,74888,31
walking,74900,74888,74900,12
sniffing,74911,74900,74911,11
left_turning,74934,74911,74934,23
walking,74961,74934,74961,27
rising,74992,74961,74992,31
climbing,74999,74992,74999,7
right_turning,75033,74999,75033,34
climbing,75076,75033,75076,43
walking,75142,75076,75142,66
hunching,75153,75142,75153,11
sniffing,75229,75153,75229,76
rearing,75242,75229,75242,13
climbing,75327,75242,75327,85
rearing,75450,75327,75450,123
climbing,75478,75450,75478,28
walking,75509,75478,75509,31
climbing,75570,75509,75570,61
grooming,75571,75570,75571,1
hunching,75572,75571,75572,1
sniffing,75653,75572,75653,81
grooming,75806,75653,75806,153
rearing,75844,75806,75844,38
climbing,75864,75844,75864,20
right_turning,75887,75864,75887,23
rising,75888,75887,75888,1
walking,75907,75888,75907,19
sniffing,75908,75907,75908,1
walking,75925,75908,75925,17
sniffing,75991,75925,75991,66
rising,76013,75991,76013,22
climbing,76039,76013,76039,26
sniffing,76047,76039,76047,8
climbing,76048,76047,76048,1
sniffing,76068,76048,76068,20
stepping,76102,76068,76102,34
climbing,76140,76102,76140,38
hunching,76212,76140,76212,72
sniffing,76263,76212,76263,51
left_turning,76286,76263,76286,23
sniffing,76324,76286,76324,38
left_turning,76340,76324,76340,16
walking,76349,76340,76349,9
sniffing,76351,76349,76351,2
walking,76383,76351,76383,32
left_turning,76385,76383,76385,2
rising,76440,76385,76440,55
sniffing,76441,76440,76441,1
hunching,76461,76441,76461,20
walking,76514,76461,76514,53
stepping,76545,76514,76545,31
hunching,76588,76545,76588,43
climbing,76616,76588,76616,28
walking,76623,76616,76623,7
sniffing,76679,76623,76679,56
hunching,76773,76679,76773,94
rising,76774,76773,76774,1
climbing,76800,76774,76800,26
hunching,76894,76800,76894,94
climbing,76928,76894,76928,34
right_turning,76944,76928,76944,16
rising,76994,76944,76994,50
sniffing,76995,76994,76995,1
rising,77013,76995,77013,18
climbing,77100,77013,77100,87
trotting,77102,77100,77102,2
sniffing,77147,77102,77147,45
walking,77166,77147,77166,19
sniffing,77213,77166,77213,47
climbing,77262,77213,77262,49
sniffing,77333,77262,77333,71
rising,77338,77333,77338,5
rearing,77418,77338,77418,80
grooming,77419,77418,77419,1
walking,77439,77419,77439,20
sniffing,77469,77439,77469,30
climbing,77493,77469,77493,24
trotting,77504,77493,77504,11
left_turning,77529,77504,77529,25
sniffing,77569,77529,77569,40
rising,77593,77569,77593,24
climbing,77639,77593,77639,46
rising,77640,77639,77640,1
sniffing,77839,77640,77839,199
rising,77876,77839,77876,37
climbing,77923,77876,77923,47
walking,77966,77923,77966,43
sniffing,78044,77966,78044,78
hunching,78136,78044,78136,92
climbing,78165,78136,78165,29
jumping,78166,78165,78166,1
walking,78193,78166,78193,27
stepping,78194,78193,78194,1
walking,78195,78194,78195,1
sniffing,78196,78195,78196,1
rearing,78210,78196,78210,14
rising,78331,78210,78331,121
climbing,78380,78331,78380,49
rising,78381,78380,78381,1
sniffing,78437,78381,78437,56
walking,78438,78437,78438,1
rearing,78589,78438,78589,151
climbing,78640,78589,78640,51
walking,78707,78640,78707,67
stepping,78709,78707,78709,2
walking,78714,78709,78714,5
sniffing,78715,78714,78715,1
left_turning,78716,78715,78716,1
sniffing,78794,78716,78794,78
rearing,78810,78794,78810,16
sniffing,78846,78810,78846,36
walking,78878,78846,78878,32
rising,78879,78878,78879,1
climbing,78880,78879,78880,1
sniffing,78975,78880,78975,95
rearing,79017,78975,79017,42
left_turning,79148,79017,79148,131
sniffing,79200,79148,79200,52
pausing,79349,79200,79349,149
sniffing,79374,79349,79374,25
stepping,79400,79374,79400,26
sniffing,79445,79400,79445,45
left_turning,79521,79445,79521,76
stepping,79544,79521,79544,23
sniffing,79588,79544,79588,44
rising,79589,79588,79589,1
stepping,79639,79589,79639,50
sniffing,79724,79639,79724,85
climbing,79814,79724,79814,90
right_turning,79839,79814,79839,25
walking,79854,79839,79854,15
hunching,79969,79854,79969,115
rising,80013,79969,80013,44
sniffing,80125,80013,80125,112
grooming,80146,80125,80146,21
sniffing,80192,80146,80192,46
rising,80193,80192,80193,1
climbing,80235,80193,80235,42
left_turning,80259,80235,80259,24
running,80289,80259,80289,30
right_turning,80297,80289,80297,8
sniffing,80355,80297,80355,58
walking,80378,80355,80378,23
rising,80428,80378,80428,50
rearing,80561,80428,80561,133
rising,80569,80561,80569,8
climbing,80578,80569,80578,9
left_turning,80579,80578,80579,1
trotting,80589,80579,80589,10
rising,80590,80589,80590,1
climbing,80627,80590,80627,37
rising,80641,80627,80641,14
climbing,80656,80641,80656,15
sniffing,80919,80656,80919,263
climbing,81060,80919,81060,141
sniffing,81086,81060,81086,26
walking,81131,81086,81131,45
rising,81150,81131,81150,19
sniffing,81245,81150,81245,95
pausing,81478,81245,81478,233
sniffing,81479,81478,81479,1
rising,81480,81479,81480,1
climbing,81503,81480,81503,23
sniffing,81505,81503,81505,2
walking,81545,81505,81545,40
sniffing,81596,81545,81596,51
left_turning,81637,81596,81637,41
sniffing,81706,81637,81706,69
trotting,81731,81706,81731,25
sniffing,81777,81731,81777,46
left_turning,81778,81777,81778,1
sniffing,81851,81778,81851,73
rising,81932,81851,81932,81
climbing,81947,81932,81947,15
rising,82005,81947,82005,58
sniffing,82037,82005,82037,32
trotting,82038,82037,82038,1
stepping,82081,82038,82081,43
rising,82113,82081,82113,32
trotting,82161,82113,82161,48
running,82203,82161,82203,42
left_turning,82204,82203,82204,1
walking,82239,82204,82239,35
sniffing,82241,82239,82241,2
walking,82263,82241,82263,22
sniffing,82327,82263,82327,64
left_turning,82381,82327,82381,54
walking,82414,82381,82414,33
sniffing,82420,82414,82420,6
grooming,82562,82420,82562,142
sniffing,82665,82562,82665,103
walking,82678,82665,82678,13
sniffing,82715,82678,82715,37
right_turning,82749,82715,82749,34
rearing,82824,82749,82824,75
grooming,82825,82824,82825,1
hunching,82826,82825,82826,1
grooming,82827,82826,82827,1
climbing,82837,82827,82837,10
rising,82889,82837,82889,52
climbing,82938,82889,82938,49
right_turning,82971,82938,82971,33
walking,82989,82971,82989,18
climbing,82990,82989,82990,1
sniffing,83017,82990,83017,27
stepping,83031,83017,83031,14
walking,83070,83031,83070,39
sniffing,83097,83070,83097,27
walking,83103,83097,83103,6
rising,83177,83103,83177,74
sniffing,83178,83177,83178,1
grooming,83179,83178,83179,1
sniffing,83285,83179,83285,106
running,83319,83285,83319,34
left_turning,83340,83319,83340,21
running,83351,83340,83351,11
sniffing,83352,83351,83352,1
left_turning,83357,83352,83357,5
walking,83403,83357,83403,46
sniffing,83425,83403,83425,22
rising,83443,83425,83443,18
walking,83488,83443,83488,45
sniffing,83504,83488,83504,16
left_turning,83505,83504,83505,1
sniffing,83596,83505,83596,91
rising,83601,83596,83601,5
sniffing,83703,83601,83703,102
left_turning,83704,83703,83704,1
walking,83727,83704,83727,23
sniffing,83755,83727,83755,28
walking,83799,83755,83799,44
sniffing,83812,83799,83812,13
rearing,83989,83812,83989,177
walking,84001,83989,84001,12
sniffing,84131,84001,84131,130
left_turning,84132,84131,84132,1
rearing,84200,84132,84200,68
right_turning,84224,84200,84224,24
walking,84312,84224,84312,88
sniffing,84313,84312,84313,1
hunching,84326,84313,84326,13
grooming,84754,84326,84754,428
climbing,84782,84754,84782,28
sniffing,84970,84782,84970,188
climbing,85062,84970,85062,92
walking,85089,85062,85089,27
rising,85119,85089,85119,30
stepping,85120,85119,85120,1
walking,85170,85120,85170,50
sniffing,85295,85170,85295,125
walking,85308,85295,85308,13
sniffing,85309,85308,85309,1
stepping,85332,85309,85332,23
trotting,85362,85332,85362,30
stepping,85385,85362,85385,23
rearing,85386,85385,85386,1
hunching,85474,85386,85474,88
climbing,85565,85474,85565,91
grooming,86232,85565,86232,667
sniffing,86263,86232,86263,31
rising,86264,86263,86264,1
sniffing,86335,86264,86335,71
rising,86380,86335,86380,45
climbing,86407,86380,86407,27
rising,86408,86407,86408,1
climbing,86433,86408,86433,25
rising,86460,86433,86460,27
hunching,86475,86460,86475,15
sniffing,86548,86475,86548,73
right_turning,86605,86548,86605,57
climbing,86608,86605,86608,3
sniffing,86764,86608,86764,156
pausing,87099,86764,87099,335
sniffing,87161,87099,87161,62
left_turning,87199,87161,87199,38
walking,87226,87199,87226,27
left_turning,87242,87226,87242,16
sniffing,87310,87242,87310,68
walking,87311,87310,87311,1
sniffing,87348,87311,87348,37
pausing,87729,87348,87729,381
sniffing,87768,87729,87768,39
climbing,87816,87768,87816,48
rising,87858,87816,87858,42
climbing,87907,87858,87907,49
rising,87947,87907,87947,40
grooming,88732,87947,88732,785
rising,88775,88732,88775,43
climbing,88834,88775,88834,59
left_turning,88835,88834,88835,1
rising,88836,88835,88836,1
rearing,88980,88836,88980,144
rising,89020,88980,89020,40
sniffing,89107,89020,89107,87
climbing,89108,89107,89108,1
stepping,89109,89108,89109,1
walking,89219,89109,89219,110
sniffing,89306,89219,89306,87
walking,89332,89306,89332,26
stepping,89373,89332,89373,41
sniffing,89409,89373,89409,36
climbing,89492,89409,89492,83
rising,89493,89492,89493,1
climbing,89550,89493,89550,57
sniffing,89677,89550,89677,127
walking,89707,89677,89707,30
rearing,89708,89707,89708,1
climbing,89738,89708,89738,30
sniffing,89739,89738,89739,1
climbing,89817,89739,89817,78
rising,89871,89817,89871,54
climbing,89901,89871,89901,30
sniffing,89934,89901,89934,33
right_turning,89971,89934,89971,37
rising,90001,89971,90001,30
sniffing,90036,90001,90036,35
grooming,90037,90036,90037,1
sniffing,90123,90037,90123,86
right_turning,90126,90123,90126,3
sniffing,90244,90126,90244,118
trotting,90249,90244,90249,5
sniffing,90269,90249,90269,20
rising,90294,90269,90294,25
sniffing,90368,90294,90368,74
rising,90431,90368,90431,63
climbing,90454,90431,90454,23
right_turning,90455,90454,90455,1
running,90475,90455,90475,20
walking,90523,90475,90523,48
rearing,90529,90523,90529,6
climbing,90530,90529,90530,1
right_turning,90531,90530,90531,1
sniffing,90569,90531,90569,38
rising,90577,90569,90577,8
sniffing,90726,90577,90726,149
walking,90750,90726,90750,24
climbing,90760,90750,90760,10
right_turning,90766,90760,90766,6
running,90793,90766,90793,27
left_turning,90850,90793,90850,57
walking,90909,90850,90909,59
rising,90910,90909,90910,1
climbing,90956,90910,90956,46
rearing,91029,90956,91029,73
rising,91054,91029,91054,25
climbing,91059,91054,91059,5
right_turning,91088,91059,91088,29
walking,91090,91088,91090,2
sniffing,91109,91090,91109,19
stepping,91127,91109,91127,18
walking,91176,91127,91176,49
rising,91244,91176,91244,68
walking,91258,91244,91258,14
sniffing,91323,91258,91323,65
rising,91397,91323,91397,74
climbing,91455,91397,91455,58
rearing,91479,91455,91479,24
sniffing,91591,91479,91591,112
grooming,91931,91591,91931,340
climbing,91976,91931,91976,45
sniffing,91986,91976,91986,10
grooming,92176,91986,92176,190
hunching,92293,92176,92293,117
climbing,92400,92293,92400,107
walking,92412,92400,92412,12
sniffing,92414,92412,92414,2
walking,92432,92414,92432,18
sniffing,92556,92432,92556,124
climbing,92625,92556,92625,69
walking,92654,92625,92654,29
sniffing,92684,92654,92684,30
rearing,92693,92684,92693,9
hunching,93032,92693,93032,339
grooming,93033,93032,93033,1
rearing,93097,93033,93097,64
rising,93151,93097,93151,54
sniffing,93234,93151,93234,83
right_turning,93250,93234,93250,16
trotting,93251,93250,93251,1
running,93252,93251,93252,1
rearing,93304,93252,93304,52
hunching,93421,93304,93421,117
trotting,93468,93421,93468,47
walking,93469,93468,93469,1
rising,93512,93469,93512,43
sniffing,93528,93512,93528,16
rearing,93530,93528,93530,2
grooming,93570,93530,93570,40
sniffing,93571,93570,93571,1
rising,93643,93571,93643,72
sniffing,93685,93643,93685,42
rearing,93744,93685,93744,59
sniffing,93767,93744,93767,23
climbing,93798,93767,93798,31
sniffing,93799,93798,93799,1
rising,93820,93799,93820,21
sniffing,93824,93820,93824,4
climbing,93887,93824,93887,63
rearing,93888,93887,93888,1
rising,93945,93888,93945,57
sniffing,94042,93945,94042,97
rising,94059,94042,94059,17
left_turning,94084,94059,94084,25
sniffing,94201,94084,94201,117
climbing,94242,94201,94242,41
walking,94267,94242,94267,25
sniffing,94348,94267,94348,81
rearing,94479,94348,94479,131
grooming,94480,94479,94480,1
sniffing,94559,94480,94559,79
grooming,94793,94559,94793,234
climbing,94844,94793,94844,51
walking,94868,94844,94868,24
rising,94953,94868,94953,85
climbing,94971,94953,94971,18
walking,95031,94971,95031,60
climbing,95135,95031,95135,104
right_turning,95178,95135,95178,43
trotting,95205,95178,95205,27
rising,95232,95205,95232,27
sniffing,95314,95232,95314,82
stepping,95355,95314,95355,41
rising,95374,95355,95374,19
sniffing,95389,95374,95389,15
climbing,95452,95389,95452,63
sniffing,95453,95452,95453,1
walking,95506,95453,95506,53
rising,95527,95506,95527,21
sniffing,95606,95527,95606,79
climbing,95640,95606,95640,34
running,95668,95640,95668,28
walking,95669,95668,95669,1
trotting,95706,95669,95706,37
rising,95747,95706,95747,41
sniffing,95748,95747,95748,1
rising,95770,95748,95770,22
climbing,95804,95770,95804,34
running,95846,95804,95846,42
rising,95847,95846,95847,1
rearing,95853,95847,95853,6
sniffing,95854,95853,95854,1
hunching,95873,95854,95873,19
rising,95874,95873,95874,1
rearing,95912,95874,95912,38
hunching,95925,95912,95925,13
climbing,95955,95925,95955,30
walking,95970,95955,95970,15
running,95990,95970,95990,20
rising,95991,95990,95991,1
sniffing,95992,95991,95992,1
right_turning,96008,95992,96008,16
trotting,96035,96008,96035,27
sniffing,96128,96035,96128,93
rising,96129,96128,96129,1
climbing,96149,96129,96149,20
sniffing,96276,96149,96276,127
stepping,96316,96276,96316,40
sniffing,96330,96316,96330,14
walking,96362,96330,96362,32
rising,96380,96362,96380,18
climbing,96438,96380,96438,58
sniffing,96654,96438,96654,216
trotting,96699,96654,96699,45
walking,96719,96699,96719,20
climbing,96776,96719,96776,57
grooming,96777,96776,96777,1
rearing,96781,96777,96781,4
sniffing,96812,96781,96812,31
rising,96813,96812,96813,1
right_turning,96834,96813,96834,21
trotting,96868,96834,96868,34
rising,96938,96868,96938,70
sniffing,97018,96938,97018,80
walking,97040,97018,97040,22
sniffing,97074,97040,97074,34
stepping,97121,97074,97121,47
left_turning,97129,97121,97129,8
stepping,97173,97129,97173,44
right_turning,97180,97173,97180,7
walking,97181,97180,97181,1
rising,97182,97181,97182,1
pausing,97220,97182,97220,38
sniffing,97269,97220,97269,49
rising,97289,97269,97289,20
walking,97317,97289,97317,28
rising,97390,97317,97390,73
sniffing,97496,97390,97496,106
trotting,97497,97496,97497,1
rising,97564,97497,97564,67
sniffing,97664,97564,97664,100
left_turning,97713,97664,97713,49
rising,97714,97713,97714,1
hunching,97809,97714,97809,95
grooming,97810,97809,97810,1
hunching,97877,97810,97877,67
rising,97926,97877,97926,49
sniffing,97927,97926,97927,1
rearing,98091,97927,98091,164
climbing,98128,98091,98128,37
hunching,98192,98128,98192,64
sniffing,98203,98192,98203,11
climbing,98235,98203,98235,32
walking,98267,98235,98267,32
rising,98312,98267,98312,45
sniffing,98362,98312,98362,50
walking,98363,98362,98363,1
sniffing,98364,98363,98364,1
walking,98408,98364,98408,44
stepping,98409,98408,98409,1
rising,98432,98409,98432,23
jumping,98433,98432,98433,1
sniffing,98445,98433,98445,12
rising,98453,98445,98453,8
climbing,98487,98453,98487,34
rearing,98550,98487,98550,63
rising,98571,98550,98571,21
sniffing,98654,98571,98654,83
climbing,98680,98654,98680,26
rearing,98744,98680,98744,64
rising,98769,98744,98769,25
sniffing,98831,98769,98831,62
rising,99002,98831,99002,171
rearing,99003,99002,99003,1
right_turning,99024,99003,99024,21
left_turning,99081,99024,99081,57
sniffing,99151,99081,99151,70
climbing,99171,99151,99171,20
rising,99172,99171,99172,1
sniffing,99183,99172,99183,11
rising,99184,99183,99184,1
rearing,99280,99184,99280,96
left_turning,99366,99280,99366,86
rising,99395,99366,99395,29
climbing,99453,99395,99453,58
rising,99469,99453,99469,16
climbing,99605,99469,99605,136
rising,99674,99605,99674,69
sniffing,99752,99674,99752,78
climbing,99753,99752,99753,1
sniffing,99827,99753,99827,74
walking,99845,99827,99845,18
left_turning,99906,99845,99906,61
sniffing,99907,99906,99907,1
stepping,99959,99907,99959,52
sniffing,99960,99959,99960,1
rising,100038,99960,100038,78
sniffing,100076,100038,100076,38
hunching,100232,100076,100232,156
trotting,100292,100232,100292,60
running,100312,100292,100312,20
left_turning,100329,100312,100329,17
sniffing,100379,100329,100379,50
rising,100380,100379,100380,1
rearing,100429,100380,100429,49
walking,100448,100429,100448,19
hunching,100487,100448,100487,39
sniffing,100562,100487,100562,75
rising,100675,100562,100675,113
sniffing,100830,100675,100830,155
hunching,100867,100830,100867,37
rising,100892,100867,100892,25
left_turning,100911,100892,100911,19
sniffing,100984,100911,100984,73
left_turning,100996,100984,100996,12
sniffing,101087,100996,101087,91
rising,101124,101087,101124,37
climbing,101190,101124,101190,66
grooming,101198,101190,101198,8
sniffing,101199,101198,101199,1
left_turning,101246,101199,101246,47
sniffing,101257,101246,101257,11
climbing,101320,101257,101320,63
walking,101329,101320,101329,9
sniffing,101364,101329,101364,35
rising,101394,101364,101394,30
sniffing,101461,101394,101461,67
rising,101477,101461,101477,16
sniffing,101629,101477,101629,152
left_turning,101630,101629,101630,1
sniffing,101668,101630,101668,38
rising,101692,101668,101692,24
rearing,101864,101692,101864,172
sniffing,101865,101864,101865,1
climbing,101866,101865,101866,1
right_turning,101892,101866,101892,26
walking,101893,101892,101893,1
sniffing,101931,101893,101931,38
rising,101984,101931,101984,53
sniffing,102094,101984,102094,110
rising,102095,102094,102095,1
rearing,102208,102095,102208,113
grooming,102245,102208,102245,37
sniffing,102255,102245,102255,10
grooming,102306,102255,102306,51
sniffing,102347,102306,102347,41
walking,102350,102347,102350,3
trotting,102392,102350,102392,42
sniffing,102393,102392,102393,1
left_turning,102438,102393,102438,45
sniffing,102470,102438,102470,32
rising,102471,102470,102471,1
sniffing,102494,102471,102494,23
rising,102498,102494,102498,4
climbing,102550,102498,102550,52
walking,102560,102550,102560,10
sniffing,102561,102560,102561,1
rising,102604,102561,102604,43
left_turning,102705,102604,102705,101
walking,102706,102705,102706,1
climbing,102769,102706,102769,63
rising,102790,102769,102790,21
right_turning,102807,102790,102807,17
walking,102849,102807,102849,42
rising,102922,102849,102922,73
climbing,102964,102922,102964,42
rising,103060,102964,103060,96
climbing,103087,103060,103087,27
rising,103116,103087,103116,29
climbing,103117,103116,103117,1
sniffing,103118,103117,103118,1
rising,103213,103118,103213,95
climbing,103296,103213,103296,83
grooming,103297,103296,103297,1
walking,103323,103297,103323,26
rising,103330,103323,103330,7
rearing,103331,103330,103331,1
grooming,103332,103331,103332,1
sniffing,103362,103332,103362,30
climbing,103412,103362,103412,50
rising,103503,103412,103503,91
sniffing,103504,103503,103504,1
left_turning,103532,103504,103532,28
sniffing,103533,103532,103533,1
pausing,103534,103533,103534,1
sniffing,103535,103534,103535,1
right_turning,103547,103535,103547,12
trotting,103567,103547,103567,20
left_turning,103584,103567,103584,17
sniffing,103651,103584,103651,67
grooming,103652,103651,103652,1
climbing,103653,103652,103653,1
trotting,103675,103653,103675,22
climbing,103676,103675,103676,1
rearing,103677,103676,103677,1
right_turning,103695,103677,103695,18
sniffing,103696,103695,103696,1
stepping,103715,103696,103715,19
sniffing,103729,103715,103729,14
right_turning,103752,103729,103752,23
stepping,103786,103752,103786,34
sniffing,103831,103786,103831,45
running,103843,103831,103843,12
rising,103864,103843,103864,21
sniffing,103865,103864,103865,1
left_turning,103919,103865,103919,54
running,103960,103919,103960,41
sniffing,104000,103960,104000,40
climbing,104055,104000,104055,55
right_turning,104068,104055,104068,13
rising,104069,104068,104069,1
grooming,104257,104069,104257,188
left_turning,104323,104257,104323,66
sniffing,104437,104323,104437,114
rising,104451,104437,104451,14
sniffing,104452,104451,104452,1
rising,104460,104452,104460,8
sniffing,104461,104460,104461,1
rising,104543,104461,104543,82
hunching,104588,104543,104588,45
grooming,105145,104588,105145,557
sniffing,105198,105145,105198,53
rearing,105199,105198,105199,1
rising,105201,105199,105201,2
hunching,105329,105201,105329,128
right_turning,105348,105329,105348,19
walking,105374,105348,105374,26
stepping,105375,105374,105375,1
sniffing,105380,105375,105380,5
right_turning,105406,105380,105406,26
rising,105443,105406,105443,37
walking,105495,105443,105495,52
rearing,105550,105495,105550,55
sniffing,105599,105550,105599,49
right_turning,105624,105599,105624,25
running,105655,105624,105655,31
walking,105656,105655,105656,1
sniffing,105695,105656,105695,39
rising,105696,105695,105696,1
climbing,105697,105696,105697,1
right_turning,105702,105697,105702,5
walking,105703,105702,105703,1
sniffing,105704,105703,105704,1
rising,105785,105704,105785,81
climbing,105829,105785,105829,44
rising,105866,105829,105866,37
left_turning,105867,105866,105867,1
sniffing,105889,105867,105889,22
rising,105938,105889,105938,49
climbing,105948,105938,105948,10
sniffing,106005,105948,106005,57
stepping,106052,106005,106052,47
walking,106053,106052,106053,1
sniffing,106105,106053,106105,52
left_turning,106158,106105,106158,53
trotting,106197,106158,106197,39
rearing,106296,106197,106296,99
right_turning,106301,106296,106301,5
running,106326,106301,106326,25
climbing,106353,106326,106353,27
rearing,106393,106353,106393,40
walking,106394,106393,106394,1
climbing,106438,106394,106438,44
rising,106590,106438,106590,152
sniffing,106618,106590,106618,28
left_turning,106666,106618,106666,48
walking,106737,106666,106737,71
sniffing,106918,106737,106918,181
rising,106960,106918,106960,42
rearing,107002,106960,107002,42
walking,107003,107002,107003,1
sniffing,107016,107003,107016,13
rising,107108,107016,107108,92
climbing,107187,107108,107187,79
sniffing,107188,107187,107188,1
left_turning,107258,107188,107258,70
walking,107295,107258,107295,37
sniffing,107301,107295,107301,6
rising,107366,107301,107366,65
climbing,107398,107366,107398,32
rearing,107514,107398,107514,116
sniffing,107632,107514,107632,118
rearing,107705,107632,107705,73
sniffing,107717,107705,107717,12
walking,107800,107717,107800,83
left_turning,107827,107800,107827,27
rising,107913,107827,107913,86
climbing,107951,107913,107951,38
trotting,107965,107951,107965,14
walking,108000,107965,108000,35
