revised_movement_label,segBoundary,segBoundary_start,segBoundary_end,length
trotting,30,0,30,30
sniffing,95,30,95,65
climbing,134,95,134,39
sniffing,164,134,164,30
climbing,215,164,215,51
right_turning,226,215,226,11
trotting,252,226,252,26
rearing,280,252,280,28
rising,286,280,286,6
right_turning,297,286,297,11
sniffing,307,297,307,10
right_turning,332,307,332,25
sniffing,407,332,407,75
rising,408,407,408,1
sniffing,409,408,409,1
hunching,473,409,473,64
grooming,474,473,474,1
sniffing,490,474,490,16
climbing,534,490,534,44
sniffing,570,534,570,36
walking,572,570,572,2
climbing,615,572,615,43
rising,628,615,628,13
rearing,721,628,721,93
grooming,775,721,775,54
rising,778,775,778,3
left_turning,797,778,797,19
walking,816,797,816,19
trotting,846,816,846,30
sniffing,890,846,890,44
walking,930,890,930,40
trotting,961,930,961,31
rising,995,961,995,34
right_turning,1022,995,1022,27
rising,1126,1022,1126,104
walking,1166,1126,1166,40
sniffing,1248,1166,1248,82
rising,1286,1248,1286,38
climbing,1334,1286,1334,48
walking,1335,1334,1335,1
sniffing,1382,1335,1382,47
grooming,1831,1382,1831,449
rearing,2121,1831,2121,290
rising,2122,2121,2122,1
sniffing,2156,2122,2156,34
rising,2215,2156,2215,59
rearing,2312,2215,2312,97
rising,2392,2312,2392,80
trotting,2399,2392,2399,7
walking,2404,2399,2404,5
trotting,2442,2404,2442,38
stepping,2460,2442,2460,18
sniffing,2461,2460,2461,1
climbing,2497,2461,2497,36
sniffing,2534,2497,2534,37
left_turning,2575,2534,2575,41
walking,2579,2575,2579,4
stepping,2609,2579,2609,30
walking,2631,2609,2631,22
stepping,2651,2631,2651,20
walking,2671,2651,2671,20
climbing,2717,2671,2717,46
trotting,2753,2717,2753,36
sniffing,2770,2753,2770,17
walking,2776,2770,2776,6
left_turning,2814,2776,2814,38
sniffing,2937,2814,2937,123
climbing,2976,2937,2976,39
right_turning,2999,2976,2999,23
walking,3024,2999,3024,25
sniffing,3090,3024,3090,66
rising,3168,3090,3168,78
sniffing,3172,3168,3172,4
climbing,3195,3172,3195,23
rising,3359,3195,3359,164
walking,3360,3359,3360,1
sniffing,3446,3360,3446,86
rising,3500,3446,3500,54
climbing,3512,3500,3512,12
left_turning,3529,3512,3529,17
rising,3564,3529,3564,35
climbing,3620,3564,3620,56
sniffing,3685,3620,3685,65
walking,3705,3685,3705,20
hunching,3773,3705,3773,68
sniffing,3817,3773,3817,44
left_turning,3818,3817,3818,1
trotting,3840,3818,3840,22
rising,3841,3840,3841,1
climbing,3876,3841,3876,35
rearing,3877,3876,3877,1
left_turning,3893,3877,3893,16
walking,3942,3893,3942,49
running,3960,3942,3960,18
left_turning,3988,3960,3988,28
sniffing,4008,3988,4008,20
trotting,4034,4008,4034,26
rising,4042,4034,4042,8
right_turning,4043,4042,4043,1
left_turning,4064,4043,4064,21
climbing,4095,4064,4095,31
rising,4137,4095,4137,42
walking,4227,4137,4227,90
climbing,4251,4227,4251,24
trotting,4280,4251,4280,29
right_turning,4281,4280,4281,1
walking,4297,4281,4297,16
left_turning,4348,4297,4348,51
sniffing,4360,4348,4360,12
rising,4361,4360,4361,1
walking,4390,4361,4390,29
left_turning,4449,4390,4449,59
sniffing,4454,4449,4454,5
left_turning,4477,4454,4477,23
sniffing,4551,4477,4551,74
rising,4571,4551,4571,20
walking,4572,4571,4572,1
sniffing,4573,4572,4573,1
running,4600,4573,4600,27
walking,4601,4600,4601,1
sniffing,4675,4601,4675,74
left_turning,4760,4675,4760,85
walking,4790,4760,4790,30
sniffing,4816,4790,4816,26
walking,4859,4816,4859,43
climbing,4915,4859,4915,56
walking,4920,4915,4920,5
sniffing,4969,4920,4969,49
stepping,4989,4969,4989,20
walking,5054,4989,5054,65
sniffing,5125,5054,5125,71
running,5126,5125,5126,1
trotting,5171,5126,5171,45
sniffing,5241,5171,5241,70
left_turning,5266,5241,5266,25
walking,5317,5266,5317,51
grooming,5334,5317,5334,17
rearing,5384,5334,5384,50
rising,5446,5384,5446,62
walking,5517,5446,5517,71
sniffing,5544,5517,5544,27
right_turning,5569,5544,5569,25
trotting,5599,5569,5599,30
walking,5707,5599,5707,108
sniffing,5744,5707,5744,37
rising,5745,5744,5745,1
climbing,5779,5745,5779,34
walking,5857,5779,5857,78
climbing,5930,5857,5930,73
trotting,5960,5930,5960,30
sniffing,6040,5960,6040,80
walking,6102,6040,6102,62
sniffing,6114,6102,6114,12
walking,6142,6114,6142,28
trotting,6153,6142,6153,11
walking,6168,6153,6168,15
rising,6372,6168,6372,204
right_turning,6373,6372,6373,1
sniffing,6432,6373,6432,59
trotting,6472,6432,6472,40
sniffing,6513,6472,6513,41
trotting,6559,6513,6559,46
walking,6566,6559,6566,7
sniffing,6644,6566,6644,78
rising,6680,6644,6680,36
climbing,6718,6680,6718,38
right_turning,6731,6718,6731,13
left_turning,6758,6731,6758,27
running,6759,6758,6759,1
sniffing,6816,6759,6816,57
right_turning,6839,6816,6839,23
trotting,6864,6839,6864,25
walking,6865,6864,6865,1
sniffing,6889,6865,6889,24
walking,6991,6889,6991,102
rising,7087,6991,7087,96
climbing,7131,7087,7131,44
walking,7132,7131,7132,1
rising,7198,7132,7198,66
left_turning,7237,7198,7237,39
sniffing,7342,7237,7342,105
rising,7374,7342,7374,32
climbing,7437,7374,7437,63
left_turning,7447,7437,7447,10
rising,7479,7447,7479,32
walking,7532,7479,7532,53
sniffing,7533,7532,7533,1
walking,7596,7533,7596,63
stepping,7648,7596,7648,52
rising,7678,7648,7678,30
climbing,7713,7678,7713,35
sniffing,7792,7713,7792,79
rising,7880,7792,7880,88
climbing,7946,7880,7946,66
walking,7992,7946,7992,46
trotting,8057,7992,8057,65
left_turning,8079,8057,8079,22
trotting,8105,8079,8105,26
sniffing,8149,8105,8149,44
rising,8234,8149,8234,85
sniffing,8250,8234,8250,16
left_turning,8259,8250,8259,9
sniffing,8263,8259,8263,4
walking,8323,8263,8323,60
sniffing,8344,8323,8344,21
stepping,8350,8344,8350,6
walking,8351,8350,8351,1
sniffing,8476,8351,8476,125
rising,8501,8476,8501,25
climbing,8553,8501,8553,52
trotting,8577,8553,8577,24
walking,8598,8577,8598,21
sniffing,8632,8598,8632,34
left_turning,8672,8632,8672,40
sniffing,8714,8672,8714,42
walking,8749,8714,8749,35
rising,8847,8749,8847,98
climbing,8875,8847,8875,28
sniffing,8924,8875,8924,49
trotting,8925,8924,8925,1
walking,8926,8925,8926,1
right_turning,8939,8926,8939,13
sniffing,9013,8939,9013,74
walking,9099,9013,9099,86
sniffing,9100,9099,9100,1
rising,9280,9100,9280,180
climbing,9319,9280,9319,39
trotting,9345,9319,9345,26
walking,9389,9345,9389,44
sniffing,9494,9389,9494,105
left_turning,9548,9494,9548,54
rising,9575,9548,9575,27
rearing,9576,9575,9576,1
rising,9577,9576,9577,1
rearing,9637,9577,9637,60
sniffing,9802,9637,9802,165
climbing,9863,9802,9863,61
right_turning,9864,9863,9864,1
climbing,9865,9864,9865,1
sniffing,9925,9865,9925,60
walking,9939,9925,9939,14
sniffing,9994,9939,9994,55
walking,10023,9994,10023,29
sniffing,10049,10023,10049,26
climbing,10062,10049,10062,13
rising,10143,10062,10143,81
climbing,10219,10143,10219,76
hunching,10238,10219,10238,19
sniffing,10385,10238,10385,147
left_turning,10451,10385,10451,66
walking,10469,10451,10469,18
sniffing,10575,10469,10575,106
rising,10577,10575,10577,2
climbing,10608,10577,10608,31
hunching,10749,10608,10749,141
climbing,10898,10749,10898,149
sniffing,10900,10898,10900,2
left_turning,10901,10900,10901,1
sniffing,10902,10901,10902,1
right_turning,10934,10902,10934,32
trotting,10950,10934,10950,16
sniffing,11045,10950,11045,95
left_turning,11083,11045,11083,38
sniffing,11286,11083,11286,203
walking,11294,11286,11294,8
stepping,11295,11294,11295,1
left_turning,11314,11295,11314,19
walking,11385,11314,11385,71
right_turning,11386,11385,11386,1
sniffing,11449,11386,11449,63
climbing,11479,11449,11479,30
sniffing,11566,11479,11566,87
climbing,11606,11566,11606,40
rising,11746,11606,11746,140
left_turning,11751,11746,11751,5
trotting,11779,11751,11779,28
sniffing,11841,11779,11841,62
rearing,11976,11841,11976,135
rising,12018,11976,12018,42
hunching,12125,12018,12125,107
sniffing,12166,12125,12166,41
rising,12167,12166,12167,1
walking,12204,12167,12204,37
sniffing,12263,12204,12263,59
rising,12288,12263,12288,25
climbing,12329,12288,12329,41
rising,12360,12329,12360,31
sniffing,12471,12360,12471,111
stepping,12478,12471,12478,7
rising,12479,12478,12479,1
rearing,12528,12479,12528,49
grooming,12606,12528,12606,78
rearing,12607,12606,12607,1
sniffing,12626,12607,12626,19
walking,12641,12626,12641,15
climbing,12682,12641,12682,41
right_turning,12714,12682,12714,32
running,12724,12714,12724,10
walking,12779,12724,12779,55
trotting,12822,12779,12822,43
running,12849,12822,12849,27
sniffing,12850,12849,12850,1
rising,12856,12850,12856,6
climbing,12882,12856,12882,26
trotting,12897,12882,12897,15
left_turning,12925,12897,12925,28
sniffing,12959,12925,12959,34
walking,12996,12959,12996,37
sniffing,13046,12996,13046,50
rearing,13091,13046,13091,45
sniffing,13172,13091,13172,81
left_turning,13192,13172,13192,20
sniffing,13288,13192,13288,96
left_turning,13308,13288,13308,20
walking,13321,13308,13321,13
rising,13473,13321,13473,152
sniffing,13533,13473,13533,60
rising,13689,13533,13689,156
hunching,13811,13689,13811,122
left_turning,13863,13811,13863,52
sniffing,13865,13863,13865,2
left_turning,13882,13865,13882,17
walking,13954,13882,13954,72
sniffing,13980,13954,13980,26
left_turning,14027,13980,14027,47
trotting,14064,14027,14064,37
right_turning,14071,14064,14071,7
walking,14072,14071,14072,1
rising,14073,14072,14073,1
walking,14118,14073,14118,45
stepping,14119,14118,14119,1
climbing,14183,14119,14183,64
rising,14250,14183,14250,67
climbing,14347,14250,14347,97
sniffing,14356,14347,14356,9
left_turning,14385,14356,14385,29
trotting,14421,14385,14421,36
sniffing,14439,14421,14439,18
walking,14468,14439,14468,29
sniffing,14518,14468,14518,50
walking,14566,14518,14566,48
right_turning,14580,14566,14580,14
left_turning,14630,14580,14630,50
stepping,14633,14630,14633,3
climbing,14647,14633,14647,14
sniffing,14648,14647,14648,1
rising,14649,14648,14649,1
climbing,14666,14649,14666,17
sniffing,14700,14666,14700,34
left_turning,14748,14700,14748,48
trotting,14768,14748,14768,20
walking,14830,14768,14830,62
sniffing,14849,14830,14849,19
rising,14864,14849,14864,15
climbing,14935,14864,14935,71
right_turning,14978,14935,14978,43
stepping,15017,14978,15017,39
sniffing,15105,15017,15105,88
rising,15143,15105,15143,38
sniffing,15186,15143,15186,43
trotting,15240,15186,15240,54
left_turning,15241,15240,15241,1
walking,15331,15241,15331,90
stepping,15432,15331,15432,101
climbing,15489,15432,15489,57
trotting,15536,15489,15536,47
walking,15557,15536,15557,21
right_turning,15571,15557,15571,14
walking,15572,15571,15572,1
sniffing,15582,15572,15582,10
trotting,15593,15582,15593,11
sniffing,15640,15593,15640,47
trotting,15670,15640,15670,30
rising,15672,15670,15672,2
sniffing,15786,15672,15786,114
stepping,15825,15786,15825,39
walking,15880,15825,15880,55
right_turning,15931,15880,15931,51
sniffing,15984,15931,15984,53
trotting,16008,15984,16008,24
left_turning,16036,16008,16036,28
sniffing,16080,16036,16080,44
running,16099,16080,16099,19
sniffing,16100,16099,16100,1
left_turning,16127,16100,16127,27
trotting,16161,16127,16161,34
walking,16227,16161,16227,66
sniffing,16298,16227,16298,71
left_turning,16369,16298,16369,71
trotting,16394,16369,16394,25
sniffing,16525,16394,16525,131
rising,16526,16525,16526,1
climbing,16567,16526,16567,41
trotting,16610,16567,16610,43
walking,16619,16610,16619,9
rising,16712,16619,16712,93
climbing,16788,16712,16788,76
rising,17052,16788,17052,264
climbing,17132,17052,17132,80
walking,17165,17132,17165,33
sniffing,17175,17165,17175,10
walking,17235,17175,17235,60
stepping,17247,17235,17247,12
sniffing,17309,17247,17309,62
stepping,17345,17309,17345,36
walking,17372,17345,17372,27
sniffing,17424,17372,17424,52
rising,17427,17424,17427,3
climbing,17466,17427,17466,39
walking,17470,17466,17470,4
sniffing,17523,17470,17523,53
left_turning,17560,17523,17560,37
sniffing,17597,17560,17597,37
stepping,17605,17597,17605,8
walking,17606,17605,17606,1
running,17630,17606,17630,24
walking,17631,17630,17631,1
stepping,17742,17631,17742,111
trotting,17775,17742,17775,33
sniffing,17831,17775,17831,56
walking,17833,17831,17833,2
left_turning,17899,17833,17899,66
sniffing,17907,17899,17907,8
walking,17917,17907,17917,10
sniffing,18015,17917,18015,98
walking,18027,18015,18027,12
rising,18110,18027,18110,83
sniffing,18166,18110,18166,56
right_turning,18180,18166,18180,14
sniffing,18278,18180,18278,98
walking,18305,18278,18305,27
stepping,18307,18305,18307,2
rising,18347,18307,18347,40
climbing,18389,18347,18389,42
left_turning,18430,18389,18430,41
sniffing,18431,18430,18431,1
climbing,18493,18431,18493,62
left_turning,18532,18493,18532,39
sniffing,18573,18532,18573,41
stepping,18600,18573,18600,27
left_turning,18673,18600,18673,73
sniffing,18745,18673,18745,72
walking,18771,18745,18771,26
rising,18772,18771,18772,1
climbing,18843,18772,18843,71
rearing,18873,18843,18873,30
sniffing,18874,18873,18874,1
walking,18881,18874,18881,7
climbing,18885,18881,18885,4
right_turning,18905,18885,18905,20
trotting,18929,18905,18929,24
stepping,18968,18929,18968,39
walking,18999,18968,18999,31
sniffing,19000,18999,19000,1
rising,19032,19000,19032,32
climbing,19062,19032,19062,30
running,19075,19062,19075,13
left_turning,19080,19075,19080,5
trotting,19098,19080,19098,18
stepping,19103,19098,19103,5
rising,19293,19103,19293,190
right_turning,19319,19293,19319,26
walking,19334,19319,19334,15
sniffing,19404,19334,19404,70
rising,19412,19404,19412,8
sniffing,19424,19412,19424,12
climbing,19444,19424,19444,20
left_turning,19480,19444,19480,36
sniffing,19532,19480,19532,52
rising,19533,19532,19533,1
sniffing,19558,19533,19558,25
climbing,19607,19558,19607,49
right_turning,19624,19607,19624,17
stepping,19649,19624,19649,25
hunching,19658,19649,19658,9
right_turning,19696,19658,19696,38
sniffing,19697,19696,19697,1
climbing,19698,19697,19698,1
sniffing,19765,19698,19765,67
walking,19809,19765,19809,44
rising,19894,19809,19894,85
climbing,19923,19894,19923,29
rising,19962,19923,19962,39
sniffing,19972,19962,19972,10
rearing,20147,19972,20147,175
climbing,20179,20147,20179,32
sniffing,20190,20179,20190,11
trotting,20220,20190,20220,30
walking,20238,20220,20238,18
left_turning,20296,20238,20296,58
trotting,20328,20296,20328,32
walking,20329,20328,20329,1
climbing,20357,20329,20357,28
trotting,20379,20357,20379,22
walking,20471,20379,20471,92
rising,20472,20471,20472,1
sniffing,20473,20472,20473,1
left_turning,20518,20473,20518,45
sniffing,20591,20518,20591,73
stepping,20598,20591,20598,7
sniffing,20617,20598,20617,19
walking,20630,20617,20630,13
rising,20730,20630,20730,100
climbing,20773,20730,20773,43
right_turning,20794,20773,20794,21
sniffing,20795,20794,20795,1
left_turning,20821,20795,20821,26
walking,20834,20821,20834,13
sniffing,20886,20834,20886,52
rearing,20912,20886,20912,26
sniffing,20913,20912,20913,1
rising,20956,20913,20956,43
sniffing,20995,20956,20995,39
trotting,21029,20995,21029,34
walking,21068,21029,21068,39
sniffing,21145,21068,21145,77
climbing,21204,21145,21204,59
walking,21230,21204,21230,26
rising,21245,21230,21245,15
climbing,21258,21245,21258,13
sniffing,21274,21258,21274,16
pausing,21275,21274,21275,1
sniffing,21276,21275,21276,1
right_turning,21287,21276,21287,11
sniffing,21288,21287,21288,1
walking,21349,21288,21349,61
sniffing,21427,21349,21427,78
left_turning,21458,21427,21458,31
rising,21532,21458,21532,74
sniffing,21550,21532,21550,18
climbing,21610,21550,21610,60
walking,21681,21610,21681,71
sniffing,21767,21681,21767,86
right_turning,21799,21767,21799,32
left_turning,21800,21799,21800,1
walking,21847,21800,21847,47
climbing,21862,21847,21862,15
walking,21863,21862,21863,1
sniffing,21908,21863,21908,45
rearing,21909,21908,21909,1
rising,21928,21909,21928,19
climbing,21972,21928,21972,44
hunching,22023,21972,22023,51
climbing,22083,22023,22083,60
rising,22084,22083,22084,1
climbing,22152,22084,22152,68
rearing,22171,22152,22171,19
rising,22190,22171,22190,19
climbing,22229,22190,22229,39
walking,22263,22229,22263,34
left_turning,22321,22263,22321,58
sniffing,22361,22321,22361,40
climbing,22397,22361,22397,36
right_turning,22401,22397,22401,4
stepping,22417,22401,22417,16
trotting,22466,22417,22466,49
stepping,22517,22466,22517,51
rising,22518,22517,22518,1
climbing,22540,22518,22540,22
rising,22541,22540,22541,1
climbing,22574,22541,22574,33
rearing,22701,22574,22701,127
sniffing,22702,22701,22702,1
walking,22762,22702,22762,60
sniffing,22860,22762,22860,98
walking,22889,22860,22889,29
rising,22890,22889,22890,1
right_turning,22898,22890,22898,8
trotting,22923,22898,22923,25
sniffing,22964,22923,22964,41
rising,22977,22964,22977,13
rearing,23169,22977,23169,192
right_turning,23180,23169,23180,11
walking,23234,23180,23234,54
stepping,23238,23234,23238,4
climbing,23275,23238,23275,37
sniffing,23361,23275,23361,86
climbing,23411,23361,23411,50
hunching,23530,23411,23530,119
sniffing,23542,23530,23542,12
rearing,23603,23542,23603,61
hunching,23908,23603,23908,305
grooming,23958,23908,23958,50
right_turning,23984,23958,23984,26
running,24013,23984,24013,29
trotting,24045,24013,24045,32
stepping,24046,24045,24046,1
sniffing,24061,24046,24061,15
left_turning,24062,24061,24062,1
trotting,24099,24062,24099,37
rising,24125,24099,24125,26
sniffing,24126,24125,24126,1
walking,24133,24126,24133,7
jumping,24134,24133,24134,1
sniffing,24188,24134,24188,54
walking,24189,24188,24189,1
trotting,24253,24189,24253,64
sniffing,24283,24253,24283,30
walking,24312,24283,24312,29
left_turning,24318,24312,24318,6
rising,24319,24318,24319,1
climbing,24363,24319,24363,44
walking,24384,24363,24384,21
sniffing,24399,24384,24399,15
trotting,24435,24399,24435,36
sniffing,24443,24435,24443,8
trotting,24492,24443,24492,49
sniffing,24549,24492,24549,57
left_turning,24581,24549,24581,32
stepping,24607,24581,24607,26
sniffing,24643,24607,24643,36
rising,24776,24643,24776,133
grooming,24946,24776,24946,170
rising,24947,24946,24947,1
climbing,24957,24947,24957,10
rearing,25019,24957,25019,62
sniffing,25064,25019,25064,45
left_turning,25072,25064,25072,8
stepping,25093,25072,25093,21
rising,25112,25093,25112,19
rearing,25207,25112,25207,95
rising,25239,25207,25239,32
right_turning,25280,25239,25280,41
climbing,25300,25280,25300,20
sniffing,25312,25300,25312,12
left_turning,25350,25312,25350,38
sniffing,25388,25350,25388,38
left_turning,25456,25388,25456,68
sniffing,25462,25456,25462,6
rising,25553,25462,25553,91
walking,25585,25553,25585,32
right_turning,25608,25585,25608,23
walking,25662,25608,25662,54
rising,25698,25662,25698,36
climbing,25733,25698,25733,35
sniffing,25734,25733,25734,1
stepping,25749,25734,25749,15
trotting,25770,25749,25770,21
walking,25797,25770,25797,27
sniffing,25798,25797,25798,1
climbing,25841,25798,25841,43
right_turning,25879,25841,25879,38
walking,25880,25879,25880,1
climbing,25922,25880,25922,42
rearing,26017,25922,26017,95
rising,26071,26017,26071,54
sniffing,26184,26071,26184,113
rearing,26202,26184,26202,18
sniffing,26362,26202,26362,160
rearing,26465,26362,26465,103
sniffing,26480,26465,26480,15
climbing,26510,26480,26510,30
rearing,26561,26510,26561,51
sniffing,26624,26561,26624,63
rising,26625,26624,26625,1
sniffing,26652,26625,26652,27
walking,26683,26652,26683,31
sniffing,26740,26683,26740,57
climbing,26807,26740,26807,67
sniffing,26867,26807,26867,60
rearing,26990,26867,26990,123
grooming,26991,26990,26991,1
rearing,27213,26991,27213,222
grooming,27621,27213,27621,408
rearing,27751,27621,27751,130
rising,27788,27751,27788,37
climbing,27844,27788,27844,56
walking,27886,27844,27886,42
stepping,27888,27886,27888,2
grooming,28001,27888,28001,113
sniffing,28002,28001,28002,1
rising,28029,28002,28029,27
climbing,28089,28029,28089,60
sniffing,28210,28089,28210,121
rising,28259,28210,28259,49
climbing,28285,28259,28285,26
rising,28287,28285,28287,2
climbing,28307,28287,28307,20
trotting,28352,28307,28352,45
left_turning,28383,28352,28383,31
climbing,28419,28383,28419,36
hunching,28506,28419,28506,87
sniffing,28538,28506,28538,32
walking,28624,28538,28624,86
jumping,28658,28624,28658,34
rising,28731,28658,28731,73
sniffing,28779,28731,28779,48
trotting,28819,28779,28819,40
stepping,28855,28819,28855,36
climbing,28920,28855,28920,65
walking,28924,28920,28924,4
rising,28974,28924,28974,50
rearing,29007,28974,29007,33
rising,29017,29007,29017,10
climbing,29071,29017,29071,54
stepping,29088,29071,29088,17
rising,29173,29088,29173,85
climbing,29227,29173,29227,54
sniffing,29228,29227,29228,1
right_turning,29229,29228,29229,1
trotting,29296,29229,29296,67
sniffing,29416,29296,29416,120
rising,29432,29416,29432,16
walking,29440,29432,29440,8
trotting,29496,29440,29496,56
rising,29497,29496,29497,1
trotting,29529,29497,29529,32
stepping,29530,29529,29530,1
rising,29581,29530,29581,51
rearing,29633,29581,29633,52
climbing,29714,29633,29714,81
grooming,29715,29714,29715,1
rearing,29938,29715,29938,223
hunching,29939,29938,29939,1
walking,29981,29939,29981,42
sniffing,29994,29981,29994,13
hunching,30028,29994,30028,34
sniffing,30068,30028,30068,40
rearing,30093,30068,30093,25
climbing,30173,30093,30173,80
rearing,30231,30173,30231,58
sniffing,30238,30231,30238,7
right_turning,30248,30238,30248,10
trotting,30278,30248,30278,30
walking,30324,30278,30324,46
rising,30432,30324,30432,108
climbing,30488,30432,30488,56
rearing,30613,30488,30613,125
sniffing,30696,30613,30696,83
left_turning,30711,30696,30711,15
sniffing,30712,30711,30712,1
rising,30722,30712,30722,10
hunching,30783,30722,30783,61
rising,30817,30783,30817,34
trotting,30849,30817,30849,32
walking,30850,30849,30850,1
left_turning,30867,30850,30867,17
stepping,30868,30867,30868,1
walking,30891,30868,30891,23
sniffing,30932,30891,30932,41
left_turning,30934,30932,30934,2
sniffing,31042,30934,31042,108
hunching,31134,31042,31134,92
right_turning,31141,31134,31141,7
sniffing,31163,31141,31163,22
rising,31195,31163,31195,32
sniffing,31196,31195,31196,1
rising,31283,31196,31283,87
rearing,31345,31283,31345,62
sniffing,31436,31345,31436,91
walking,31509,31436,31509,73
sniffing,31548,31509,31548,39
rising,31559,31548,31559,11
rearing,31560,31559,31560,1
climbing,31561,31560,31561,1
right_turning,31562,31561,31562,1
sniffing,31617,31562,31617,55
stepping,31635,31617,31635,18
climbing,31650,31635,31650,15
sniffing,31687,31650,31687,37
left_turning,31688,31687,31688,1
sniffing,31701,31688,31701,13
pausing,31702,31701,31702,1
sniffing,31754,31702,31754,52
left_turning,31791,31754,31791,37
walking,31832,31791,31832,41
rising,31833,31832,31833,1
climbing,31909,31833,31909,76
walking,31913,31909,31913,4
rising,31921,31913,31921,8
left_turning,31953,31921,31953,32
rising,32102,31953,32102,149
hunching,32115,32102,32115,13
walking,32178,32115,32178,63
trotting,32193,32178,32193,15
walking,32194,32193,32194,1
sniffing,32235,32194,32235,41
left_turning,32268,32235,32268,33
sniffing,32270,32268,32270,2
walking,32276,32270,32276,6
climbing,32340,32276,32340,64
rising,32422,32340,32422,82
stepping,32428,32422,32428,6
right_turning,32481,32428,32481,53
stepping,32537,32481,32537,56
rising,32632,32537,32632,95
sniffing,32735,32632,32735,103
climbing,32777,32735,32777,42
grooming,32921,32777,32921,144
rising,32947,32921,32947,26
sniffing,33006,32947,33006,59
walking,33026,33006,33026,20
sniffing,33027,33026,33027,1
trotting,33071,33027,33071,44
sniffing,33114,33071,33114,43
left_turning,33129,33114,33129,15
trotting,33139,33129,33139,10
sniffing,33193,33139,33193,54
grooming,33317,33193,33317,124
climbing,33359,33317,33359,42
rising,33444,33359,33444,85
climbing,33464,33444,33464,20
right_turning,33473,33464,33473,9
stepping,33505,33473,33505,32
sniffing,33598,33505,33598,93
left_turning,33630,33598,33630,32
sniffing,33674,33630,33674,44
climbing,33675,33674,33675,1
walking,33690,33675,33690,15
sniffing,33727,33690,33727,37
rearing,33747,33727,33747,20
rising,33756,33747,33756,9
walking,33790,33756,33790,34
stepping,33791,33790,33791,1
left_turning,33816,33791,33816,25
sniffing,33900,33816,33900,84
rising,33976,33900,33976,76
sniffing,33993,33976,33993,17
walking,34007,33993,34007,14
sniffing,34011,34007,34011,4
trotting,34012,34011,34012,1
rising,34013,34012,34013,1
sniffing,34014,34013,34014,1
left_turning,34057,34014,34057,43
sniffing,34096,34057,34096,39
left_turning,34114,34096,34114,18
sniffing,34183,34114,34183,69
rising,34285,34183,34285,102
climbing,34299,34285,34299,14
left_turning,34300,34299,34300,1
sniffing,34340,34300,34340,40
rising,34341,34340,34341,1
climbing,34390,34341,34390,49
rising,34391,34390,34391,1
sniffing,34455,34391,34455,64
stepping,34483,34455,34483,28
walking,34525,34483,34525,42
climbing,34568,34525,34568,43
rising,34592,34568,34592,24
rearing,34624,34592,34624,32
trotting,34668,34624,34668,44
sniffing,34718,34668,34718,50
climbing,34742,34718,34742,24
rising,34743,34742,34743,1
sniffing,34744,34743,34744,1
rising,34783,34744,34783,39
climbing,34853,34783,34853,70
right_turning,34889,34853,34889,36
walking,34924,34889,34924,35
sniffing,35033,34924,35033,109
walking,35058,35033,35058,25
trotting,35069,35058,35069,11
rising,35403,35069,35403,334
climbing,35491,35403,35491,88
left_turning,35505,35491,35505,14
walking,35510,35505,35510,5
sniffing,35603,35510,35603,93
walking,35622,35603,35622,19
sniffing,35623,35622,35623,1
left_turning,35665,35623,35665,42
walking,35732,35665,35732,67
rearing,35741,35732,35741,9
climbing,35785,35741,35785,44
sniffing,35863,35785,35863,78
rising,35936,35863,35936,73
climbing,35942,35936,35942,6
rearing,36039,35942,36039,97
jumping,36136,36039,36136,97
rising,36164,36136,36164,28
sniffing,36227,36164,36227,63
climbing,36242,36227,36242,15
rearing,36272,36242,36272,30
left_turning,36273,36272,36273,1
sniffing,36323,36273,36323,50
walking,36355,36323,36355,32
sniffing,36475,36355,36475,120
walking,36510,36475,36510,35
rising,36571,36510,36571,61
climbing,36583,36571,36583,12
walking,36639,36583,36639,56
trotting,36690,36639,36690,51
walking,36725,36690,36725,35
sniffing,36740,36725,36740,15
right_turning,36772,36740,36772,32
climbing,36813,36772,36813,41
running,36832,36813,36832,19
walking,36856,36832,36856,24
sniffing,36857,36856,36857,1
rising,36917,36857,36917,60
climbing,36993,36917,36993,76
left_turning,37075,36993,37075,82
sniffing,37140,37075,37140,65
walking,37141,37140,37141,1
sniffing,37247,37141,37247,106
hunching,37249,37247,37249,2
right_turning,37250,37249,37250,1
sniffing,37252,37250,37252,2
stepping,37300,37252,37300,48
sniffing,37347,37300,37347,47
climbing,37353,37347,37353,6
right_turning,37406,37353,37406,53
walking,37426,37406,37426,20
sniffing,37502,37426,37502,76
rising,37576,37502,37576,74
climbing,37626,37576,37626,50
sniffing,37703,37626,37703,77
climbing,37722,37703,37722,19
sniffing,37762,37722,37762,40
walking,37792,37762,37792,30
right_turning,37813,37792,37813,21
sniffing,37825,37813,37825,12
climbing,37919,37825,37919,94
sniffing,37949,37919,37949,30
trotting,37952,37949,37952,3
walking,37974,37952,37974,22
left_turning,38007,37974,38007,33
walking,38023,38007,38023,16
sniffing,38030,38023,38030,7
rearing,38077,38030,38077,47
rising,38131,38077,38131,54
climbing,38174,38131,38174,43
walking,38201,38174,38201,27
sniffing,38271,38201,38271,70
climbing,38296,38271,38296,25
right_turning,38313,38296,38313,17
walking,38319,38313,38319,6
running,38320,38319,38320,1
sniffing,38350,38320,38350,30
rising,38351,38350,38351,1
left_turning,38489,38351,38489,138
walking,38556,38489,38556,67
left_turning,38614,38556,38614,58
stepping,38615,38614,38615,1
hunching,38652,38615,38652,37
right_turning,38669,38652,38669,17
trotting,38670,38669,38670,1
sniffing,38741,38670,38741,71
grooming,38789,38741,38789,48
walking,38790,38789,38790,1
rising,38825,38790,38825,35
right_turning,38828,38825,38828,3
walking,38886,38828,38886,58
left_turning,38887,38886,38887,1
sniffing,38932,38887,38932,45
rising,38940,38932,38940,8
right_turning,38941,38940,38941,1
climbing,38995,38941,38995,54
rising,39000,38995,39000,5
sniffing,39056,39000,39056,56
rising,39096,39056,39096,40
rearing,39310,39096,39310,214
grooming,39311,39310,39311,1
sniffing,39396,39311,39396,85
walking,39397,39396,39397,1
running,39426,39397,39426,29
sniffing,39463,39426,39463,37
climbing,39491,39463,39491,28
sniffing,39534,39491,39534,43
left_turning,39535,39534,39535,1
walking,39564,39535,39564,29
rearing,39591,39564,39591,27
grooming,39723,39591,39723,132
hunching,39742,39723,39742,19
grooming,39743,39742,39743,1
sniffing,39793,39743,39793,50
trotting,39802,39793,39802,9
rising,39813,39802,39813,11
climbing,39885,39813,39885,72
walking,39917,39885,39917,32
sniffing,39925,39917,39925,8
walking,40002,39925,40002,77
climbing,40009,40002,40009,7
walking,40051,40009,40051,42
stepping,40066,40051,40066,15
rising,40285,40066,40285,219
sniffing,40322,40285,40322,37
climbing,40348,40322,40348,26
right_turning,40359,40348,40359,11
left_turning,40399,40359,40399,40
sniffing,40459,40399,40459,60
stepping,40490,40459,40490,31
walking,40491,40490,40491,1
climbing,40532,40491,40532,41
hunching,40603,40532,40603,71
sniffing,40617,40603,40617,14
walking,40648,40617,40648,31
sniffing,40649,40648,40649,1
rearing,40650,40649,40650,1
rising,40651,40650,40651,1
climbing,40709,40651,40709,58
sniffing,40781,40709,40781,72
left_turning,40874,40781,40874,93
rising,40875,40874,40875,1
trotting,40908,40875,40908,33
sniffing,40909,40908,40909,1
rising,40967,40909,40967,58
right_turning,40986,40967,40986,19
stepping,40987,40986,40987,1
walking,41025,40987,41025,38
rising,41026,41025,41026,1
walking,41052,41026,41052,26
rearing,41086,41052,41086,34
grooming,41087,41086,41087,1
rearing,41163,41087,41163,76
sniffing,41196,41163,41196,33
rising,41275,41196,41275,79
sniffing,41287,41275,41287,12
rising,41323,41287,41323,36
right_turning,41367,41323,41367,44
trotting,41402,41367,41402,35
stepping,41490,41402,41490,88
rising,41539,41490,41539,49
left_turning,41559,41539,41559,20
walking,41563,41559,41563,4
rising,41564,41563,41564,1
left_turning,41582,41564,41582,18
sniffing,41600,41582,41600,18
walking,41621,41600,41621,21
climbing,41664,41621,41664,43
walking,41709,41664,41709,45
sniffing,41739,41709,41739,30
walking,41783,41739,41783,44
sniffing,41831,41783,41831,48
rearing,41875,41831,41875,44
climbing,41889,41875,41889,14
sniffing,41891,41889,41891,2
trotting,41923,41891,41923,32
sniffing,42033,41923,42033,110
left_turning,42054,42033,42054,21
sniffing,42124,42054,42124,70
rising,42172,42124,42172,48
running,42202,42172,42202,30
walking,42227,42202,42227,25
sniffing,42238,42227,42238,11
rising,42277,42238,42277,39
sniffing,42293,42277,42293,16
walking,42333,42293,42333,40
rising,42357,42333,42357,24
climbing,42390,42357,42390,33
trotting,42415,42390,42415,25
walking,42426,42415,42426,11
sniffing,42446,42426,42446,20
walking,42480,42446,42480,34
rising,42481,42480,42481,1
sniffing,42497,42481,42497,16
left_turning,42516,42497,42516,19
sniffing,42549,42516,42549,33
rising,42568,42549,42568,19
trotting,42585,42568,42585,17
running,42623,42585,42623,38
rising,42634,42623,42634,11
right_turning,42675,42634,42675,41
sniffing,42717,42675,42717,42
rising,42718,42717,42718,1
sniffing,42744,42718,42744,26
walking,42753,42744,42753,9
left_turning,42754,42753,42754,1
walking,42771,42754,42771,17
rising,42772,42771,42772,1
sniffing,42773,42772,42773,1
climbing,42802,42773,42802,29
sniffing,42803,42802,42803,1
walking,42869,42803,42869,66
sniffing,42890,42869,42890,21
hunching,42986,42890,42986,96
sniffing,43044,42986,43044,58
running,43060,43044,43060,16
walking,43070,43060,43070,10
left_turning,43097,43070,43097,27
sniffing,43112,43097,43112,15
running,43152,43112,43152,40
walking,43159,43152,43159,7
sniffing,43226,43159,43226,67
left_turning,43270,43226,43270,44
rising,43288,43270,43288,18
sniffing,43317,43288,43317,29
walking,43318,43317,43318,1
sniffing,43430,43318,43430,112
walking,43476,43430,43476,46
sniffing,43477,43476,43477,1
rising,43505,43477,43505,28
stepping,43530,43505,43530,25
sniffing,43551,43530,43551,21
rearing,43552,43551,43552,1
right_turning,43603,43552,43603,51
sniffing,43667,43603,43667,64
hunching,43702,43667,43702,35
climbing,43732,43702,43732,30
rising,43744,43732,43744,12
rearing,43873,43744,43873,129
walking,43915,43873,43915,42
left_turning,43995,43915,43995,80
rearing,43996,43995,43996,1
climbing,44050,43996,44050,54
walking,44076,44050,44076,26
sniffing,44118,44076,44118,42
climbing,44152,44118,44152,34
rearing,44264,44152,44264,112
running,44300,44264,44300,36
walking,44348,44300,44348,48
rising,44370,44348,44370,22
climbing,44406,44370,44406,36
running,44439,44406,44439,33
walking,44447,44439,44447,8
rearing,44503,44447,44503,56
right_turning,44542,44503,44542,39
rising,44543,44542,44543,1
left_turning,44566,44543,44566,23
walking,44567,44566,44567,1
trotting,44599,44567,44599,32
sniffing,44631,44599,44631,32
climbing,44694,44631,44694,63
sniffing,44732,44694,44732,38
rising,44766,44732,44766,34
climbing,44793,44766,44793,27
rising,44837,44793,44837,44
sniffing,44847,44837,44847,10
climbing,44867,44847,44867,20
rearing,44868,44867,44868,1
rising,44869,44868,44869,1
walking,44896,44869,44896,27
sniffing,44897,44896,44897,1
climbing,44911,44897,44911,14
rising,44948,44911,44948,37
trotting,44949,44948,44949,1
stepping,44970,44949,44970,21
climbing,45035,44970,45035,65
left_turning,45076,45035,45076,41
trotting,45107,45076,45107,31
walking,45149,45107,45149,42
sniffing,45285,45149,45285,136
climbing,45367,45285,45367,82
rearing,45549,45367,45549,182
sniffing,45550,45549,45550,1
rising,45558,45550,45558,8
rearing,45654,45558,45654,96
rising,45845,45654,45845,191
sniffing,45918,45845,45918,73
rising,45997,45918,45997,79
left_turning,45998,45997,45998,1
walking,46036,45998,46036,38
climbing,46067,46036,46067,31
walking,46099,46067,46099,32
rising,46102,46099,46102,3
sniffing,46192,46102,46192,90
rising,46207,46192,46207,15
left_turning,46222,46207,46222,15
rising,46223,46222,46223,1
climbing,46255,46223,46255,32
rising,46256,46255,46256,1
left_turning,46284,46256,46284,28
walking,46309,46284,46309,25
sniffing,46339,46309,46339,30
rearing,46366,46339,46366,27
rising,46452,46366,46452,86
climbing,46526,46452,46526,74
sniffing,46535,46526,46535,9
climbing,46583,46535,46583,48
rearing,46584,46583,46584,1
hunching,46723,46584,46723,139
right_turning,46736,46723,46736,13
trotting,46763,46736,46763,27
rising,46764,46763,46764,1
climbing,46802,46764,46802,38
sniffing,46809,46802,46809,7
walking,46860,46809,46860,51
sniffing,46861,46860,46861,1
walking,46892,46861,46892,31
climbing,46912,46892,46912,20
rising,46930,46912,46930,18
left_turning,46943,46930,46943,13
sniffing,47004,46943,47004,61
right_turning,47012,47004,47012,8
walking,47052,47012,47052,40
sniffing,47053,47052,47053,1
hunching,47185,47053,47185,132
climbing,47204,47185,47204,19
left_turning,47264,47204,47264,60
stepping,47279,47264,47279,15
walking,47306,47279,47306,27
rearing,47308,47306,47308,2
grooming,47711,47308,47711,403
hunching,47712,47711,47712,1
right_turning,47733,47712,47733,21
trotting,47752,47733,47752,19
sniffing,47770,47752,47770,18
left_turning,47826,47770,47826,56
climbing,47876,47826,47876,50
trotting,47899,47876,47899,23
sniffing,47981,47899,47981,82
walking,47982,47981,47982,1
sniffing,47991,47982,47991,9
right_turning,48031,47991,48031,40
climbing,48051,48031,48051,20
right_turning,48077,48051,48077,26
sniffing,48165,48077,48165,88
left_turning,48192,48165,48192,27
sniffing,48221,48192,48221,29
climbing,48277,48221,48277,56
sniffing,48379,48277,48379,102
rising,48431,48379,48431,52
hunching,48432,48431,48432,1
rearing,48527,48432,48527,95
hunching,48528,48527,48528,1
rearing,48568,48528,48568,40
rising,48580,48568,48580,12
left_turning,48652,48580,48652,72
walking,48688,48652,48688,36
sniffing,48709,48688,48709,21
rising,48751,48709,48751,42
right_turning,48759,48751,48759,8
running,48780,48759,48780,21
stepping,48799,48780,48799,19
sniffing,48871,48799,48871,72
rising,48897,48871,48897,26
sniffing,48931,48897,48931,34
climbing,48999,48931,48999,68
rising,49042,48999,49042,43
hunching,49055,49042,49055,13
right_turning,49079,49055,49079,24
trotting,49119,49079,49119,40
rearing,49229,49119,49229,110
hunching,49230,49229,49230,1
climbing,49241,49230,49241,11
running,49260,49241,49260,19
rising,49284,49260,49284,24
climbing,49287,49284,49287,3
trotting,49314,49287,49314,27
running,49352,49314,49352,38
rising,49385,49352,49385,33
sniffing,49446,49385,49446,61
right_turning,49486,49446,49486,40
walking,49535,49486,49535,49
left_turning,49551,49535,49551,16
rising,49577,49551,49577,26
sniffing,49659,49577,49659,82
rising,49660,49659,49660,1
climbing,49738,49660,49738,78
sniffing,49778,49738,49778,40
rising,49820,49778,49820,42
trotting,49832,49820,49832,12
walking,49841,49832,49841,9
climbing,49943,49841,49943,102
sniffing,50029,49943,50029,86
trotting,50037,50029,50037,8
sniffing,50060,50037,50060,23
climbing,50161,50060,50161,101
sniffing,50209,50161,50209,48
left_turning,50211,50209,50211,2
rising,50239,50211,50239,28
rearing,50357,50239,50357,118
left_turning,50415,50357,50415,58
sniffing,50487,50415,50487,72
walking,50538,50487,50538,51
climbing,50597,50538,50597,59
rising,50598,50597,50598,1
climbing,50650,50598,50650,52
sniffing,50734,50650,50734,84
walking,50799,50734,50799,65
sniffing,50815,50799,50815,16
left_turning,50816,50815,50816,1
trotting,50867,50816,50867,51
sniffing,50878,50867,50878,11
walking,50911,50878,50911,33
climbing,50978,50911,50978,67
sniffing,51081,50978,51081,103
running,51102,51081,51102,21
walking,51107,51102,51107,5
stepping,51115,51107,51115,8
rising,51217,51115,51217,102
sniffing,51218,51217,51218,1
walking,51219,51218,51219,1
sniffing,51314,51219,51314,95
rising,51404,51314,51404,90
right_turning,51405,51404,51405,1
sniffing,51459,51405,51459,54
left_turning,51476,51459,51476,17
walking,51512,51476,51512,36
sniffing,51525,51512,51525,13
rising,51526,51525,51526,1
climbing,51566,51526,51566,40
walking,51596,51566,51596,30
rearing,51798,51596,51798,202
rising,51811,51798,51811,13
walking,51838,51811,51838,27
sniffing,51878,51838,51878,40
walking,51879,51878,51879,1
stepping,51894,51879,51894,15
sniffing,51898,51894,51898,4
rising,51908,51898,51908,10
left_turning,51909,51908,51909,1
walking,51921,51909,51921,12
sniffing,51922,51921,51922,1
stepping,51965,51922,51965,43
walking,52004,51965,52004,39
rising,52016,52004,52016,12
right_turning,52033,52016,52033,17
climbing,52091,52033,52091,58
walking,52137,52091,52137,46
sniffing,52216,52137,52216,79
hunching,52274,52216,52274,58
sniffing,52297,52274,52297,23
grooming,52298,52297,52298,1
rising,52337,52298,52337,39
sniffing,52484,52337,52484,147
stepping,52485,52484,52485,1
rising,52488,52485,52488,3
climbing,52527,52488,52527,39
rising,52534,52527,52534,7
sniffing,52631,52534,52631,97
rising,52633,52631,52633,2
climbing,52689,52633,52689,56
rearing,52753,52689,52753,64
sniffing,52828,52753,52828,75
walking,52847,52828,52847,19
sniffing,53009,52847,53009,162
trotting,53031,53009,53031,22
left_turning,53041,53031,53041,10
sniffing,53114,53041,53114,73
trotting,53139,53114,53139,25
rearing,53348,53139,53348,209
grooming,53349,53348,53349,1
sniffing,53371,53349,53371,22
climbing,53433,53371,53433,62
rising,53522,53433,53522,89
left_turning,53562,53522,53562,40
sniffing,53634,53562,53634,72
left_turning,53638,53634,53638,4
rising,53666,53638,53666,28
climbing,53763,53666,53763,97
grooming,54434,53763,54434,671
sniffing,54435,54434,54435,1
right_turning,54447,54435,54447,12
climbing,54497,54447,54497,50
grooming,54498,54497,54498,1
sniffing,54499,54498,54499,1
walking,54506,54499,54506,7
right_turning,54507,54506,54507,1
running,54528,54507,54528,21
sniffing,54529,54528,54529,1
walking,54553,54529,54553,24
rising,54572,54553,54572,19
walking,54584,54572,54584,12
right_turning,54602,54584,54602,18
trotting,54633,54602,54633,31
walking,54652,54633,54652,19
left_turning,54683,54652,54683,31
walking,54741,54683,54741,58
left_turning,54820,54741,54820,79
trotting,54836,54820,54836,16
right_turning,54868,54836,54868,32
running,54883,54868,54883,15
sniffing,54916,54883,54916,33
climbing,54978,54916,54978,62
sniffing,54979,54978,54979,1
rising,54980,54979,54980,1
left_turning,54987,54980,54987,7
trotting,55015,54987,55015,28
walking,55016,55015,55016,1
sniffing,55022,55016,55022,6
rising,55082,55022,55082,60
climbing,55088,55082,55088,6
grooming,55089,55088,55089,1
trotting,55122,55089,55122,33
hunching,55133,55122,55133,11
rising,55149,55133,55149,16
sniffing,55231,55149,55231,82
walking,55279,55231,55279,48
trotting,55306,55279,55306,27
walking,55307,55306,55307,1
sniffing,55328,55307,55328,21
walking,55334,55328,55334,6
rising,55445,55334,55445,111
stepping,55460,55445,55460,15
rising,55465,55460,55465,5
climbing,55483,55465,55483,18
walking,55565,55483,55565,82
rising,55589,55565,55589,24
climbing,55603,55589,55603,14
right_turning,55606,55603,55606,3
sniffing,55607,55606,55607,1
climbing,55639,55607,55639,32
walking,55768,55639,55768,129
rearing,55769,55768,55769,1
walking,55770,55769,55770,1
sniffing,55771,55770,55771,1
climbing,55809,55771,55809,38
grooming,56027,55809,56027,218
sniffing,56136,56027,56136,109
left_turning,56172,56136,56172,36
stepping,56256,56172,56256,84
walking,56285,56256,56285,29
right_turning,56328,56285,56328,43
trotting,56347,56328,56347,19
left_turning,56348,56347,56348,1
climbing,56368,56348,56368,20
sniffing,56403,56368,56403,35
left_turning,56413,56403,56413,10
sniffing,56416,56413,56416,3
climbing,56419,56416,56419,3
walking,56427,56419,56427,8
sniffing,56513,56427,56513,86
climbing,56515,56513,56515,2
left_turning,56597,56515,56597,82
rising,56656,56597,56656,59
sniffing,56658,56656,56658,2
left_turning,56743,56658,56743,85
walking,56744,56743,56744,1
rising,56831,56744,56831,87
running,56859,56831,56859,28
left_turning,56869,56859,56869,10
sniffing,56909,56869,56909,40
walking,56941,56909,56941,32
climbing,56947,56941,56947,6
hunching,57015,56947,57015,68
climbing,57083,57015,57083,68
trotting,57134,57083,57134,51
walking,57151,57134,57151,17
sniffing,57152,57151,57152,1
climbing,57198,57152,57198,46
rising,57251,57198,57251,53
grooming,57782,57251,57782,531
rearing,57843,57782,57843,61
sniffing,57862,57843,57862,19
left_turning,57871,57862,57871,9
trotting,57900,57871,57900,29
sniffing,57946,57900,57946,46
climbing,57967,57946,57967,21
stepping,57985,57967,57985,18
sniffing,58002,57985,58002,17
rising,58086,58002,58086,84
sniffing,58147,58086,58147,61
rising,58201,58147,58201,54
rearing,58212,58201,58212,11
rising,58245,58212,58245,33
right_turning,58258,58245,58258,13
rising,58259,58258,58259,1
climbing,58292,58259,58292,33
sniffing,58339,58292,58339,47
climbing,58390,58339,58390,51
walking,58424,58390,58424,34
climbing,58451,58424,58451,27
sniffing,58452,58451,58452,1
walking,58512,58452,58512,60
stepping,58547,58512,58547,35
walking,58625,58547,58625,78
sniffing,58687,58625,58687,62
walking,58694,58687,58694,7
sniffing,58777,58694,58777,83
rising,58778,58777,58778,1
sniffing,58840,58778,58840,62
rising,59057,58840,59057,217
left_turning,59075,59057,59075,18
sniffing,59279,59075,59279,204
walking,59316,59279,59316,37
rising,59359,59316,59359,43
climbing,59385,59359,59385,26
rearing,59440,59385,59440,55
climbing,59507,59440,59507,67
sniffing,59567,59507,59567,60
stepping,59583,59567,59583,16
walking,59663,59583,59663,80
sniffing,59712,59663,59712,49
rising,59713,59712,59713,1
climbing,59751,59713,59751,38
walking,59752,59751,59752,1
left_turning,59781,59752,59781,29
sniffing,59820,59781,59820,39
trotting,59869,59820,59869,49
sniffing,59897,59869,59897,28
rising,59922,59897,59922,25
climbing,59961,59922,59961,39
rising,59973,59961,59973,12
walking,59974,59973,59974,1
climbing,60016,59974,60016,42
sniffing,60054,60016,60054,38
left_turning,60125,60054,60125,71
sniffing,60164,60125,60164,39
walking,60199,60164,60199,35
rising,60313,60199,60313,114
climbing,60349,60313,60349,36
sniffing,60368,60349,60368,19
left_turning,60369,60368,60369,1
walking,60383,60369,60383,14
sniffing,60463,60383,60463,80
walking,60532,60463,60532,69
rising,60533,60532,60533,1
climbing,60547,60533,60547,14
grooming,60769,60547,60769,222
rearing,60804,60769,60804,35
rising,60832,60804,60832,28
left_turning,60833,60832,60833,1
sniffing,60834,60833,60834,1
walking,60848,60834,60848,14
sniffing,60908,60848,60908,60
climbing,60920,60908,60920,12
right_turning,60927,60920,60927,7
trotting,60954,60927,60954,27
sniffing,60997,60954,60997,43
right_turning,61042,60997,61042,45
sniffing,61130,61042,61130,88
right_turning,61145,61130,61145,15
hunching,61232,61145,61232,87
sniffing,61291,61232,61291,59
right_turning,61292,61291,61292,1
walking,61300,61292,61300,8
trotting,61324,61300,61324,24
walking,61356,61324,61356,32
sniffing,61438,61356,61438,82
walking,61444,61438,61444,6
rising,61462,61444,61462,18
climbing,61502,61462,61502,40
rising,61544,61502,61544,42
left_turning,61639,61544,61639,95
sniffing,61640,61639,61640,1
rising,61665,61640,61665,25
walking,61690,61665,61690,25
climbing,61729,61690,61729,39
rising,61828,61729,61828,99
climbing,61852,61828,61852,24
walking,61908,61852,61908,56
stepping,61934,61908,61934,26
sniffing,61963,61934,61963,29
left_turning,61976,61963,61976,13
walking,62016,61976,62016,40
left_turning,62082,62016,62082,66
walking,62083,62082,62083,1
sniffing,62196,62083,62196,113
walking,62197,62196,62197,1
rearing,62220,62197,62220,23
grooming,62363,62220,62363,143
walking,62366,62363,62366,3
rearing,62367,62366,62367,1
climbing,62368,62367,62368,1
hunching,62369,62368,62369,1
sniffing,62393,62369,62393,24
climbing,62474,62393,62474,81
rising,62475,62474,62475,1
walking,62493,62475,62493,18
sniffing,62514,62493,62514,21
rising,62523,62514,62523,9
climbing,62569,62523,62569,46
sniffing,62570,62569,62570,1
rearing,62660,62570,62660,90
rising,62701,62660,62701,41
climbing,62702,62701,62702,1
trotting,62748,62702,62748,46
sniffing,62760,62748,62760,12
left_turning,62829,62760,62829,69
walking,62830,62829,62830,1
right_turning,62880,62830,62880,50
climbing,62890,62880,62890,10
rising,62891,62890,62891,1
climbing,62926,62891,62926,35
sniffing,62973,62926,62973,47
rising,62979,62973,62979,6
climbing,62981,62979,62981,2
right_turning,63020,62981,63020,39
climbing,63064,63020,63064,44
rearing,63096,63064,63096,32
sniffing,63187,63096,63187,91
rising,63188,63187,63188,1
sniffing,63249,63188,63249,61
left_turning,63303,63249,63303,54
walking,63370,63303,63370,67
climbing,63407,63370,63407,37
right_turning,63421,63407,63421,14
rising,63486,63421,63486,65
climbing,63505,63486,63505,19
hunching,63533,63505,63533,28
grooming,63534,63533,63534,1
sniffing,63602,63534,63602,68
rising,63657,63602,63657,55
sniffing,63786,63657,63786,129
rising,63851,63786,63851,65
walking,63882,63851,63882,31
sniffing,63927,63882,63927,45
left_turning,63932,63927,63932,5
running,63963,63932,63963,31
sniffing,64029,63963,64029,66
trotting,64052,64029,64052,23
sniffing,64096,64052,64096,44
right_turning,64118,64096,64118,22
trotting,64156,64118,64156,38
walking,64157,64156,64157,1
sniffing,64226,64157,64226,69
left_turning,64237,64226,64237,11
rising,64381,64237,64381,144
climbing,64518,64381,64518,137
walking,64537,64518,64537,19
sniffing,64572,64537,64572,35
rising,64645,64572,64645,73
walking,64703,64645,64703,58
rearing,64788,64703,64788,85
left_turning,64789,64788,64789,1
right_turning,64792,64789,64792,3
trotting,64835,64792,64835,43
walking,64877,64835,64877,42
sniffing,64883,64877,64883,6
pausing,65033,64883,65033,150
sniffing,65115,65033,65115,82
rising,65116,65115,65116,1
climbing,65172,65116,65172,56
sniffing,65173,65172,65173,1
rising,65174,65173,65174,1
climbing,65303,65174,65303,129
walking,65317,65303,65317,14
stepping,65331,65317,65331,14
sniffing,65379,65331,65379,48
climbing,65380,65379,65380,1
sniffing,65470,65380,65470,90
stepping,65487,65470,65487,17
rearing,65520,65487,65520,33
sniffing,65621,65520,65621,101
rearing,65731,65621,65731,110
climbing,65771,65731,65771,40
rising,65793,65771,65793,22
sniffing,65854,65793,65854,61
rising,65905,65854,65905,51
stepping,65926,65905,65926,21
walking,65976,65926,65976,50
sniffing,66110,65976,66110,134
climbing,66132,66110,66132,22
sniffing,66166,66132,66166,34
right_turning,66176,66166,66176,10
walking,66207,66176,66207,31
stepping,66209,66207,66209,2
walking,66255,66209,66255,46
stepping,66295,66255,66295,40
left_turning,66309,66295,66309,14
trotting,66337,66309,66337,28
rising,66351,66337,66351,14
stepping,66378,66351,66378,27
climbing,66379,66378,66379,1
sniffing,66394,66379,66394,15
walking,66399,66394,66399,5
climbing,66442,66399,66442,43
rising,66450,66442,66450,8
climbing,66462,66450,66462,12
sniffing,66509,66462,66509,47
rearing,66549,66509,66549,40
sniffing,66633,66549,66633,84
left_turning,66657,66633,66657,24
sniffing,66717,66657,66717,60
walking,66738,66717,66738,21
rising,66767,66738,66767,29
climbing,66777,66767,66777,10
rising,66785,66777,66785,8
climbing,66865,66785,66865,80
right_turning,66899,66865,66899,34
rising,66904,66899,66904,5
right_turning,66926,66904,66926,22
walking,66950,66926,66950,24
sniffing,66982,66950,66982,32
rising,66985,66982,66985,3
climbing,67021,66985,67021,36
grooming,67170,67021,67170,149
rising,67171,67170,67171,1
sniffing,67290,67171,67290,119
climbing,67336,67290,67336,46
sniffing,67404,67336,67404,68
left_turning,67541,67404,67541,137
sniffing,67574,67541,67574,33
pausing,67725,67574,67725,151
sniffing,67768,67725,67768,43
right_turning,67790,67768,67790,22
rising,67815,67790,67815,25
climbing,67839,67815,67839,24
rearing,67866,67839,67866,27
sniffing,67996,67866,67996,130
trotting,68012,67996,68012,16
running,68022,68012,68022,10
walking,68075,68022,68075,53
sniffing,68173,68075,68173,98
rising,68212,68173,68212,39
running,68224,68212,68224,12
walking,68255,68224,68255,31
rising,68318,68255,68318,63
left_turning,68327,68318,68327,9
rising,68363,68327,68363,36
climbing,68389,68363,68389,26
rising,68434,68389,68434,45
climbing,68442,68434,68442,8
right_turning,68445,68442,68445,3
walking,68525,68445,68525,80
sniffing,68601,68525,68601,76
rearing,68626,68601,68626,25
grooming,68854,68626,68854,228
rising,68914,68854,68914,60
sniffing,68915,68914,68915,1
rising,68951,68915,68951,36
climbing,68988,68951,68988,37
walking,69001,68988,69001,13
sniffing,69029,69001,69029,28
pausing,69180,69029,69180,151
sniffing,69318,69180,69318,138
rising,69368,69318,69368,50
rearing,69417,69368,69417,49
trotting,69460,69417,69460,43
walking,69461,69460,69461,1
left_turning,69466,69461,69466,5
walking,69469,69466,69469,3
left_turning,69481,69469,69481,12
sniffing,69533,69481,69533,52
left_turning,69535,69533,69535,2
rising,69595,69535,69595,60
sniffing,69649,69595,69649,54
rising,69663,69649,69663,14
sniffing,69697,69663,69697,34
rising,69770,69697,69770,73
climbing,69796,69770,69796,26
sniffing,69804,69796,69804,8
left_turning,69872,69804,69872,68
sniffing,69916,69872,69916,44
climbing,70027,69916,70027,111
right_turning,70062,70027,70062,35
sniffing,70088,70062,70088,26
walking,70151,70088,70151,63
sniffing,70152,70151,70152,1
climbing,70153,70152,70153,1
grooming,70321,70153,70321,168
sniffing,70342,70321,70342,21
left_turning,70367,70342,70367,25
sniffing,70451,70367,70451,84
walking,70484,70451,70484,33
sniffing,70524,70484,70524,40
right_turning,70529,70524,70529,5
walking,70569,70529,70569,40
rising,70570,70569,70570,1
rearing,70588,70570,70588,18
climbing,70640,70588,70640,52
walking,70679,70640,70679,39
sniffing,70680,70679,70680,1
trotting,70696,70680,70696,16
walking,70697,70696,70697,1
rearing,70750,70697,70750,53
climbing,70813,70750,70813,63
walking,70832,70813,70832,19
climbing,70833,70832,70833,1
rising,70837,70833,70837,4
sniffing,70838,70837,70838,1
climbing,70852,70838,70852,14
running,70861,70852,70861,9
walking,70910,70861,70910,49
jumping,70952,70910,70952,42
rising,70999,70952,70999,47
sniffing,71057,70999,71057,58
rearing,71235,71057,71235,178
sniffing,71402,71235,71402,167
trotting,71414,71402,71414,12
rising,71443,71414,71443,29
climbing,71553,71443,71553,110
sniffing,71620,71553,71620,67
left_turning,71633,71620,71633,13
sniffing,71694,71633,71694,61
climbing,71724,71694,71724,30
walking,71725,71724,71725,1
sniffing,71730,71725,71730,5
rising,72086,71730,72086,356
grooming,72087,72086,72087,1
left_turning,72088,72087,72088,1
rising,72106,72088,72106,18
sniffing,72331,72106,72331,225
hunching,72343,72331,72343,12
sniffing,72344,72343,72344,1
climbing,72394,72344,72394,50
right_turning,72422,72394,72422,28
sniffing,72423,72422,72423,1
rising,72468,72423,72468,45
sniffing,72502,72468,72502,34
climbing,72544,72502,72544,42
rising,72621,72544,72621,77
climbing,72653,72621,72653,32
sniffing,72799,72653,72799,146
left_turning,72866,72799,72866,67
sniffing,72917,72866,72917,51
rising,72926,72917,72926,9
rearing,73007,72926,73007,81
climbing,73059,73007,73059,52
sniffing,73144,73059,73144,85
running,73189,73144,73189,45
walking,73196,73189,73196,7
sniffing,73250,73196,73250,54
rising,73273,73250,73273,23
climbing,73322,73273,73322,49
left_turning,73398,73322,73398,76
sniffing,73441,73398,73441,43
climbing,73500,73441,73500,59
sniffing,73545,73500,73545,45
right_turning,73583,73545,73583,38
rising,73584,73583,73584,1
climbing,73621,73584,73621,37
sniffing,73683,73621,73683,62
climbing,73773,73683,73773,90
sniffing,73774,73773,73774,1
walking,73790,73774,73790,16
sniffing,73840,73790,73840,50
walking,73914,73840,73914,74
stepping,73926,73914,73926,12
left_turning,73972,73926,73972,46
running,74017,73972,74017,45
rearing,74018,74017,74018,1
walking,74047,74018,74047,29
stepping,74077,74047,74077,30
rising,74123,74077,74123,46
right_turning,74160,74123,74160,37
stepping,74173,74160,74173,13
rising,74198,74173,74198,25
climbing,74207,74198,74207,9
trotting,74246,74207,74246,39
sniffing,74257,74246,74257,11
walking,74324,74257,74324,67
trotting,74382,74324,74382,58
sniffing,74406,74382,74406,24
walking,74420,74406,74420,14
rearing,74421,74420,74421,1
walking,74422,74421,74422,1
rearing,74423,74422,74423,1
left_turning,74438,74423,74438,15
sniffing,74441,74438,74441,3
rising,74471,74441,74471,30
stepping,74483,74471,74483,12
sniffing,74484,74483,74484,1
left_turning,74499,74484,74499,15
running,74523,74499,74523,24
walking,74531,74523,74531,8
sniffing,74640,74531,74640,109
hunching,74641,74640,74641,1
rearing,74678,74641,74678,37
walking,74682,74678,74682,4
sniffing,74700,74682,74700,18
stepping,74701,74700,74701,1
left_turning,74744,74701,74744,43
sniffing,74799,74744,74799,55
hunching,74913,74799,74913,114
sniffing,75058,74913,75058,145
left_turning,75106,75058,75106,48
trotting,75126,75106,75126,20
walking,75139,75126,75139,13
climbing,75150,75139,75150,11
hunching,75167,75150,75167,17
grooming,75305,75167,75305,138
rearing,75373,75305,75373,68
left_turning,75374,75373,75374,1
walking,75391,75374,75391,17
rising,75436,75391,75436,45
sniffing,75437,75436,75437,1
walking,75462,75437,75462,25
rising,75481,75462,75481,19
right_turning,75518,75481,75518,37
walking,75562,75518,75562,44
sniffing,75640,75562,75640,78
rearing,75731,75640,75731,91
climbing,75761,75731,75761,30
rising,75814,75761,75814,53
climbing,75817,75814,75817,3
hunching,75848,75817,75848,31
walking,75864,75848,75864,16
sniffing,76110,75864,76110,246
hunching,76161,76110,76161,51
sniffing,76169,76161,76169,8
rising,76212,76169,76212,43
sniffing,76289,76212,76289,77
walking,76324,76289,76324,35
sniffing,76387,76324,76387,63
walking,76410,76387,76410,23
rising,76426,76410,76426,16
sniffing,76483,76426,76483,57
left_turning,76491,76483,76491,8
sniffing,76498,76491,76498,7
trotting,76528,76498,76528,30
sniffing,76529,76528,76529,1
grooming,76657,76529,76657,128
sniffing,76673,76657,76673,16
climbing,76714,76673,76714,41
right_turning,76715,76714,76715,1
walking,76757,76715,76757,42
left_turning,76758,76757,76758,1
climbing,76759,76758,76759,1
walking,76787,76759,76787,28
climbing,76811,76787,76811,24
sniffing,76869,76811,76869,58
right_turning,76870,76869,76870,1
hunching,76875,76870,76875,5
rising,76929,76875,76929,54
sniffing,76930,76929,76930,1
trotting,76938,76930,76938,8
stepping,76958,76938,76958,20
climbing,77030,76958,77030,72
sniffing,77031,77030,77031,1
grooming,77340,77031,77340,309
sniffing,77341,77340,77341,1
walking,77342,77341,77342,1
left_turning,77388,77342,77388,46
trotting,77421,77388,77421,33
sniffing,77422,77421,77422,1
rising,77423,77422,77423,1
right_turning,77467,77423,77467,44
climbing,77511,77467,77511,44
sniffing,77657,77511,77657,146
climbing,77697,77657,77697,40
rearing,77748,77697,77748,51
hunching,77751,77748,77751,3
sniffing,77802,77751,77802,51
walking,77851,77802,77851,49
sniffing,77852,77851,77852,1
rising,77853,77852,77853,1
right_turning,77874,77853,77874,21
sniffing,77922,77874,77922,48
trotting,77957,77922,77957,35
rising,77981,77957,77981,24
sniffing,78019,77981,78019,38
rising,78020,78019,78020,1
climbing,78055,78020,78055,35
rearing,78061,78055,78061,6
rising,78119,78061,78119,58
sniffing,78178,78119,78178,59
walking,78222,78178,78222,44
sniffing,78229,78222,78229,7
walking,78273,78229,78273,44
left_turning,78343,78273,78343,70
walking,78380,78343,78380,37
sniffing,78464,78380,78464,84
grooming,78496,78464,78496,32
left_turning,78529,78496,78529,33
trotting,78530,78529,78530,1
left_turning,78563,78530,78563,33
sniffing,78674,78563,78674,111
rising,78675,78674,78675,1
climbing,78695,78675,78695,20
walking,78709,78695,78709,14
climbing,78741,78709,78741,32
rearing,79021,78741,79021,280
left_turning,79054,79021,79054,33
walking,79062,79054,79062,8
rising,79113,79062,79113,51
hunching,79221,79113,79221,108
rearing,79257,79221,79257,36
climbing,79290,79257,79290,33
sniffing,79291,79290,79291,1
rising,79298,79291,79298,7
climbing,79351,79298,79351,53
rising,79355,79351,79355,4
climbing,79367,79355,79367,12
walking,79379,79367,79379,12
sniffing,79380,79379,79380,1
rising,79403,79380,79403,23
climbing,79450,79403,79450,47
left_turning,79451,79450,79451,1
walking,79485,79451,79485,34
climbing,79495,79485,79495,10
sniffing,79568,79495,79568,73
stepping,79608,79568,79608,40
sniffing,79683,79608,79683,75
right_turning,79701,79683,79701,18
walking,79757,79701,79757,56
rearing,79758,79757,79758,1
rising,79793,79758,79793,35
climbing,79811,79793,79811,18
sniffing,79872,79811,79872,61
walking,79905,79872,79905,33
sniffing,80033,79905,80033,128
walking,80062,80033,80062,29
right_turning,80068,80062,80068,6
running,80103,80068,80103,35
sniffing,80104,80103,80104,1
rising,80127,80104,80127,23
sniffing,80151,80127,80151,24
climbing,80201,80151,80201,50
grooming,80417,80201,80417,216
rearing,80548,80417,80548,131
running,80585,80548,80585,37
walking,80634,80585,80634,49
sniffing,80651,80634,80651,17
walking,80711,80651,80711,60
sniffing,80749,80711,80749,38
rising,80798,80749,80798,49
rearing,80799,80798,80799,1
grooming,80811,80799,80811,12
left_turning,80812,80811,80812,1
walking,80846,80812,80846,34
rising,80908,80846,80908,62
sniffing,80977,80908,80977,69
rising,81021,80977,81021,44
sniffing,81142,81021,81142,121
running,81158,81142,81158,16
sniffing,81219,81158,81219,61
walking,81286,81219,81286,67
sniffing,81289,81286,81289,3
left_turning,81370,81289,81370,81
stepping,81397,81370,81397,27
sniffing,81497,81397,81497,100
trotting,81534,81497,81534,37
running,81569,81534,81569,35
stepping,81570,81569,81570,1
hunching,81615,81570,81615,45
grooming,81616,81615,81616,1
sniffing,81733,81616,81733,117
left_turning,81774,81733,81774,41
sniffing,81775,81774,81775,1
rising,81855,81775,81855,80
climbing,81940,81855,81940,85
walking,81955,81940,81955,15
sniffing,81990,81955,81990,35
trotting,82010,81990,82010,20
sniffing,82040,82010,82040,30
climbing,82041,82040,82041,1
left_turning,82104,82041,82104,63
sniffing,82105,82104,82105,1
rising,82106,82105,82106,1
climbing,82141,82106,82141,35
rising,82188,82141,82188,47
climbing,82222,82188,82222,34
stepping,82223,82222,82223,1
sniffing,82240,82223,82240,17
walking,82261,82240,82261,21
sniffing,82262,82261,82262,1
rising,82305,82262,82305,43
climbing,82346,82305,82346,41
right_turning,82354,82346,82354,8
sniffing,82472,82354,82472,118
walking,82498,82472,82498,26
stepping,82505,82498,82505,7
rearing,82519,82505,82519,14
rising,82540,82519,82540,21
rearing,82891,82540,82891,351
grooming,83454,82891,83454,563
hunching,83455,83454,83455,1
sniffing,83519,83455,83519,64
rising,83526,83519,83526,7
sniffing,83606,83526,83606,80
left_turning,83612,83606,83612,6
sniffing,83715,83612,83715,103
rising,83747,83715,83747,32
sniffing,83831,83747,83831,84
trotting,83832,83831,83832,1
walking,83877,83832,83877,45
sniffing,83923,83877,83923,46
walking,83924,83923,83924,1
sniffing,84064,83924,84064,140
left_turning,84065,84064,84065,1
sniffing,84084,84065,84084,19
rearing,84111,84084,84111,27
left_turning,84192,84111,84192,81
walking,84193,84192,84193,1
left_turning,84236,84193,84236,43
rising,84275,84236,84275,39
climbing,84329,84275,84329,54
right_turning,84355,84329,84355,26
sniffing,84356,84355,84356,1
walking,84395,84356,84395,39
trotting,84426,84395,84426,31
walking,84427,84426,84427,1
stepping,84445,84427,84445,18
rearing,84496,84445,84496,51
climbing,84508,84496,84508,12
rearing,84576,84508,84576,68
sniffing,84594,84576,84594,18
rearing,84671,84594,84671,77
grooming,84672,84671,84672,1
climbing,84750,84672,84750,78
hunching,84848,84750,84848,98
left_turning,84890,84848,84890,42
walking,84966,84890,84966,76
sniffing,84967,84966,84967,1
trotting,84989,84967,84989,22
rising,85000,84989,85000,11
rearing,85076,85000,85076,76
grooming,85077,85076,85077,1
rearing,85182,85077,85182,105
left_turning,85191,85182,85191,9
trotting,85220,85191,85220,29
sniffing,85309,85220,85309,89
pausing,85729,85309,85729,420
sniffing,85772,85729,85772,43
left_turning,85883,85772,85883,111
stepping,85884,85883,85884,1
sniffing,85885,85884,85885,1
rising,85973,85885,85973,88
climbing,85976,85973,85976,3
grooming,86181,85976,86181,205
hunching,86238,86181,86238,57
climbing,86300,86238,86300,62
sniffing,86308,86300,86308,8
right_turning,86312,86308,86312,4
stepping,86328,86312,86328,16
rising,86395,86328,86395,67
right_turning,86413,86395,86413,18
walking,86434,86413,86434,21
left_turning,86535,86434,86535,101
walking,86568,86535,86568,33
running,86583,86568,86583,15
sniffing,86644,86583,86644,61
hunching,86734,86644,86734,90
climbing,86792,86734,86792,58
right_turning,86838,86792,86838,46
stepping,86862,86838,86862,24
sniffing,86970,86862,86970,108
left_turning,86971,86970,86971,1
sniffing,87061,86971,87061,90
grooming,87922,87061,87922,861
rearing,87985,87922,87985,63
walking,87996,87985,87996,11
sniffing,88022,87996,88022,26
walking,88030,88022,88030,8
trotting,88037,88030,88037,7
walking,88049,88037,88049,12
sniffing,88057,88049,88057,8
walking,88067,88057,88067,10
rising,88078,88067,88078,11
sniffing,88150,88078,88150,72
walking,88192,88150,88192,42
sniffing,88273,88192,88273,81
walking,88284,88273,88284,11
sniffing,88353,88284,88353,69
left_turning,88354,88353,88354,1
rising,88381,88354,88381,27
sniffing,88382,88381,88382,1
grooming,89566,88382,89566,1184
sniffing,89633,89566,89633,67
walking,89702,89633,89702,69
right_turning,89728,89702,89728,26
trotting,89763,89728,89763,35
walking,89778,89763,89778,15
sniffing,89779,89778,89779,1
right_turning,89811,89779,89811,32
trotting,89830,89811,89830,19
left_turning,89840,89830,89840,10
walking,89889,89840,89889,49
sniffing,89934,89889,89934,45
stepping,89940,89934,89940,6
walking,89941,89940,89941,1
rising,89997,89941,89997,56
sniffing,90053,89997,90053,56
hunching,90062,90053,90062,9
climbing,90099,90062,90099,37
sniffing,90218,90099,90218,119
walking,90219,90218,90219,1
sniffing,90253,90219,90253,34
stepping,90254,90253,90254,1
walking,90259,90254,90259,5
sniffing,90328,90259,90328,69
walking,90362,90328,90362,34
sniffing,90363,90362,90363,1
rising,90390,90363,90390,27
rearing,90441,90390,90441,51
sniffing,90442,90441,90442,1
pausing,90707,90442,90707,265
sniffing,90766,90707,90766,59
climbing,90800,90766,90800,34
grooming,91243,90800,91243,443
climbing,91244,91243,91244,1
right_turning,91274,91244,91274,30
trotting,91288,91274,91288,14
rising,91325,91288,91325,37
climbing,91390,91325,91390,65
rising,91422,91390,91422,32
left_turning,91477,91422,91477,55
walking,91492,91477,91492,15
sniffing,91493,91492,91493,1
rearing,91558,91493,91558,65
climbing,91559,91558,91559,1
rearing,91616,91559,91616,57
sniffing,91738,91616,91738,122
hunching,91894,91738,91894,156
rising,91919,91894,91919,25
sniffing,91920,91919,91920,1
rearing,91921,91920,91921,1
grooming,92171,91921,92171,250
rearing,92172,92171,92172,1
right_turning,92198,92172,92198,26
trotting,92210,92198,92210,12
walking,92224,92210,92224,14
right_turning,92237,92224,92237,13
stepping,92238,92237,92238,1
sniffing,92361,92238,92361,123
hunching,92393,92361,92393,32
climbing,92457,92393,92457,64
rising,92491,92457,92491,34
rearing,92639,92491,92639,148
left_turning,92660,92639,92660,21
rearing,92681,92660,92681,21
grooming,92947,92681,92947,266
sniffing,92973,92947,92973,26
trotting,93011,92973,93011,38
sniffing,93098,93011,93098,87
rising,93162,93098,93162,64
climbing,93193,93162,93193,31
sniffing,93227,93193,93227,34
right_turning,93250,93227,93250,23
sniffing,93251,93250,93251,1
rising,93306,93251,93306,55
left_turning,93312,93306,93312,6
sniffing,93405,93312,93405,93
climbing,93491,93405,93491,86
trotting,93512,93491,93512,21
walking,93538,93512,93538,26
right_turning,93546,93538,93546,8
stepping,93547,93546,93547,1
left_turning,93575,93547,93575,28
sniffing,93757,93575,93757,182
hunching,93773,93757,93773,16
sniffing,93774,93773,93774,1
right_turning,93775,93774,93775,1
sniffing,93776,93775,93776,1
rising,93792,93776,93792,16
rearing,93793,93792,93793,1
climbing,93886,93793,93886,93
trotting,93887,93886,93887,1
sniffing,93976,93887,93976,89
jumping,94178,93976,94178,202
rearing,94430,94178,94430,252
sniffing,94495,94430,94495,65
rising,94496,94495,94496,1
climbing,94525,94496,94525,29
rearing,94611,94525,94611,86
grooming,94697,94611,94697,86
climbing,94786,94697,94786,89
hunching,95178,94786,95178,392
grooming,95450,95178,95450,272
rearing,95491,95450,95491,41
rising,95522,95491,95522,31
climbing,95557,95522,95557,35
sniffing,95625,95557,95625,68
hunching,95651,95625,95651,26
grooming,95652,95651,95652,1
rearing,95697,95652,95697,45
sniffing,95760,95697,95760,63
walking,95770,95760,95770,10
left_turning,95822,95770,95822,52
walking,95852,95822,95852,30
left_turning,95870,95852,95870,18
sniffing,95968,95870,95968,98
climbing,95969,95968,95969,1
walking,95996,95969,95996,27
sniffing,96154,95996,96154,158
left_turning,96220,96154,96220,66
rearing,96225,96220,96225,5
grooming,96426,96225,96426,201
rearing,96507,96426,96507,81
climbing,96592,96507,96592,85
rising,96632,96592,96632,40
left_turning,96646,96632,96646,14
walking,96693,96646,96693,47
sniffing,96721,96693,96721,28
rising,96770,96721,96770,49
climbing,96822,96770,96822,52
rearing,96823,96822,96823,1
rising,96826,96823,96826,3
walking,96857,96826,96857,31
left_turning,96872,96857,96872,15
sniffing,96935,96872,96935,63
grooming,97090,96935,97090,155
hunching,97240,97090,97240,150
right_turning,97262,97240,97262,22
climbing,97280,97262,97280,18
sniffing,97281,97280,97281,1
right_turning,97301,97281,97301,20
running,97330,97301,97330,29
stepping,97347,97330,97347,17
sniffing,97446,97347,97446,99
right_turning,97453,97446,97453,7
running,97492,97453,97492,39
sniffing,97536,97492,97536,44
rising,97576,97536,97576,40
sniffing,97655,97576,97655,79
walking,97665,97655,97665,10
climbing,97694,97665,97694,29
rearing,97788,97694,97788,94
hunching,97837,97788,97837,49
grooming,98601,97837,98601,764
hunching,98681,98601,98681,80
rising,98692,98681,98692,11
climbing,98743,98692,98743,51
rearing,98820,98743,98820,77
left_turning,98830,98820,98830,10
sniffing,98894,98830,98894,64
stepping,98957,98894,98957,63
sniffing,98988,98957,98988,31
trotting,99011,98988,99011,23
rising,99040,99011,99040,29
rearing,99081,99040,99081,41
sniffing,99135,99081,99135,54
rising,99169,99135,99169,34
right_turning,99181,99169,99181,12
rising,99187,99181,99187,6
rearing,99188,99187,99188,1
sniffing,99256,99188,99256,68
right_turning,99318,99256,99318,62
sniffing,99340,99318,99340,22
rearing,99465,99340,99465,125
rising,99517,99465,99517,52
sniffing,99608,99517,99608,91
hunching,99691,99608,99691,83
rearing,99765,99691,99765,74
grooming,99766,99765,99766,1
sniffing,100023,99766,100023,257
rising,100031,100023,100031,8
walking,100134,100031,100134,103
sniffing,100143,100134,100143,9
walking,100165,100143,100165,22
left_turning,100204,100165,100204,39
sniffing,100205,100204,100205,1
right_turning,100238,100205,100238,33
walking,100252,100238,100252,14
sniffing,100316,100252,100316,64
rising,100366,100316,100366,50
climbing,100383,100366,100383,17
sniffing,100524,100383,100524,141
rearing,100525,100524,100525,1
right_turning,100564,100525,100564,39
pausing,100565,100564,100565,1
sniffing,100785,100565,100785,220
stepping,100810,100785,100810,25
walking,100844,100810,100844,34
rising,100845,100844,100845,1
climbing,100846,100845,100846,1
grooming,101989,100846,101989,1143
hunching,102030,101989,102030,41
climbing,102137,102030,102137,107
sniffing,102149,102137,102149,12
right_turning,102170,102149,102170,21
sniffing,102213,102170,102213,43
grooming,102312,102213,102312,99
climbing,102342,102312,102342,30
walking,102379,102342,102379,37
left_turning,102385,102379,102385,6
rearing,102386,102385,102386,1
climbing,102550,102386,102550,164
rising,102575,102550,102575,25
climbing,102600,102575,102600,25
right_turning,102601,102600,102601,1
sniffing,102617,102601,102617,16
climbing,102618,102617,102618,1
walking,102643,102618,102643,25
rising,102660,102643,102660,17
climbing,102721,102660,102721,61
sniffing,102809,102721,102809,88
walking,102840,102809,102840,31
rearing,102928,102840,102928,88
sniffing,102951,102928,102951,23
stepping,102972,102951,102972,21
rearing,103078,102972,103078,106
climbing,103115,103078,103115,37
running,103147,103115,103147,32
stepping,103189,103147,103189,42
walking,103210,103189,103210,21
sniffing,103291,103210,103291,81
right_turning,103292,103291,103292,1
walking,103293,103292,103293,1
climbing,103294,103293,103294,1
sniffing,103319,103294,103319,25
rearing,103355,103319,103355,36
grooming,103356,103355,103356,1
left_turning,103372,103356,103372,16
rising,103373,103372,103373,1
rearing,103400,103373,103400,27
climbing,103483,103400,103483,83
rising,103500,103483,103500,17
rearing,103544,103500,103544,44
climbing,103637,103544,103637,93
rising,103649,103637,103649,12
sniffing,103650,103649,103650,1
left_turning,103734,103650,103734,84
sniffing,103828,103734,103828,94
climbing,103877,103828,103877,49
grooming,103878,103877,103878,1
sniffing,103985,103878,103985,107
grooming,104221,103985,104221,236
sniffing,104438,104221,104438,217
walking,104464,104438,104464,26
sniffing,104563,104464,104563,99
right_turning,104583,104563,104583,20
rearing,104614,104583,104614,31
sniffing,104682,104614,104682,68
rising,104763,104682,104763,81
sniffing,104839,104763,104839,76
rising,104844,104839,104844,5
sniffing,104845,104844,104845,1
left_turning,104919,104845,104919,74
walking,104972,104919,104972,53
sniffing,105045,104972,105045,73
walking,105110,105045,105110,65
sniffing,105407,105110,105407,297
stepping,105412,105407,105412,5
sniffing,105473,105412,105473,61
grooming,105616,105473,105616,143
rearing,105617,105616,105617,1
sniffing,105618,105617,105618,1
rearing,105619,105618,105619,1
rising,105669,105619,105669,50
sniffing,105670,105669,105670,1
left_turning,105712,105670,105712,42
stepping,105781,105712,105781,69
sniffing,105782,105781,105782,1
trotting,105790,105782,105790,8
sniffing,105854,105790,105854,64
rising,105989,105854,105989,135
sniffing,105990,105989,105990,1
climbing,106012,105990,106012,22
right_turning,106056,106012,106056,44
rising,106069,106056,106069,13
right_turning,106101,106069,106101,32
stepping,106167,106101,106167,66
sniffing,106168,106167,106168,1
climbing,106253,106168,106253,85
rearing,106403,106253,106403,150
left_turning,106404,106403,106404,1
sniffing,106483,106404,106483,79
rising,106657,106483,106657,174
walking,106674,106657,106674,17
climbing,106743,106674,106743,69
running,106759,106743,106759,16
rising,106830,106759,106830,71
grooming,106873,106830,106873,43
rearing,106918,106873,106918,45
climbing,106975,106918,106975,57
hunching,107022,106975,107022,47
sniffing,107026,107022,107026,4
climbing,107028,107026,107028,2
rising,107043,107028,107043,15
sniffing,107044,107043,107044,1
rearing,107084,107044,107084,40
sniffing,107254,107084,107254,170
left_turning,107266,107254,107266,12
walking,107291,107266,107291,25
climbing,107381,107291,107381,90
sniffing,107382,107381,107382,1
walking,107432,107382,107432,50
rising,107474,107432,107474,42
climbing,107501,107474,107501,27
sniffing,107504,107501,107504,3
stepping,107543,107504,107543,39
walking,107576,107543,107576,33
stepping,107598,107576,107598,22
sniffing,107676,107598,107676,78
grooming,107924,107676,107924,248
rearing,107925,107924,107925,1
right_turning,107936,107925,107936,11
walking,107945,107936,107945,9
rearing,107946,107945,107946,1
walking,107948,107946,107948,2
sniffing,107989,107948,107989,41
left_turning,108000,107989,108000,11
