revised_movement_label,segBoundary,segBoundary_start,segBoundary_end,length
walking,44,0,44,44
left_turning,84,44,84,40
stepping,89,84,89,5
walking,123,89,123,34
sniffing,189,123,189,66
pausing,190,189,190,1
sniffing,195,190,195,5
rising,196,195,196,1
right_turning,243,196,243,47
stepping,279,243,279,36
climbing,331,279,331,52
walking,332,331,332,1
climbing,351,332,351,19
sniffing,365,351,365,14
trotting,394,365,394,29
rising,528,394,528,134
walking,589,528,589,61
rising,628,589,628,39
trotting,651,628,651,23
rising,688,651,688,37
rearing,752,688,752,64
left_turning,811,752,811,59
running,812,811,812,1
sniffing,857,812,857,45
walking,873,857,873,16
sniffing,991,873,991,118
stepping,1035,991,1035,44
rising,1036,1035,1036,1
sniffing,1081,1036,1081,45
rising,1163,1081,1163,82
walking,1171,1163,1171,8
sniffing,1195,1171,1195,24
hunching,1214,1195,1214,19
climbing,1262,1214,1262,48
sniffing,1263,1262,1263,1
climbing,1295,1263,1295,32
walking,1330,1295,1330,35
sniffing,1331,1330,1331,1
walking,1332,1331,1332,1
sniffing,1401,1332,1401,69
stepping,1402,1401,1402,1
walking,1417,1402,1417,15
sniffing,1418,1417,1418,1
climbing,1437,1418,1437,19
right_turning,1453,1437,1453,16
walking,1499,1453,1499,46
sniffing,1500,1499,1500,1
right_turning,1521,1500,1521,21
walking,1552,1521,1552,31
stepping,1558,1552,1558,6
climbing,1620,1558,1620,62
rising,1632,1620,1632,12
walking,1689,1632,1689,57
sniffing,1699,1689,1699,10
rearing,1821,1699,1821,122
hunching,1996,1821,1996,175
sniffing,2039,1996,2039,43
walking,2065,2039,2065,26
left_turning,2087,2065,2087,22
sniffing,2088,2087,2088,1
climbing,2133,2088,2133,45
rising,2174,2133,2174,41
trotting,2211,2174,2211,37
grooming,2212,2211,2212,1
sniffing,2263,2212,2263,51
climbing,2311,2263,2311,48
walking,2314,2311,2314,3
sniffing,2315,2314,2315,1
trotting,2348,2315,2348,33
sniffing,2380,2348,2380,32
walking,2384,2380,2384,4
climbing,2423,2384,2423,39
rising,2468,2423,2468,45
sniffing,2537,2468,2537,69
walking,2554,2537,2554,17
stepping,2573,2554,2573,19
sniffing,2574,2573,2574,1
rising,2597,2574,2597,23
climbing,2608,2597,2608,11
sniffing,2656,2608,2656,48
rising,2657,2656,2657,1
sniffing,2696,2657,2696,39
trotting,2697,2696,2697,1
sniffing,2698,2697,2698,1
walking,2727,2698,2727,29
left_turning,2733,2727,2733,6
walking,2783,2733,2783,50
sniffing,2784,2783,2784,1
climbing,2810,2784,2810,26
rising,2819,2810,2819,9
climbing,2876,2819,2876,57
sniffing,2877,2876,2877,1
trotting,2930,2877,2930,53
rising,2954,2930,2954,24
climbing,2997,2954,2997,43
sniffing,2999,2997,2999,2
walking,3027,2999,3027,28
rising,3107,3027,3107,80
sniffing,3114,3107,3114,7
walking,3140,3114,3140,26
climbing,3166,3140,3166,26
walking,3216,3166,3216,50
sniffing,3289,3216,3289,73
right_turning,3297,3289,3297,8
running,3306,3297,3306,9
walking,3307,3306,3307,1
sniffing,3379,3307,3379,72
rising,3420,3379,3420,41
trotting,3438,3420,3438,18
rising,3561,3438,3561,123
walking,3604,3561,3604,43
stepping,3613,3604,3613,9
rising,3644,3613,3644,31
climbing,3691,3644,3691,47
sniffing,3718,3691,3718,27
walking,3722,3718,3722,4
sniffing,3723,3722,3723,1
rising,3776,3723,3776,53
walking,3797,3776,3797,21
right_turning,3844,3797,3844,47
walking,3845,3844,3845,1
right_turning,3867,3845,3867,22
walking,3870,3867,3870,3
right_turning,3911,3870,3911,41
walking,3963,3911,3963,52
sniffing,4036,3963,4036,73
hunching,4065,4036,4065,29
right_turning,4083,4065,4083,18
walking,4141,4083,4141,58
rising,4160,4141,4160,19
climbing,4186,4160,4186,26
sniffing,4302,4186,4302,116
stepping,4336,4302,4336,34
walking,4383,4336,4383,47
trotting,4405,4383,4405,22
sniffing,4643,4405,4643,238
trotting,4666,4643,4666,23
sniffing,4667,4666,4667,1
stepping,4668,4667,4668,1
sniffing,4713,4668,4713,45
left_turning,4765,4713,4765,52
sniffing,4772,4765,4772,7
climbing,4805,4772,4805,33
walking,4839,4805,4839,34
trotting,4849,4839,4849,10
walking,4851,4849,4851,2
sniffing,4875,4851,4875,24
climbing,4963,4875,4963,88
trotting,4993,4963,4993,30
rising,5020,4993,5020,27
right_turning,5021,5020,5021,1
trotting,5048,5021,5048,27
left_turning,5077,5048,5077,29
trotting,5108,5077,5108,31
stepping,5130,5108,5130,22
rising,5131,5130,5131,1
climbing,5222,5131,5222,91
walking,5285,5222,5285,63
sniffing,5334,5285,5334,49
rising,5368,5334,5368,34
right_turning,5376,5368,5376,8
trotting,5405,5376,5405,29
rising,5469,5405,5469,64
rearing,5494,5469,5494,25
rising,5561,5494,5561,67
trotting,5625,5561,5625,64
rising,5698,5625,5698,73
climbing,5741,5698,5741,43
trotting,5753,5741,5753,12
rearing,5787,5753,5787,34
climbing,5788,5787,5788,1
sniffing,5829,5788,5829,41
hunching,5933,5829,5933,104
right_turning,5934,5933,5934,1
rising,6051,5934,6051,117
climbing,6094,6051,6094,43
sniffing,6113,6094,6113,19
right_turning,6137,6113,6137,24
walking,6218,6137,6218,81
left_turning,6273,6218,6273,55
walking,6295,6273,6295,22
sniffing,6362,6295,6362,67
left_turning,6376,6362,6376,14
trotting,6383,6376,6383,7
sniffing,6397,6383,6397,14
rising,6443,6397,6443,46
walking,6464,6443,6464,21
climbing,6514,6464,6514,50
rearing,6709,6514,6709,195
grooming,6710,6709,6710,1
rearing,6754,6710,6754,44
sniffing,6777,6754,6777,23
walking,6778,6777,6778,1
left_turning,6807,6778,6807,29
trotting,6818,6807,6818,11
walking,6819,6818,6819,1
rising,6820,6819,6820,1
climbing,6856,6820,6856,36
right_turning,6865,6856,6865,9
walking,6908,6865,6908,43
sniffing,6909,6908,6909,1
right_turning,6918,6909,6918,9
rising,6998,6918,6998,80
right_turning,6999,6998,6999,1
trotting,7000,6999,7000,1
left_turning,7043,7000,7043,43
climbing,7099,7043,7099,56
walking,7105,7099,7105,6
climbing,7144,7105,7144,39
right_turning,7145,7144,7145,1
climbing,7178,7145,7178,33
rising,7264,7178,7264,86
sniffing,7321,7264,7321,57
left_turning,7325,7321,7325,4
walking,7355,7325,7355,30
sniffing,7414,7355,7414,59
left_turning,7415,7414,7415,1
sniffing,7522,7415,7522,107
rising,7540,7522,7540,18
climbing,7572,7540,7572,32
rising,7597,7572,7597,25
sniffing,7598,7597,7598,1
left_turning,7627,7598,7627,29
sniffing,7628,7627,7628,1
rising,7629,7628,7629,1
climbing,7630,7629,7630,1
rising,7757,7630,7757,127
left_turning,7771,7757,7771,14
sniffing,7812,7771,7812,41
left_turning,7865,7812,7865,53
stepping,7866,7865,7866,1
sniffing,7930,7866,7930,64
climbing,7994,7930,7994,64
walking,8112,7994,8112,118
sniffing,8137,8112,8137,25
grooming,8383,8137,8383,246
sniffing,8554,8383,8554,171
rising,8612,8554,8612,58
walking,8616,8612,8616,4
left_turning,8645,8616,8645,29
walking,8690,8645,8690,45
sniffing,8697,8690,8697,7
climbing,8712,8697,8712,15
right_turning,8734,8712,8734,22
running,8762,8734,8762,28
sniffing,8825,8762,8825,63
walking,8845,8825,8845,20
sniffing,8938,8845,8938,93
walking,8982,8938,8982,44
right_turning,8993,8982,8993,11
walking,9042,8993,9042,49
rising,9102,9042,9102,60
climbing,9128,9102,9128,26
running,9179,9128,9179,51
climbing,9216,9179,9216,37
right_turning,9236,9216,9236,20
climbing,9237,9236,9237,1
trotting,9253,9237,9253,16
climbing,9300,9253,9300,47
rising,9441,9300,9441,141
hunching,9547,9441,9547,106
rising,9596,9547,9596,49
climbing,9666,9596,9666,70
rising,9708,9666,9708,42
sniffing,9739,9708,9739,31
climbing,9756,9739,9756,17
sniffing,9782,9756,9782,26
left_turning,9783,9782,9783,1
walking,9784,9783,9784,1
sniffing,9794,9784,9794,10
climbing,9845,9794,9845,51
left_turning,9861,9845,9861,16
walking,9916,9861,9916,55
sniffing,10081,9916,10081,165
rising,10133,10081,10133,52
hunching,10186,10133,10186,53
sniffing,10258,10186,10258,72
grooming,10259,10258,10259,1
rearing,10351,10259,10351,92
climbing,10404,10351,10404,53
sniffing,10597,10404,10597,193
right_turning,10622,10597,10622,25
walking,10650,10622,10650,28
climbing,10735,10650,10735,85
left_turning,10764,10735,10764,29
rising,10807,10764,10807,43
walking,10837,10807,10837,30
left_turning,10858,10837,10858,21
sniffing,10902,10858,10902,44
walking,10954,10902,10954,52
trotting,10964,10954,10964,10
rising,10991,10964,10991,27
left_turning,11014,10991,11014,23
walking,11060,11014,11060,46
sniffing,11107,11060,11107,47
walking,11139,11107,11139,32
sniffing,11140,11139,11140,1
trotting,11165,11140,11165,25
walking,11238,11165,11238,73
climbing,11269,11238,11269,31
sniffing,11296,11269,11296,27
walking,11353,11296,11353,57
rising,11396,11353,11396,43
climbing,11480,11396,11480,84
sniffing,11481,11480,11481,1
walking,11543,11481,11543,62
trotting,11560,11543,11560,17
sniffing,11627,11560,11627,67
right_turning,11669,11627,11669,42
sniffing,11908,11669,11908,239
walking,11935,11908,11935,27
climbing,11991,11935,11991,56
rising,12151,11991,12151,160
sniffing,12230,12151,12230,79
rising,12231,12230,12231,1
climbing,12267,12231,12267,36
running,12288,12267,12288,21
sniffing,12316,12288,12316,28
walking,12317,12316,12317,1
rearing,12322,12317,12322,5
rising,12323,12322,12323,1
sniffing,12326,12323,12326,3
climbing,12354,12326,12354,28
right_turning,12388,12354,12388,34
running,12423,12388,12423,35
sniffing,12444,12423,12444,21
left_turning,12445,12444,12445,1
sniffing,12446,12445,12446,1
rising,12666,12446,12666,220
climbing,12700,12666,12700,34
sniffing,12721,12700,12721,21
trotting,12751,12721,12751,30
stepping,12782,12751,12782,31
hunching,13079,12782,13079,297
climbing,13139,13079,13139,60
rising,13205,13139,13205,66
climbing,13225,13205,13225,20
rising,13226,13225,13226,1
climbing,13288,13226,13288,62
sniffing,13400,13288,13400,112
rearing,13401,13400,13401,1
sniffing,13402,13401,13402,1
running,13423,13402,13423,21
rising,13462,13423,13462,39
hunching,13505,13462,13505,43
rising,13560,13505,13560,55
sniffing,13628,13560,13628,68
pausing,13629,13628,13629,1
hunching,13630,13629,13630,1
sniffing,13703,13630,13703,73
running,13726,13703,13726,23
stepping,13759,13726,13759,33
trotting,13780,13759,13780,21
stepping,13811,13780,13811,31
rising,13847,13811,13847,36
walking,13899,13847,13899,52
sniffing,13900,13899,13900,1
stepping,13901,13900,13901,1
climbing,14006,13901,14006,105
sniffing,14022,14006,14022,16
rising,14112,14022,14112,90
climbing,14137,14112,14137,25
sniffing,14171,14137,14171,34
climbing,14220,14171,14220,49
sniffing,14302,14220,14302,82
rising,14362,14302,14362,60
sniffing,14435,14362,14435,73
rearing,14665,14435,14665,230
left_turning,14700,14665,14700,35
sniffing,14814,14700,14814,114
running,14819,14814,14819,5
sniffing,14832,14819,14832,13
hunching,14833,14832,14833,1
right_turning,14855,14833,14855,22
walking,14856,14855,14856,1
trotting,14880,14856,14880,24
right_turning,14944,14880,14944,64
sniffing,14977,14944,14977,33
rising,14978,14977,14978,1
climbing,15016,14978,15016,38
sniffing,15042,15016,15042,26
walking,15087,15042,15087,45
climbing,15148,15087,15148,61
left_turning,15150,15148,15150,2
sniffing,15151,15150,15151,1
walking,15152,15151,15152,1
sniffing,15289,15152,15289,137
rising,15327,15289,15327,38
left_turning,15328,15327,15328,1
walking,15329,15328,15329,1
stepping,15336,15329,15336,7
walking,15377,15336,15377,41
rising,15480,15377,15480,103
climbing,15570,15480,15570,90
walking,15575,15570,15575,5
trotting,15633,15575,15633,58
running,15664,15633,15664,31
walking,15721,15664,15721,57
climbing,15784,15721,15784,63
sniffing,15804,15784,15804,20
rising,15805,15804,15805,1
climbing,15830,15805,15830,25
sniffing,15918,15830,15918,88
left_turning,15935,15918,15935,17
sniffing,15971,15935,15971,36
trotting,16014,15971,16014,43
sniffing,16118,16014,16118,104
hunching,16202,16118,16202,84
left_turning,16272,16202,16272,70
trotting,16304,16272,16304,32
sniffing,16340,16304,16340,36
climbing,16405,16340,16405,65
sniffing,16436,16405,16436,31
walking,16453,16436,16453,17
left_turning,16454,16453,16454,1
sniffing,16523,16454,16523,69
stepping,16537,16523,16537,14
walking,16557,16537,16557,20
left_turning,16599,16557,16599,42
sniffing,16628,16599,16628,29
rearing,16743,16628,16743,115
sniffing,16809,16743,16809,66
right_turning,16813,16809,16813,4
walking,16824,16813,16824,11
sniffing,16844,16824,16844,20
grooming,17616,16844,17616,772
hunching,17671,17616,17671,55
left_turning,17684,17671,17684,13
sniffing,17767,17684,17767,83
rising,17864,17767,17864,97
climbing,17953,17864,17953,89
sniffing,18029,17953,18029,76
walking,18096,18029,18096,67
sniffing,18214,18096,18214,118
left_turning,18261,18214,18261,47
sniffing,18331,18261,18331,70
walking,18333,18331,18333,2
rising,18334,18333,18334,1
climbing,18375,18334,18375,41
walking,18376,18375,18376,1
sniffing,18402,18376,18402,26
right_turning,18409,18402,18409,7
sniffing,18518,18409,18518,109
stepping,18524,18518,18524,6
sniffing,18553,18524,18553,29
right_turning,18554,18553,18554,1
sniffing,18589,18554,18589,35
walking,18605,18589,18605,16
rising,18650,18605,18650,45
rearing,18733,18650,18733,83
sniffing,18767,18733,18767,34
rising,18780,18767,18780,13
climbing,18919,18780,18919,139
rearing,18942,18919,18942,23
grooming,18943,18942,18943,1
rearing,19068,18943,19068,125
right_turning,19075,19068,19075,7
walking,19090,19075,19090,15
left_turning,19150,19090,19150,60
sniffing,19151,19150,19151,1
trotting,19177,19151,19177,26
rising,19224,19177,19224,47
sniffing,19257,19224,19257,33
left_turning,19299,19257,19299,42
walking,19352,19299,19352,53
climbing,19387,19352,19387,35
rising,19392,19387,19392,5
hunching,19532,19392,19532,140
rising,19626,19532,19626,94
climbing,19667,19626,19667,41
running,19668,19667,19668,1
sniffing,19705,19668,19705,37
climbing,19736,19705,19736,31
running,19754,19736,19754,18
walking,19755,19754,19755,1
sniffing,19806,19755,19806,51
walking,19841,19806,19841,35
stepping,19915,19841,19915,74
climbing,19935,19915,19935,20
stepping,19962,19935,19962,27
climbing,20010,19962,20010,48
sniffing,20040,20010,20040,30
left_turning,20042,20040,20042,2
sniffing,20064,20042,20064,22
left_turning,20084,20064,20084,20
sniffing,20111,20084,20111,27
climbing,20132,20111,20132,21
sniffing,20143,20132,20143,11
climbing,20213,20143,20213,70
sniffing,20214,20213,20214,1
climbing,20227,20214,20227,13
walking,20228,20227,20228,1
sniffing,20243,20228,20243,15
grooming,20244,20243,20244,1
rearing,20383,20244,20383,139
left_turning,20430,20383,20430,47
trotting,20439,20430,20439,9
walking,20481,20439,20481,42
rising,20513,20481,20513,32
walking,20545,20513,20545,32
rising,20569,20545,20569,24
sniffing,20570,20569,20570,1
walking,20613,20570,20613,43
rising,20670,20613,20670,57
climbing,20718,20670,20718,48
rising,20735,20718,20735,17
climbing,20884,20735,20884,149
right_turning,20923,20884,20923,39
trotting,20969,20923,20969,46
sniffing,20987,20969,20987,18
rising,20995,20987,20995,8
climbing,21052,20995,21052,57
stepping,21098,21052,21098,46
walking,21109,21098,21109,11
sniffing,21157,21109,21157,48
rising,21168,21157,21168,11
climbing,21264,21168,21264,96
right_turning,21304,21264,21304,40
stepping,21305,21304,21305,1
walking,21333,21305,21333,28
climbing,21375,21333,21375,42
rising,21406,21375,21406,31
climbing,21457,21406,21457,51
sniffing,21487,21457,21487,30
rising,21488,21487,21488,1
climbing,21518,21488,21518,30
rising,21542,21518,21542,24
walking,21554,21542,21554,12
rising,21615,21554,21615,61
climbing,21654,21615,21654,39
rising,21677,21654,21677,23
rearing,21678,21677,21678,1
trotting,21681,21678,21681,3
left_turning,21709,21681,21709,28
walking,21757,21709,21757,48
rising,21758,21757,21758,1
walking,21787,21758,21787,29
sniffing,21833,21787,21833,46
rearing,21834,21833,21834,1
hunching,21854,21834,21854,20
walking,21855,21854,21855,1
stepping,21927,21855,21927,72
sniffing,21928,21927,21928,1
trotting,21940,21928,21940,12
sniffing,22087,21940,22087,147
rearing,22239,22087,22239,152
climbing,22280,22239,22280,41
rearing,22322,22280,22322,42
hunching,22420,22322,22420,98
sniffing,22448,22420,22448,28
pausing,22449,22448,22449,1
sniffing,22533,22449,22533,84
rising,22579,22533,22579,46
walking,22600,22579,22600,21
sniffing,22619,22600,22619,19
stepping,22620,22619,22620,1
hunching,22748,22620,22748,128
right_turning,22790,22748,22790,42
walking,22814,22790,22814,24
climbing,22860,22814,22860,46
rising,22882,22860,22882,22
rearing,22965,22882,22965,83
stepping,22970,22965,22970,5
trotting,22989,22970,22989,19
walking,23025,22989,23025,36
climbing,23054,23025,23054,29
left_turning,23074,23054,23074,20
sniffing,23142,23074,23142,68
climbing,23182,23142,23182,40
sniffing,23237,23182,23237,55
walking,23318,23237,23318,81
sniffing,23319,23318,23319,1
rising,23360,23319,23360,41
climbing,23467,23360,23467,107
rearing,23511,23467,23511,44
rising,23520,23511,23520,9
climbing,23540,23520,23540,20
grooming,23691,23540,23691,151
rearing,23706,23691,23706,15
rising,23748,23706,23748,42
rearing,23827,23748,23827,79
sniffing,23925,23827,23925,98
rising,23926,23925,23926,1
climbing,23965,23926,23965,39
rising,23966,23965,23966,1
climbing,23998,23966,23998,32
sniffing,24037,23998,24037,39
left_turning,24058,24037,24058,21
sniffing,24059,24058,24059,1
left_turning,24078,24059,24078,19
sniffing,24088,24078,24088,10
grooming,24211,24088,24211,123
sniffing,24263,24211,24263,52
grooming,24264,24263,24264,1
rising,24331,24264,24331,67
rearing,24592,24331,24592,261
climbing,24631,24592,24631,39
rising,24707,24631,24707,76
trotting,24712,24707,24712,5
left_turning,24755,24712,24755,43
trotting,24777,24755,24777,22
sniffing,24863,24777,24863,86
walking,24911,24863,24911,48
sniffing,24926,24911,24926,15
walking,24927,24926,24927,1
sniffing,25003,24927,25003,76
grooming,25004,25003,25004,1
climbing,25032,25004,25032,28
rearing,25086,25032,25086,54
walking,25094,25086,25094,8
sniffing,25177,25094,25177,83
stepping,25224,25177,25224,47
rising,25270,25224,25270,46
right_turning,25293,25270,25293,23
trotting,25332,25293,25332,39
walking,25361,25332,25361,29
sniffing,25386,25361,25386,25
rising,25525,25386,25525,139
climbing,25568,25525,25568,43
sniffing,25569,25568,25569,1
climbing,25599,25569,25599,30
walking,25660,25599,25660,61
sniffing,25690,25660,25690,30
climbing,25743,25690,25743,53
running,25744,25743,25744,1
sniffing,25836,25744,25836,92
right_turning,25859,25836,25859,23
stepping,25895,25859,25895,36
climbing,25921,25895,25921,26
right_turning,25946,25921,25946,25
running,25989,25946,25989,43
sniffing,26031,25989,26031,42
climbing,26065,26031,26065,34
grooming,26237,26065,26237,172
right_turning,26267,26237,26267,30
walking,26324,26267,26324,57
climbing,26426,26324,26426,102
rearing,26427,26426,26427,1
grooming,26703,26427,26703,276
running,26718,26703,26718,15
sniffing,26719,26718,26719,1
rearing,26734,26719,26734,15
rising,26748,26734,26748,14
stepping,26768,26748,26768,20
sniffing,26863,26768,26863,95
walking,26916,26863,26916,53
sniffing,26959,26916,26959,43
left_turning,26979,26959,26979,20
sniffing,26997,26979,26997,18
left_turning,27040,26997,27040,43
running,27050,27040,27050,10
sniffing,27099,27050,27099,49
climbing,27100,27099,27100,1
rising,27157,27100,27157,57
rearing,27158,27157,27158,1
climbing,27204,27158,27204,46
sniffing,27280,27204,27280,76
rising,27281,27280,27281,1
climbing,27323,27281,27323,42
running,27333,27323,27333,10
walking,27363,27333,27363,30
rearing,27418,27363,27418,55
grooming,27419,27418,27419,1
rearing,27420,27419,27420,1
grooming,27421,27420,27421,1
rearing,27464,27421,27464,43
sniffing,27501,27464,27501,37
running,27550,27501,27550,49
rising,27551,27550,27551,1
climbing,27611,27551,27611,60
sniffing,27638,27611,27638,27
walking,27669,27638,27669,31
trotting,27683,27669,27683,14
sniffing,27718,27683,27718,35
walking,27766,27718,27766,48
climbing,27782,27766,27782,16
sniffing,27875,27782,27875,93
trotting,27927,27875,27927,52
walking,27928,27927,27928,1
sniffing,27962,27928,27962,34
rearing,27984,27962,27984,22
rising,27985,27984,27985,1
sniffing,27986,27985,27986,1
walking,28018,27986,28018,32
left_turning,28019,28018,28019,1
sniffing,28020,28019,28020,1
rising,28055,28020,28055,35
left_turning,28059,28055,28059,4
rising,28060,28059,28060,1
hunching,28128,28060,28128,68
climbing,28157,28128,28157,29
rising,28158,28157,28158,1
sniffing,28190,28158,28190,32
left_turning,28191,28190,28191,1
sniffing,28220,28191,28220,29
trotting,28230,28220,28230,10
sniffing,28258,28230,28258,28
climbing,28332,28258,28332,74
sniffing,28333,28332,28333,1
rising,28361,28333,28361,28
rearing,28362,28361,28362,1
climbing,28408,28362,28408,46
right_turning,28432,28408,28432,24
trotting,28445,28432,28445,13
sniffing,28452,28445,28452,7
trotting,28456,28452,28456,4
sniffing,28457,28456,28457,1
walking,28458,28457,28458,1
sniffing,28534,28458,28534,76
rising,28595,28534,28595,61
running,28614,28595,28614,19
rising,28665,28614,28665,51
rearing,28728,28665,28728,63
sniffing,28811,28728,28811,83
running,28836,28811,28836,25
trotting,28893,28836,28893,57
stepping,28923,28893,28923,30
climbing,28993,28923,28993,70
walking,29008,28993,29008,15
sniffing,29077,29008,29077,69
climbing,29090,29077,29090,13
running,29156,29090,29156,66
rising,29221,29156,29221,65
walking,29230,29221,29230,9
sniffing,29356,29230,29356,126
walking,29384,29356,29384,28
stepping,29411,29384,29411,27
walking,29412,29411,29412,1
rising,29431,29412,29431,19
walking,29481,29431,29481,50
rising,29524,29481,29524,43
walking,29528,29524,29528,4
left_turning,29554,29528,29554,26
trotting,29582,29554,29582,28
sniffing,29648,29582,29648,66
climbing,29725,29648,29725,77
sniffing,29785,29725,29785,60
walking,29815,29785,29815,30
sniffing,29816,29815,29816,1
rising,29889,29816,29889,73
running,29914,29889,29914,25
walking,29943,29914,29943,29
jumping,29976,29943,29976,33
trotting,29983,29976,29983,7
sniffing,30000,29983,30000,17
left_turning,30011,30000,30011,11
walking,30064,30011,30064,53
rising,30158,30064,30158,94
sniffing,30173,30158,30173,15
left_turning,30219,30173,30219,46
sniffing,30277,30219,30277,58
rising,30278,30277,30278,1
walking,30312,30278,30312,34
sniffing,30398,30312,30398,86
climbing,30515,30398,30515,117
walking,30542,30515,30542,27
rising,30578,30542,30578,36
climbing,30579,30578,30579,1
sniffing,30622,30579,30622,43
grooming,30669,30622,30669,47
rearing,30688,30669,30688,19
left_turning,30744,30688,30744,56
trotting,30775,30744,30775,31
climbing,30814,30775,30814,39
trotting,30819,30814,30819,5
stepping,30820,30819,30820,1
walking,30867,30820,30867,47
sniffing,30868,30867,30868,1
rising,30869,30868,30869,1
jumping,30940,30869,30940,71
walking,30962,30940,30962,22
rearing,31074,30962,31074,112
left_turning,31088,31074,31088,14
sniffing,31156,31088,31156,68
walking,31187,31156,31187,31
left_turning,31236,31187,31236,49
sniffing,31243,31236,31243,7
walking,31262,31243,31262,19
right_turning,31298,31262,31298,36
walking,31299,31298,31299,1
sniffing,31400,31299,31400,101
climbing,31437,31400,31437,37
right_turning,31463,31437,31463,26
walking,31489,31463,31489,26
jumping,31534,31489,31534,45
running,31535,31534,31535,1
rising,31598,31535,31598,63
walking,31646,31598,31646,48
sniffing,31674,31646,31674,28
walking,31675,31674,31675,1
left_turning,31751,31675,31751,76
sniffing,31752,31751,31752,1
walking,31803,31752,31803,51
climbing,31852,31803,31852,49
hunching,32224,31852,32224,372
sniffing,32251,32224,32251,27
trotting,32274,32251,32274,23
walking,32289,32274,32289,15
sniffing,32355,32289,32355,66
trotting,32371,32355,32371,16
rising,32379,32371,32379,8
climbing,32460,32379,32460,81
right_turning,32461,32460,32461,1
climbing,32480,32461,32480,19
stepping,32526,32480,32526,46
sniffing,32552,32526,32552,26
rising,32553,32552,32553,1
walking,32579,32553,32579,26
sniffing,32790,32579,32790,211
right_turning,32819,32790,32819,29
left_turning,32857,32819,32857,38
rising,32928,32857,32928,71
climbing,32955,32928,32955,27
rearing,32956,32955,32956,1
sniffing,32957,32956,32957,1
left_turning,32994,32957,32994,37
running,33031,32994,33031,37
sniffing,33032,33031,33032,1
left_turning,33071,33032,33071,39
sniffing,33133,33071,33133,62
climbing,33204,33133,33204,71
walking,33205,33204,33205,1
rising,33294,33205,33294,89
sniffing,33295,33294,33295,1
rising,33296,33295,33296,1
walking,33325,33296,33325,29
sniffing,33326,33325,33326,1
rising,33346,33326,33346,20
sniffing,33347,33346,33347,1
climbing,33368,33347,33368,21
walking,33376,33368,33376,8
sniffing,33448,33376,33448,72
walking,33507,33448,33507,59
climbing,33585,33507,33585,78
sniffing,33613,33585,33613,28
walking,33650,33613,33650,37
stepping,33673,33650,33673,23
rearing,33715,33673,33715,42
left_turning,33716,33715,33716,1
rising,33763,33716,33763,47
climbing,33786,33763,33786,23
running,33808,33786,33808,22
sniffing,33853,33808,33853,45
running,33903,33853,33903,50
walking,33942,33903,33942,39
rearing,33961,33942,33961,19
climbing,34012,33961,34012,51
rising,34074,34012,34074,62
sniffing,34136,34074,34136,62
rising,34137,34136,34137,1
left_turning,34138,34137,34138,1
rising,34141,34138,34141,3
trotting,34145,34141,34145,4
sniffing,34203,34145,34203,58
climbing,34218,34203,34218,15
rising,34233,34218,34233,15
stepping,34234,34233,34234,1
rising,34270,34234,34270,36
climbing,34332,34270,34332,62
running,34370,34332,34370,38
sniffing,34400,34370,34400,30
rising,34401,34400,34401,1
climbing,34425,34401,34425,24
sniffing,34481,34425,34481,56
stepping,34513,34481,34513,32
rearing,34643,34513,34643,130
trotting,34684,34643,34684,41
sniffing,34795,34684,34795,111
rising,34835,34795,34835,40
climbing,34857,34835,34857,22
sniffing,34876,34857,34876,19
left_turning,34987,34876,34987,111
sniffing,34988,34987,34988,1
jumping,35051,34988,35051,63
walking,35057,35051,35057,6
trotting,35105,35057,35105,48
left_turning,35106,35105,35106,1
walking,35129,35106,35129,23
stepping,35134,35129,35134,5
left_turning,35161,35134,35161,27
running,35186,35161,35186,25
sniffing,35193,35186,35193,7
stepping,35194,35193,35194,1
trotting,35208,35194,35208,14
sniffing,35276,35208,35276,68
rising,35344,35276,35344,68
climbing,35345,35344,35345,1
sniffing,35346,35345,35346,1
rearing,35462,35346,35462,116
right_turning,35463,35462,35463,1
climbing,35510,35463,35510,47
grooming,35511,35510,35511,1
rising,35575,35511,35575,64
sniffing,35579,35575,35579,4
rising,35659,35579,35659,80
climbing,35751,35659,35751,92
rearing,35752,35751,35752,1
climbing,35837,35752,35837,85
walking,35872,35837,35872,35
right_turning,35880,35872,35880,8
walking,35959,35880,35959,79
sniffing,35983,35959,35983,24
rising,36412,35983,36412,429
climbing,36429,36412,36429,17
left_turning,36489,36429,36489,60
sniffing,36492,36489,36492,3
right_turning,36511,36492,36511,19
sniffing,36724,36511,36724,213
grooming,36738,36724,36738,14
rearing,36908,36738,36908,170
rising,36909,36908,36909,1
jumping,36942,36909,36942,33
rising,36949,36942,36949,7
sniffing,36976,36949,36976,27
right_turning,36994,36976,36994,18
climbing,37047,36994,37047,53
right_turning,37057,37047,37057,10
sniffing,37078,37057,37078,21
walking,37128,37078,37128,50
rising,37172,37128,37172,44
rearing,37254,37172,37254,82
walking,37268,37254,37268,14
sniffing,37320,37268,37320,52
walking,37340,37320,37340,20
sniffing,37353,37340,37353,13
climbing,37443,37353,37443,90
sniffing,37472,37443,37472,29
walking,37510,37472,37510,38
sniffing,37556,37510,37556,46
climbing,37602,37556,37602,46
rising,37611,37602,37611,9
sniffing,37684,37611,37684,73
trotting,37702,37684,37702,18
walking,37705,37702,37705,3
sniffing,37710,37705,37710,5
stepping,37736,37710,37736,26
left_turning,37757,37736,37757,21
trotting,37777,37757,37777,20
walking,37803,37777,37803,26
stepping,37834,37803,37834,31
rearing,37882,37834,37882,48
sniffing,37883,37882,37883,1
rising,37902,37883,37902,19
rearing,37917,37902,37917,15
hunching,37979,37917,37979,62
climbing,38055,37979,38055,76
sniffing,38102,38055,38102,47
running,38116,38102,38116,14
sniffing,38174,38116,38174,58
grooming,38224,38174,38224,50
rearing,38329,38224,38329,105
sniffing,38353,38329,38353,24
left_turning,38363,38353,38363,10
hunching,38419,38363,38419,56
grooming,38612,38419,38612,193
rearing,38683,38612,38683,71
sniffing,38740,38683,38740,57
rising,38741,38740,38741,1
sniffing,38742,38741,38742,1
hunching,38875,38742,38875,133
rising,38908,38875,38908,33
sniffing,39026,38908,39026,118
climbing,39058,39026,39058,32
rising,39144,39058,39144,86
climbing,39206,39144,39206,62
grooming,39207,39206,39207,1
hunching,39248,39207,39248,41
right_turning,39294,39248,39294,46
walking,39295,39294,39295,1
stepping,39296,39295,39296,1
walking,39382,39296,39382,86
trotting,39418,39382,39418,36
walking,39449,39418,39449,31
left_turning,39474,39449,39474,25
sniffing,39596,39474,39596,122
walking,39625,39596,39625,29
sniffing,39713,39625,39713,88
stepping,39723,39713,39723,10
rising,39752,39723,39752,29
rearing,39753,39752,39753,1
rising,39767,39753,39767,14
walking,39775,39767,39775,8
stepping,39839,39775,39839,64
climbing,39859,39839,39859,20
rising,39902,39859,39902,43
climbing,39958,39902,39958,56
sniffing,40029,39958,40029,71
stepping,40031,40029,40031,2
walking,40042,40031,40042,11
climbing,40105,40042,40105,63
walking,40127,40105,40127,22
hunching,40190,40127,40190,63
stepping,40214,40190,40214,24
trotting,40243,40214,40243,29
sniffing,40258,40243,40258,15
grooming,40357,40258,40357,99
rearing,40428,40357,40428,71
climbing,40463,40428,40463,35
sniffing,40510,40463,40510,47
right_turning,40518,40510,40518,8
stepping,40560,40518,40560,42
hunching,40587,40560,40587,27
climbing,40600,40587,40600,13
sniffing,40633,40600,40633,33
left_turning,40634,40633,40634,1
climbing,40665,40634,40665,31
walking,40697,40665,40697,32
left_turning,40796,40697,40796,99
sniffing,40808,40796,40808,12
rising,40839,40808,40839,31
walking,40855,40839,40855,16
rising,40884,40855,40884,29
walking,40923,40884,40923,39
sniffing,40960,40923,40960,37
stepping,40961,40960,40961,1
sniffing,40962,40961,40962,1
grooming,41128,40962,41128,166
sniffing,41129,41128,41129,1
climbing,41215,41129,41215,86
rearing,41216,41215,41216,1
hunching,41347,41216,41347,131
sniffing,41427,41347,41427,80
rising,41447,41427,41447,20
climbing,41506,41447,41506,59
left_turning,41507,41506,41507,1
rising,41508,41507,41508,1
hunching,41527,41508,41527,19
sniffing,41590,41527,41590,63
trotting,41613,41590,41613,23
walking,41625,41613,41625,12
rising,41626,41625,41626,1
left_turning,41701,41626,41701,75
sniffing,41702,41701,41702,1
hunching,41739,41702,41739,37
grooming,42809,41739,42809,1070
climbing,42837,42809,42837,28
walking,42864,42837,42864,27
sniffing,42928,42864,42928,64
walking,42957,42928,42957,29
rearing,43109,42957,43109,152
grooming,43110,43109,43110,1
rising,43189,43110,43189,79
sniffing,43210,43189,43210,21
rising,43219,43210,43219,9
sniffing,43244,43219,43244,25
rising,43270,43244,43270,26
climbing,43286,43270,43286,16
sniffing,43311,43286,43311,25
right_turning,43313,43311,43313,2
rearing,43456,43313,43456,143
stepping,43472,43456,43472,16
sniffing,43473,43472,43473,1
rising,43517,43473,43517,44
climbing,43595,43517,43595,78
right_turning,43600,43595,43600,5
walking,43627,43600,43627,27
sniffing,43649,43627,43649,22
walking,43757,43649,43757,108
climbing,43812,43757,43812,55
rearing,43883,43812,43883,71
sniffing,43923,43883,43923,40
climbing,43970,43923,43970,47
left_turning,43985,43970,43985,15
sniffing,44008,43985,44008,23
running,44041,44008,44041,33
trotting,44087,44041,44087,46
walking,44121,44087,44121,34
rising,44156,44121,44156,35
jumping,44157,44156,44157,1
running,44171,44157,44171,14
sniffing,44175,44171,44175,4
rising,44203,44175,44203,28
climbing,44210,44203,44210,7
walking,44287,44210,44287,77
climbing,44316,44287,44316,29
right_turning,44322,44316,44322,6
walking,44353,44322,44353,31
sniffing,44386,44353,44386,33
hunching,44417,44386,44417,31
grooming,44515,44417,44515,98
sniffing,44558,44515,44558,43
walking,44627,44558,44627,69
trotting,44655,44627,44655,28
sniffing,44658,44655,44658,3
rising,44705,44658,44705,47
right_turning,44711,44705,44711,6
grooming,44999,44711,44999,288
sniffing,45000,44999,45000,1
stepping,45012,45000,45012,12
sniffing,45021,45012,45021,9
walking,45062,45021,45062,41
climbing,45110,45062,45110,48
rearing,45202,45110,45202,92
walking,45301,45202,45301,99
rising,45356,45301,45356,55
climbing,45461,45356,45461,105
right_turning,45496,45461,45496,35
walking,45533,45496,45533,37
left_turning,45534,45533,45534,1
sniffing,45535,45534,45535,1
walking,45552,45535,45552,17
trotting,45569,45552,45569,17
rising,45582,45569,45582,13
sniffing,45618,45582,45618,36
climbing,45663,45618,45663,45
running,45705,45663,45705,42
stepping,45749,45705,45749,44
walking,45763,45749,45763,14
sniffing,45775,45763,45775,12
left_turning,45845,45775,45845,70
trotting,45871,45845,45871,26
left_turning,45872,45871,45872,1
walking,45873,45872,45873,1
trotting,45901,45873,45901,28
walking,45907,45901,45907,6
rising,45928,45907,45928,21
rearing,46014,45928,46014,86
climbing,46126,46014,46126,112
trotting,46133,46126,46133,7
sniffing,46134,46133,46134,1
rearing,46202,46134,46202,68
hunching,46286,46202,46286,84
rising,46311,46286,46311,25
jumping,46379,46311,46379,68
sniffing,46427,46379,46427,48
walking,46465,46427,46465,38
rising,46466,46465,46466,1
rearing,46467,46466,46467,1
sniffing,46547,46467,46547,80
left_turning,46570,46547,46570,23
sniffing,46628,46570,46628,58
stepping,46678,46628,46678,50
rising,46713,46678,46713,35
climbing,46734,46713,46734,21
walking,46791,46734,46791,57
sniffing,46843,46791,46843,52
climbing,46889,46843,46889,46
walking,46928,46889,46928,39
trotting,46939,46928,46939,11
walking,46964,46939,46964,25
rising,47008,46964,47008,44
left_turning,47045,47008,47045,37
trotting,47047,47045,47047,2
walking,47116,47047,47116,69
sniffing,47226,47116,47226,110
trotting,47244,47226,47244,18
walking,47289,47244,47289,45
left_turning,47290,47289,47290,1
right_turning,47315,47290,47315,25
sniffing,47343,47315,47343,28
walking,47344,47343,47344,1
trotting,47361,47344,47361,17
walking,47419,47361,47419,58
trotting,47433,47419,47433,14
walking,47471,47433,47471,38
sniffing,47593,47471,47593,122
left_turning,47602,47593,47602,9
running,47609,47602,47609,7
sniffing,47614,47609,47614,5
climbing,47655,47614,47655,41
rising,47656,47655,47656,1
climbing,47758,47656,47758,102
right_turning,47776,47758,47776,18
climbing,47791,47776,47791,15
walking,47816,47791,47816,25
hunching,47827,47816,47827,11
sniffing,47878,47827,47878,51
rising,47896,47878,47896,18
climbing,47940,47896,47940,44
running,47965,47940,47965,25
left_turning,47996,47965,47996,31
trotting,48044,47996,48044,48
sniffing,48211,48044,48211,167
left_turning,48224,48211,48224,13
rising,48247,48224,48247,23
climbing,48277,48247,48277,30
rearing,48425,48277,48425,148
walking,48429,48425,48429,4
stepping,48486,48429,48486,57
rising,48590,48486,48590,104
climbing,48603,48590,48603,13
rising,48653,48603,48653,50
left_turning,48678,48653,48678,25
walking,48699,48678,48699,21
sniffing,48712,48699,48712,13
rising,48826,48712,48826,114
walking,48876,48826,48876,50
stepping,48991,48876,48991,115
sniffing,49037,48991,49037,46
rising,49083,49037,49083,46
trotting,49113,49083,49113,30
rearing,49114,49113,49114,1
hunching,49305,49114,49305,191
climbing,49330,49305,49330,25
right_turning,49337,49330,49337,7
climbing,49384,49337,49384,47
sniffing,49496,49384,49496,112
right_turning,49497,49496,49497,1
walking,49509,49497,49509,12
rising,49510,49509,49510,1
sniffing,49582,49510,49582,72
climbing,49619,49582,49619,37
right_turning,49624,49619,49624,5
walking,49642,49624,49642,18
trotting,49664,49642,49664,22
walking,49715,49664,49715,51
sniffing,49812,49715,49812,97
rising,49813,49812,49813,1
sniffing,49847,49813,49847,34
walking,49854,49847,49854,7
climbing,49918,49854,49918,64
left_turning,49966,49918,49966,48
walking,49984,49966,49984,18
rising,50029,49984,50029,45
left_turning,50053,50029,50053,24
walking,50086,50053,50086,33
sniffing,50087,50086,50087,1
rearing,50157,50087,50157,70
climbing,50207,50157,50207,50
rising,50239,50207,50239,32
rearing,50250,50239,50250,11
walking,50264,50250,50264,14
sniffing,50337,50264,50337,73
left_turning,50407,50337,50407,70
walking,50429,50407,50429,22
sniffing,50430,50429,50430,1
rearing,50536,50430,50536,106
climbing,50585,50536,50585,49
sniffing,50586,50585,50586,1
walking,50596,50586,50596,10
sniffing,50597,50596,50597,1
right_turning,50620,50597,50620,23
walking,50643,50620,50643,23
left_turning,50672,50643,50672,29
sniffing,50799,50672,50799,127
rising,50800,50799,50800,1
climbing,50813,50800,50813,13
rising,50843,50813,50843,30
walking,50862,50843,50862,19
rising,50868,50862,50868,6
grooming,50869,50868,50869,1
sniffing,51011,50869,51011,142
walking,51060,51011,51060,49
hunching,51171,51060,51171,111
sniffing,51172,51171,51172,1
rising,51199,51172,51199,27
grooming,51448,51199,51448,249
walking,51548,51448,51548,100
trotting,51597,51548,51597,49
running,51615,51597,51615,18
walking,51626,51615,51626,11
rising,51627,51626,51627,1
right_turning,51637,51627,51637,10
walking,51675,51637,51675,38
climbing,51730,51675,51730,55
rising,51775,51730,51775,45
climbing,51832,51775,51832,57
sniffing,51860,51832,51860,28
grooming,51869,51860,51869,9
climbing,51945,51869,51945,76
rising,51975,51945,51975,30
stepping,51976,51975,51976,1
rising,51977,51976,51977,1
sniffing,52072,51977,52072,95
walking,52147,52072,52147,75
rising,52173,52147,52173,26
grooming,52406,52173,52406,233
hunching,52537,52406,52537,131
climbing,52608,52537,52608,71
rearing,52817,52608,52817,209
sniffing,52818,52817,52818,1
grooming,52838,52818,52838,20
left_turning,52872,52838,52872,34
sniffing,52956,52872,52956,84
trotting,52966,52956,52966,10
walking,53038,52966,53038,72
climbing,53060,53038,53060,22
rising,53101,53060,53101,41
climbing,53177,53101,53177,76
sniffing,53377,53177,53377,200
walking,53403,53377,53403,26
trotting,53431,53403,53431,28
stepping,53481,53431,53481,50
sniffing,53498,53481,53498,17
walking,53500,53498,53500,2
running,53544,53500,53544,44
stepping,53555,53544,53555,11
rising,53556,53555,53556,1
climbing,53581,53556,53581,25
rising,53631,53581,53631,50
climbing,53693,53631,53693,62
rising,53721,53693,53721,28
rearing,53878,53721,53878,157
sniffing,53950,53878,53950,72
rising,53987,53950,53987,37
sniffing,54026,53987,54026,39
rising,54066,54026,54066,40
grooming,54200,54066,54200,134
sniffing,54370,54200,54370,170
walking,54400,54370,54400,30
running,54423,54400,54423,23
walking,54446,54423,54446,23
climbing,54549,54446,54549,103
grooming,54550,54549,54550,1
rearing,54553,54550,54553,3
grooming,54614,54553,54614,61
walking,54626,54614,54626,12
sniffing,54627,54626,54627,1
rising,54628,54627,54628,1
climbing,54674,54628,54674,46
rearing,54755,54674,54755,81
rising,54821,54755,54821,66
sniffing,54871,54821,54871,50
rearing,54936,54871,54936,65
climbing,54962,54936,54962,26
rising,54963,54962,54963,1
sniffing,55005,54963,55005,42
stepping,55083,55005,55083,78
walking,55101,55083,55101,18
rising,55157,55101,55157,56
sniffing,55193,55157,55193,36
grooming,55464,55193,55464,271
sniffing,55494,55464,55494,30
stepping,55512,55494,55512,18
climbing,55573,55512,55573,61
grooming,55917,55573,55917,344
right_turning,55928,55917,55928,11
climbing,55999,55928,55999,71
sniffing,56092,55999,56092,93
rising,56106,56092,56106,14
climbing,56119,56106,56119,13
right_turning,56151,56119,56151,32
trotting,56160,56151,56160,9
sniffing,56161,56160,56161,1
rising,56202,56161,56202,41
climbing,56212,56202,56212,10
stepping,56255,56212,56255,43
walking,56291,56255,56291,36
rising,56292,56291,56292,1
walking,56322,56292,56322,30
left_turning,56357,56322,56357,35
walking,56358,56357,56358,1
sniffing,56417,56358,56417,59
rising,56418,56417,56418,1
sniffing,56434,56418,56434,16
hunching,56591,56434,56591,157
right_turning,56641,56591,56641,50
trotting,56652,56641,56652,11
right_turning,56653,56652,56653,1
walking,56693,56653,56693,40
sniffing,56764,56693,56764,71
left_turning,56792,56764,56792,28
running,56805,56792,56805,13
sniffing,56851,56805,56851,46
rearing,56852,56851,56852,1
climbing,56874,56852,56874,22
walking,56895,56874,56895,21
climbing,56966,56895,56966,71
rising,56995,56966,56995,29
climbing,57019,56995,57019,24
sniffing,57020,57019,57020,1
stepping,57045,57020,57045,25
rising,57065,57045,57065,20
climbing,57113,57065,57113,48
sniffing,57159,57113,57159,46
pausing,57160,57159,57160,1
sniffing,57200,57160,57200,40
trotting,57223,57200,57223,23
rising,57224,57223,57224,1
walking,57225,57224,57225,1
rising,57226,57225,57226,1
climbing,57319,57226,57319,93
rearing,57336,57319,57336,17
rising,57345,57336,57345,9
climbing,57346,57345,57346,1
rising,57347,57346,57347,1
sniffing,57455,57347,57455,108
rising,57471,57455,57471,16
rearing,57568,57471,57568,97
sniffing,57640,57568,57640,72
rising,57729,57640,57729,89
walking,57799,57729,57799,70
left_turning,57800,57799,57800,1
sniffing,57886,57800,57886,86
hunching,57887,57886,57887,1
rising,57888,57887,57888,1
climbing,57989,57888,57989,101
left_turning,57990,57989,57990,1
walking,57991,57990,57991,1
trotting,57992,57991,57992,1
stepping,58019,57992,58019,27
sniffing,58077,58019,58077,58
left_turning,58112,58077,58112,35
walking,58190,58112,58190,78
left_turning,58268,58190,58268,78
sniffing,58368,58268,58368,100
walking,58403,58368,58403,35
rising,58452,58403,58452,49
stepping,58453,58452,58453,1
rearing,58490,58453,58490,37
climbing,58558,58490,58558,68
left_turning,58612,58558,58612,54
walking,58633,58612,58633,21
sniffing,58634,58633,58634,1
left_turning,58657,58634,58657,23
sniffing,58762,58657,58762,105
rising,58763,58762,58763,1
walking,58776,58763,58776,13
hunching,58852,58776,58852,76
right_turning,58853,58852,58853,1
running,58859,58853,58859,6
left_turning,58899,58859,58899,40
walking,58938,58899,58938,39
sniffing,58976,58938,58976,38
rising,59035,58976,59035,59
left_turning,59052,59035,59052,17
sniffing,59107,59052,59107,55
left_turning,59185,59107,59185,78
trotting,59186,59185,59186,1
sniffing,59187,59186,59187,1
climbing,59291,59187,59291,104
rearing,59704,59291,59704,413
grooming,59705,59704,59705,1
walking,59706,59705,59706,1
trotting,59720,59706,59720,14
sniffing,59794,59720,59794,74
climbing,59851,59794,59851,57
rising,59852,59851,59852,1
climbing,59901,59852,59901,49
hunching,59954,59901,59954,53
walking,59991,59954,59991,37
sniffing,59992,59991,59992,1
rising,60054,59992,60054,62
climbing,60103,60054,60103,49
sniffing,60114,60103,60114,11
climbing,60133,60114,60133,19
rearing,60191,60133,60191,58
sniffing,60203,60191,60203,12
walking,60205,60203,60205,2
sniffing,60338,60205,60338,133
rising,60339,60338,60339,1
trotting,60356,60339,60356,17
climbing,60375,60356,60375,19
right_turning,60376,60375,60376,1
sniffing,60430,60376,60430,54
walking,60471,60430,60471,41
sniffing,60555,60471,60555,84
rising,60615,60555,60615,60
walking,60616,60615,60616,1
left_turning,60625,60616,60625,9
sniffing,60632,60625,60632,7
left_turning,60735,60632,60735,103
walking,60774,60735,60774,39
stepping,60823,60774,60823,49
climbing,60839,60823,60839,16
right_turning,60840,60839,60840,1
climbing,60874,60840,60874,34
right_turning,60905,60874,60905,31
walking,60939,60905,60939,34
sniffing,60940,60939,60940,1
rising,61026,60940,61026,86
rearing,61080,61026,61080,54
rising,61130,61080,61130,50
sniffing,61200,61130,61200,70
walking,61260,61200,61260,60
sniffing,61306,61260,61306,46
climbing,61375,61306,61375,69
grooming,61376,61375,61376,1
rising,61479,61376,61479,103
climbing,61497,61479,61497,18
grooming,61498,61497,61498,1
climbing,61501,61498,61501,3
grooming,61813,61501,61813,312
climbing,61845,61813,61845,32
sniffing,61891,61845,61891,46
rising,61920,61891,61920,29
climbing,61966,61920,61966,46
right_turning,61978,61966,61978,12
walking,62036,61978,62036,58
sniffing,62094,62036,62094,58
rising,62223,62094,62223,129
jumping,62250,62223,62250,27
rearing,62307,62250,62307,57
sniffing,62395,62307,62395,88
rising,62417,62395,62417,22
walking,62481,62417,62481,64
left_turning,62512,62481,62512,31
trotting,62534,62512,62534,22
walking,62578,62534,62578,44
rising,62586,62578,62586,8
climbing,62644,62586,62644,58
walking,62661,62644,62661,17
sniffing,62675,62661,62675,14
pausing,62676,62675,62676,1
sniffing,62724,62676,62724,48
hunching,62827,62724,62827,103
rising,62851,62827,62851,24
rearing,62976,62851,62976,125
rising,62992,62976,62992,16
walking,63008,62992,63008,16
sniffing,63081,63008,63081,73
pausing,63231,63081,63231,150
sniffing,63348,63231,63348,117
walking,63440,63348,63440,92
sniffing,63530,63440,63530,90
running,63556,63530,63556,26
walking,63636,63556,63636,80
climbing,63690,63636,63690,54
walking,63745,63690,63745,55
climbing,63840,63745,63840,95
rearing,63841,63840,63841,1
hunching,63924,63841,63924,83
rising,63942,63924,63942,18
climbing,63989,63942,63989,47
rising,64040,63989,64040,51
sniffing,64041,64040,64041,1
trotting,64070,64041,64070,29
rising,64071,64070,64071,1
sniffing,64099,64071,64099,28
rising,64133,64099,64133,34
rearing,64174,64133,64174,41
rising,64203,64174,64203,29
climbing,64225,64203,64225,22
right_turning,64247,64225,64247,22
sniffing,64385,64247,64385,138
hunching,64405,64385,64405,20
climbing,64407,64405,64407,2
grooming,64825,64407,64825,418
rearing,64896,64825,64896,71
trotting,64918,64896,64918,22
sniffing,64941,64918,64941,23
rising,64942,64941,64942,1
sniffing,65104,64942,65104,162
walking,65118,65104,65118,14
sniffing,65173,65118,65173,55
grooming,65607,65173,65607,434
right_turning,65644,65607,65644,37
sniffing,65711,65644,65711,67
rearing,65793,65711,65793,82
climbing,65844,65793,65844,51
right_turning,65845,65844,65845,1
rising,65846,65845,65846,1
climbing,65912,65846,65912,66
sniffing,65920,65912,65920,8
rearing,65921,65920,65921,1
hunching,66004,65921,66004,83
rearing,66050,66004,66050,46
sniffing,66093,66050,66093,43
walking,66151,66093,66151,58
sniffing,66239,66151,66239,88
rising,66243,66239,66243,4
sniffing,66244,66243,66244,1
left_turning,66281,66244,66281,37
sniffing,66366,66281,66366,85
rising,66369,66366,66369,3
sniffing,66419,66369,66419,50
walking,66469,66419,66469,50
sniffing,66612,66469,66612,143
climbing,66613,66612,66613,1
walking,66637,66613,66637,24
stepping,66652,66637,66652,15
sniffing,66698,66652,66698,46
rearing,66862,66698,66862,164
climbing,66863,66862,66863,1
sniffing,66887,66863,66887,24
left_turning,66888,66887,66888,1
walking,66926,66888,66926,38
left_turning,66941,66926,66941,15
sniffing,66942,66941,66942,1
left_turning,66970,66942,66970,28
rising,66981,66970,66981,11
rearing,67070,66981,67070,89
grooming,67248,67070,67248,178
sniffing,67312,67248,67312,64
walking,67357,67312,67357,45
sniffing,67443,67357,67443,86
rising,67479,67443,67479,36
sniffing,67541,67479,67541,62
walking,67650,67541,67650,109
grooming,67990,67650,67990,340
right_turning,67997,67990,67997,7
walking,68014,67997,68014,17
climbing,68063,68014,68063,49
right_turning,68071,68063,68071,8
sniffing,68095,68071,68095,24
running,68124,68095,68124,29
walking,68125,68124,68125,1
sniffing,68126,68125,68126,1
rising,68134,68126,68134,8
sniffing,68259,68134,68259,125
stepping,68260,68259,68260,1
sniffing,68282,68260,68282,22
left_turning,68295,68282,68295,13
walking,68340,68295,68340,45
sniffing,68341,68340,68341,1
right_turning,68373,68341,68373,32
running,68398,68373,68398,25
trotting,68400,68398,68400,2
left_turning,68425,68400,68425,25
trotting,68464,68425,68464,39
sniffing,68483,68464,68483,19
rising,68484,68483,68484,1
climbing,68509,68484,68509,25
sniffing,68595,68509,68595,86
left_turning,68625,68595,68625,30
sniffing,68626,68625,68626,1
left_turning,68663,68626,68663,37
walking,68690,68663,68690,27
sniffing,68691,68690,68691,1
grooming,69214,68691,69214,523
sniffing,69215,69214,69215,1
walking,69252,69215,69252,37
stepping,69279,69252,69279,27
walking,69301,69279,69301,22
sniffing,69362,69301,69362,61
walking,69383,69362,69383,21
sniffing,69384,69383,69384,1
climbing,69400,69384,69400,16
walking,69408,69400,69408,8
sniffing,69422,69408,69422,14
hunching,69477,69422,69477,55
rearing,69598,69477,69598,121
sniffing,69667,69598,69667,69
walking,69675,69667,69675,8
sniffing,69773,69675,69773,98
walking,69774,69773,69774,1
sniffing,69850,69774,69850,76
walking,69886,69850,69886,36
sniffing,69887,69886,69887,1
hunching,69888,69887,69888,1
sniffing,69933,69888,69933,45
rising,70001,69933,70001,68
climbing,70012,70001,70012,11
walking,70047,70012,70047,35
climbing,70112,70047,70112,65
rising,70437,70112,70437,325
climbing,70495,70437,70495,58
sniffing,70526,70495,70526,31
walking,70531,70526,70531,5
sniffing,70543,70531,70543,12
right_turning,70588,70543,70588,45
walking,70624,70588,70624,36
climbing,70727,70624,70727,103
sniffing,70760,70727,70760,33
rising,70798,70760,70798,38
walking,70827,70798,70827,29
rising,70865,70827,70865,38
climbing,70883,70865,70883,18
walking,70939,70883,70939,56
left_turning,70944,70939,70944,5
trotting,70974,70944,70974,30
sniffing,71030,70974,71030,56
rising,71106,71030,71106,76
climbing,71119,71106,71119,13
rearing,71155,71119,71155,36
walking,71191,71155,71191,36
climbing,71273,71191,71273,82
sniffing,71384,71273,71384,111
rising,71441,71384,71441,57
sniffing,71478,71441,71478,37
walking,71498,71478,71498,20
sniffing,71499,71498,71499,1
right_turning,71512,71499,71512,13
trotting,71549,71512,71549,37
sniffing,71550,71549,71550,1
walking,71582,71550,71582,32
sniffing,71672,71582,71672,90
grooming,71673,71672,71673,1
rearing,71772,71673,71772,99
walking,71784,71772,71784,12
rising,71799,71784,71799,15
climbing,71855,71799,71855,56
rising,71880,71855,71880,25
sniffing,71887,71880,71887,7
climbing,71927,71887,71927,40
walking,71932,71927,71932,5
left_turning,72014,71932,72014,82
running,72025,72014,72025,11
walking,72073,72025,72073,48
rising,72122,72073,72122,49
climbing,72152,72122,72152,30
walking,72164,72152,72164,12
sniffing,72192,72164,72192,28
stepping,72268,72192,72268,76
walking,72281,72268,72281,13
sniffing,72328,72281,72328,47
hunching,72371,72328,72371,43
climbing,72426,72371,72426,55
sniffing,72427,72426,72427,1
walking,72473,72427,72473,46
sniffing,72506,72473,72506,33
rising,72522,72506,72522,16
climbing,72568,72522,72568,46
rising,72572,72568,72572,4
grooming,72841,72572,72841,269
left_turning,72876,72841,72876,35
walking,72914,72876,72914,38
left_turning,72959,72914,72959,45
walking,72964,72959,72964,5
sniffing,72978,72964,72978,14
rearing,72979,72978,72979,1
rising,73023,72979,73023,44
sniffing,73024,73023,73024,1
climbing,73108,73024,73108,84
grooming,73109,73108,73109,1
hunching,73223,73109,73223,114
climbing,73243,73223,73243,20
rising,73260,73243,73260,17
sniffing,73339,73260,73339,79
walking,73375,73339,73375,36
sniffing,73433,73375,73433,58
rising,73470,73433,73470,37
right_turning,73493,73470,73493,23
sniffing,73494,73493,73494,1
grooming,73597,73494,73597,103
climbing,73664,73597,73664,67
grooming,73665,73664,73665,1
sniffing,73703,73665,73703,38
trotting,73734,73703,73734,31
climbing,73755,73734,73755,21
sniffing,73784,73755,73784,29
right_turning,73794,73784,73794,10
sniffing,73841,73794,73841,47
rising,73873,73841,73873,32
rearing,73942,73873,73942,69
climbing,74047,73942,74047,105
stepping,74069,74047,74069,22
rearing,74070,74069,74070,1
walking,74088,74070,74088,18
trotting,74092,74088,74092,4
rising,74123,74092,74123,31
climbing,74186,74123,74186,63
walking,74208,74186,74208,22
sniffing,74269,74208,74269,61
climbing,74305,74269,74305,36
rearing,74347,74305,74347,42
rising,74388,74347,74388,41
walking,74440,74388,74440,52
stepping,74481,74440,74481,41
left_turning,74508,74481,74508,27
hunching,74562,74508,74562,54
climbing,74608,74562,74608,46
sniffing,74633,74608,74633,25
rearing,74748,74633,74748,115
left_turning,74829,74748,74829,81
walking,74852,74829,74852,23
left_turning,74946,74852,74946,94
sniffing,74976,74946,74976,30
climbing,75023,74976,75023,47
right_turning,75051,75023,75051,28
rising,75105,75051,75105,54
sniffing,75130,75105,75130,25
stepping,75131,75130,75131,1
climbing,75209,75131,75209,78
rising,75248,75209,75248,39
sniffing,75339,75248,75339,91
hunching,75399,75339,75399,60
climbing,75432,75399,75432,33
rising,75433,75432,75433,1
climbing,75455,75433,75455,22
rearing,75564,75455,75564,109
grooming,75697,75564,75697,133
sniffing,75742,75697,75742,45
rising,75786,75742,75786,44
sniffing,75806,75786,75806,20
left_turning,75807,75806,75807,1
walking,75849,75807,75849,42
right_turning,75893,75849,75893,44
walking,75898,75893,75898,5
left_turning,75945,75898,75945,47
walking,75965,75945,75965,20
sniffing,75966,75965,75966,1
left_turning,76001,75966,76001,35
sniffing,76092,76001,76092,91
stepping,76126,76092,76126,34
left_turning,76167,76126,76167,41
running,76194,76167,76194,27
walking,76214,76194,76214,20
stepping,76226,76214,76226,12
right_turning,76261,76226,76261,35
sniffing,76329,76261,76329,68
hunching,76330,76329,76330,1
grooming,76331,76330,76331,1
rearing,76332,76331,76332,1
grooming,76433,76332,76433,101
climbing,76502,76433,76502,69
left_turning,76584,76502,76584,82
sniffing,76668,76584,76668,84
rearing,76669,76668,76669,1
hunching,76733,76669,76733,64
sniffing,76834,76733,76834,101
climbing,76859,76834,76859,25
sniffing,76920,76859,76920,61
rising,76921,76920,76921,1
sniffing,76927,76921,76927,6
grooming,77209,76927,77209,282
rearing,77210,77209,77210,1
grooming,77337,77210,77337,127
rising,77386,77337,77386,49
climbing,77445,77386,77445,59
right_turning,77449,77445,77449,4
left_turning,77450,77449,77450,1
sniffing,77492,77450,77492,42
stepping,77525,77492,77525,33
left_turning,77526,77525,77526,1
walking,77541,77526,77541,15
climbing,77542,77541,77542,1
walking,77579,77542,77579,37
stepping,77627,77579,77627,48
walking,77633,77627,77633,6
sniffing,77634,77633,77634,1
climbing,77745,77634,77745,111
rising,77786,77745,77786,41
climbing,77791,77786,77791,5
left_turning,77824,77791,77824,33
sniffing,77825,77824,77825,1
left_turning,77850,77825,77850,25
sniffing,77971,77850,77971,121
rising,78014,77971,78014,43
sniffing,78015,78014,78015,1
left_turning,78037,78015,78037,22
rising,78057,78037,78057,20
climbing,78071,78057,78071,14
walking,78125,78071,78125,54
sniffing,78126,78125,78126,1
left_turning,78189,78126,78189,63
walking,78200,78189,78200,11
rising,78208,78200,78208,8
walking,78230,78208,78230,22
rising,78267,78230,78267,37
rearing,78348,78267,78348,81
sniffing,78382,78348,78382,34
rising,78396,78382,78396,14
walking,78411,78396,78411,15
sniffing,78597,78411,78597,186
rising,78683,78597,78683,86
rearing,78716,78683,78716,33
climbing,78722,78716,78722,6
right_turning,78729,78722,78729,7
hunching,78767,78729,78767,38
climbing,78790,78767,78790,23
sniffing,78791,78790,78791,1
rising,78818,78791,78818,27
sniffing,78850,78818,78850,32
rising,78896,78850,78896,46
walking,78897,78896,78897,1
sniffing,78968,78897,78968,71
rearing,79019,78968,79019,51
rising,79020,79019,79020,1
left_turning,79034,79020,79034,14
sniffing,79084,79034,79084,50
left_turning,79085,79084,79085,1
rising,79086,79085,79086,1
walking,79114,79086,79114,28
sniffing,79115,79114,79115,1
left_turning,79116,79115,79116,1
sniffing,79292,79116,79292,176
hunching,79384,79292,79384,92
walking,79389,79384,79389,5
left_turning,79390,79389,79390,1
trotting,79444,79390,79444,54
left_turning,79474,79444,79474,30
running,79480,79474,79480,6
rising,79483,79480,79483,3
climbing,79544,79483,79544,61
grooming,79658,79544,79658,114
sniffing,79722,79658,79722,64
rising,79750,79722,79750,28
left_turning,79751,79750,79751,1
trotting,79789,79751,79789,38
walking,79848,79789,79848,59
rising,79884,79848,79884,36
rearing,79933,79884,79933,49
climbing,79965,79933,79965,32
trotting,79992,79965,79992,27
sniffing,80052,79992,80052,60
rising,80061,80052,80061,9
climbing,80100,80061,80100,39
left_turning,80206,80100,80206,106
rising,80270,80206,80270,64
climbing,80271,80270,80271,1
grooming,80272,80271,80272,1
sniffing,80326,80272,80326,54
grooming,80379,80326,80379,53
rising,80419,80379,80419,40
climbing,80460,80419,80460,41
rising,80506,80460,80506,46
rearing,80626,80506,80626,120
sniffing,80652,80626,80652,26
walking,80655,80652,80655,3
rising,80721,80655,80721,66
running,80765,80721,80765,44
sniffing,80775,80765,80775,10
climbing,80867,80775,80867,92
sniffing,80894,80867,80894,27
walking,80906,80894,80906,12
sniffing,80963,80906,80963,57
rising,80966,80963,80966,3
right_turning,80993,80966,80993,27
walking,81031,80993,81031,38
stepping,81052,81031,81052,21
climbing,81083,81052,81083,31
sniffing,81084,81083,81084,1
left_turning,81085,81084,81085,1
sniffing,81166,81085,81166,81
walking,81168,81166,81168,2
sniffing,81268,81168,81268,100
climbing,81287,81268,81287,19
hunching,81288,81287,81288,1
rising,81308,81288,81308,20
sniffing,81327,81308,81327,19
left_turning,81358,81327,81358,31
walking,81381,81358,81381,23
climbing,81413,81381,81413,32
walking,81455,81413,81455,42
sniffing,81456,81455,81456,1
climbing,81493,81456,81493,37
walking,81499,81493,81499,6
sniffing,81613,81499,81613,114
rising,81650,81613,81650,37
left_turning,81652,81650,81652,2
walking,81742,81652,81742,90
sniffing,81878,81742,81878,136
climbing,81937,81878,81937,59
rearing,81938,81937,81938,1
climbing,81984,81938,81984,46
sniffing,82056,81984,82056,72
rearing,82117,82056,82117,61
rising,82180,82117,82180,63
sniffing,82256,82180,82256,76
left_turning,82273,82256,82273,17
sniffing,82274,82273,82274,1
climbing,82279,82274,82279,5
sniffing,82331,82279,82331,52
grooming,82397,82331,82397,66
rearing,82433,82397,82433,36
walking,82434,82433,82434,1
trotting,82444,82434,82444,10
sniffing,82538,82444,82538,94
left_turning,82539,82538,82539,1
walking,82603,82539,82603,64
stepping,82629,82603,82629,26
walking,82650,82629,82650,21
left_turning,82651,82650,82651,1
rising,82691,82651,82691,40
climbing,82692,82691,82692,1
hunching,82740,82692,82740,48
sniffing,82838,82740,82838,98
left_turning,82924,82838,82924,86
walking,83020,82924,83020,96
stepping,83021,83020,83021,1
sniffing,83022,83021,83022,1
grooming,83294,83022,83294,272
rearing,83313,83294,83313,19
rising,83347,83313,83347,34
left_turning,83527,83347,83527,180
sniffing,83616,83527,83616,89
right_turning,83648,83616,83648,32
running,83662,83648,83662,14
walking,83666,83662,83666,4
sniffing,83822,83666,83822,156
walking,83871,83822,83871,49
rearing,83942,83871,83942,71
grooming,83943,83942,83943,1
rising,83994,83943,83994,51
right_turning,84034,83994,84034,40
walking,84096,84034,84096,62
sniffing,84097,84096,84097,1
right_turning,84098,84097,84098,1
trotting,84132,84098,84132,34
sniffing,84428,84132,84428,296
rising,84467,84428,84467,39
sniffing,84474,84467,84474,7
grooming,84477,84474,84477,3
hunching,84540,84477,84540,63
sniffing,84656,84540,84656,116
walking,84668,84656,84668,12
trotting,84691,84668,84691,23
grooming,84692,84691,84692,1
rising,84753,84692,84753,61
climbing,84786,84753,84786,33
rising,84851,84786,84851,65
rearing,84891,84851,84891,40
walking,85007,84891,85007,116
rising,85027,85007,85027,20
trotting,85028,85027,85028,1
sniffing,85029,85028,85029,1
rising,85031,85029,85031,2
sniffing,85094,85031,85094,63
left_turning,85095,85094,85095,1
sniffing,85122,85095,85122,27
rising,85161,85122,85161,39
sniffing,85192,85161,85192,31
left_turning,85193,85192,85193,1
walking,85227,85193,85227,34
sniffing,85234,85227,85234,7
left_turning,85265,85234,85265,31
sniffing,85266,85265,85266,1
climbing,85318,85266,85318,52
rearing,85319,85318,85319,1
grooming,85510,85319,85510,191
climbing,85516,85510,85516,6
rearing,85517,85516,85517,1
sniffing,85553,85517,85553,36
left_turning,85586,85553,85586,33
sniffing,85608,85586,85608,22
walking,85625,85608,85625,17
sniffing,85704,85625,85704,79
right_turning,85727,85704,85727,23
running,85739,85727,85739,12
sniffing,85754,85739,85754,15
rising,85755,85754,85755,1
left_turning,85756,85755,85756,1
walking,85772,85756,85772,16
climbing,85783,85772,85783,11
walking,85839,85783,85839,56
left_turning,85840,85839,85840,1
sniffing,86195,85840,86195,355
rising,86216,86195,86216,21
climbing,86254,86216,86254,38
right_turning,86281,86254,86281,27
left_turning,86304,86281,86304,23
trotting,86312,86304,86312,8
hunching,86383,86312,86383,71
grooming,86384,86383,86384,1
rearing,86443,86384,86443,59
hunching,86573,86443,86573,130
right_turning,86615,86573,86615,42
trotting,86638,86615,86638,23
stepping,86662,86638,86662,24
running,86679,86662,86679,17
rising,86735,86679,86735,56
climbing,86882,86735,86882,147
left_turning,86906,86882,86906,24
sniffing,86946,86906,86946,40
rising,86947,86946,86947,1
sniffing,86956,86947,86956,9
pausing,87383,86956,87383,427
sniffing,87384,87383,87384,1
rising,87414,87384,87414,30
sniffing,87454,87414,87454,40
grooming,87455,87454,87455,1
sniffing,87508,87455,87508,53
rising,87591,87508,87591,83
climbing,87647,87591,87647,56
rising,87648,87647,87648,1
climbing,87682,87648,87682,34
sniffing,87706,87682,87706,24
rising,87711,87706,87711,5
climbing,87808,87711,87808,97
right_turning,87819,87808,87819,11
sniffing,87912,87819,87912,93
rising,87913,87912,87913,1
stepping,87942,87913,87942,29
left_turning,88002,87942,88002,60
walking,88071,88002,88071,69
rising,88109,88071,88109,38
climbing,88186,88109,88186,77
rearing,88203,88186,88203,17
walking,88204,88203,88204,1
climbing,88210,88204,88210,6
sniffing,88240,88210,88240,30
right_turning,88243,88240,88243,3
sniffing,88297,88243,88297,54
right_turning,88304,88297,88304,7
walking,88376,88304,88376,72
sniffing,88397,88376,88397,21
climbing,88444,88397,88444,47
rising,88493,88444,88493,49
rearing,88494,88493,88494,1
sniffing,88571,88494,88571,77
hunching,88601,88571,88601,30
grooming,88602,88601,88602,1
sniffing,88609,88602,88609,7
rearing,88610,88609,88610,1
hunching,88611,88610,88611,1
climbing,88676,88611,88676,65
right_turning,88685,88676,88685,9
stepping,88722,88685,88722,37
sniffing,88726,88722,88726,4
walking,88748,88726,88748,22
sniffing,88866,88748,88866,118
rearing,88867,88866,88867,1
rising,88868,88867,88868,1
hunching,88937,88868,88937,69
stepping,88938,88937,88938,1
left_turning,88939,88938,88939,1
walking,88983,88939,88983,44
running,89016,88983,89016,33
walking,89029,89016,89029,13
sniffing,89141,89029,89141,112
walking,89143,89141,89143,2
sniffing,89267,89143,89267,124
climbing,89290,89267,89290,23
walking,89318,89290,89318,28
sniffing,89319,89318,89319,1
walking,89320,89319,89320,1
sniffing,89373,89320,89373,53
walking,89401,89373,89401,28
left_turning,89408,89401,89408,7
sniffing,89450,89408,89450,42
hunching,89508,89450,89508,58
grooming,89637,89508,89637,129
walking,89651,89637,89651,14
sniffing,89654,89651,89654,3
hunching,89696,89654,89696,42
sniffing,89737,89696,89737,41
walking,89791,89737,89791,54
rising,89831,89791,89831,40
right_turning,89866,89831,89866,35
running,89888,89866,89888,22
sniffing,89985,89888,89985,97
left_turning,89995,89985,89995,10
walking,90034,89995,90034,39
left_turning,90097,90034,90097,63
walking,90098,90097,90098,1
stepping,90130,90098,90130,32
left_turning,90170,90130,90170,40
sniffing,90171,90170,90171,1
rising,90182,90171,90182,11
walking,90213,90182,90213,31
climbing,90367,90213,90367,154
walking,90374,90367,90374,7
rising,90405,90374,90405,31
rearing,90438,90405,90438,33
sniffing,90624,90438,90624,186
rearing,90625,90624,90625,1
grooming,90863,90625,90863,238
rearing,91074,90863,91074,211
left_turning,91233,91074,91233,159
sniffing,91413,91233,91413,180
right_turning,91446,91413,91446,33
walking,91447,91446,91447,1
climbing,91448,91447,91448,1
rearing,91461,91448,91461,13
sniffing,91487,91461,91487,26
stepping,91523,91487,91523,36
sniffing,91589,91523,91589,66
climbing,91606,91589,91606,17
rearing,91607,91606,91607,1
sniffing,91647,91607,91647,40
rising,91671,91647,91671,24
right_turning,91697,91671,91697,26
sniffing,91788,91697,91788,91
hunching,91842,91788,91842,54
sniffing,91957,91842,91957,115
climbing,92033,91957,92033,76
sniffing,92054,92033,92054,21
walking,92055,92054,92055,1
sniffing,92086,92055,92086,31
walking,92123,92086,92123,37
hunching,92198,92123,92198,75
rearing,92229,92198,92229,31
grooming,93252,92229,93252,1023
rearing,93389,93252,93389,137
climbing,93428,93389,93428,39
rearing,93429,93428,93429,1
grooming,93595,93429,93595,166
sniffing,93604,93595,93604,9
trotting,93650,93604,93650,46
walking,93656,93650,93656,6
climbing,93657,93656,93657,1
rearing,93661,93657,93661,4
grooming,93662,93661,93662,1
rising,93725,93662,93725,63
hunching,93767,93725,93767,42
climbing,93778,93767,93778,11
rearing,93871,93778,93871,93
climbing,93922,93871,93922,51
sniffing,93923,93922,93923,1
right_turning,93937,93923,93937,14
walking,93944,93937,93944,7
right_turning,93972,93944,93972,28
left_turning,94021,93972,94021,49
walking,94113,94021,94113,92
right_turning,94136,94113,94136,23
walking,94139,94136,94139,3
sniffing,94196,94139,94196,57
left_turning,94238,94196,94238,42
hunching,94239,94238,94239,1
sniffing,94240,94239,94240,1
trotting,94275,94240,94275,35
walking,94290,94275,94290,15
rising,94325,94290,94325,35
sniffing,94409,94325,94409,84
right_turning,94447,94409,94447,38
walking,94448,94447,94448,1
trotting,94453,94448,94453,5
walking,94465,94453,94465,12
rising,94503,94465,94503,38
sniffing,94540,94503,94540,37
right_turning,94555,94540,94555,15
walking,94556,94555,94556,1
climbing,94557,94556,94557,1
rising,94608,94557,94608,51
rearing,94663,94608,94663,55
rising,94713,94663,94713,50
climbing,94760,94713,94760,47
sniffing,94892,94760,94892,132
stepping,94911,94892,94911,19
walking,94934,94911,94934,23
stepping,94971,94934,94971,37
sniffing,95020,94971,95020,49
climbing,95041,95020,95041,21
sniffing,95042,95041,95042,1
rising,95043,95042,95043,1
climbing,95089,95043,95089,46
grooming,95206,95089,95206,117
sniffing,95244,95206,95244,38
left_turning,95245,95244,95245,1
sniffing,95299,95245,95299,54
rising,95331,95299,95331,32
sniffing,95436,95331,95436,105
walking,95476,95436,95476,40
grooming,95729,95476,95729,253
sniffing,95820,95729,95820,91
climbing,95827,95820,95827,7
right_turning,95830,95827,95830,3
left_turning,95853,95830,95853,23
running,95875,95853,95875,22
sniffing,95936,95875,95936,61
grooming,95937,95936,95937,1
hunching,96015,95937,96015,78
rearing,96092,96015,96092,77
rising,96103,96092,96103,11
climbing,96167,96103,96167,64
left_turning,96177,96167,96177,10
sniffing,96254,96177,96254,77
left_turning,96293,96254,96293,39
rising,96353,96293,96353,60
climbing,96419,96353,96419,66
right_turning,96439,96419,96439,20
walking,96444,96439,96444,5
climbing,96453,96444,96453,9
hunching,96483,96453,96483,30
rising,96510,96483,96510,27
left_turning,96513,96510,96513,3
sniffing,96514,96513,96514,1
trotting,96530,96514,96530,16
walking,96544,96530,96544,14
trotting,96582,96544,96582,38
sniffing,96628,96582,96628,46
walking,96659,96628,96659,31
rearing,96665,96659,96665,6
sniffing,96743,96665,96743,78
left_turning,96809,96743,96809,66
walking,96818,96809,96818,9
left_turning,96908,96818,96908,90
rising,96915,96908,96915,7
climbing,96946,96915,96946,31
trotting,96995,96946,96995,49
sniffing,97044,96995,97044,49
walking,97053,97044,97053,9
climbing,97148,97053,97148,95
left_turning,97149,97148,97149,1
sniffing,97156,97149,97156,7
climbing,97170,97156,97170,14
rearing,97200,97170,97200,30
walking,97229,97200,97229,29
grooming,97546,97229,97546,317
sniffing,97653,97546,97653,107
left_turning,97654,97653,97654,1
walking,97672,97654,97672,18
sniffing,97691,97672,97691,19
rising,97729,97691,97729,38
climbing,97794,97729,97794,65
stepping,97795,97794,97795,1
walking,97820,97795,97820,25
sniffing,97842,97820,97842,22
rising,97847,97842,97847,5
hunching,97899,97847,97899,52
grooming,97995,97899,97995,96
sniffing,98021,97995,98021,26
rising,98022,98021,98022,1
climbing,98043,98022,98043,21
hunching,98048,98043,98048,5
grooming,98219,98048,98219,171
rearing,98224,98219,98224,5
grooming,98460,98224,98460,236
rearing,98504,98460,98504,44
walking,98506,98504,98506,2
sniffing,98559,98506,98559,53
rearing,98610,98559,98610,51
stepping,98652,98610,98652,42
sniffing,98758,98652,98758,106
hunching,98768,98758,98768,10
grooming,99153,98768,99153,385
sniffing,99154,99153,99154,1
climbing,99209,99154,99209,55
rearing,99210,99209,99210,1
sniffing,99455,99210,99455,245
stepping,99479,99455,99479,24
sniffing,99480,99479,99480,1
rising,99525,99480,99525,45
sniffing,99637,99525,99637,112
rising,99638,99637,99638,1
left_turning,99639,99638,99639,1
sniffing,99742,99639,99742,103
walking,99785,99742,99785,43
rearing,99786,99785,99786,1
grooming,100160,99786,100160,374
sniffing,100189,100160,100189,29
walking,100215,100189,100215,26
left_turning,100216,100215,100216,1
sniffing,100297,100216,100297,81
rising,100298,100297,100298,1
sniffing,100391,100298,100391,93
left_turning,100397,100391,100397,6
rising,100418,100397,100418,21
climbing,100624,100418,100624,206
sniffing,100748,100624,100748,124
left_turning,100862,100748,100862,114
sniffing,100913,100862,100913,51
walking,100919,100913,100919,6
sniffing,100920,100919,100920,1
rising,100961,100920,100961,41
sniffing,101005,100961,101005,44
walking,101041,101005,101041,36
climbing,101102,101041,101102,61
sniffing,101103,101102,101103,1
stepping,101169,101103,101169,66
right_turning,101206,101169,101206,37
sniffing,101302,101206,101302,96
rising,101404,101302,101404,102
walking,101414,101404,101414,10
stepping,101490,101414,101490,76
climbing,101491,101490,101491,1
sniffing,101592,101491,101592,101
walking,101620,101592,101620,28
sniffing,101621,101620,101621,1
grooming,101622,101621,101622,1
hunching,101650,101622,101650,28
sniffing,101658,101650,101658,8
walking,101715,101658,101715,57
stepping,101723,101715,101723,8
rising,101767,101723,101767,44
sniffing,101876,101767,101876,109
walking,101878,101876,101878,2
rising,101930,101878,101930,52
walking,101988,101930,101988,58
sniffing,102043,101988,102043,55
right_turning,102046,102043,102046,3
rising,102113,102046,102113,67
sniffing,102114,102113,102114,1
rising,102254,102114,102254,140
sniffing,102314,102254,102314,60
rising,102629,102314,102629,315
rearing,102728,102629,102728,99
walking,102729,102728,102729,1
stepping,102740,102729,102740,11
sniffing,102793,102740,102793,53
left_turning,102903,102793,102903,110
walking,102904,102903,102904,1
climbing,102978,102904,102978,74
rearing,103085,102978,103085,107
rising,103101,103085,103101,16
rearing,103255,103101,103255,154
hunching,103288,103255,103288,33
rising,103299,103288,103299,11
climbing,103339,103299,103339,40
walking,103345,103339,103345,6
climbing,103398,103345,103398,53
walking,103399,103398,103399,1
climbing,103437,103399,103437,38
right_turning,103453,103437,103453,16
walking,103491,103453,103491,38
sniffing,103498,103491,103498,7
rising,103542,103498,103542,44
walking,103589,103542,103589,47
sniffing,103623,103589,103623,34
climbing,103632,103623,103632,9
stepping,103665,103632,103665,33
hunching,103744,103665,103744,79
rearing,103831,103744,103831,87
grooming,104112,103831,104112,281
sniffing,104198,104112,104198,86
rising,104199,104198,104199,1
grooming,105108,104199,105108,909
climbing,105126,105108,105126,18
walking,105135,105126,105135,9
sniffing,105232,105135,105232,97
climbing,105268,105232,105268,36
rising,105290,105268,105290,22
sniffing,105358,105290,105358,68
trotting,105359,105358,105359,1
sniffing,105363,105359,105363,4
rearing,105364,105363,105364,1
rising,105408,105364,105408,44
rearing,105488,105408,105488,80
rising,105581,105488,105581,93
climbing,105582,105581,105582,1
rising,105594,105582,105594,12
sniffing,105608,105594,105608,14
walking,105631,105608,105631,23
left_turning,105653,105631,105653,22
sniffing,105690,105653,105690,37
rearing,105691,105690,105691,1
grooming,105777,105691,105777,86
sniffing,105793,105777,105793,16
rising,105794,105793,105794,1
sniffing,105886,105794,105886,92
climbing,105892,105886,105892,6
sniffing,105958,105892,105958,66
walking,105994,105958,105994,36
rearing,105995,105994,105995,1
sniffing,106104,105995,106104,109
pausing,106105,106104,106105,1
sniffing,106115,106105,106115,10
pausing,106116,106115,106116,1
sniffing,106117,106116,106117,1
pausing,106118,106117,106118,1
sniffing,106180,106118,106180,62
rearing,106251,106180,106251,71
sniffing,106402,106251,106402,151
trotting,106409,106402,106409,7
walking,106426,106409,106426,17
rising,106486,106426,106486,60
climbing,106523,106486,106523,37
left_turning,106678,106523,106678,155
sniffing,106738,106678,106738,60
stepping,106754,106738,106754,16
walking,106801,106754,106801,47
sniffing,106804,106801,106804,3
left_turning,106831,106804,106831,27
sniffing,106997,106831,106997,166
stepping,107050,106997,107050,53
sniffing,107051,107050,107051,1
pausing,107052,107051,107052,1
sniffing,107174,107052,107174,122
rising,107249,107174,107249,75
sniffing,107250,107249,107250,1
rising,107313,107250,107313,63
climbing,107314,107313,107314,1
rising,107376,107314,107376,62
pausing,107377,107376,107377,1
sniffing,107561,107377,107561,184
rising,107562,107561,107562,1
climbing,107632,107562,107632,70
walking,107647,107632,107647,15
trotting,107687,107647,107687,40
sniffing,107688,107687,107688,1
climbing,107720,107688,107720,32
sniffing,107830,107720,107830,110
walking,107870,107830,107870,40
trotting,107895,107870,107895,25
sniffing,107959,107895,107959,64
rearing,108000,107959,108000,41
