revised_movement_label,segBoundary,segBoundary_start,segBoundary_end,length
trotting,18,0,18,18
sniffing,92,18,92,74
stepping,113,92,113,21
trotting,117,113,117,4
right_turning,132,117,132,15
left_turning,192,132,192,60
sniffing,237,192,237,45
stepping,279,237,279,42
sniffing,305,279,305,26
walking,308,305,308,3
running,333,308,333,25
walking,370,333,370,37
climbing,416,370,416,46
rising,550,416,550,134
climbing,619,550,619,69
trotting,647,619,647,28
sniffing,649,647,649,2
climbing,706,649,706,57
rising,802,706,802,96
left_turning,837,802,837,35
sniffing,838,837,838,1
walking,898,838,898,60
rising,941,898,941,43
trotting,983,941,983,42
left_turning,1033,983,1033,50
climbing,1070,1033,1070,37
right_turning,1091,1070,1091,21
sniffing,1105,1091,1105,14
walking,1111,1105,1111,6
sniffing,1158,1111,1158,47
left_turning,1184,1158,1184,26
stepping,1226,1184,1226,42
climbing,1263,1226,1263,37
sniffing,1356,1263,1356,93
rising,1380,1356,1380,24
climbing,1419,1380,1419,39
left_turning,1452,1419,1452,33
walking,1483,1452,1483,31
sniffing,1485,1483,1485,2
trotting,1496,1485,1496,11
walking,1497,1496,1497,1
sniffing,1555,1497,1555,58
climbing,1589,1555,1589,34
sniffing,1709,1589,1709,120
left_turning,1778,1709,1778,69
rising,1899,1778,1899,121
sniffing,1943,1899,1943,44
climbing,1983,1943,1983,40
sniffing,2040,1983,2040,57
left_turning,2077,2040,2077,37
walking,2104,2077,2104,27
trotting,2118,2104,2118,14
walking,2134,2118,2134,16
sniffing,2215,2134,2215,81
climbing,2238,2215,2238,23
rising,2239,2238,2239,1
trotting,2257,2239,2257,18
sniffing,2258,2257,2258,1
rearing,2259,2258,2259,1
rising,2313,2259,2313,54
sniffing,2367,2313,2367,54
rising,2368,2367,2368,1
sniffing,2696,2368,2696,328
rising,2697,2696,2697,1
right_turning,2718,2697,2718,21
running,2734,2718,2734,16
walking,2754,2734,2754,20
sniffing,2796,2754,2796,42
rearing,2797,2796,2797,1
sniffing,2802,2797,2802,5
climbing,2842,2802,2842,40
sniffing,2903,2842,2903,61
climbing,2952,2903,2952,49
sniffing,2953,2952,2953,1
rising,2954,2953,2954,1
sniffing,2955,2954,2955,1
walking,3001,2955,3001,46
trotting,3016,3001,3016,15
rearing,3110,3016,3110,94
left_turning,3136,3110,3136,26
sniffing,3182,3136,3182,46
walking,3228,3182,3228,46
climbing,3257,3228,3257,29
sniffing,3278,3257,3278,21
left_turning,3285,3278,3285,7
climbing,3327,3285,3327,42
rising,3479,3327,3479,152
walking,3511,3479,3511,32
sniffing,3512,3511,3512,1
trotting,3539,3512,3539,27
running,3581,3539,3581,42
rising,3631,3581,3631,50
sniffing,3648,3631,3648,17
climbing,3658,3648,3658,10
walking,3659,3658,3659,1
climbing,3685,3659,3685,26
right_turning,3686,3685,3686,1
walking,3714,3686,3714,28
trotting,3715,3714,3715,1
left_turning,3776,3715,3776,61
walking,3875,3776,3875,99
sniffing,3890,3875,3890,15
rising,3941,3890,3941,51
climbing,3967,3941,3967,26
walking,3994,3967,3994,27
sniffing,4069,3994,4069,75
rising,4093,4069,4093,24
climbing,4128,4093,4128,35
rising,4145,4128,4145,17
sniffing,4193,4145,4193,48
walking,4244,4193,4244,51
rising,4287,4244,4287,43
stepping,4316,4287,4316,29
walking,4323,4316,4323,7
rising,4334,4323,4334,11
sniffing,4522,4334,4522,188
trotting,4544,4522,4544,22
sniffing,4734,4544,4734,190
left_turning,4735,4734,4735,1
walking,4746,4735,4746,11
stepping,4799,4746,4799,53
sniffing,4827,4799,4827,28
trotting,4840,4827,4840,13
rising,5020,4840,5020,180
sniffing,5208,5020,5208,188
right_turning,5231,5208,5231,23
walking,5284,5231,5284,53
left_turning,5311,5284,5311,27
stepping,5312,5311,5312,1
sniffing,5355,5312,5355,43
rearing,5461,5355,5461,106
rising,5576,5461,5576,115
climbing,5611,5576,5611,35
sniffing,5652,5611,5652,41
rising,5726,5652,5726,74
walking,5758,5726,5758,32
climbing,5787,5758,5787,29
sniffing,5813,5787,5813,26
rising,5950,5813,5950,137
sniffing,5985,5950,5985,35
rising,5986,5985,5986,1
climbing,6015,5986,6015,29
rising,6028,6015,6028,13
climbing,6059,6028,6059,31
walking,6060,6059,6060,1
sniffing,6061,6060,6061,1
rising,6094,6061,6094,33
climbing,6115,6094,6115,21
rising,6116,6115,6116,1
sniffing,6127,6116,6127,11
rising,6170,6127,6170,43
pausing,6171,6170,6171,1
sniffing,6226,6171,6226,55
walking,6242,6226,6242,16
trotting,6260,6242,6260,18
rising,6288,6260,6288,28
walking,6304,6288,6304,16
sniffing,6362,6304,6362,58
rising,6372,6362,6372,10
left_turning,6380,6372,6380,8
running,6407,6380,6407,27
walking,6450,6407,6450,43
running,6506,6450,6506,56
walking,6529,6506,6529,23
sniffing,6550,6529,6550,21
left_turning,6552,6550,6552,2
rising,6553,6552,6553,1
climbing,6573,6553,6573,20
rising,6613,6573,6613,40
walking,6681,6613,6681,68
sniffing,6755,6681,6755,74
left_turning,6756,6755,6756,1
sniffing,6826,6756,6826,70
rising,6896,6826,6896,70
walking,6921,6896,6921,25
sniffing,7027,6921,7027,106
left_turning,7068,7027,7068,41
walking,7105,7068,7105,37
sniffing,7106,7105,7106,1
climbing,7129,7106,7129,23
right_turning,7130,7129,7130,1
sniffing,7190,7130,7190,60
right_turning,7193,7190,7193,3
stepping,7209,7193,7209,16
walking,7223,7209,7223,14
left_turning,7268,7223,7268,45
walking,7271,7268,7271,3
climbing,7317,7271,7317,46
hunching,7464,7317,7464,147
rising,7465,7464,7465,1
sniffing,7521,7465,7521,56
walking,7600,7521,7600,79
rising,7677,7600,7677,77
climbing,7725,7677,7725,48
sniffing,7794,7725,7794,69
walking,7795,7794,7795,1
rising,7825,7795,7825,30
climbing,7870,7825,7870,45
trotting,7911,7870,7911,41
running,7923,7911,7923,12
stepping,7940,7923,7940,17
rising,7942,7940,7942,2
walking,7943,7942,7943,1
sniffing,8016,7943,8016,73
rising,8083,8016,8083,67
walking,8084,8083,8084,1
sniffing,8113,8084,8113,29
left_turning,8138,8113,8138,25
walking,8159,8138,8159,21
sniffing,8183,8159,8183,24
walking,8192,8183,8192,9
stepping,8230,8192,8230,38
walking,8231,8230,8231,1
right_turning,8249,8231,8249,18
trotting,8256,8249,8256,7
walking,8281,8256,8281,25
rearing,8572,8281,8572,291
right_turning,8592,8572,8592,20
sniffing,8593,8592,8593,1
left_turning,8643,8593,8643,50
sniffing,8659,8643,8659,16
climbing,8685,8659,8685,26
rising,8740,8685,8740,55
grooming,9026,8740,9026,286
sniffing,9051,9026,9051,25
stepping,9072,9051,9072,21
trotting,9109,9072,9109,37
rising,9110,9109,9110,1
climbing,9147,9110,9147,37
sniffing,9172,9147,9172,25
left_turning,9224,9172,9224,52
trotting,9258,9224,9258,34
walking,9290,9258,9290,32
sniffing,9334,9290,9334,44
right_turning,9371,9334,9371,37
running,9372,9371,9372,1
trotting,9373,9372,9373,1
walking,9374,9373,9374,1
climbing,9410,9374,9410,36
rising,9451,9410,9451,41
right_turning,9456,9451,9456,5
walking,9521,9456,9521,65
sniffing,9635,9521,9635,114
walking,9662,9635,9662,27
sniffing,9663,9662,9663,1
climbing,9724,9663,9724,61
sniffing,9799,9724,9799,75
climbing,9836,9799,9836,37
walking,9916,9836,9916,80
sniffing,9955,9916,9955,39
trotting,9965,9955,9965,10
walking,10031,9965,10031,66
climbing,10077,10031,10077,46
sniffing,10169,10077,10169,92
right_turning,10204,10169,10204,35
left_turning,10238,10204,10238,34
walking,10299,10238,10299,61
climbing,10363,10299,10363,64
right_turning,10436,10363,10436,73
walking,10497,10436,10497,61
left_turning,10608,10497,10608,111
walking,10662,10608,10662,54
trotting,10683,10662,10683,21
left_turning,10684,10683,10684,1
sniffing,10759,10684,10759,75
rising,10767,10759,10767,8
climbing,10855,10767,10855,88
sniffing,10906,10855,10906,51
trotting,10944,10906,10944,38
left_turning,10945,10944,10945,1
sniffing,11009,10945,11009,64
climbing,11052,11009,11052,43
running,11056,11052,11056,4
right_turning,11057,11056,11057,1
stepping,11104,11057,11104,47
sniffing,11184,11104,11184,80
walking,11187,11184,11187,3
sniffing,11188,11187,11188,1
hunching,11189,11188,11189,1
rising,11224,11189,11224,35
climbing,11250,11224,11250,26
sniffing,11295,11250,11295,45
walking,11318,11295,11318,23
sniffing,11344,11318,11344,26
climbing,11375,11344,11375,31
walking,11376,11375,11376,1
climbing,11405,11376,11405,29
running,11406,11405,11406,1
walking,11430,11406,11430,24
rising,11431,11430,11431,1
climbing,11488,11431,11488,57
trotting,11507,11488,11507,19
rising,11547,11507,11547,40
walking,11564,11547,11564,17
climbing,11591,11564,11591,27
walking,11621,11591,11621,30
rising,11622,11621,11622,1
rearing,11905,11622,11905,283
left_turning,11906,11905,11906,1
walking,11933,11906,11933,27
sniffing,11939,11933,11939,6
rearing,11968,11939,11968,29
sniffing,12002,11968,12002,34
left_turning,12003,12002,12003,1
walking,12054,12003,12054,51
left_turning,12148,12054,12148,94
sniffing,12152,12148,12152,4
stepping,12162,12152,12162,10
sniffing,12293,12162,12293,131
left_turning,12340,12293,12340,47
right_turning,12344,12340,12344,4
walking,12345,12344,12345,1
sniffing,12346,12345,12346,1
left_turning,12347,12346,12347,1
walking,12367,12347,12367,20
rising,12368,12367,12368,1
sniffing,12386,12368,12386,18
stepping,12419,12386,12419,33
sniffing,12456,12419,12456,37
climbing,12508,12456,12508,52
rising,12598,12508,12598,90
climbing,12643,12598,12643,45
sniffing,12657,12643,12657,14
rearing,12914,12657,12914,257
grooming,12915,12914,12915,1
sniffing,12972,12915,12972,57
left_turning,12994,12972,12994,22
sniffing,13075,12994,13075,81
walking,13102,13075,13102,27
sniffing,13124,13102,13124,22
climbing,13161,13124,13161,37
sniffing,13163,13161,13163,2
trotting,13202,13163,13202,39
walking,13223,13202,13223,21
left_turning,13242,13223,13242,19
walking,13253,13242,13253,11
trotting,13298,13253,13298,45
rising,13383,13298,13383,85
left_turning,13448,13383,13448,65
sniffing,13449,13448,13449,1
walking,13457,13449,13457,8
left_turning,13481,13457,13481,24
climbing,13512,13481,13512,31
right_turning,13522,13512,13522,10
stepping,13569,13522,13569,47
sniffing,13575,13569,13575,6
hunching,13576,13575,13576,1
grooming,13855,13576,13855,279
hunching,14098,13855,14098,243
climbing,14158,14098,14158,60
sniffing,14204,14158,14204,46
climbing,14251,14204,14251,47
running,14282,14251,14282,31
walking,14284,14282,14284,2
sniffing,14359,14284,14359,75
climbing,14376,14359,14376,17
sniffing,14558,14376,14558,182
pausing,14559,14558,14559,1
sniffing,14655,14559,14655,96
stepping,14664,14655,14664,9
right_turning,14665,14664,14665,1
stepping,14731,14665,14731,66
rising,14780,14731,14780,49
climbing,14838,14780,14838,58
sniffing,14964,14838,14964,126
climbing,14991,14964,14991,27
rearing,15015,14991,15015,24
rising,15025,15015,15025,10
walking,15026,15025,15026,1
left_turning,15027,15026,15027,1
sniffing,15054,15027,15054,27
trotting,15063,15054,15063,9
right_turning,15107,15063,15107,44
walking,15148,15107,15148,41
sniffing,15163,15148,15163,15
walking,15209,15163,15209,46
stepping,15210,15209,15210,1
walking,15242,15210,15242,32
stepping,15268,15242,15268,26
sniffing,15401,15268,15401,133
left_turning,15406,15401,15406,5
sniffing,15462,15406,15462,56
stepping,15516,15462,15516,54
rising,15517,15516,15517,1
climbing,15572,15517,15572,55
stepping,15612,15572,15612,40
walking,15613,15612,15613,1
sniffing,15679,15613,15679,66
hunching,15843,15679,15843,164
rearing,15895,15843,15895,52
grooming,15939,15895,15939,44
hunching,15940,15939,15940,1
right_turning,15963,15940,15963,23
running,15964,15963,15964,1
sniffing,15965,15964,15965,1
climbing,16044,15965,16044,79
rising,16045,16044,16045,1
climbing,16122,16045,16122,77
sniffing,16186,16122,16186,64
walking,16225,16186,16225,39
rising,16283,16225,16283,58
sniffing,16352,16283,16352,69
climbing,16383,16352,16383,31
sniffing,16406,16383,16406,23
trotting,16435,16406,16435,29
walking,16454,16435,16454,19
stepping,16509,16454,16509,55
rearing,16510,16509,16510,1
climbing,16518,16510,16518,8
right_turning,16519,16518,16519,1
stepping,16538,16519,16538,19
climbing,16624,16538,16624,86
rising,16625,16624,16625,1
right_turning,16639,16625,16639,14
sniffing,16644,16639,16644,5
trotting,16700,16644,16700,56
sniffing,16778,16700,16778,78
climbing,16806,16778,16806,28
walking,16818,16806,16818,12
sniffing,16853,16818,16853,35
left_turning,16887,16853,16887,34
trotting,16915,16887,16915,28
sniffing,16988,16915,16988,73
trotting,17017,16988,17017,29
rising,17063,17017,17063,46
sniffing,17086,17063,17086,23
walking,17134,17086,17134,48
sniffing,17255,17134,17255,121
stepping,17313,17255,17313,58
left_turning,17314,17313,17314,1
rising,17376,17314,17376,62
climbing,17425,17376,17425,49
right_turning,17456,17425,17456,31
rising,17491,17456,17491,35
walking,17526,17491,17526,35
rising,17532,17526,17532,6
climbing,17563,17532,17563,31
hunching,17664,17563,17664,101
sniffing,17679,17664,17679,15
rising,17705,17679,17705,26
sniffing,17706,17705,17706,1
left_turning,17749,17706,17749,43
running,17762,17749,17762,13
walking,17769,17762,17769,7
left_turning,17770,17769,17770,1
sniffing,17867,17770,17867,97
trotting,17868,17867,17868,1
walking,17900,17868,17900,32
sniffing,17979,17900,17979,79
rising,18040,17979,18040,61
grooming,18041,18040,18041,1
hunching,18080,18041,18080,39
walking,18130,18080,18130,50
sniffing,18157,18130,18157,27
rising,18183,18157,18183,26
walking,18253,18183,18253,70
sniffing,18254,18253,18254,1
right_turning,18257,18254,18257,3
rising,18273,18257,18273,16
grooming,18404,18273,18404,131
sniffing,18419,18404,18419,15
left_turning,18443,18419,18443,24
trotting,18489,18443,18489,46
left_turning,18521,18489,18521,32
sniffing,18522,18521,18522,1
walking,18530,18522,18530,8
sniffing,18574,18530,18574,44
rising,18587,18574,18587,13
walking,18658,18587,18658,71
rising,18675,18658,18675,17
walking,18702,18675,18702,27
stepping,18712,18702,18712,10
walking,18753,18712,18753,41
rising,18768,18753,18768,15
climbing,18829,18768,18829,61
right_turning,18830,18829,18830,1
sniffing,18843,18830,18843,13
walking,18865,18843,18865,22
sniffing,18943,18865,18943,78
walking,18985,18943,18985,42
grooming,19282,18985,19282,297
walking,19336,19282,19336,54
rising,19348,19336,19348,12
climbing,19411,19348,19411,63
sniffing,19471,19411,19471,60
walking,19534,19471,19534,63
climbing,19597,19534,19597,63
rising,19626,19597,19626,29
grooming,19627,19626,19627,1
climbing,19653,19627,19653,26
grooming,19654,19653,19654,1
walking,19665,19654,19665,11
sniffing,19666,19665,19666,1
walking,19677,19666,19677,11
sniffing,19715,19677,19715,38
right_turning,19719,19715,19719,4
left_turning,19733,19719,19733,14
rising,19736,19733,19736,3
climbing,19777,19736,19777,41
walking,19835,19777,19835,58
stepping,19840,19835,19840,5
sniffing,19841,19840,19841,1
rising,19842,19841,19842,1
sniffing,19871,19842,19871,29
walking,19872,19871,19872,1
sniffing,20028,19872,20028,156
walking,20053,20028,20053,25
left_turning,20056,20053,20056,3
walking,20084,20056,20084,28
stepping,20085,20084,20085,1
rising,20086,20085,20086,1
hunching,20101,20086,20101,15
stepping,20131,20101,20131,30
sniffing,20267,20131,20267,136
rising,20306,20267,20306,39
climbing,20323,20306,20323,17
left_turning,20334,20323,20334,11
sniffing,20396,20334,20396,62
left_turning,20432,20396,20432,36
sniffing,20481,20432,20481,49
rising,20548,20481,20548,67
left_turning,20567,20548,20567,19
sniffing,20574,20567,20574,7
left_turning,20575,20574,20575,1
sniffing,20576,20575,20576,1
rising,20720,20576,20720,144
rearing,20721,20720,20721,1
rising,20726,20721,20726,5
walking,20751,20726,20751,25
climbing,20803,20751,20803,52
right_turning,20840,20803,20840,37
climbing,20860,20840,20860,20
stepping,20861,20860,20861,1
walking,20878,20861,20878,17
sniffing,20893,20878,20893,15
running,20932,20893,20932,39
walking,20945,20932,20945,13
climbing,21007,20945,21007,62
sniffing,21030,21007,21030,23
climbing,21038,21030,21038,8
rising,21086,21038,21086,48
climbing,21119,21086,21119,33
sniffing,21135,21119,21135,16
walking,21148,21135,21148,13
climbing,21234,21148,21234,86
rearing,21265,21234,21265,31
left_turning,21298,21265,21298,33
stepping,21334,21298,21334,36
walking,21335,21334,21335,1
right_turning,21337,21335,21337,2
walking,21360,21337,21360,23
sniffing,21428,21360,21428,68
left_turning,21480,21428,21480,52
walking,21540,21480,21540,60
sniffing,21549,21540,21549,9
grooming,21550,21549,21550,1
climbing,21580,21550,21580,30
walking,21581,21580,21581,1
rising,21625,21581,21625,44
rearing,21689,21625,21689,64
hunching,21781,21689,21781,92
rising,21916,21781,21916,135
climbing,21983,21916,21983,67
right_turning,21993,21983,21993,10
walking,21994,21993,21994,1
sniffing,22161,21994,22161,167
rearing,22191,22161,22191,30
climbing,22213,22191,22213,22
sniffing,22271,22213,22271,58
rising,22329,22271,22329,58
sniffing,22370,22329,22370,41
trotting,22411,22370,22411,41
sniffing,22412,22411,22412,1
left_turning,22458,22412,22458,46
sniffing,22459,22458,22459,1
rising,22467,22459,22467,8
climbing,22496,22467,22496,29
hunching,22497,22496,22497,1
sniffing,22537,22497,22537,40
left_turning,22550,22537,22550,13
walking,22574,22550,22574,24
stepping,22598,22574,22598,24
sniffing,22626,22598,22626,28
grooming,22627,22626,22627,1
rearing,22628,22627,22628,1
grooming,22629,22628,22629,1
right_turning,22630,22629,22630,1
stepping,22631,22630,22631,1
right_turning,22649,22631,22649,18
trotting,22653,22649,22653,4
sniffing,22724,22653,22724,71
rearing,22778,22724,22778,54
left_turning,22808,22778,22808,30
sniffing,22894,22808,22894,86
trotting,22921,22894,22921,27
sniffing,22979,22921,22979,58
climbing,22980,22979,22980,1
walking,23000,22980,23000,20
sniffing,23012,23000,23012,12
right_turning,23034,23012,23034,22
walking,23039,23034,23039,5
right_turning,23071,23039,23071,32
stepping,23079,23071,23079,8
climbing,23118,23079,23118,39
left_turning,23149,23118,23149,31
sniffing,23150,23149,23150,1
right_turning,23171,23150,23171,21
walking,23175,23171,23175,4
trotting,23189,23175,23189,14
sniffing,23324,23189,23324,135
climbing,23416,23324,23416,92
running,23447,23416,23447,31
walking,23492,23447,23492,45
rising,23510,23492,23510,18
sniffing,23511,23510,23511,1
walking,23512,23511,23512,1
climbing,23578,23512,23578,66
walking,23617,23578,23617,39
stepping,23658,23617,23658,41
sniffing,23722,23658,23722,64
rearing,23994,23722,23994,272
left_turning,23995,23994,23995,1
sniffing,24122,23995,24122,127
rising,24147,24122,24147,25
rearing,24224,24147,24224,77
climbing,24257,24224,24257,33
rearing,24258,24257,24258,1
climbing,24327,24258,24327,69
rearing,24328,24327,24328,1
climbing,24363,24328,24363,35
rising,24378,24363,24378,15
sniffing,24474,24378,24474,96
grooming,24728,24474,24728,254
left_turning,24740,24728,24740,12
sniffing,24762,24740,24762,22
rising,24819,24762,24819,57
climbing,24894,24819,24894,75
left_turning,24910,24894,24910,16
walking,24918,24910,24918,8
trotting,24944,24918,24944,26
stepping,24989,24944,24989,45
sniffing,25046,24989,25046,57
trotting,25071,25046,25071,25
sniffing,25072,25071,25072,1
right_turning,25146,25072,25146,74
rising,25178,25146,25178,32
climbing,25215,25178,25215,37
left_turning,25244,25215,25244,29
sniffing,25297,25244,25297,53
climbing,25410,25297,25410,113
grooming,25500,25410,25500,90
hunching,25501,25500,25501,1
climbing,25523,25501,25523,22
sniffing,25564,25523,25564,41
left_turning,25575,25564,25575,11
sniffing,25587,25575,25587,12
rising,25589,25587,25589,2
rearing,25624,25589,25624,35
grooming,25625,25624,25625,1
rearing,25698,25625,25698,73
rising,25756,25698,25756,58
grooming,25757,25756,25757,1
climbing,25789,25757,25789,32
walking,25840,25789,25840,51
climbing,25841,25840,25841,1
running,25862,25841,25862,21
rising,25911,25862,25911,49
climbing,25918,25911,25918,7
left_turning,25926,25918,25926,8
sniffing,25978,25926,25978,52
climbing,26010,25978,26010,32
rearing,26022,26010,26022,12
sniffing,26083,26022,26083,61
trotting,26130,26083,26130,47
climbing,26188,26130,26188,58
left_turning,26230,26188,26230,42
rising,26253,26230,26253,23
stepping,26278,26253,26278,25
walking,26308,26278,26308,30
sniffing,26363,26308,26363,55
climbing,26487,26363,26487,124
rising,26488,26487,26488,1
climbing,26569,26488,26569,81
rearing,26570,26569,26570,1
left_turning,26588,26570,26588,18
sniffing,26689,26588,26689,101
climbing,26754,26689,26754,65
sniffing,26888,26754,26888,134
left_turning,26910,26888,26910,22
sniffing,26978,26910,26978,68
left_turning,27029,26978,27029,51
sniffing,27046,27029,27046,17
rising,27083,27046,27083,37
climbing,27113,27083,27113,30
sniffing,27182,27113,27182,69
right_turning,27229,27182,27229,47
sniffing,27230,27229,27230,1
walking,27246,27230,27246,16
grooming,27555,27246,27555,309
rearing,27556,27555,27556,1
climbing,27581,27556,27581,25
walking,27606,27581,27606,25
sniffing,27607,27606,27607,1
trotting,27638,27607,27638,31
sniffing,27681,27638,27681,43
rising,27694,27681,27694,13
climbing,27697,27694,27697,3
left_turning,27741,27697,27741,44
rising,27742,27741,27742,1
left_turning,27803,27742,27803,61
sniffing,27814,27803,27814,11
rising,27815,27814,27815,1
sniffing,27819,27815,27819,4
climbing,27832,27819,27832,13
sniffing,27931,27832,27931,99
stepping,27957,27931,27957,26
sniffing,27958,27957,27958,1
rising,27999,27958,27999,41
climbing,28018,27999,28018,19
walking,28062,28018,28062,44
rising,28099,28062,28099,37
climbing,28143,28099,28143,44
sniffing,28150,28143,28150,7
walking,28160,28150,28160,10
sniffing,28204,28160,28204,44
climbing,28215,28204,28215,11
sniffing,28273,28215,28273,58
walking,28280,28273,28280,7
left_turning,28305,28280,28305,25
jumping,28332,28305,28332,27
rising,28401,28332,28401,69
sniffing,28426,28401,28426,25
left_turning,28453,28426,28453,27
walking,28454,28453,28454,1
sniffing,28573,28454,28573,119
right_turning,28574,28573,28574,1
stepping,28612,28574,28612,38
walking,28642,28612,28642,30
rising,28643,28642,28643,1
sniffing,28651,28643,28651,8
left_turning,28694,28651,28694,43
walking,28717,28694,28717,23
rising,28777,28717,28777,60
sniffing,28793,28777,28793,16
stepping,28803,28793,28803,10
sniffing,28838,28803,28838,35
climbing,28903,28838,28903,65
rising,28947,28903,28947,44
left_turning,28948,28947,28948,1
walking,28960,28948,28960,12
sniffing,28961,28960,28961,1
walking,29013,28961,29013,52
sniffing,29148,29013,29148,135
left_turning,29167,29148,29167,19
sniffing,29203,29167,29203,36
grooming,29618,29203,29618,415
trotting,29646,29618,29646,28
walking,29664,29646,29664,18
left_turning,29665,29664,29665,1
sniffing,29685,29665,29685,20
climbing,29721,29685,29721,36
rearing,29822,29721,29822,101
sniffing,29849,29822,29849,27
hunching,29850,29849,29850,1
rising,29892,29850,29892,42
climbing,29940,29892,29940,48
sniffing,29986,29940,29986,46
walking,29990,29986,29990,4
sniffing,29991,29990,29991,1
running,30016,29991,30016,25
walking,30032,30016,30032,16
sniffing,30065,30032,30065,33
climbing,30107,30065,30107,42
right_turning,30144,30107,30144,37
climbing,30167,30144,30167,23
trotting,30190,30167,30190,23
sniffing,30194,30190,30194,4
left_turning,30223,30194,30223,29
walking,30268,30223,30268,45
rising,30301,30268,30301,33
climbing,30363,30301,30363,62
walking,30364,30363,30364,1
rising,30365,30364,30365,1
climbing,30418,30365,30418,53
running,30426,30418,30426,8
walking,30452,30426,30452,26
stepping,30493,30452,30493,41
sniffing,30541,30493,30541,48
rising,30542,30541,30542,1
climbing,30603,30542,30603,61
trotting,30635,30603,30635,32
walking,30694,30635,30694,59
stepping,30734,30694,30734,40
rising,30800,30734,30800,66
grooming,30801,30800,30801,1
rising,30877,30801,30877,76
trotting,30914,30877,30914,37
walking,30948,30914,30948,34
rising,31027,30948,31027,79
climbing,31056,31027,31056,29
rearing,31207,31056,31207,151
walking,31208,31207,31208,1
sniffing,31268,31208,31268,60
walking,31288,31268,31288,20
stepping,31298,31288,31298,10
sniffing,31336,31298,31336,38
stepping,31402,31336,31402,66
rising,31469,31402,31469,67
rearing,31561,31469,31561,92
right_turning,31582,31561,31582,21
running,31625,31582,31625,43
sniffing,31743,31625,31743,118
walking,31760,31743,31760,17
rising,31783,31760,31783,23
sniffing,31910,31783,31910,127
grooming,32169,31910,32169,259
rearing,32385,32169,32385,216
rising,32406,32385,32406,21
sniffing,32407,32406,32407,1
left_turning,32475,32407,32475,68
walking,32500,32475,32500,25
climbing,32501,32500,32501,1
sniffing,32503,32501,32503,2
walking,32550,32503,32550,47
climbing,32589,32550,32589,39
rearing,32606,32589,32606,17
trotting,32669,32606,32669,63
sniffing,32718,32669,32718,49
grooming,32719,32718,32719,1
sniffing,32726,32719,32726,7
right_turning,32739,32726,32739,13
sniffing,32809,32739,32809,70
left_turning,32816,32809,32816,7
sniffing,32925,32816,32925,109
hunching,32955,32925,32955,30
sniffing,32984,32955,32984,29
rising,32985,32984,32985,1
climbing,32994,32985,32994,9
trotting,33006,32994,33006,12
rising,33072,33006,33072,66
climbing,33161,33072,33161,89
rising,33208,33161,33208,47
rearing,33275,33208,33275,67
right_turning,33328,33275,33328,53
walking,33363,33328,33363,35
climbing,33426,33363,33426,63
sniffing,33471,33426,33471,45
pausing,33472,33471,33472,1
sniffing,33566,33472,33566,94
rising,33614,33566,33614,48
climbing,33615,33614,33615,1
sniffing,33616,33615,33616,1
walking,33653,33616,33653,37
sniffing,33654,33653,33654,1
rising,33655,33654,33655,1
left_turning,33678,33655,33678,23
running,33702,33678,33702,24
sniffing,33755,33702,33755,53
rising,33756,33755,33756,1
sniffing,33785,33756,33785,29
rising,33830,33785,33830,45
left_turning,33860,33830,33860,30
stepping,33901,33860,33901,41
walking,33947,33901,33947,46
climbing,33948,33947,33948,1
walking,33984,33948,33984,36
rising,34046,33984,34046,62
climbing,34140,34046,34140,94
rearing,34324,34140,34324,184
climbing,34357,34324,34357,33
left_turning,34364,34357,34364,7
walking,34405,34364,34405,41
sniffing,34507,34405,34507,102
rising,34508,34507,34508,1
rearing,34583,34508,34583,75
grooming,34637,34583,34637,54
rearing,34819,34637,34819,182
hunching,34952,34819,34952,133
walking,34970,34952,34970,18
rising,34971,34970,34971,1
climbing,34996,34971,34996,25
walking,35054,34996,35054,58
sniffing,35117,35054,35117,63
right_turning,35135,35117,35135,18
walking,35136,35135,35136,1
stepping,35170,35136,35170,34
walking,35171,35170,35171,1
rising,35265,35171,35265,94
climbing,35280,35265,35280,15
right_turning,35322,35280,35322,42
walking,35364,35322,35364,42
rearing,35415,35364,35415,51
rising,35423,35415,35423,8
rearing,35439,35423,35439,16
hunching,35694,35439,35694,255
walking,35695,35694,35695,1
rising,35696,35695,35696,1
climbing,35728,35696,35728,32
rising,35740,35728,35740,12
hunching,35800,35740,35800,60
climbing,35861,35800,35861,61
walking,35864,35861,35864,3
sniffing,35955,35864,35955,91
left_turning,36007,35955,36007,52
sniffing,36074,36007,36074,67
walking,36083,36074,36083,9
sniffing,36084,36083,36084,1
rearing,36197,36084,36197,113
sniffing,36217,36197,36217,20
right_turning,36248,36217,36248,31
trotting,36300,36248,36300,52
sniffing,36358,36300,36358,58
left_turning,36532,36358,36532,174
rising,36576,36532,36576,44
right_turning,36619,36576,36619,43
sniffing,36747,36619,36747,128
climbing,36796,36747,36796,49
walking,36843,36796,36843,47
climbing,36912,36843,36912,69
walking,36947,36912,36947,35
sniffing,37017,36947,37017,70
walking,37118,37017,37118,101
stepping,37147,37118,37147,29
rearing,37164,37147,37164,17
hunching,37165,37164,37165,1
sniffing,37278,37165,37278,113
right_turning,37310,37278,37310,32
sniffing,37347,37310,37347,37
hunching,37348,37347,37348,1
sniffing,37383,37348,37383,35
climbing,37441,37383,37441,58
rearing,37494,37441,37494,53
walking,37496,37494,37496,2
sniffing,37555,37496,37555,59
left_turning,37591,37555,37591,36
sniffing,37592,37591,37592,1
rising,37620,37592,37620,28
sniffing,37637,37620,37637,17
walking,37684,37637,37684,47
sniffing,37740,37684,37740,56
walking,37797,37740,37797,57
sniffing,37833,37797,37833,36
stepping,37883,37833,37883,50
sniffing,37914,37883,37914,31
rising,37974,37914,37974,60
walking,37975,37974,37975,1
hunching,37979,37975,37979,4
walking,37980,37979,37980,1
sniffing,38060,37980,38060,80
walking,38061,38060,38061,1
sniffing,38106,38061,38106,45
rearing,38149,38106,38149,43
walking,38173,38149,38173,24
sniffing,38187,38173,38187,14
rising,38191,38187,38191,4
climbing,38257,38191,38257,66
rearing,38282,38257,38282,25
left_turning,38333,38282,38333,51
walking,38347,38333,38347,14
sniffing,38410,38347,38410,63
rising,38438,38410,38438,28
grooming,38662,38438,38662,224
sniffing,38675,38662,38675,13
walking,38713,38675,38713,38
left_turning,38803,38713,38803,90
walking,38843,38803,38843,40
sniffing,38871,38843,38871,28
rearing,38948,38871,38948,77
climbing,39047,38948,39047,99
trotting,39066,39047,39066,19
walking,39092,39066,39092,26
trotting,39112,39092,39112,20
walking,39123,39112,39123,11
rising,39156,39123,39156,33
sniffing,39157,39156,39157,1
rearing,39266,39157,39266,109
jumping,39281,39266,39281,15
rearing,39338,39281,39338,57
hunching,39375,39338,39375,37
walking,39386,39375,39386,11
rising,39447,39386,39447,61
walking,39533,39447,39533,86
rearing,39586,39533,39586,53
running,39595,39586,39595,9
rising,39600,39595,39600,5
climbing,39636,39600,39636,36
rearing,39707,39636,39707,71
rising,39715,39707,39715,8
sniffing,39790,39715,39790,75
left_turning,39804,39790,39804,14
sniffing,39840,39804,39840,36
rising,39866,39840,39866,26
walking,39880,39866,39880,14
trotting,39901,39880,39901,21
sniffing,39968,39901,39968,67
walking,39969,39968,39969,1
left_turning,39970,39969,39970,1
sniffing,40024,39970,40024,54
climbing,40087,40024,40087,63
walking,40096,40087,40096,9
stepping,40126,40096,40126,30
walking,40159,40126,40159,33
left_turning,40192,40159,40192,33
walking,40207,40192,40207,15
sniffing,40208,40207,40208,1
left_turning,40232,40208,40232,24
walking,40290,40232,40290,58
left_turning,40297,40290,40297,7
sniffing,40382,40297,40382,85
walking,40449,40382,40449,67
rising,40480,40449,40480,31
sniffing,40535,40480,40535,55
left_turning,40545,40535,40545,10
walking,40584,40545,40584,39
sniffing,40629,40584,40629,45
climbing,40683,40629,40683,54
right_turning,40702,40683,40702,19
walking,40724,40702,40724,22
hunching,40835,40724,40835,111
sniffing,40873,40835,40873,38
rising,40874,40873,40874,1
climbing,40919,40874,40919,45
right_turning,40927,40919,40927,8
walking,40953,40927,40953,26
climbing,41002,40953,41002,49
walking,41041,41002,41041,39
sniffing,41042,41041,41042,1
climbing,41086,41042,41086,44
sniffing,41137,41086,41137,51
walking,41189,41137,41189,52
rising,41250,41189,41250,61
climbing,41321,41250,41321,71
rising,41375,41321,41375,54
climbing,41406,41375,41406,31
rearing,41407,41406,41407,1
walking,41448,41407,41448,41
rising,41505,41448,41505,57
climbing,41551,41505,41551,46
sniffing,41552,41551,41552,1
hunching,41666,41552,41666,114
stepping,41699,41666,41699,33
climbing,41760,41699,41760,61
left_turning,41844,41760,41844,84
sniffing,41906,41844,41906,62
climbing,41957,41906,41957,51
sniffing,41966,41957,41966,9
climbing,41996,41966,41996,30
sniffing,42086,41996,42086,90
stepping,42131,42086,42131,45
walking,42188,42131,42188,57
grooming,42202,42188,42202,14
climbing,42258,42202,42258,56
rising,42302,42258,42302,44
climbing,42345,42302,42345,43
left_turning,42364,42345,42364,19
rising,42391,42364,42391,27
sniffing,42392,42391,42392,1
rising,42460,42392,42460,68
walking,42502,42460,42502,42
sniffing,42567,42502,42567,65
climbing,42611,42567,42611,44
trotting,42628,42611,42628,17
walking,42707,42628,42707,79
stepping,42743,42707,42743,36
climbing,42802,42743,42802,59
running,42829,42802,42829,27
sniffing,42913,42829,42913,84
grooming,42935,42913,42935,22
walking,42993,42935,42993,58
hunching,43072,42993,43072,79
right_turning,43088,43072,43088,16
rising,43143,43088,43143,55
climbing,43153,43143,43153,10
sniffing,43276,43153,43276,123
right_turning,43277,43276,43277,1
walking,43303,43277,43303,26
sniffing,43411,43303,43411,108
walking,43418,43411,43418,7
rising,43419,43418,43419,1
sniffing,43491,43419,43491,72
walking,43518,43491,43518,27
sniffing,43582,43518,43582,64
climbing,43591,43582,43591,9
walking,43602,43591,43602,11
sniffing,43649,43602,43649,47
walking,43650,43649,43650,1
rising,43651,43650,43651,1
sniffing,43718,43651,43718,67
climbing,43745,43718,43745,27
sniffing,43844,43745,43844,99
hunching,43845,43844,43845,1
right_turning,43873,43845,43873,28
rising,43882,43873,43882,9
climbing,43906,43882,43906,24
sniffing,43907,43906,43907,1
rising,43919,43907,43919,12
walking,43946,43919,43946,27
climbing,43992,43946,43992,46
grooming,43993,43992,43993,1
rearing,43994,43993,43994,1
walking,44029,43994,44029,35
left_turning,44040,44029,44040,11
walking,44110,44040,44110,70
rearing,44140,44110,44140,30
sniffing,44141,44140,44141,1
hunching,44230,44141,44230,89
left_turning,44231,44230,44231,1
sniffing,44257,44231,44257,26
right_turning,44259,44257,44259,2
stepping,44294,44259,44294,35
walking,44313,44294,44313,19
climbing,44343,44313,44343,30
walking,44344,44343,44344,1
sniffing,44345,44344,44345,1
rearing,44363,44345,44363,18
rising,44364,44363,44364,1
climbing,44463,44364,44463,99
walking,44543,44463,44543,80
sniffing,44614,44543,44614,71
right_turning,44631,44614,44631,17
walking,44665,44631,44665,34
climbing,44715,44665,44715,50
running,44721,44715,44721,6
walking,44736,44721,44736,15
rising,44737,44736,44737,1
left_turning,44746,44737,44746,9
walking,44747,44746,44747,1
rising,44820,44747,44820,73
sniffing,44821,44820,44821,1
walking,44822,44821,44822,1
sniffing,44873,44822,44873,51
climbing,44926,44873,44926,53
right_turning,44927,44926,44927,1
stepping,44969,44927,44969,42
rearing,45115,44969,45115,146
rising,45116,45115,45116,1
climbing,45140,45116,45140,24
sniffing,45141,45140,45141,1
walking,45186,45141,45186,45
sniffing,45187,45186,45187,1
left_turning,45188,45187,45188,1
trotting,45214,45188,45214,26
walking,45247,45214,45247,33
trotting,45282,45247,45282,35
sniffing,45339,45282,45339,57
left_turning,45403,45339,45403,64
sniffing,45431,45403,45431,28
walking,45459,45431,45459,28
sniffing,45497,45459,45497,38
walking,45517,45497,45517,20
sniffing,45518,45517,45518,1
rising,45550,45518,45550,32
climbing,45662,45550,45662,112
sniffing,45768,45662,45768,106
climbing,45812,45768,45812,44
rearing,45813,45812,45813,1
hunching,45886,45813,45886,73
rising,45936,45886,45936,50
rearing,46058,45936,46058,122
rising,46083,46058,46083,25
sniffing,46112,46083,46112,29
climbing,46149,46112,46149,37
rearing,46187,46149,46187,38
climbing,46204,46187,46204,17
walking,46258,46204,46258,54
rising,46259,46258,46259,1
sniffing,46339,46259,46339,80
climbing,46387,46339,46387,48
hunching,46438,46387,46438,51
climbing,46439,46438,46439,1
rising,46440,46439,46440,1
rearing,46441,46440,46441,1
trotting,46475,46441,46475,34
walking,46532,46475,46532,57
sniffing,46552,46532,46552,20
right_turning,46580,46552,46580,28
sniffing,46648,46580,46648,68
walking,46660,46648,46660,12
sniffing,46706,46660,46706,46
rising,46748,46706,46748,42
sniffing,46749,46748,46749,1
left_turning,46750,46749,46750,1
trotting,46753,46750,46753,3
left_turning,46766,46753,46766,13
sniffing,46801,46766,46801,35
rearing,47109,46801,47109,308
sniffing,47110,47109,47110,1
climbing,47163,47110,47163,53
sniffing,47338,47163,47338,175
rising,47416,47338,47416,78
rearing,47479,47416,47479,63
sniffing,47635,47479,47635,156
rising,47703,47635,47703,68
grooming,47960,47703,47960,257
rising,48031,47960,48031,71
rearing,48062,48031,48062,31
grooming,48063,48062,48063,1
hunching,48200,48063,48200,137
climbing,48300,48200,48300,100
right_turning,48342,48300,48342,42
sniffing,48358,48342,48358,16
stepping,48359,48358,48359,1
climbing,48387,48359,48387,28
stepping,48425,48387,48425,38
sniffing,48456,48425,48456,31
left_turning,48523,48456,48523,67
sniffing,48585,48523,48585,62
walking,48604,48585,48604,19
rearing,48623,48604,48623,19
hunching,48753,48623,48753,130
right_turning,48779,48753,48779,26
rising,48780,48779,48780,1
right_turning,48781,48780,48781,1
sniffing,48909,48781,48909,128
rising,48961,48909,48961,52
hunching,48962,48961,48962,1
grooming,48963,48962,48963,1
stepping,49044,48963,49044,81
sniffing,49215,49044,49215,171
rearing,49260,49215,49260,45
rising,49351,49260,49351,91
sniffing,49433,49351,49433,82
rising,49477,49433,49477,44
climbing,49492,49477,49492,15
running,49535,49492,49535,43
right_turning,49554,49535,49554,19
rising,49611,49554,49611,57
climbing,49650,49611,49650,39
running,49668,49650,49668,18
walking,49689,49668,49689,21
rising,49748,49689,49748,59
climbing,49774,49748,49774,26
sniffing,49790,49774,49790,16
rearing,49791,49790,49791,1
sniffing,49792,49791,49792,1
right_turning,49801,49792,49801,9
running,49814,49801,49814,13
climbing,49899,49814,49899,85
rising,49941,49899,49941,42
climbing,49992,49941,49992,51
sniffing,50113,49992,50113,121
rising,50133,50113,50133,20
sniffing,50255,50133,50255,122
walking,50311,50255,50311,56
sniffing,50396,50311,50396,85
left_turning,50462,50396,50462,66
walking,50463,50462,50463,1
rising,50464,50463,50464,1
left_turning,50516,50464,50516,52
rising,50517,50516,50517,1
right_turning,50563,50517,50563,46
sniffing,50642,50563,50642,79
left_turning,50656,50642,50656,14
sniffing,50699,50656,50699,43
climbing,50734,50699,50734,35
rising,50747,50734,50747,13
sniffing,50748,50747,50748,1
left_turning,50756,50748,50756,8
walking,50778,50756,50778,22
sniffing,50779,50778,50779,1
walking,50800,50779,50800,21
left_turning,50862,50800,50862,62
sniffing,50863,50862,50863,1
walking,50877,50863,50877,14
rising,50878,50877,50878,1
climbing,51022,50878,51022,144
trotting,51044,51022,51044,22
sniffing,51079,51044,51079,35
running,51094,51079,51094,15
climbing,51136,51094,51136,42
running,51164,51136,51164,28
rearing,51187,51164,51187,23
sniffing,51235,51187,51235,48
pausing,51451,51235,51451,216
sniffing,51452,51451,51452,1
left_turning,51453,51452,51453,1
walking,51487,51453,51487,34
sniffing,51528,51487,51528,41
trotting,51564,51528,51564,36
sniffing,51656,51564,51656,92
grooming,51673,51656,51673,17
sniffing,51743,51673,51743,70
right_turning,51777,51743,51777,34
walking,51821,51777,51821,44
sniffing,51871,51821,51871,50
right_turning,51917,51871,51917,46
walking,51924,51917,51924,7
trotting,51942,51924,51942,18
walking,51980,51942,51980,38
stepping,52041,51980,52041,61
trotting,52089,52041,52089,48
stepping,52107,52089,52107,18
walking,52118,52107,52118,11
sniffing,52407,52118,52407,289
left_turning,52408,52407,52408,1
trotting,52418,52408,52418,10
left_turning,52419,52418,52419,1
walking,52482,52419,52482,63
rearing,52510,52482,52510,28
rising,52552,52510,52552,42
climbing,52587,52552,52587,35
walking,52636,52587,52636,49
sniffing,52637,52636,52637,1
walking,52638,52637,52638,1
sniffing,52696,52638,52696,58
hunching,52736,52696,52736,40
right_turning,52770,52736,52770,34
stepping,52786,52770,52786,16
sniffing,52909,52786,52909,123
rising,52910,52909,52910,1
climbing,52917,52910,52917,7
trotting,52918,52917,52918,1
rising,52919,52918,52919,1
sniffing,53029,52919,53029,110
right_turning,53046,53029,53046,17
climbing,53080,53046,53080,34
sniffing,53120,53080,53120,40
walking,53138,53120,53138,18
sniffing,53167,53138,53167,29
left_turning,53261,53167,53261,94
sniffing,53347,53261,53347,86
trotting,53376,53347,53376,29
sniffing,53377,53376,53377,1
rising,53485,53377,53485,108
sniffing,53524,53485,53524,39
left_turning,53525,53524,53525,1
walking,53547,53525,53547,22
stepping,53548,53547,53548,1
climbing,53563,53548,53563,15
grooming,53564,53563,53564,1
hunching,53567,53564,53567,3
sniffing,53625,53567,53625,58
stepping,53754,53625,53754,129
climbing,53885,53754,53885,131
sniffing,53906,53885,53906,21
stepping,53935,53906,53935,29
rising,53936,53935,53936,1
rearing,54024,53936,54024,88
rising,54110,54024,54110,86
sniffing,54126,54110,54126,16
climbing,54178,54126,54178,52
sniffing,54224,54178,54224,46
hunching,54275,54224,54275,51
climbing,54349,54275,54349,74
rising,54350,54349,54350,1
walking,54357,54350,54357,7
rising,54358,54357,54358,1
walking,54414,54358,54414,56
stepping,54442,54414,54442,28
sniffing,54536,54442,54536,94
rising,54645,54536,54645,109
walking,54702,54645,54702,57
right_turning,54738,54702,54738,36
walking,54749,54738,54749,11
sniffing,54829,54749,54829,80
stepping,54830,54829,54830,1
rising,54876,54830,54876,46
sniffing,54944,54876,54944,68
walking,54953,54944,54953,9
left_turning,54957,54953,54957,4
sniffing,55009,54957,55009,52
trotting,55039,55009,55039,30
rising,55040,55039,55040,1
climbing,55087,55040,55087,47
trotting,55095,55087,55095,8
climbing,55132,55095,55132,37
walking,55182,55132,55182,50
right_turning,55202,55182,55202,20
trotting,55239,55202,55239,37
walking,55252,55239,55252,13
sniffing,55309,55252,55309,57
grooming,55383,55309,55383,74
rearing,55463,55383,55463,80
left_turning,55498,55463,55498,35
sniffing,55596,55498,55596,98
left_turning,55664,55596,55664,68
sniffing,55665,55664,55665,1
rising,55666,55665,55666,1
climbing,55697,55666,55697,31
hunching,55741,55697,55741,44
sniffing,55830,55741,55830,89
grooming,56058,55830,56058,228
left_turning,56167,56058,56167,109
sniffing,56176,56167,56176,9
walking,56191,56176,56191,15
stepping,56211,56191,56211,20
rearing,56314,56211,56314,103
walking,56329,56314,56329,15
rising,56429,56329,56429,100
left_turning,56457,56429,56457,28
walking,56498,56457,56498,41
sniffing,56514,56498,56514,16
rising,56563,56514,56563,49
sniffing,56836,56563,56836,273
walking,56878,56836,56878,42
sniffing,56906,56878,56906,28
climbing,56938,56906,56938,32
sniffing,56947,56938,56947,9
walking,56965,56947,56965,18
sniffing,57093,56965,57093,128
hunching,57200,57093,57200,107
sniffing,57245,57200,57245,45
grooming,57342,57245,57342,97
left_turning,57343,57342,57343,1
sniffing,57373,57343,57373,30
rearing,57463,57373,57463,90
sniffing,57696,57463,57696,233
walking,57697,57696,57697,1
rising,57780,57697,57780,83
climbing,57832,57780,57832,52
sniffing,57917,57832,57917,85
climbing,58014,57917,58014,97
rising,58034,58014,58034,20
jumping,58178,58034,58178,144
hunching,58243,58178,58243,65
climbing,58278,58243,58278,35
right_turning,58279,58278,58279,1
trotting,58280,58279,58280,1
rising,58334,58280,58334,54
walking,58364,58334,58364,30
sniffing,58481,58364,58481,117
rising,58482,58481,58482,1
rearing,58542,58482,58542,60
grooming,58734,58542,58734,192
rearing,58835,58734,58835,101
grooming,58891,58835,58891,56
sniffing,58980,58891,58980,89
stepping,59005,58980,59005,25
walking,59044,59005,59044,39
sniffing,59059,59044,59059,15
running,59085,59059,59085,26
walking,59132,59085,59132,47
sniffing,59176,59132,59176,44
walking,59196,59176,59196,20
rising,59209,59196,59209,13
sniffing,59211,59209,59211,2
rising,59316,59211,59316,105
grooming,60154,59316,60154,838
hunching,60155,60154,60155,1
climbing,60207,60155,60207,52
right_turning,60227,60207,60227,20
sniffing,60278,60227,60278,51
left_turning,60349,60278,60349,71
rearing,60350,60349,60350,1
climbing,60398,60350,60398,48
trotting,60430,60398,60430,32
sniffing,60462,60430,60462,32
walking,60472,60462,60472,10
sniffing,60506,60472,60506,34
trotting,60579,60506,60579,73
walking,60593,60579,60593,14
right_turning,60632,60593,60632,39
sniffing,60634,60632,60634,2
right_turning,60648,60634,60648,14
running,60674,60648,60674,26
trotting,60708,60674,60708,34
climbing,60753,60708,60753,45
rearing,60786,60753,60786,33
sniffing,60820,60786,60820,34
walking,60829,60820,60829,9
left_turning,60845,60829,60845,16
walking,60906,60845,60906,61
sniffing,60907,60906,60907,1
walking,60921,60907,60921,14
left_turning,60922,60921,60922,1
walking,60923,60922,60923,1
sniffing,60949,60923,60949,26
rising,60996,60949,60996,47
rearing,60997,60996,60997,1
left_turning,61017,60997,61017,20
sniffing,61064,61017,61064,47
rising,61068,61064,61068,4
sniffing,61069,61068,61069,1
hunching,61070,61069,61070,1
grooming,61149,61070,61149,79
rising,61336,61149,61336,187
sniffing,61337,61336,61337,1
right_turning,61338,61337,61338,1
sniffing,61468,61338,61468,130
left_turning,61522,61468,61522,54
sniffing,61543,61522,61543,21
walking,61582,61543,61582,39
sniffing,61628,61582,61628,46
pausing,61629,61628,61629,1
sniffing,61732,61629,61732,103
rising,61751,61732,61751,19
walking,61768,61751,61768,17
left_turning,61769,61768,61769,1
sniffing,61855,61769,61855,86
stepping,61900,61855,61900,45
walking,61912,61900,61912,12
sniffing,61913,61912,61913,1
walking,61947,61913,61947,34
rising,61959,61947,61959,12
walking,61994,61959,61994,35
rising,62124,61994,62124,130
sniffing,62125,62124,62125,1
rising,62145,62125,62145,20
sniffing,62146,62145,62146,1
left_turning,62209,62146,62209,63
walking,62222,62209,62222,13
sniffing,62223,62222,62223,1
walking,62238,62223,62238,15
trotting,62252,62238,62252,14
walking,62303,62252,62303,51
climbing,62368,62303,62368,65
sniffing,62369,62368,62369,1
climbing,62402,62369,62402,33
rising,62423,62402,62423,21
climbing,62458,62423,62458,35
hunching,62544,62458,62544,86
rising,62588,62544,62588,44
climbing,62589,62588,62589,1
sniffing,62600,62589,62600,11
walking,62617,62600,62617,17
sniffing,62783,62617,62783,166
right_turning,62787,62783,62787,4
walking,62816,62787,62816,29
left_turning,62817,62816,62817,1
sniffing,62870,62817,62870,53
stepping,62872,62870,62872,2
sniffing,62887,62872,62887,15
climbing,62922,62887,62922,35
left_turning,62993,62922,62993,71
trotting,63043,62993,63043,50
left_turning,63062,63043,63062,19
walking,63108,63062,63108,46
climbing,63173,63108,63173,65
sniffing,63203,63173,63203,30
walking,63259,63203,63259,56
sniffing,63260,63259,63260,1
climbing,63267,63260,63267,7
walking,63320,63267,63320,53
climbing,63342,63320,63342,22
rising,63445,63342,63445,103
sniffing,63481,63445,63481,36
left_turning,63530,63481,63530,49
sniffing,63531,63530,63531,1
rising,63532,63531,63532,1
stepping,63598,63532,63598,66
sniffing,63599,63598,63599,1
climbing,63600,63599,63600,1
rearing,63601,63600,63601,1
right_turning,63628,63601,63628,27
walking,63660,63628,63660,32
sniffing,63661,63660,63661,1
rising,63708,63661,63708,47
climbing,63752,63708,63752,44
trotting,63791,63752,63791,39
walking,63792,63791,63792,1
sniffing,63872,63792,63872,80
rising,63873,63872,63873,1
sniffing,63919,63873,63919,46
walking,63920,63919,63920,1
sniffing,64087,63920,64087,167
climbing,64117,64087,64117,30
grooming,64236,64117,64236,119
rearing,64315,64236,64315,79
rising,64378,64315,64378,63
rearing,64419,64378,64419,41
hunching,64448,64419,64448,29
sniffing,64514,64448,64514,66
walking,64572,64514,64572,58
rising,64681,64572,64681,109
rearing,64682,64681,64682,1
sniffing,64750,64682,64750,68
right_turning,64757,64750,64757,7
rising,64802,64757,64802,45
climbing,64869,64802,64869,67
right_turning,64906,64869,64906,37
walking,64951,64906,64951,45
hunching,65080,64951,65080,129
sniffing,65090,65080,65090,10
pausing,65240,65090,65240,150
sniffing,65291,65240,65291,51
grooming,65573,65291,65573,282
rearing,65702,65573,65702,129
rising,65764,65702,65764,62
left_turning,65806,65764,65806,42
sniffing,65850,65806,65850,44
grooming,66187,65850,66187,337
rearing,66188,66187,66188,1
hunching,66250,66188,66250,62
grooming,66251,66250,66251,1
rearing,66431,66251,66431,180
climbing,66432,66431,66432,1
rearing,66534,66432,66534,102
walking,66563,66534,66563,29
climbing,66570,66563,66570,7
rising,66617,66570,66617,47
sniffing,66743,66617,66743,126
stepping,66744,66743,66744,1
left_turning,66745,66744,66745,1
sniffing,66747,66745,66747,2
rising,66798,66747,66798,51
grooming,66799,66798,66799,1
hunching,66893,66799,66893,94
grooming,66894,66893,66894,1
sniffing,66956,66894,66956,62
walking,66994,66956,66994,38
right_turning,67034,66994,67034,40
trotting,67096,67034,67096,62
left_turning,67145,67096,67145,49
trotting,67214,67145,67214,69
left_turning,67277,67214,67277,63
rising,67368,67277,67368,91
climbing,67417,67368,67417,49
trotting,67452,67417,67452,35
stepping,67505,67452,67505,53
walking,67506,67505,67506,1
sniffing,67564,67506,67564,58
left_turning,67604,67564,67604,40
sniffing,67632,67604,67632,28
stepping,67651,67632,67651,19
sniffing,67718,67651,67718,67
left_turning,67766,67718,67766,48
sniffing,67767,67766,67767,1
left_turning,67802,67767,67802,35
walking,67834,67802,67834,32
sniffing,67835,67834,67835,1
pausing,67985,67835,67985,150
sniffing,67986,67985,67986,1
climbing,68024,67986,68024,38
sniffing,68026,68024,68026,2
hunching,68027,68026,68027,1
grooming,68357,68027,68357,330
walking,68386,68357,68386,29
sniffing,68484,68386,68484,98
walking,68513,68484,68513,29
sniffing,68521,68513,68521,8
climbing,68546,68521,68546,25
rearing,68582,68546,68582,36
rising,68606,68582,68606,24
climbing,68641,68606,68641,35
rearing,68708,68641,68708,67
hunching,68807,68708,68807,99
climbing,68809,68807,68809,2
trotting,68844,68809,68844,35
rising,68845,68844,68845,1
climbing,68882,68845,68882,37
rising,68883,68882,68883,1
sniffing,68896,68883,68896,13
running,68902,68896,68902,6
trotting,68941,68902,68941,39
running,68960,68941,68960,19
sniffing,69044,68960,69044,84
right_turning,69094,69044,69094,50
stepping,69135,69094,69135,41
sniffing,69212,69135,69212,77
walking,69230,69212,69230,18
rising,69373,69230,69373,143
sniffing,69434,69373,69434,61
walking,69446,69434,69446,12
rising,69460,69446,69460,14
climbing,69527,69460,69527,67
sniffing,69549,69527,69549,22
stepping,69585,69549,69585,36
rising,69640,69585,69640,55
stepping,69717,69640,69717,77
sniffing,69761,69717,69761,44
climbing,69843,69761,69843,82
rising,69879,69843,69879,36
walking,69915,69879,69915,36
sniffing,69916,69915,69916,1
rising,69957,69916,69957,41
climbing,69992,69957,69992,35
sniffing,70115,69992,70115,123
left_turning,70164,70115,70164,49
sniffing,70181,70164,70181,17
right_turning,70215,70181,70215,34
walking,70288,70215,70288,73
rearing,70343,70288,70343,55
walking,70382,70343,70382,39
climbing,70396,70382,70396,14
grooming,70527,70396,70527,131
right_turning,70556,70527,70556,29
sniffing,70657,70556,70657,101
hunching,70745,70657,70745,88
rearing,71094,70745,71094,349
sniffing,71095,71094,71095,1
rising,71112,71095,71112,17
sniffing,71200,71112,71200,88
climbing,71233,71200,71233,33
rearing,71234,71233,71234,1
rising,71294,71234,71294,60
climbing,71323,71294,71323,29
running,71348,71323,71348,25
rising,71402,71348,71402,54
sniffing,71431,71402,71431,29
running,71452,71431,71452,21
walking,71484,71452,71484,32
climbing,71559,71484,71559,75
running,71582,71559,71582,23
walking,71606,71582,71606,24
rising,71646,71606,71646,40
sniffing,71723,71646,71723,77
walking,71727,71723,71727,4
stepping,71772,71727,71772,45
right_turning,71790,71772,71790,18
climbing,71791,71790,71791,1
sniffing,71866,71791,71866,75
climbing,71906,71866,71906,40
rising,71907,71906,71907,1
sniffing,71949,71907,71949,42
rising,71950,71949,71950,1
climbing,72036,71950,72036,86
rearing,72037,72036,72037,1
left_turning,72070,72037,72070,33
rising,72074,72070,72074,4
stepping,72123,72074,72123,49
sniffing,72124,72123,72124,1
grooming,72222,72124,72222,98
running,72250,72222,72250,28
trotting,72257,72250,72257,7
sniffing,72337,72257,72337,80
stepping,72379,72337,72379,42
left_turning,72409,72379,72409,30
trotting,72438,72409,72438,29
sniffing,72439,72438,72439,1
walking,72440,72439,72440,1
sniffing,72441,72440,72441,1
walking,72447,72441,72447,6
rising,72460,72447,72460,13
walking,72498,72460,72498,38
hunching,72560,72498,72560,62
sniffing,72561,72560,72561,1
walking,72574,72561,72574,13
right_turning,72617,72574,72617,43
walking,72667,72617,72667,50
left_turning,72718,72667,72718,51
walking,72743,72718,72743,25
stepping,72788,72743,72788,45
left_turning,72995,72788,72995,207
sniffing,73009,72995,73009,14
rising,73010,73009,73010,1
right_turning,73011,73010,73011,1
trotting,73012,73011,73012,1
walking,73031,73012,73031,19
sniffing,73041,73031,73041,10
trotting,73046,73041,73046,5
rising,73068,73046,73068,22
climbing,73085,73068,73085,17
left_turning,73086,73085,73086,1
sniffing,73149,73086,73149,63
stepping,73166,73149,73166,17
sniffing,73204,73166,73204,38
trotting,73233,73204,73233,29
sniffing,73258,73233,73258,25
right_turning,73272,73258,73272,14
sniffing,73432,73272,73432,160
walking,73447,73432,73447,15
climbing,73493,73447,73493,46
sniffing,73537,73493,73537,44
rising,73562,73537,73562,25
walking,73582,73562,73582,20
climbing,73634,73582,73634,52
sniffing,73805,73634,73805,171
walking,73820,73805,73820,15
left_turning,73839,73820,73839,19
sniffing,73895,73839,73895,56
rising,73943,73895,73943,48
walking,73967,73943,73967,24
stepping,73990,73967,73990,23
walking,73991,73990,73991,1
rising,74028,73991,74028,37
sniffing,74137,74028,74137,109
rearing,74261,74137,74261,124
rising,74288,74261,74288,27
sniffing,74333,74288,74333,45
walking,74342,74333,74342,9
sniffing,74376,74342,74376,34
walking,74389,74376,74389,13
trotting,74424,74389,74424,35
walking,74425,74424,74425,1
sniffing,74623,74425,74623,198
walking,74649,74623,74649,26
rising,74674,74649,74674,25
sniffing,74675,74674,74675,1
climbing,74676,74675,74676,1
rearing,74771,74676,74771,95
grooming,74772,74771,74772,1
climbing,74839,74772,74839,67
left_turning,74883,74839,74883,44
walking,74895,74883,74895,12
sniffing,74896,74895,74896,1
walking,74922,74896,74922,26
climbing,74956,74922,74956,34
jumping,74965,74956,74965,9
sniffing,74984,74965,74984,19
climbing,75032,74984,75032,48
rearing,75143,75032,75143,111
climbing,75144,75143,75144,1
sniffing,75230,75144,75230,86
walking,75278,75230,75278,48
trotting,75280,75278,75280,2
sniffing,75382,75280,75382,102
climbing,75428,75382,75428,46
right_turning,75449,75428,75449,21
walking,75450,75449,75450,1
sniffing,75532,75450,75532,82
walking,75540,75532,75540,8
sniffing,75541,75540,75541,1
walking,75617,75541,75617,76
running,75639,75617,75639,22
rising,75643,75639,75643,4
climbing,75653,75643,75653,10
rearing,75711,75653,75711,58
rising,75712,75711,75712,1
rearing,75757,75712,75757,45
grooming,76049,75757,76049,292
sniffing,76075,76049,76075,26
walking,76104,76075,76104,29
climbing,76140,76104,76140,36
sniffing,76189,76140,76189,49
walking,76217,76189,76217,28
climbing,76289,76217,76289,72
right_turning,76299,76289,76299,10
walking,76300,76299,76300,1
sniffing,76402,76300,76402,102
trotting,76412,76402,76412,10
sniffing,76483,76412,76483,71
stepping,76528,76483,76528,45
sniffing,76569,76528,76569,41
left_turning,76576,76569,76576,7
sniffing,76653,76576,76653,77
climbing,76683,76653,76683,30
right_turning,76715,76683,76715,32
sniffing,76720,76715,76720,5
climbing,76721,76720,76721,1
rising,76747,76721,76747,26
climbing,76748,76747,76748,1
walking,76781,76748,76781,33
rearing,76782,76781,76782,1
rising,76792,76782,76792,10
left_turning,76840,76792,76840,48
sniffing,76849,76840,76849,9
right_turning,76868,76849,76868,19
walking,76869,76868,76869,1
sniffing,76957,76869,76957,88
rearing,76958,76957,76958,1
grooming,76983,76958,76983,25
rearing,77109,76983,77109,126
rising,77159,77109,77159,50
sniffing,77160,77159,77160,1
pausing,77311,77160,77311,151
sniffing,77403,77311,77403,92
trotting,77408,77403,77408,5
sniffing,77409,77408,77409,1
left_turning,77430,77409,77430,21
climbing,77469,77430,77469,39
rising,77490,77469,77490,21
sniffing,77518,77490,77518,28
left_turning,77568,77518,77568,50
sniffing,77588,77568,77588,20
climbing,77635,77588,77635,47
left_turning,77636,77635,77636,1
rising,77668,77636,77668,32
sniffing,77669,77668,77669,1
hunching,77701,77669,77701,32
climbing,77797,77701,77797,96
walking,77835,77797,77835,38
left_turning,77882,77835,77882,47
walking,77889,77882,77889,7
sniffing,77890,77889,77890,1
climbing,77909,77890,77909,19
rising,77924,77909,77924,15
sniffing,77957,77924,77957,33
walking,77978,77957,77978,21
trotting,78032,77978,78032,54
sniffing,78054,78032,78054,22
left_turning,78115,78054,78115,61
sniffing,78326,78115,78326,211
rearing,78327,78326,78327,1
rising,78340,78327,78340,13
climbing,78354,78340,78354,14
right_turning,78369,78354,78369,15
sniffing,78398,78369,78398,29
running,78459,78398,78459,61
sniffing,78485,78459,78485,26
right_turning,78510,78485,78510,25
walking,78567,78510,78567,57
left_turning,78578,78567,78578,11
rising,78631,78578,78631,53
walking,78660,78631,78660,29
climbing,78713,78660,78713,53
trotting,78728,78713,78728,15
rising,78753,78728,78753,25
right_turning,78780,78753,78780,27
walking,78832,78780,78832,52
rearing,78833,78832,78833,1
walking,78834,78833,78834,1
sniffing,78935,78834,78935,101
stepping,78942,78935,78942,7
sniffing,78998,78942,78998,56
trotting,79042,78998,79042,44
sniffing,79099,79042,79099,57
climbing,79148,79099,79148,49
trotting,79168,79148,79168,20
walking,79208,79168,79208,40
sniffing,79209,79208,79209,1
grooming,79487,79209,79487,278
sniffing,79569,79487,79569,82
climbing,79570,79569,79570,1
sniffing,79591,79570,79591,21
left_turning,79592,79591,79592,1
rising,79620,79592,79620,28
sniffing,79635,79620,79635,15
climbing,79666,79635,79666,31
rearing,79667,79666,79667,1
rising,79717,79667,79717,50
right_turning,79730,79717,79730,13
running,79745,79730,79745,15
stepping,79746,79745,79746,1
sniffing,79777,79746,79777,31
rising,79797,79777,79797,20
sniffing,79982,79797,79982,185
walking,79999,79982,79999,17
rising,80000,79999,80000,1
sniffing,80001,80000,80001,1
right_turning,80012,80001,80012,11
trotting,80013,80012,80013,1
walking,80036,80013,80036,23
stepping,80064,80036,80064,28
rising,80114,80064,80114,50
sniffing,80244,80114,80244,130
rising,80245,80244,80245,1
sniffing,80246,80245,80246,1
climbing,80333,80246,80333,87
rising,80373,80333,80373,40
climbing,80434,80373,80434,61
rearing,80441,80434,80441,7
climbing,80504,80441,80504,63
grooming,80629,80504,80629,125
rearing,80719,80629,80719,90
hunching,80737,80719,80737,18
right_turning,80770,80737,80770,33
sniffing,80835,80770,80835,65
rearing,80836,80835,80836,1
climbing,80869,80836,80869,33
trotting,80907,80869,80907,38
walking,80946,80907,80946,39
left_turning,80947,80946,80947,1
stepping,80989,80947,80989,42
left_turning,80990,80989,80990,1
walking,81051,80990,81051,61
sniffing,81120,81051,81120,69
rising,81121,81120,81121,1
sniffing,81240,81121,81240,119
walking,81279,81240,81279,39
rising,81284,81279,81284,5
sniffing,81331,81284,81331,47
stepping,81363,81331,81363,32
climbing,81398,81363,81398,35
grooming,81476,81398,81476,78
climbing,81477,81476,81477,1
sniffing,81557,81477,81557,80
climbing,81558,81557,81558,1
rising,81630,81558,81630,72
climbing,81667,81630,81667,37
grooming,82280,81667,82280,613
rearing,82388,82280,82388,108
climbing,82421,82388,82421,33
rising,82447,82421,82447,26
climbing,82529,82447,82529,82
walking,82555,82529,82555,26
sniffing,82712,82555,82712,157
rising,82761,82712,82761,49
climbing,82824,82761,82824,63
stepping,82825,82824,82825,1
walking,82879,82825,82879,54
sniffing,82880,82879,82880,1
rearing,82927,82880,82927,47
rising,82999,82927,82999,72
climbing,83050,82999,83050,51
grooming,83142,83050,83142,92
climbing,83174,83142,83174,32
walking,83209,83174,83209,35
sniffing,83323,83209,83323,114
stepping,83346,83323,83346,23
walking,83370,83346,83370,24
sniffing,83441,83370,83441,71
rising,83515,83441,83515,74
sniffing,83516,83515,83516,1
walking,83555,83516,83555,39
sniffing,83556,83555,83556,1
trotting,83566,83556,83566,10
sniffing,83588,83566,83588,22
pausing,83728,83588,83728,140
sniffing,83855,83728,83855,127
rising,83890,83855,83890,35
hunching,84066,83890,84066,176
climbing,84096,84066,84096,30
rising,84097,84096,84097,1
walking,84199,84097,84199,102
sniffing,84238,84199,84238,39
rising,84269,84238,84269,31
sniffing,84270,84269,84270,1
walking,84271,84270,84271,1
rising,84303,84271,84303,32
trotting,84317,84303,84317,14
walking,84352,84317,84352,35
sniffing,84378,84352,84378,26
rising,84545,84378,84545,167
climbing,84578,84545,84578,33
right_turning,84620,84578,84620,42
trotting,84669,84620,84669,49
climbing,84764,84669,84764,95
sniffing,84804,84764,84804,40
right_turning,84833,84804,84833,29
running,84866,84833,84866,33
walking,84869,84866,84869,3
sniffing,84875,84869,84875,6
walking,84876,84875,84876,1
climbing,84967,84876,84967,91
running,84973,84967,84973,6
left_turning,84974,84973,84974,1
sniffing,84997,84974,84997,23
walking,85046,84997,85046,49
sniffing,85060,85046,85060,14
stepping,85071,85060,85071,11
sniffing,85126,85071,85126,55
left_turning,85127,85126,85127,1
trotting,85173,85127,85173,46
left_turning,85174,85173,85174,1
trotting,85180,85174,85180,6
left_turning,85239,85180,85239,59
walking,85269,85239,85269,30
left_turning,85361,85269,85361,92
walking,85371,85361,85371,10
stepping,85388,85371,85388,17
left_turning,85389,85388,85389,1
trotting,85400,85389,85400,11
rearing,85498,85400,85498,98
grooming,85499,85498,85499,1
hunching,85593,85499,85593,94
sniffing,85594,85593,85594,1
walking,85595,85594,85595,1
stepping,85623,85595,85623,28
climbing,85665,85623,85665,42
sniffing,85666,85665,85666,1
left_turning,85698,85666,85698,32
walking,85716,85698,85716,18
climbing,85717,85716,85717,1
grooming,85897,85717,85897,180
running,85914,85897,85914,17
sniffing,85944,85914,85944,30
rising,86060,85944,86060,116
sniffing,86061,86060,86061,1
rearing,86093,86061,86093,32
sniffing,86094,86093,86094,1
rising,86127,86094,86127,33
climbing,86171,86127,86171,44
rising,86180,86171,86180,9
climbing,86224,86180,86224,44
walking,86275,86224,86275,51
climbing,86337,86275,86337,62
walking,86389,86337,86389,52
climbing,86432,86389,86432,43
rearing,86511,86432,86511,79
left_turning,86512,86511,86512,1
climbing,86528,86512,86528,16
rising,86558,86528,86558,30
climbing,86559,86558,86559,1
sniffing,86598,86559,86598,39
stepping,86633,86598,86633,35
right_turning,86652,86633,86652,19
rising,86683,86652,86683,31
left_turning,86724,86683,86724,41
walking,86778,86724,86778,54
sniffing,86779,86778,86779,1
grooming,87115,86779,87115,336
sniffing,87202,87115,87202,87
walking,87205,87202,87205,3
sniffing,87248,87205,87248,43
walking,87287,87248,87287,39
rising,87319,87287,87319,32
sniffing,87383,87319,87383,64
grooming,87384,87383,87384,1
climbing,87463,87384,87463,79
running,87492,87463,87492,29
sniffing,87556,87492,87556,64
grooming,87557,87556,87557,1
sniffing,87621,87557,87621,64
walking,87627,87621,87627,6
climbing,87664,87627,87664,37
grooming,87665,87664,87665,1
sniffing,87706,87665,87706,41
climbing,87756,87706,87756,50
rising,87781,87756,87781,25
rearing,87796,87781,87796,15
climbing,87869,87796,87869,73
sniffing,87886,87869,87886,17
rising,87909,87886,87909,23
climbing,87910,87909,87910,1
sniffing,87949,87910,87949,39
rising,87950,87949,87950,1
sniffing,88028,87950,88028,78
left_turning,88029,88028,88029,1
walking,88046,88029,88046,17
left_turning,88086,88046,88086,40
trotting,88107,88086,88107,21
sniffing,88132,88107,88132,25
left_turning,88133,88132,88133,1
trotting,88134,88133,88134,1
rising,88222,88134,88222,88
right_turning,88223,88222,88223,1
walking,88267,88223,88267,44
sniffing,88298,88267,88298,31
hunching,88432,88298,88432,134
right_turning,88441,88432,88441,9
sniffing,88479,88441,88479,38
grooming,88480,88479,88480,1
sniffing,88536,88480,88536,56
trotting,88599,88536,88599,63
rising,88628,88599,88628,29
climbing,88640,88628,88640,12
sniffing,88703,88640,88703,63
rising,88782,88703,88782,79
hunching,88921,88782,88921,139
sniffing,88934,88921,88934,13
left_turning,88989,88934,88989,55
sniffing,89043,88989,89043,54
left_turning,89252,89043,89252,209
walking,89259,89252,89259,7
sniffing,89260,89259,89260,1
climbing,89280,89260,89280,20
sniffing,89326,89280,89326,46
climbing,89389,89326,89389,63
hunching,89390,89389,89390,1
grooming,89631,89390,89631,241
climbing,89714,89631,89714,83
walking,89758,89714,89758,44
rising,89769,89758,89769,11
sniffing,89854,89769,89854,85
walking,89870,89854,89870,16
left_turning,89887,89870,89887,17
sniffing,89949,89887,89949,62
rising,89962,89949,89962,13
rearing,90141,89962,90141,179
rising,90142,90141,90142,1
rearing,90187,90142,90187,45
rising,90248,90187,90248,61
climbing,90300,90248,90300,52
rising,90301,90300,90301,1
walking,90329,90301,90329,28
sniffing,90450,90329,90450,121
hunching,90494,90450,90494,44
walking,90524,90494,90524,30
left_turning,90545,90524,90545,21
climbing,90646,90545,90646,101
walking,90719,90646,90719,73
climbing,90742,90719,90742,23
rising,90743,90742,90743,1
right_turning,90757,90743,90757,14
trotting,90773,90757,90773,16
sniffing,90774,90773,90774,1
stepping,90775,90774,90775,1
sniffing,90809,90775,90809,34
walking,90871,90809,90871,62
left_turning,90897,90871,90897,26
sniffing,90924,90897,90924,27
left_turning,90925,90924,90925,1
walking,90946,90925,90946,21
sniffing,91005,90946,91005,59
walking,91040,91005,91040,35
right_turning,91047,91040,91047,7
trotting,91054,91047,91054,7
left_turning,91093,91054,91093,39
walking,91118,91093,91118,25
left_turning,91181,91118,91181,63
sniffing,91304,91181,91304,123
walking,91356,91304,91356,52
rising,91381,91356,91381,25
right_turning,91412,91381,91412,31
walking,91413,91412,91413,1
hunching,91644,91413,91644,231
rising,91663,91644,91663,19
sniffing,91699,91663,91699,36
left_turning,91893,91699,91893,194
sniffing,91950,91893,91950,57
climbing,92018,91950,92018,68
trotting,92047,92018,92047,29
rising,92048,92047,92048,1
climbing,92049,92048,92049,1
sniffing,92107,92049,92107,58
pausing,92348,92107,92348,241
sniffing,92349,92348,92349,1
rising,92384,92349,92384,35
climbing,92432,92384,92432,48
running,92470,92432,92470,38
trotting,92496,92470,92496,26
stepping,92525,92496,92525,29
walking,92526,92525,92526,1
left_turning,92527,92526,92527,1
walking,92528,92527,92528,1
rearing,92549,92528,92549,21
jumping,92584,92549,92584,35
rising,92642,92584,92642,58
grooming,92643,92642,92643,1
rising,92705,92643,92705,62
left_turning,92816,92705,92816,111
walking,92854,92816,92854,38
sniffing,92855,92854,92855,1
left_turning,92859,92855,92859,4
sniffing,92860,92859,92860,1
right_turning,92891,92860,92891,31
sniffing,92935,92891,92935,44
left_turning,92937,92935,92937,2
trotting,92948,92937,92948,11
sniffing,93002,92948,93002,54
running,93033,93002,93033,31
left_turning,93034,93033,93034,1
sniffing,93035,93034,93035,1
right_turning,93053,93035,93053,18
rising,93054,93053,93054,1
walking,93095,93054,93095,41
trotting,93113,93095,93113,18
right_turning,93120,93113,93120,7
trotting,93121,93120,93121,1
left_turning,93172,93121,93172,51
sniffing,93178,93172,93178,6
left_turning,93179,93178,93179,1
sniffing,93183,93179,93183,4
walking,93234,93183,93234,51
stepping,93235,93234,93235,1
walking,93238,93235,93238,3
stepping,93245,93238,93245,7
climbing,93255,93245,93255,10
rising,93256,93255,93256,1
sniffing,93377,93256,93377,121
rising,93427,93377,93427,50
climbing,93473,93427,93473,46
sniffing,93493,93473,93493,20
grooming,93675,93493,93675,182
rearing,93714,93675,93714,39
grooming,93734,93714,93734,20
left_turning,93754,93734,93754,20
climbing,93766,93754,93766,12
walking,93774,93766,93774,8
rising,93800,93774,93800,26
walking,93890,93800,93890,90
rising,93947,93890,93947,57
sniffing,94096,93947,94096,149
climbing,94212,94096,94212,116
hunching,94213,94212,94213,1
sniffing,94223,94213,94223,10
walking,94238,94223,94238,15
sniffing,94257,94238,94257,19
rising,94287,94257,94287,30
climbing,94315,94287,94315,28
rising,94404,94315,94404,89
climbing,94449,94404,94449,45
rearing,94472,94449,94472,23
rising,94540,94472,94540,68
climbing,94569,94540,94569,29
walking,94604,94569,94604,35
climbing,94699,94604,94699,95
hunching,94823,94699,94823,124
grooming,94929,94823,94929,106
rearing,94969,94929,94969,40
walking,94989,94969,94989,20
rearing,95117,94989,95117,128
walking,95118,95117,95118,1
rising,95141,95118,95141,23
rearing,95142,95141,95142,1
left_turning,95204,95142,95204,62
running,95222,95204,95222,18
rising,95234,95222,95234,12
climbing,95277,95234,95277,43
running,95307,95277,95307,30
sniffing,95362,95307,95362,55
climbing,95406,95362,95406,44
sniffing,95448,95406,95448,42
rising,95484,95448,95484,36
sniffing,95562,95484,95562,78
left_turning,95615,95562,95615,53
sniffing,95663,95615,95663,48
walking,95678,95663,95678,15
right_turning,95683,95678,95683,5
stepping,95687,95683,95687,4
sniffing,95745,95687,95745,58
climbing,95775,95745,95775,30
grooming,95952,95775,95952,177
sniffing,96027,95952,96027,75
rising,96057,96027,96057,30
climbing,96128,96057,96128,71
sniffing,96181,96128,96181,53
walking,96201,96181,96201,20
climbing,96202,96201,96202,1
walking,96218,96202,96218,16
sniffing,96223,96218,96223,5
hunching,96273,96223,96273,50
walking,96304,96273,96304,31
rising,96350,96304,96350,46
sniffing,96408,96350,96408,58
right_turning,96427,96408,96427,19
walking,96428,96427,96428,1
sniffing,96429,96428,96429,1
right_turning,96457,96429,96457,28
walking,96478,96457,96478,21
sniffing,96560,96478,96560,82
pausing,96824,96560,96824,264
sniffing,96927,96824,96927,103
walking,96967,96927,96967,40
climbing,97011,96967,97011,44
grooming,97056,97011,97056,45
climbing,97145,97056,97145,89
right_turning,97147,97145,97147,2
sniffing,97148,97147,97148,1
rearing,97206,97148,97206,58
rising,97232,97206,97232,26
sniffing,97252,97232,97252,20
rearing,97272,97252,97272,20
climbing,97308,97272,97308,36
walking,97315,97308,97315,7
left_turning,97349,97315,97349,34
sniffing,97350,97349,97350,1
right_turning,97368,97350,97368,18
sniffing,97443,97368,97443,75
trotting,97461,97443,97461,18
sniffing,97577,97461,97577,116
climbing,97631,97577,97631,54
sniffing,97632,97631,97632,1
rising,97649,97632,97649,17
climbing,97710,97649,97710,61
grooming,97786,97710,97786,76
rearing,97859,97786,97859,73
grooming,98065,97859,98065,206
sniffing,98089,98065,98089,24
rising,98128,98089,98128,39
sniffing,98164,98128,98164,36
rising,98204,98164,98204,40
climbing,98278,98204,98278,74
sniffing,98279,98278,98279,1
rising,98313,98279,98313,34
sniffing,98545,98313,98545,232
climbing,98580,98545,98580,35
walking,98588,98580,98588,8
rising,98594,98588,98594,6
sniffing,98595,98594,98595,1
rising,98597,98595,98597,2
climbing,98598,98597,98598,1
rising,98599,98598,98599,1
walking,98608,98599,98608,9
stepping,98618,98608,98618,10
walking,98670,98618,98670,52
left_turning,98705,98670,98705,35
walking,98730,98705,98730,25
trotting,98737,98730,98737,7
right_turning,98754,98737,98754,17
stepping,98764,98754,98764,10
sniffing,98837,98764,98837,73
walking,98856,98837,98856,19
climbing,98886,98856,98886,30
rising,98887,98886,98887,1
left_turning,98917,98887,98917,30
walking,98926,98917,98926,9
stepping,98943,98926,98943,17
walking,98944,98943,98944,1
sniffing,99063,98944,99063,119
climbing,99114,99063,99114,51
trotting,99126,99114,99126,12
rising,99149,99126,99149,23
grooming,99150,99149,99150,1
rearing,99290,99150,99290,140
sniffing,99353,99290,99353,63
left_turning,99428,99353,99428,75
climbing,99442,99428,99442,14
walking,99504,99442,99504,62
sniffing,99548,99504,99548,44
trotting,99554,99548,99554,6
rising,99595,99554,99595,41
hunching,99596,99595,99596,1
rising,99680,99596,99680,84
climbing,99753,99680,99753,73
rising,99804,99753,99804,51
climbing,99891,99804,99891,87
hunching,99905,99891,99905,14
rearing,99954,99905,99954,49
climbing,100052,99954,100052,98
sniffing,100166,100052,100166,114
left_turning,100272,100166,100272,106
walking,100278,100272,100278,6
trotting,100309,100278,100309,31
running,100335,100309,100335,26
stepping,100337,100335,100337,2
sniffing,100338,100337,100338,1
right_turning,100349,100338,100349,11
walking,100379,100349,100379,30
rearing,100521,100379,100521,142
rising,100576,100521,100576,55
rearing,100604,100576,100604,28
climbing,100651,100604,100651,47
right_turning,100652,100651,100652,1
stepping,100682,100652,100682,30
walking,100697,100682,100697,15
sniffing,100698,100697,100698,1
rearing,100742,100698,100742,44
sniffing,100795,100742,100795,53
rising,100854,100795,100854,59
climbing,100874,100854,100874,20
sniffing,100962,100874,100962,88
climbing,101031,100962,101031,69
rearing,101443,101031,101443,412
sniffing,101457,101443,101457,14
climbing,101509,101457,101509,52
rearing,101510,101509,101510,1
sniffing,101518,101510,101518,8
left_turning,101602,101518,101602,84
walking,101631,101602,101631,29
climbing,101660,101631,101660,29
rising,101661,101660,101661,1
walking,101698,101661,101698,37
rising,101703,101698,101703,5
walking,101719,101703,101719,16
stepping,101731,101719,101731,12
sniffing,101784,101731,101784,53
walking,101825,101784,101825,41
climbing,101857,101825,101857,32
sniffing,101910,101857,101910,53
climbing,102000,101910,102000,90
right_turning,102038,102000,102038,38
walking,102058,102038,102058,20
sniffing,102103,102058,102103,45
rising,102186,102103,102186,83
climbing,102220,102186,102220,34
rearing,102228,102220,102228,8
grooming,102417,102228,102417,189
sniffing,102418,102417,102418,1
walking,102485,102418,102485,67
left_turning,102509,102485,102509,24
rising,102528,102509,102528,19
stepping,102580,102528,102580,52
rising,102624,102580,102624,44
rearing,102671,102624,102671,47
grooming,102672,102671,102672,1
climbing,102689,102672,102689,17
walking,102690,102689,102690,1
sniffing,102715,102690,102715,25
stepping,102735,102715,102735,20
grooming,102736,102735,102736,1
right_turning,102771,102736,102771,35
walking,102810,102771,102810,39
sniffing,102848,102810,102848,38
walking,102849,102848,102849,1
sniffing,102879,102849,102879,30
pausing,102880,102879,102880,1
sniffing,103019,102880,103019,139
walking,103081,103019,103081,62
sniffing,103086,103081,103086,5
rising,103110,103086,103110,24
sniffing,103138,103110,103138,28
walking,103139,103138,103139,1
sniffing,103298,103139,103298,159
rearing,103332,103298,103332,34
grooming,103433,103332,103433,101
sniffing,103437,103433,103437,4
rising,103438,103437,103438,1
climbing,103439,103438,103439,1
rearing,103440,103439,103440,1
grooming,103441,103440,103441,1
walking,103467,103441,103467,26
trotting,103472,103467,103472,5
right_turning,103484,103472,103484,12
walking,103525,103484,103525,41
sniffing,103526,103525,103526,1
climbing,103543,103526,103543,17
right_turning,103568,103543,103568,25
trotting,103590,103568,103590,22
rearing,103731,103590,103731,141
walking,103732,103731,103732,1
sniffing,103772,103732,103772,40
rising,103773,103772,103773,1
climbing,103874,103773,103874,101
sniffing,103875,103874,103875,1
climbing,103938,103875,103938,63
rising,103972,103938,103972,34
sniffing,103990,103972,103990,18
rising,104018,103990,104018,28
rearing,104019,104018,104019,1
rising,104083,104019,104083,64
sniffing,104182,104083,104182,99
grooming,104183,104182,104183,1
hunching,104185,104183,104185,2
climbing,104186,104185,104186,1
rising,104187,104186,104187,1
sniffing,104229,104187,104229,42
hunching,104262,104229,104262,33
grooming,104284,104262,104284,22
climbing,104334,104284,104334,50
rising,104376,104334,104376,42
walking,104446,104376,104446,70
sniffing,104547,104446,104547,101
rearing,104561,104547,104561,14
grooming,104562,104561,104562,1
rearing,104632,104562,104632,70
sniffing,104783,104632,104783,151
rearing,104834,104783,104834,51
grooming,104835,104834,104835,1
rearing,104860,104835,104860,25
walking,104929,104860,104929,69
climbing,104930,104929,104930,1
rising,104931,104930,104931,1
sniffing,104983,104931,104983,52
pausing,104984,104983,104984,1
sniffing,105199,104984,105199,215
walking,105257,105199,105257,58
trotting,105286,105257,105286,29
sniffing,105287,105286,105287,1
right_turning,105288,105287,105288,1
stepping,105290,105288,105290,2
sniffing,105291,105290,105291,1
rising,105337,105291,105337,46
rearing,105355,105337,105355,18
right_turning,105399,105355,105399,44
rearing,105454,105399,105454,55
sniffing,105626,105454,105626,172
hunching,105671,105626,105671,45
rising,105672,105671,105672,1
sniffing,105715,105672,105715,43
pausing,105716,105715,105716,1
sniffing,105717,105716,105717,1
rising,105739,105717,105739,22
sniffing,105774,105739,105774,35
climbing,105846,105774,105846,72
hunching,105847,105846,105847,1
climbing,105868,105847,105868,21
walking,105892,105868,105892,24
left_turning,105938,105892,105938,46
sniffing,106010,105938,106010,72
stepping,106046,106010,106046,36
sniffing,106090,106046,106090,44
walking,106135,106090,106135,45
sniffing,106198,106135,106198,63
rearing,106266,106198,106266,68
rising,106310,106266,106310,44
sniffing,106331,106310,106331,21
rearing,106379,106331,106379,48
sniffing,106397,106379,106397,18
right_turning,106435,106397,106435,38
walking,106490,106435,106490,55
sniffing,106560,106490,106560,70
climbing,106638,106560,106638,78
rising,106639,106638,106639,1
climbing,106640,106639,106640,1
sniffing,106655,106640,106655,15
right_turning,106656,106655,106656,1
sniffing,106681,106656,106681,25
grooming,107121,106681,107121,440
sniffing,107147,107121,107147,26
rising,107176,107147,107176,29
walking,107177,107176,107177,1
sniffing,107198,107177,107198,21
left_turning,107214,107198,107214,16
walking,107291,107214,107291,77
rising,107293,107291,107293,2
climbing,107315,107293,107315,22
pausing,107316,107315,107316,1
sniffing,107445,107316,107445,129
left_turning,107512,107445,107512,67
sniffing,107513,107512,107513,1
left_turning,107581,107513,107581,68
walking,107593,107581,107593,12
sniffing,107604,107593,107604,11
rising,107625,107604,107625,21
right_turning,107645,107625,107645,20
walking,107646,107645,107646,1
left_turning,107681,107646,107681,35
sniffing,107709,107681,107709,28
climbing,107730,107709,107730,21
stepping,107731,107730,107731,1
left_turning,107738,107731,107738,7
rising,107739,107738,107739,1
climbing,107762,107739,107762,23
rearing,107966,107762,107966,204
sniffing,107995,107966,107995,29
walking,108000,107995,108000,5
