revised_movement_label,segBoundary,segBoundary_start,segBoundary_end,length
trotting,34,0,34,34
left_turning,67,34,67,33
walking,115,67,115,48
sniffing,187,115,187,72
left_turning,233,187,233,46
trotting,255,233,255,22
stepping,296,255,296,41
climbing,316,296,316,20
walking,317,316,317,1
left_turning,470,317,470,153
walking,492,470,492,22
sniffing,502,492,502,10
rising,503,502,503,1
left_turning,569,503,569,66
walking,618,569,618,49
rising,619,618,619,1
sniffing,691,619,691,72
pausing,692,691,692,1
sniffing,827,692,827,135
walking,836,827,836,9
rising,867,836,867,31
trotting,870,867,870,3
walking,936,870,936,66
sniffing,944,936,944,8
trotting,967,944,967,23
sniffing,968,967,968,1
climbing,1002,968,1002,34
trotting,1027,1002,1027,25
rising,1121,1027,1121,94
sniffing,1122,1121,1122,1
climbing,1168,1122,1168,46
sniffing,1201,1168,1201,33
rising,1270,1201,1270,69
stepping,1345,1270,1345,75
rising,1346,1345,1346,1
walking,1375,1346,1375,29
sniffing,1409,1375,1409,34
rising,1410,1409,1410,1
climbing,1451,1410,1451,41
sniffing,1471,1451,1471,20
walking,1539,1471,1539,68
sniffing,1540,1539,1540,1
rising,1541,1540,1541,1
stepping,1585,1541,1585,44
climbing,1613,1585,1613,28
right_turning,1630,1613,1630,17
sniffing,1791,1630,1791,161
left_turning,1807,1791,1807,16
sniffing,1849,1807,1849,42
walking,1883,1849,1883,34
sniffing,1930,1883,1930,47
trotting,1931,1930,1931,1
stepping,1944,1931,1944,13
trotting,1961,1944,1961,17
rising,1962,1961,1962,1
sniffing,1989,1962,1989,27
climbing,2009,1989,2009,20
left_turning,2024,2009,2024,15
trotting,2052,2024,2052,28
walking,2053,2052,2053,1
left_turning,2054,2053,2054,1
walking,2092,2054,2092,38
climbing,2150,2092,2150,58
left_turning,2214,2150,2214,64
sniffing,2215,2214,2215,1
trotting,2277,2215,2277,62
walking,2278,2277,2278,1
left_turning,2297,2278,2297,19
sniffing,2337,2297,2337,40
trotting,2358,2337,2358,21
sniffing,2359,2358,2359,1
climbing,2395,2359,2395,36
right_turning,2396,2395,2396,1
walking,2409,2396,2409,13
sniffing,2410,2409,2410,1
walking,2416,2410,2416,6
running,2443,2416,2443,27
stepping,2476,2443,2476,33
walking,2477,2476,2477,1
rising,2478,2477,2478,1
climbing,2503,2478,2503,25
sniffing,2656,2503,2656,153
climbing,2701,2656,2701,45
rising,2799,2701,2799,98
climbing,2852,2799,2852,53
trotting,2853,2852,2853,1
walking,2854,2853,2854,1
running,2917,2854,2917,63
walking,2934,2917,2934,17
rising,2935,2934,2935,1
climbing,2961,2935,2961,26
rearing,2962,2961,2962,1
sniffing,3147,2962,3147,185
right_turning,3174,3147,3174,27
sniffing,3238,3174,3238,64
left_turning,3268,3238,3268,30
walking,3301,3268,3301,33
running,3334,3301,3334,33
rising,3356,3334,3356,22
walking,3373,3356,3373,17
rising,3374,3373,3374,1
sniffing,3452,3374,3452,78
pausing,3453,3452,3453,1
sniffing,3481,3453,3481,28
climbing,3494,3481,3494,13
sniffing,3623,3494,3623,129
grooming,3759,3623,3759,136
sniffing,3772,3759,3772,13
trotting,3798,3772,3798,26
sniffing,3877,3798,3877,79
walking,3923,3877,3923,46
climbing,3943,3923,3943,20
right_turning,3949,3943,3949,6
rising,3950,3949,3950,1
left_turning,3958,3950,3958,8
trotting,3987,3958,3987,29
walking,4004,3987,4004,17
stepping,4056,4004,4056,52
running,4080,4056,4080,24
trotting,4109,4080,4109,29
walking,4147,4109,4147,38
sniffing,4218,4147,4218,71
walking,4222,4218,4222,4
sniffing,4266,4222,4266,44
walking,4319,4266,4319,53
stepping,4320,4319,4320,1
right_turning,4327,4320,4327,7
walking,4364,4327,4364,37
sniffing,4407,4364,4407,43
rearing,4408,4407,4408,1
right_turning,4459,4408,4459,51
trotting,4496,4459,4496,37
sniffing,4497,4496,4497,1
walking,4498,4497,4498,1
trotting,4499,4498,4499,1
left_turning,4509,4499,4509,10
rising,4510,4509,4510,1
stepping,4511,4510,4511,1
hunching,4512,4511,4512,1
right_turning,4513,4512,4513,1
trotting,4537,4513,4537,24
sniffing,4538,4537,4538,1
hunching,4539,4538,4539,1
right_turning,4540,4539,4540,1
left_turning,4593,4540,4593,53
sniffing,4636,4593,4636,43
left_turning,4678,4636,4678,42
climbing,4713,4678,4713,35
left_turning,4727,4713,4727,14
rising,4750,4727,4750,23
climbing,4805,4750,4805,55
sniffing,4920,4805,4920,115
trotting,4921,4920,4921,1
walking,4970,4921,4970,49
climbing,5014,4970,5014,44
rising,5015,5014,5015,1
climbing,5066,5015,5066,51
walking,5081,5066,5081,15
sniffing,5082,5081,5082,1
left_turning,5098,5082,5098,16
walking,5132,5098,5132,34
stepping,5161,5132,5161,29
climbing,5169,5161,5169,8
running,5173,5169,5173,4
sniffing,5206,5173,5206,33
walking,5271,5206,5271,65
sniffing,5350,5271,5350,79
climbing,5388,5350,5388,38
sniffing,5468,5388,5468,80
climbing,5503,5468,5503,35
sniffing,5504,5503,5504,1
climbing,5560,5504,5560,56
walking,5587,5560,5587,27
rearing,5643,5587,5643,56
left_turning,5689,5643,5689,46
sniffing,5690,5689,5690,1
walking,5728,5690,5728,38
stepping,5766,5728,5766,38
climbing,5794,5766,5794,28
rising,5838,5794,5838,44
climbing,5851,5838,5851,13
sniffing,5891,5851,5891,40
walking,5898,5891,5898,7
left_turning,5913,5898,5913,15
rising,5994,5913,5994,81
climbing,6033,5994,6033,39
walking,6077,6033,6077,44
hunching,6092,6077,6092,15
sniffing,6276,6092,6276,184
rising,6277,6276,6277,1
walking,6278,6277,6278,1
left_turning,6291,6278,6291,13
sniffing,6349,6291,6349,58
walking,6422,6349,6422,73
stepping,6446,6422,6446,24
walking,6514,6446,6514,68
sniffing,6606,6514,6606,92
trotting,6638,6606,6638,32
sniffing,6651,6638,6651,13
rising,6770,6651,6770,119
rearing,6897,6770,6897,127
right_turning,6898,6897,6898,1
running,6915,6898,6915,17
sniffing,6916,6915,6916,1
trotting,6931,6916,6931,15
rising,6932,6931,6932,1
walking,6935,6932,6935,3
rising,6964,6935,6964,29
climbing,6979,6964,6979,15
walking,7002,6979,7002,23
sniffing,7079,7002,7079,77
running,7109,7079,7109,30
rising,7128,7109,7128,19
sniffing,7164,7128,7164,36
rising,7515,7164,7515,351
trotting,7525,7515,7525,10
rising,7526,7525,7526,1
sniffing,7598,7526,7598,72
climbing,7668,7598,7668,70
sniffing,7672,7668,7672,4
rising,7744,7672,7744,72
walking,7753,7744,7753,9
sniffing,7799,7753,7799,46
climbing,7850,7799,7850,51
rising,7851,7850,7851,1
climbing,7885,7851,7885,34
trotting,7891,7885,7891,6
walking,7946,7891,7946,55
sniffing,7951,7946,7951,5
rearing,7955,7951,7955,4
rising,8055,7955,8055,100
sniffing,8060,8055,8060,5
rearing,8061,8060,8061,1
walking,8096,8061,8096,35
sniffing,8160,8096,8160,64
rearing,8227,8160,8227,67
rising,8228,8227,8228,1
climbing,8258,8228,8258,30
sniffing,8287,8258,8287,29
rising,8292,8287,8292,5
climbing,8340,8292,8340,48
sniffing,8417,8340,8417,77
walking,8476,8417,8476,59
sniffing,8552,8476,8552,76
trotting,8618,8552,8618,66
rising,8622,8618,8622,4
sniffing,8688,8622,8688,66
rising,8762,8688,8762,74
climbing,8793,8762,8793,31
sniffing,8794,8793,8794,1
climbing,8840,8794,8840,46
rising,8956,8840,8956,116
running,8987,8956,8987,31
trotting,9000,8987,9000,13
sniffing,9001,9000,9001,1
walking,9010,9001,9010,9
rising,9027,9010,9027,17
rearing,9028,9027,9028,1
rising,9069,9028,9069,41
rearing,9087,9069,9087,18
hunching,9088,9087,9088,1
trotting,9106,9088,9106,18
sniffing,9120,9106,9120,14
rising,9121,9120,9121,1
climbing,9141,9121,9141,20
sniffing,9249,9141,9249,108
climbing,9335,9249,9335,86
right_turning,9389,9335,9389,54
walking,9426,9389,9426,37
sniffing,9534,9426,9534,108
climbing,9616,9534,9616,82
sniffing,9617,9616,9617,1
left_turning,9636,9617,9636,19
walking,9652,9636,9652,16
left_turning,9660,9652,9660,8
walking,9733,9660,9733,73
sniffing,9734,9733,9734,1
left_turning,9749,9734,9749,15
sniffing,9779,9749,9779,30
climbing,9819,9779,9819,40
rearing,10034,9819,10034,215
left_turning,10035,10034,10035,1
walking,10062,10035,10062,27
sniffing,10114,10062,10114,52
rising,10129,10114,10129,15
climbing,10173,10129,10173,44
trotting,10174,10173,10174,1
climbing,10210,10174,10210,36
left_turning,10221,10210,10221,11
trotting,10271,10221,10271,50
sniffing,10297,10271,10297,26
stepping,10370,10297,10370,73
rising,10373,10370,10373,3
trotting,10404,10373,10404,31
walking,10434,10404,10434,30
sniffing,10560,10434,10560,126
left_turning,10569,10560,10569,9
trotting,10624,10569,10624,55
sniffing,10643,10624,10643,19
rising,10706,10643,10706,63
sniffing,10788,10706,10788,82
climbing,10852,10788,10852,64
left_turning,10879,10852,10879,27
walking,10880,10879,10880,1
sniffing,10881,10880,10881,1
walking,10916,10881,10916,35
running,10934,10916,10934,18
right_turning,10961,10934,10961,27
walking,10962,10961,10962,1
stepping,10963,10962,10963,1
climbing,11008,10963,11008,45
sniffing,11009,11008,11009,1
rising,11027,11009,11027,18
climbing,11069,11027,11069,42
walking,11072,11069,11072,3
sniffing,11116,11072,11116,44
climbing,11154,11116,11154,38
rising,11224,11154,11224,70
walking,11225,11224,11225,1
sniffing,11226,11225,11226,1
hunching,11305,11226,11305,79
right_turning,11306,11305,11306,1
rising,11343,11306,11343,37
sniffing,11344,11343,11344,1
stepping,11391,11344,11391,47
sniffing,11449,11391,11449,58
rearing,11534,11449,11534,85
hunching,11561,11534,11561,27
grooming,11562,11561,11562,1
rearing,11601,11562,11601,39
walking,11610,11601,11610,9
sniffing,11637,11610,11637,27
rising,11658,11637,11658,21
climbing,11731,11658,11731,73
sniffing,11822,11731,11822,91
stepping,11835,11822,11835,13
trotting,11872,11835,11872,37
walking,11929,11872,11929,57
sniffing,11973,11929,11973,44
climbing,11979,11973,11979,6
trotting,12006,11979,12006,27
right_turning,12037,12006,12037,31
sniffing,12095,12037,12095,58
left_turning,12129,12095,12129,34
walking,12189,12129,12189,60
stepping,12231,12189,12231,42
running,12235,12231,12235,4
right_turning,12286,12235,12286,51
walking,12287,12286,12287,1
sniffing,12331,12287,12331,44
running,12347,12331,12347,16
stepping,12404,12347,12404,57
sniffing,12405,12404,12405,1
rearing,12433,12405,12433,28
left_turning,12464,12433,12464,31
sniffing,12546,12464,12546,82
climbing,12588,12546,12588,42
sniffing,12589,12588,12589,1
rising,12827,12589,12827,238
climbing,12883,12827,12883,56
sniffing,12915,12883,12915,32
trotting,12962,12915,12962,47
sniffing,12963,12962,12963,1
climbing,12974,12963,12974,11
rising,12975,12974,12975,1
left_turning,13025,12975,13025,50
sniffing,13026,13025,13026,1
walking,13076,13026,13076,50
rearing,13167,13076,13167,91
left_turning,13194,13167,13194,27
sniffing,13195,13194,13195,1
climbing,13222,13195,13222,27
rising,13314,13222,13314,92
walking,13315,13314,13315,1
sniffing,13348,13315,13348,33
rising,13384,13348,13384,36
left_turning,13392,13384,13392,8
walking,13453,13392,13453,61
trotting,13465,13453,13465,12
stepping,13509,13465,13509,44
sniffing,13578,13509,13578,69
walking,13607,13578,13607,29
trotting,13624,13607,13624,17
sniffing,13701,13624,13701,77
walking,13761,13701,13761,60
sniffing,13945,13761,13945,184
walking,13992,13945,13992,47
rising,14035,13992,14035,43
climbing,14056,14035,14056,21
rising,14114,14056,14114,58
climbing,14180,14114,14180,66
walking,14197,14180,14197,17
left_turning,14213,14197,14213,16
walking,14312,14213,14312,99
trotting,14353,14312,14353,41
sniffing,14415,14353,14415,62
rising,14480,14415,14480,65
sniffing,14522,14480,14522,42
walking,14557,14522,14557,35
stepping,14602,14557,14602,45
sniffing,14660,14602,14660,58
trotting,14661,14660,14661,1
stepping,14688,14661,14688,27
trotting,14698,14688,14698,10
stepping,14699,14698,14699,1
hunching,14958,14699,14958,259
grooming,15432,14958,15432,474
right_turning,15443,15432,15443,11
walking,15444,15443,15444,1
sniffing,15472,15444,15472,28
grooming,15701,15472,15701,229
sniffing,15743,15701,15743,42
left_turning,15748,15743,15748,5
right_turning,15782,15748,15782,34
walking,15817,15782,15817,35
climbing,15877,15817,15877,60
left_turning,15917,15877,15917,40
rising,16087,15917,16087,170
rearing,16118,16087,16118,31
climbing,16150,16118,16150,32
walking,16222,16150,16222,72
sniffing,16300,16222,16300,78
hunching,16301,16300,16301,1
rising,16302,16301,16302,1
climbing,16359,16302,16359,57
walking,16392,16359,16392,33
sniffing,16393,16392,16393,1
climbing,16418,16393,16418,25
trotting,16441,16418,16441,23
walking,16473,16441,16473,32
rising,16480,16473,16480,7
walking,16513,16480,16513,33
sniffing,16514,16513,16514,1
rising,16599,16514,16599,85
sniffing,16600,16599,16600,1
grooming,16897,16600,16897,297
rearing,16977,16897,16977,80
sniffing,17018,16977,17018,41
walking,17035,17018,17035,17
sniffing,17134,17035,17134,99
left_turning,17144,17134,17144,10
sniffing,17224,17144,17224,80
trotting,17256,17224,17256,32
climbing,17277,17256,17277,21
sniffing,17278,17277,17278,1
hunching,17282,17278,17282,4
rising,17330,17282,17330,48
climbing,17351,17330,17351,21
sniffing,17419,17351,17419,68
walking,17469,17419,17469,50
left_turning,17470,17469,17470,1
sniffing,17483,17470,17483,13
left_turning,17490,17483,17490,7
sniffing,17491,17490,17491,1
walking,17501,17491,17501,10
sniffing,17567,17501,17567,66
rising,17568,17567,17568,1
hunching,17569,17568,17569,1
sniffing,17570,17569,17570,1
rising,17571,17570,17571,1
climbing,17603,17571,17603,32
sniffing,17617,17603,17617,14
walking,17646,17617,17646,29
sniffing,17720,17646,17720,74
walking,17766,17720,17766,46
rising,17813,17766,17813,47
sniffing,17866,17813,17866,53
trotting,17908,17866,17908,42
sniffing,17985,17908,17985,77
walking,18022,17985,18022,37
sniffing,18062,18022,18062,40
climbing,18121,18062,18121,59
hunching,18262,18121,18262,141
rising,18341,18262,18341,79
climbing,18381,18341,18381,40
sniffing,18431,18381,18431,50
walking,18432,18431,18432,1
trotting,18458,18432,18458,26
sniffing,18492,18458,18492,34
rising,18511,18492,18511,19
sniffing,18578,18511,18578,67
walking,18609,18578,18609,31
sniffing,18645,18609,18645,36
walking,18697,18645,18697,52
sniffing,18746,18697,18746,49
hunching,18747,18746,18747,1
sniffing,18775,18747,18775,28
stepping,18812,18775,18812,37
left_turning,18854,18812,18854,42
walking,18876,18854,18876,22
rising,18907,18876,18907,31
sniffing,18926,18907,18926,19
climbing,18979,18926,18979,53
right_turning,19014,18979,19014,35
walking,19074,19014,19074,60
hunching,19193,19074,19193,119
rising,19248,19193,19248,55
climbing,19294,19248,19294,46
hunching,19295,19294,19295,1
rising,19384,19295,19384,89
climbing,19447,19384,19447,63
hunching,19475,19447,19475,28
climbing,19513,19475,19513,38
right_turning,19518,19513,19518,5
walking,19578,19518,19578,60
sniffing,19673,19578,19673,95
rearing,19783,19673,19783,110
left_turning,19826,19783,19826,43
walking,19873,19826,19873,47
left_turning,19884,19873,19884,11
trotting,19897,19884,19897,13
walking,19932,19897,19932,35
rising,19979,19932,19979,47
climbing,20025,19979,20025,46
stepping,20029,20025,20029,4
sniffing,20091,20029,20091,62
walking,20107,20091,20107,16
right_turning,20125,20107,20125,18
walking,20184,20125,20184,59
left_turning,20234,20184,20234,50
stepping,20274,20234,20274,40
sniffing,20352,20274,20352,78
left_turning,20385,20352,20385,33
walking,20439,20385,20439,54
sniffing,20450,20439,20450,11
rising,20483,20450,20483,33
left_turning,20525,20483,20525,42
walking,20526,20525,20526,1
left_turning,20557,20526,20557,31
sniffing,20558,20557,20558,1
walking,20575,20558,20575,17
sniffing,20617,20575,20617,42
rearing,20715,20617,20715,98
climbing,20750,20715,20750,35
rising,20751,20750,20751,1
climbing,20828,20751,20828,77
rising,20863,20828,20863,35
rearing,20888,20863,20888,25
climbing,20912,20888,20912,24
sniffing,20913,20912,20913,1
left_turning,20935,20913,20935,22
sniffing,20936,20935,20936,1
left_turning,20989,20936,20989,53
sniffing,21009,20989,21009,20
left_turning,21010,21009,21010,1
rising,21058,21010,21058,48
climbing,21088,21058,21088,30
running,21112,21088,21112,24
sniffing,21124,21112,21124,12
climbing,21177,21124,21177,53
hunching,21205,21177,21205,28
grooming,21377,21205,21377,172
right_turning,21392,21377,21392,15
running,21401,21392,21401,9
sniffing,21402,21401,21402,1
rising,21437,21402,21437,35
sniffing,21470,21437,21470,33
stepping,21536,21470,21536,66
left_turning,21574,21536,21574,38
rising,21621,21574,21621,47
walking,21636,21621,21636,15
sniffing,21719,21636,21719,83
hunching,21758,21719,21758,39
walking,21761,21758,21761,3
rising,21762,21761,21762,1
climbing,21807,21762,21807,45
sniffing,21818,21807,21818,11
right_turning,21834,21818,21834,16
walking,21885,21834,21885,51
rising,21932,21885,21932,47
climbing,21978,21932,21978,46
walking,22033,21978,22033,55
climbing,22047,22033,22047,14
rearing,22062,22047,22062,15
sniffing,22100,22062,22100,38
walking,22122,22100,22122,22
sniffing,22157,22122,22157,35
climbing,22160,22157,22160,3
right_turning,22163,22160,22163,3
sniffing,22186,22163,22186,23
pausing,22187,22186,22187,1
sniffing,22373,22187,22373,186
rising,22413,22373,22413,40
climbing,22434,22413,22434,21
trotting,22466,22434,22466,32
rising,22493,22466,22493,27
sniffing,22597,22493,22597,104
rising,22610,22597,22610,13
climbing,22641,22610,22641,31
sniffing,22695,22641,22695,54
trotting,22709,22695,22709,14
sniffing,22710,22709,22710,1
walking,22748,22710,22748,38
sniffing,22749,22748,22749,1
walking,22779,22749,22779,30
sniffing,22827,22779,22827,48
rising,22862,22827,22862,35
stepping,22868,22862,22868,6
sniffing,22869,22868,22869,1
rearing,22881,22869,22881,12
left_turning,22882,22881,22882,1
walking,22914,22882,22914,32
right_turning,22915,22914,22915,1
stepping,22919,22915,22919,4
sniffing,22936,22919,22936,17
trotting,22939,22936,22939,3
sniffing,22940,22939,22940,1
walking,22948,22940,22948,8
sniffing,23018,22948,23018,70
left_turning,23019,23018,23019,1
rising,23051,23019,23051,32
left_turning,23052,23051,23052,1
sniffing,23063,23052,23063,11
right_turning,23076,23063,23076,13
walking,23138,23076,23138,62
sniffing,23144,23138,23144,6
walking,23176,23144,23176,32
climbing,23231,23176,23231,55
sniffing,23247,23231,23247,16
walking,23276,23247,23276,29
rising,23334,23276,23334,58
climbing,23335,23334,23335,1
sniffing,23336,23335,23336,1
walking,23352,23336,23352,16
sniffing,23382,23352,23382,30
climbing,23404,23382,23404,22
rising,23439,23404,23439,35
climbing,23494,23439,23494,55
sniffing,23547,23494,23547,53
climbing,23625,23547,23625,78
grooming,23626,23625,23626,1
sniffing,23653,23626,23653,27
climbing,23692,23653,23692,39
right_turning,23693,23692,23693,1
walking,23787,23693,23787,94
left_turning,23788,23787,23788,1
trotting,23820,23788,23820,32
walking,23845,23820,23845,25
sniffing,23937,23845,23937,92
rearing,24064,23937,24064,127
sniffing,24100,24064,24100,36
stepping,24133,24100,24133,33
climbing,24145,24133,24145,12
rearing,24178,24145,24178,33
sniffing,24188,24178,24188,10
stepping,24221,24188,24221,33
rising,24246,24221,24246,25
climbing,24271,24246,24271,25
running,24291,24271,24291,20
left_turning,24321,24291,24321,30
sniffing,24402,24321,24402,81
rising,24403,24402,24403,1
climbing,24476,24403,24476,73
sniffing,24513,24476,24513,37
right_turning,24554,24513,24554,41
running,24588,24554,24588,34
left_turning,24613,24588,24613,25
sniffing,24749,24613,24749,136
rearing,24750,24749,24750,1
sniffing,24812,24750,24812,62
climbing,24843,24812,24843,31
rising,24902,24843,24902,59
climbing,24964,24902,24964,62
rearing,25051,24964,25051,87
sniffing,25066,25051,25066,15
stepping,25086,25066,25086,20
sniffing,25101,25086,25101,15
rearing,25240,25101,25240,139
sniffing,25321,25240,25321,81
walking,25324,25321,25324,3
climbing,25356,25324,25356,32
rearing,25411,25356,25411,55
rising,25412,25411,25412,1
climbing,25419,25412,25419,7
left_turning,25540,25419,25540,121
walking,25587,25540,25587,47
right_turning,25588,25587,25588,1
walking,25590,25588,25590,2
stepping,25614,25590,25614,24
walking,25629,25614,25629,15
left_turning,25636,25629,25636,7
walking,25690,25636,25690,54
sniffing,25736,25690,25736,46
climbing,25776,25736,25776,40
left_turning,25777,25776,25777,1
walking,25826,25777,25826,49
rising,25865,25826,25865,39
sniffing,25878,25865,25878,13
walking,25927,25878,25927,49
climbing,25948,25927,25948,21
sniffing,25976,25948,25976,28
running,26001,25976,26001,25
sniffing,26002,26001,26002,1
climbing,26059,26002,26059,57
hunching,26127,26059,26127,68
climbing,26156,26127,26156,29
rising,26190,26156,26190,34
climbing,26266,26190,26266,76
rising,26513,26266,26513,247
climbing,26578,26513,26578,65
trotting,26589,26578,26589,11
walking,26631,26589,26631,42
rising,26632,26631,26632,1
right_turning,26638,26632,26638,6
walking,26639,26638,26639,1
climbing,26680,26639,26680,41
rising,26729,26680,26729,49
climbing,26775,26729,26775,46
right_turning,26776,26775,26776,1
sniffing,26799,26776,26799,23
stepping,26804,26799,26804,5
rising,26935,26804,26935,131
stepping,27004,26935,27004,69
walking,27019,27004,27019,15
sniffing,27020,27019,27020,1
right_turning,27030,27020,27030,10
walking,27051,27030,27051,21
sniffing,27080,27051,27080,29
rising,27081,27080,27081,1
climbing,27141,27081,27141,60
trotting,27155,27141,27155,14
climbing,27203,27155,27203,48
right_turning,27204,27203,27204,1
sniffing,27245,27204,27245,41
rearing,27325,27245,27325,80
walking,27338,27325,27338,13
sniffing,27421,27338,27421,83
walking,27434,27421,27434,13
rising,27477,27434,27477,43
right_turning,27548,27477,27548,71
walking,27556,27548,27556,8
hunching,27571,27556,27571,15
trotting,27597,27571,27597,26
running,27626,27597,27626,29
sniffing,27708,27626,27708,82
right_turning,27714,27708,27714,6
trotting,27729,27714,27729,15
stepping,27743,27729,27743,14
sniffing,27744,27743,27744,1
rising,27784,27744,27784,40
climbing,27804,27784,27804,20
rising,27809,27804,27809,5
rearing,27983,27809,27983,174
right_turning,28014,27983,28014,31
sniffing,28096,28014,28096,82
rising,28098,28096,28098,2
rearing,28157,28098,28157,59
walking,28158,28157,28158,1
rising,28217,28158,28217,59
hunching,28218,28217,28218,1
rising,28378,28218,28378,160
climbing,28455,28378,28455,77
rising,28456,28455,28456,1
climbing,28495,28456,28495,39
rising,28505,28495,28505,10
climbing,28576,28505,28576,71
grooming,28577,28576,28577,1
walking,28632,28577,28632,55
left_turning,28633,28632,28633,1
rising,28680,28633,28680,47
climbing,28738,28680,28738,58
sniffing,28755,28738,28755,17
trotting,28797,28755,28797,42
rising,28902,28797,28902,105
walking,28916,28902,28916,14
climbing,28925,28916,28925,9
rearing,29033,28925,29033,108
running,29052,29033,29052,19
walking,29058,29052,29058,6
sniffing,29091,29058,29091,33
rising,29128,29091,29128,37
climbing,29164,29128,29164,36
right_turning,29169,29164,29169,5
walking,29185,29169,29185,16
sniffing,29186,29185,29186,1
rising,29189,29186,29189,3
grooming,29190,29189,29190,1
sniffing,29198,29190,29198,8
walking,29232,29198,29232,34
left_turning,29279,29232,29279,47
sniffing,29302,29279,29302,23
left_turning,29308,29302,29308,6
trotting,29335,29308,29335,27
sniffing,29493,29335,29493,158
climbing,29533,29493,29533,40
trotting,29562,29533,29562,29
sniffing,29574,29562,29574,12
rising,29575,29574,29575,1
left_turning,29609,29575,29609,34
rising,29651,29609,29651,42
climbing,29718,29651,29718,67
grooming,29764,29718,29764,46
climbing,29804,29764,29804,40
sniffing,29876,29804,29876,72
left_turning,29933,29876,29933,57
walking,29961,29933,29961,28
climbing,30000,29961,30000,39
sniffing,30001,30000,30001,1
climbing,30115,30001,30115,114
grooming,30333,30115,30333,218
rising,30389,30333,30389,56
running,30414,30389,30414,25
walking,30442,30414,30442,28
climbing,30509,30442,30509,67
rising,30571,30509,30571,62
climbing,30572,30571,30572,1
sniffing,30573,30572,30573,1
climbing,30581,30573,30581,8
walking,30607,30581,30607,26
rising,30662,30607,30662,55
climbing,30764,30662,30764,102
rising,30825,30764,30825,61
walking,30855,30825,30855,30
sniffing,30856,30855,30856,1
grooming,30857,30856,30857,1
rising,30954,30857,30954,97
sniffing,30955,30954,30955,1
rising,31022,30955,31022,67
sniffing,31114,31022,31114,92
hunching,31115,31114,31115,1
rearing,31179,31115,31179,64
left_turning,31244,31179,31244,65
rearing,31257,31244,31257,13
rising,31297,31257,31297,40
climbing,31363,31297,31363,66
sniffing,31432,31363,31432,69
climbing,31474,31432,31474,42
rising,31475,31474,31475,1
walking,31504,31475,31504,29
climbing,31542,31504,31542,38
rising,31556,31542,31556,14
left_turning,31580,31556,31580,24
stepping,31629,31580,31629,49
rearing,31697,31629,31697,68
walking,31713,31697,31713,16
trotting,31735,31713,31735,22
rising,31812,31735,31812,77
left_turning,31813,31812,31813,1
sniffing,31820,31813,31820,7
hunching,31836,31820,31836,16
climbing,31861,31836,31861,25
walking,31862,31861,31862,1
climbing,31895,31862,31895,33
walking,31937,31895,31937,42
trotting,31955,31937,31955,18
rising,31997,31955,31997,42
rearing,32054,31997,32054,57
sniffing,32095,32054,32095,41
climbing,32151,32095,32151,56
walking,32157,32151,32157,6
climbing,32178,32157,32178,21
walking,32218,32178,32218,40
sniffing,32222,32218,32222,4
right_turning,32223,32222,32223,1
climbing,32257,32223,32257,34
rising,32295,32257,32295,38
climbing,32386,32295,32386,91
sniffing,32413,32386,32413,27
running,32431,32413,32431,18
rising,32432,32431,32432,1
climbing,32462,32432,32462,30
sniffing,32551,32462,32551,89
stepping,32552,32551,32552,1
rising,32579,32552,32579,27
sniffing,32668,32579,32668,89
stepping,32669,32668,32669,1
walking,32702,32669,32702,33
rising,32703,32702,32703,1
climbing,32704,32703,32704,1
rising,32705,32704,32705,1
climbing,32730,32705,32730,25
sniffing,32816,32730,32816,86
left_turning,32817,32816,32817,1
rearing,32818,32817,32818,1
grooming,32819,32818,32819,1
sniffing,32875,32819,32875,56
climbing,32904,32875,32904,29
running,32919,32904,32919,15
sniffing,32920,32919,32920,1
rising,33005,32920,33005,85
climbing,33063,33005,33063,58
sniffing,33112,33063,33112,49
rising,33134,33112,33134,22
stepping,33143,33134,33143,9
climbing,33205,33143,33205,62
rising,33206,33205,33206,1
climbing,33225,33206,33225,19
left_turning,33274,33225,33274,49
walking,33292,33274,33292,18
hunching,33293,33292,33293,1
sniffing,33363,33293,33363,70
rising,33420,33363,33420,57
sniffing,33509,33420,33509,89
rising,33558,33509,33558,49
sniffing,33559,33558,33559,1
rising,33598,33559,33598,39
climbing,33616,33598,33616,18
sniffing,33644,33616,33644,28
grooming,34100,33644,34100,456
left_turning,34145,34100,34145,45
rising,34164,34145,34164,19
climbing,34201,34164,34201,37
walking,34224,34201,34224,23
stepping,34246,34224,34246,22
sniffing,34297,34246,34297,51
climbing,34351,34297,34351,54
rising,34367,34351,34367,16
left_turning,34416,34367,34416,49
rising,34417,34416,34417,1
sniffing,34444,34417,34444,27
walking,34514,34444,34514,70
left_turning,34550,34514,34550,36
walking,34600,34550,34600,50
sniffing,34697,34600,34697,97
running,34718,34697,34718,21
walking,34768,34718,34768,50
rising,34799,34768,34799,31
climbing,34833,34799,34833,34
sniffing,34859,34833,34859,26
rising,34861,34859,34861,2
trotting,34884,34861,34884,23
stepping,34893,34884,34893,9
walking,34913,34893,34913,20
sniffing,34969,34913,34969,56
walking,35029,34969,35029,60
right_turning,35065,35029,35065,36
walking,35099,35065,35099,34
left_turning,35137,35099,35137,38
walking,35170,35137,35170,33
sniffing,35177,35170,35177,7
walking,35219,35177,35219,42
left_turning,35275,35219,35275,56
sniffing,35397,35275,35397,122
walking,35416,35397,35416,19
rising,35417,35416,35417,1
climbing,35464,35417,35464,47
sniffing,35505,35464,35505,41
walking,35528,35505,35528,23
sniffing,35529,35528,35529,1
rising,35610,35529,35610,81
sniffing,35624,35610,35624,14
walking,35656,35624,35656,32
rising,35657,35656,35657,1
climbing,35718,35657,35718,61
sniffing,35734,35718,35734,16
rising,35772,35734,35772,38
rearing,35779,35772,35779,7
trotting,35817,35779,35817,38
rising,35838,35817,35838,21
sniffing,35939,35838,35939,101
walking,35973,35939,35973,34
right_turning,35993,35973,35993,20
sniffing,35994,35993,35994,1
right_turning,36002,35994,36002,8
sniffing,36003,36002,36003,1
trotting,36029,36003,36029,26
sniffing,36030,36029,36030,1
rising,36099,36030,36099,69
trotting,36145,36099,36145,46
sniffing,36174,36145,36174,29
rising,36180,36174,36180,6
left_turning,36231,36180,36231,51
sniffing,36285,36231,36285,54
rising,36348,36285,36348,63
sniffing,36355,36348,36355,7
rising,36356,36355,36356,1
climbing,36373,36356,36373,17
right_turning,36392,36373,36392,19
climbing,36443,36392,36443,51
sniffing,36460,36443,36460,17
left_turning,36461,36460,36461,1
walking,36471,36461,36471,10
sniffing,36472,36471,36472,1
rearing,36490,36472,36490,18
rising,36497,36490,36497,7
rearing,36641,36497,36641,144
grooming,36783,36641,36783,142
sniffing,36789,36783,36789,6
climbing,36847,36789,36847,58
running,36860,36847,36860,13
walking,36861,36860,36861,1
stepping,36881,36861,36881,20
rearing,37014,36881,37014,133
stepping,37015,37014,37015,1
climbing,37055,37015,37055,40
running,37075,37055,37075,20
sniffing,37076,37075,37076,1
left_turning,37077,37076,37077,1
running,37122,37077,37122,45
walking,37131,37122,37131,9
climbing,37164,37131,37164,33
sniffing,37279,37164,37279,115
stepping,37321,37279,37321,42
sniffing,37337,37321,37337,16
running,37344,37337,37344,7
trotting,37351,37344,37351,7
walking,37383,37351,37383,32
climbing,37418,37383,37418,35
hunching,37496,37418,37496,78
grooming,37497,37496,37497,1
running,37506,37497,37506,9
sniffing,37615,37506,37615,109
climbing,37669,37615,37669,54
walking,37685,37669,37685,16
rising,37739,37685,37739,54
sniffing,37814,37739,37814,75
rearing,37924,37814,37924,110
walking,37947,37924,37947,23
climbing,38054,37947,38054,107
left_turning,38055,38054,38055,1
walking,38099,38055,38099,44
climbing,38138,38099,38138,39
rising,38140,38138,38140,2
climbing,38181,38140,38181,41
running,38199,38181,38199,18
walking,38227,38199,38227,28
rising,38228,38227,38228,1
stepping,38229,38228,38229,1
walking,38241,38229,38241,12
rearing,38252,38241,38252,11
climbing,38273,38252,38273,21
walking,38316,38273,38316,43
rising,38324,38316,38324,8
running,38349,38324,38349,25
sniffing,38435,38349,38435,86
running,38457,38435,38457,22
walking,38501,38457,38501,44
sniffing,38535,38501,38535,34
rearing,38536,38535,38536,1
grooming,38727,38536,38727,191
sniffing,38797,38727,38797,70
right_turning,38804,38797,38804,7
walking,38851,38804,38851,47
rising,38852,38851,38852,1
sniffing,38909,38852,38909,57
left_turning,38978,38909,38978,69
rising,39014,38978,39014,36
walking,39042,39014,39042,28
climbing,39085,39042,39085,43
hunching,39091,39085,39091,6
sniffing,39157,39091,39157,66
walking,39169,39157,39169,12
rising,39170,39169,39170,1
walking,39210,39170,39210,40
sniffing,39256,39210,39256,46
rising,39267,39256,39267,11
sniffing,39343,39267,39343,76
hunching,39356,39343,39356,13
rising,39392,39356,39392,36
climbing,39436,39392,39436,44
rearing,39451,39436,39451,15
sniffing,39661,39451,39661,210
walking,39674,39661,39674,13
sniffing,39783,39674,39783,109
walking,39804,39783,39804,21
sniffing,39951,39804,39951,147
pausing,40102,39951,40102,151
sniffing,40310,40102,40310,208
walking,40311,40310,40311,1
rising,40379,40311,40379,68
climbing,40429,40379,40429,50
rearing,40526,40429,40526,97
rising,40527,40526,40527,1
climbing,40541,40527,40541,14
walking,40554,40541,40554,13
stepping,40593,40554,40593,39
climbing,40611,40593,40611,18
walking,40652,40611,40652,41
rising,40678,40652,40678,26
climbing,40692,40678,40692,14
running,40721,40692,40721,29
left_turning,40722,40721,40722,1
sniffing,40815,40722,40815,93
right_turning,40845,40815,40845,30
trotting,40850,40845,40850,5
running,40888,40850,40888,38
walking,40889,40888,40889,1
left_turning,40920,40889,40920,31
walking,40948,40920,40948,28
left_turning,40990,40948,40990,42
sniffing,41022,40990,41022,32
rising,41023,41022,41023,1
hunching,41093,41023,41093,70
rising,41124,41093,41124,31
walking,41143,41124,41143,19
rearing,41223,41143,41223,80
climbing,41233,41223,41233,10
running,41260,41233,41260,27
trotting,41289,41260,41289,29
sniffing,41365,41289,41365,76
walking,41431,41365,41431,66
sniffing,41491,41431,41491,60
walking,41550,41491,41550,59
rising,41618,41550,41618,68
walking,41621,41618,41621,3
sniffing,41653,41621,41653,32
walking,41691,41653,41691,38
sniffing,41701,41691,41701,10
rising,41741,41701,41741,40
sniffing,41785,41741,41785,44
walking,41791,41785,41791,6
rearing,41947,41791,41947,156
climbing,42022,41947,42022,75
walking,42023,42022,42023,1
sniffing,42140,42023,42140,117
left_turning,42141,42140,42141,1
walking,42142,42141,42142,1
sniffing,42145,42142,42145,3
walking,42165,42145,42165,20
sniffing,42232,42165,42232,67
left_turning,42233,42232,42233,1
sniffing,42296,42233,42296,63
rising,42354,42296,42354,58
climbing,42380,42354,42380,26
grooming,42424,42380,42424,44
right_turning,42441,42424,42441,17
sniffing,42507,42441,42507,66
rising,42515,42507,42515,8
climbing,42527,42515,42527,12
rising,42546,42527,42546,19
right_turning,42584,42546,42584,38
sniffing,42742,42584,42742,158
climbing,42826,42742,42826,84
right_turning,42832,42826,42832,6
sniffing,42926,42832,42926,94
walking,42938,42926,42938,12
sniffing,42939,42938,42939,1
left_turning,42957,42939,42957,18
walking,42990,42957,42990,33
climbing,43005,42990,43005,15
running,43042,43005,43042,37
trotting,43060,43042,43060,18
running,43082,43060,43082,22
sniffing,43112,43082,43112,30
rising,43113,43112,43113,1
climbing,43159,43113,43159,46
sniffing,43176,43159,43176,17
running,43196,43176,43196,20
walking,43197,43196,43197,1
left_turning,43229,43197,43229,32
walking,43230,43229,43230,1
sniffing,43333,43230,43333,103
rising,43334,43333,43334,1
climbing,43408,43334,43408,74
grooming,43409,43408,43409,1
sniffing,43478,43409,43478,69
rearing,43479,43478,43479,1
grooming,43570,43479,43570,91
sniffing,43628,43570,43628,58
walking,43651,43628,43651,23
sniffing,43686,43651,43686,35
walking,43732,43686,43732,46
climbing,43814,43732,43814,82
grooming,43860,43814,43860,46
sniffing,43861,43860,43861,1
walking,43894,43861,43894,33
sniffing,43947,43894,43947,53
rising,43948,43947,43948,1
climbing,43976,43948,43976,28
rearing,43983,43976,43983,7
rising,44007,43983,44007,24
sniffing,44028,44007,44028,21
rising,44029,44028,44029,1
right_turning,44057,44029,44057,28
walking,44085,44057,44085,28
left_turning,44104,44085,44104,19
sniffing,44142,44104,44142,38
rising,44196,44142,44196,54
grooming,44672,44196,44672,476
climbing,44691,44672,44691,19
rising,44801,44691,44801,110
climbing,44853,44801,44853,52
sniffing,44857,44853,44857,4
left_turning,44973,44857,44973,116
sniffing,45025,44973,45025,52
left_turning,45078,45025,45078,53
walking,45090,45078,45090,12
hunching,45091,45090,45091,1
rearing,45128,45091,45128,37
climbing,45167,45128,45167,39
sniffing,45168,45167,45168,1
walking,45169,45168,45169,1
rising,45170,45169,45170,1
climbing,45203,45170,45203,33
trotting,45204,45203,45204,1
climbing,45248,45204,45248,44
trotting,45264,45248,45264,16
climbing,45357,45264,45357,93
rising,45383,45357,45383,26
stepping,45386,45383,45386,3
sniffing,45419,45386,45419,33
climbing,45504,45419,45504,85
rearing,45555,45504,45555,51
sniffing,45586,45555,45586,31
walking,45599,45586,45599,13
rising,45600,45599,45600,1
left_turning,45665,45600,45665,65
sniffing,45708,45665,45708,43
climbing,45753,45708,45753,45
sniffing,45754,45753,45754,1
left_turning,45907,45754,45907,153
sniffing,45933,45907,45933,26
left_turning,45934,45933,45934,1
sniffing,45954,45934,45954,20
right_turning,45955,45954,45955,1
stepping,45967,45955,45967,12
climbing,45975,45967,45975,8
rearing,46094,45975,46094,119
climbing,46120,46094,46120,26
walking,46183,46120,46183,63
rising,46197,46183,46197,14
climbing,46207,46197,46207,10
walking,46217,46207,46217,10
sniffing,46253,46217,46253,36
trotting,46262,46253,46262,9
sniffing,46329,46262,46329,67
rising,46381,46329,46381,52
grooming,46406,46381,46406,25
left_turning,46467,46406,46467,61
walking,46484,46467,46484,17
sniffing,46485,46484,46485,1
left_turning,46486,46485,46486,1
walking,46525,46486,46525,39
stepping,46556,46525,46556,31
sniffing,46580,46556,46580,24
right_turning,46589,46580,46589,9
walking,46621,46589,46621,32
sniffing,46677,46621,46677,56
stepping,46704,46677,46704,27
walking,46723,46704,46723,19
stepping,46724,46723,46724,1
sniffing,46725,46724,46725,1
left_turning,46743,46725,46743,18
sniffing,46752,46743,46752,9
trotting,46766,46752,46766,14
sniffing,46793,46766,46793,27
walking,46806,46793,46806,13
climbing,46854,46806,46854,48
rising,46893,46854,46893,39
climbing,46938,46893,46938,45
walking,46976,46938,46976,38
sniffing,47052,46976,47052,76
walking,47094,47052,47094,42
sniffing,47124,47094,47124,30
trotting,47168,47124,47168,44
walking,47190,47168,47190,22
sniffing,47293,47190,47293,103
left_turning,47294,47293,47294,1
sniffing,47295,47294,47295,1
grooming,47463,47295,47463,168
climbing,47478,47463,47478,15
running,47518,47478,47518,40
right_turning,47546,47518,47546,28
sniffing,47595,47546,47595,49
trotting,47617,47595,47617,22
sniffing,47683,47617,47683,66
walking,47753,47683,47753,70
sniffing,47914,47753,47914,161
rising,47951,47914,47951,37
climbing,47963,47951,47963,12
walking,47965,47963,47965,2
sniffing,48012,47965,48012,47
walking,48032,48012,48032,20
climbing,48052,48032,48052,20
sniffing,48143,48052,48143,91
left_turning,48144,48143,48144,1
sniffing,48158,48144,48158,14
walking,48186,48158,48186,28
right_turning,48204,48186,48204,18
walking,48226,48204,48226,22
sniffing,48251,48226,48251,25
rising,48252,48251,48252,1
sniffing,48283,48252,48283,31
right_turning,48301,48283,48301,18
trotting,48330,48301,48330,29
rising,48394,48330,48394,64
left_turning,48395,48394,48395,1
sniffing,48419,48395,48419,24
rearing,48852,48419,48852,433
trotting,48895,48852,48895,43
stepping,48904,48895,48904,9
trotting,48922,48904,48922,18
climbing,48999,48922,48999,77
hunching,49094,48999,49094,95
sniffing,49183,49094,49183,89
rising,49184,49183,49184,1
climbing,49185,49184,49185,1
right_turning,49200,49185,49200,15
sniffing,49329,49200,49329,129
walking,49356,49329,49356,27
climbing,49382,49356,49382,26
rising,49419,49382,49419,37
sniffing,49589,49419,49589,170
rising,49594,49589,49594,5
climbing,49626,49594,49626,32
trotting,49653,49626,49653,27
walking,49654,49653,49654,1
climbing,49708,49654,49708,54
sniffing,49766,49708,49766,58
stepping,49771,49766,49771,5
walking,49790,49771,49790,19
sniffing,49868,49790,49868,78
rearing,49904,49868,49904,36
grooming,49931,49904,49931,27
rearing,50185,49931,50185,254
climbing,50240,50185,50240,55
walking,50263,50240,50263,23
sniffing,50264,50263,50264,1
rising,50265,50264,50265,1
sniffing,50270,50265,50270,5
trotting,50288,50270,50288,18
left_turning,50300,50288,50300,12
sniffing,50301,50300,50301,1
stepping,50302,50301,50302,1
trotting,50320,50302,50320,18
stepping,50360,50320,50360,40
right_turning,50365,50360,50365,5
trotting,50381,50365,50381,16
rising,50399,50381,50399,18
climbing,50461,50399,50461,62
trotting,50519,50461,50519,58
walking,50558,50519,50558,39
stepping,50618,50558,50618,60
walking,50645,50618,50645,27
right_turning,50664,50645,50664,19
trotting,50692,50664,50692,28
stepping,50806,50692,50806,114
walking,50816,50806,50816,10
trotting,50841,50816,50841,25
stepping,50881,50841,50881,40
sniffing,50956,50881,50956,75
walking,50981,50956,50981,25
sniffing,50995,50981,50995,14
stepping,51017,50995,51017,22
hunching,51018,51017,51018,1
grooming,51300,51018,51300,282
sniffing,51333,51300,51333,33
left_turning,51371,51333,51371,38
running,51400,51371,51400,29
walking,51429,51400,51429,29
rising,51439,51429,51439,10
grooming,51681,51439,51681,242
hunching,51682,51681,51682,1
right_turning,51691,51682,51691,9
walking,51708,51691,51708,17
climbing,51746,51708,51746,38
left_turning,51747,51746,51747,1
sniffing,51748,51747,51748,1
rising,51869,51748,51869,121
sniffing,51984,51869,51984,115
hunching,52037,51984,52037,53
climbing,52113,52037,52113,76
walking,52172,52113,52172,59
sniffing,52185,52172,52185,13
rearing,52213,52185,52213,28
sniffing,52214,52213,52214,1
trotting,52221,52214,52221,7
rising,52228,52221,52228,7
hunching,52405,52228,52405,177
rearing,52593,52405,52593,188
jumping,52627,52593,52627,34
rearing,52675,52627,52675,48
sniffing,52748,52675,52748,73
right_turning,52785,52748,52785,37
sniffing,52805,52785,52805,20
left_turning,53041,52805,53041,236
walking,53078,53041,53078,37
left_turning,53079,53078,53079,1
sniffing,53099,53079,53099,20
walking,53125,53099,53125,26
left_turning,53177,53125,53177,52
walking,53179,53177,53179,2
sniffing,53222,53179,53222,43
rearing,53383,53222,53383,161
hunching,53403,53383,53403,20
climbing,53556,53403,53556,153
trotting,53577,53556,53577,21
rising,53595,53577,53595,18
sniffing,53635,53595,53635,40
climbing,53651,53635,53651,16
rising,53712,53651,53712,61
sniffing,53797,53712,53797,85
right_turning,53816,53797,53816,19
sniffing,53869,53816,53869,53
left_turning,53926,53869,53926,57
trotting,54007,53926,54007,81
left_turning,54009,54007,54009,2
walking,54028,54009,54028,19
sniffing,54079,54028,54079,51
grooming,54080,54079,54080,1
left_turning,54081,54080,54081,1
running,54112,54081,54112,31
rising,54161,54112,54161,49
left_turning,54162,54161,54162,1
trotting,54175,54162,54175,13
sniffing,54193,54175,54193,18
left_turning,54194,54193,54194,1
trotting,54221,54194,54221,27
sniffing,54254,54221,54254,33
walking,54281,54254,54281,27
sniffing,54284,54281,54284,3
hunching,54311,54284,54311,27
rearing,54313,54311,54313,2
rising,54314,54313,54314,1
sniffing,54341,54314,54341,27
left_turning,54352,54341,54352,11
sniffing,54397,54352,54397,45
rearing,54421,54397,54421,24
sniffing,54455,54421,54455,34
rearing,54533,54455,54533,78
grooming,54771,54533,54771,238
rising,54790,54771,54790,19
grooming,55072,54790,55072,282
sniffing,55107,55072,55107,35
walking,55145,55107,55145,38
left_turning,55184,55145,55184,39
walking,55224,55184,55224,40
climbing,55310,55224,55310,86
hunching,55445,55310,55445,135
grooming,55446,55445,55446,1
left_turning,55512,55446,55512,66
walking,55514,55512,55514,2
left_turning,55538,55514,55538,24
walking,55563,55538,55563,25
sniffing,55615,55563,55615,52
rearing,55666,55615,55666,51
hunching,55667,55666,55667,1
sniffing,55696,55667,55696,29
stepping,55697,55696,55697,1
walking,55707,55697,55707,10
sniffing,55730,55707,55730,23
climbing,55751,55730,55751,21
walking,55775,55751,55775,24
climbing,55821,55775,55821,46
sniffing,55880,55821,55880,59
walking,55916,55880,55916,36
climbing,55990,55916,55990,74
rising,56060,55990,56060,70
climbing,56069,56060,56069,9
sniffing,56105,56069,56105,36
left_turning,56106,56105,56106,1
walking,56118,56106,56118,12
sniffing,56161,56118,56161,43
walking,56174,56161,56174,13
stepping,56223,56174,56223,49
walking,56294,56223,56294,71
sniffing,56335,56294,56335,41
left_turning,56380,56335,56380,45
sniffing,56462,56380,56462,82
left_turning,56483,56462,56483,21
sniffing,56642,56483,56642,159
grooming,56871,56642,56871,229
trotting,56918,56871,56918,47
running,56952,56918,56952,34
sniffing,56999,56952,56999,47
running,57015,56999,57015,16
rising,57016,57015,57016,1
sniffing,57119,57016,57119,103
walking,57135,57119,57135,16
rising,57244,57135,57244,109
hunching,57273,57244,57273,29
sniffing,57292,57273,57292,19
rising,57316,57292,57316,24
climbing,57335,57316,57335,19
sniffing,57386,57335,57386,51
stepping,57396,57386,57396,10
sniffing,57469,57396,57469,73
walking,57487,57469,57487,18
climbing,57498,57487,57498,11
walking,57530,57498,57530,32
climbing,57572,57530,57572,42
rising,57591,57572,57591,19
sniffing,57687,57591,57687,96
rearing,57950,57687,57950,263
sniffing,57951,57950,57951,1
walking,57981,57951,57981,30
rising,57998,57981,57998,17
stepping,58012,57998,58012,14
left_turning,58096,58012,58096,84
right_turning,58146,58096,58146,50
left_turning,58161,58146,58161,15
walking,58184,58161,58184,23
sniffing,58210,58184,58210,26
climbing,58261,58210,58261,51
sniffing,58280,58261,58280,19
right_turning,58294,58280,58294,14
walking,58315,58294,58315,21
sniffing,58384,58315,58384,69
climbing,58428,58384,58428,44
hunching,58429,58428,58429,1
sniffing,58430,58429,58430,1
rising,58435,58430,58435,5
climbing,58466,58435,58466,31
sniffing,58539,58466,58539,73
rising,58557,58539,58557,18
climbing,58594,58557,58594,37
rearing,58669,58594,58669,75
sniffing,58719,58669,58719,50
left_turning,58721,58719,58721,2
walking,58726,58721,58726,5
rising,58759,58726,58759,33
walking,58776,58759,58776,17
sniffing,58777,58776,58777,1
walking,58818,58777,58818,41
rearing,58819,58818,58819,1
rising,58820,58819,58820,1
jumping,58999,58820,58999,179
hunching,59115,58999,59115,116
rising,59116,59115,59116,1
sniffing,59133,59116,59133,17
climbing,59152,59133,59152,19
sniffing,59153,59152,59153,1
walking,59154,59153,59154,1
sniffing,59155,59154,59155,1
rearing,59218,59155,59218,63
grooming,59259,59218,59259,41
sniffing,59455,59259,59455,196
rising,59607,59455,59607,152
rearing,59663,59607,59663,56
running,59691,59663,59691,28
left_turning,59756,59691,59756,65
rising,59781,59756,59781,25
running,59794,59781,59794,13
sniffing,59827,59794,59827,33
rising,59828,59827,59828,1
walking,59895,59828,59895,67
climbing,59952,59895,59952,57
rising,59998,59952,59998,46
climbing,60017,59998,60017,19
rising,60024,60017,60024,7
climbing,60041,60024,60041,17
rearing,60256,60041,60256,215
climbing,60307,60256,60307,51
sniffing,60422,60307,60422,115
rearing,60500,60422,60500,78
sniffing,60543,60500,60543,43
walking,60544,60543,60544,1
stepping,60557,60544,60557,13
right_turning,60595,60557,60595,38
sniffing,60635,60595,60635,40
stepping,60678,60635,60678,43
sniffing,60679,60678,60679,1
right_turning,60680,60679,60680,1
trotting,60704,60680,60704,24
walking,60728,60704,60728,24
stepping,60751,60728,60751,23
walking,60785,60751,60785,34
trotting,60824,60785,60824,39
sniffing,60943,60824,60943,119
running,60959,60943,60959,16
left_turning,60971,60959,60971,12
stepping,60972,60971,60972,1
climbing,61081,60972,61081,109
rising,61152,61081,61152,71
left_turning,61153,61152,61153,1
walking,61186,61153,61186,33
sniffing,61310,61186,61310,124
rearing,61313,61310,61313,3
hunching,61354,61313,61354,41
climbing,61455,61354,61455,101
trotting,61507,61455,61507,52
rising,61530,61507,61530,23
climbing,61559,61530,61559,29
grooming,61560,61559,61560,1
hunching,61684,61560,61684,124
rising,61919,61684,61919,235
walking,61956,61919,61956,37
climbing,62002,61956,62002,46
walking,62079,62002,62079,77
sniffing,62119,62079,62119,40
climbing,62169,62119,62169,50
sniffing,62192,62169,62192,23
stepping,62230,62192,62230,38
rising,62307,62230,62307,77
climbing,62308,62307,62308,1
rising,62397,62308,62397,89
rearing,62452,62397,62452,55
walking,62459,62452,62459,7
left_turning,62462,62459,62462,3
walking,62578,62462,62578,116
sniffing,62579,62578,62579,1
rising,62580,62579,62580,1
hunching,62638,62580,62638,58
right_turning,62668,62638,62668,30
sniffing,62696,62668,62696,28
hunching,62754,62696,62754,58
right_turning,62772,62754,62772,18
running,62801,62772,62801,29
walking,62868,62801,62868,67
rising,62915,62868,62915,47
walking,62917,62915,62917,2
rising,62945,62917,62945,28
climbing,62965,62945,62965,20
sniffing,62992,62965,62992,27
climbing,63042,62992,63042,50
rearing,63043,63042,63043,1
hunching,63091,63043,63091,48
jumping,63137,63091,63137,46
rising,63196,63137,63196,59
sniffing,63354,63196,63354,158
walking,63385,63354,63385,31
climbing,63460,63385,63460,75
left_turning,63507,63460,63507,47
sniffing,63508,63507,63508,1
climbing,63509,63508,63509,1
rising,63599,63509,63599,90
sniffing,63600,63599,63600,1
walking,63659,63600,63659,59
trotting,63683,63659,63683,24
rising,63684,63683,63684,1
climbing,63693,63684,63693,9
rising,63694,63693,63694,1
sniffing,63724,63694,63724,30
hunching,63778,63724,63778,54
sniffing,63890,63778,63890,112
walking,63908,63890,63908,18
climbing,63930,63908,63930,22
rearing,63978,63930,63978,48
grooming,64168,63978,64168,190
rearing,64193,64168,64193,25
rising,64255,64193,64255,62
sniffing,64304,64255,64304,49
rising,64332,64304,64332,28
sniffing,64333,64332,64333,1
climbing,64390,64333,64390,57
rising,64472,64390,64472,82
walking,64473,64472,64473,1
sniffing,64560,64473,64560,87
left_turning,64561,64560,64561,1
trotting,64576,64561,64576,15
rising,64577,64576,64577,1
climbing,64634,64577,64634,57
sniffing,64657,64634,64657,23
climbing,64701,64657,64701,44
sniffing,64778,64701,64778,77
climbing,64821,64778,64821,43
rearing,64839,64821,64839,18
sniffing,64873,64839,64873,34
walking,64886,64873,64886,13
trotting,64902,64886,64902,16
sniffing,64903,64902,64903,1
walking,64904,64903,64904,1
stepping,64926,64904,64926,22
sniffing,64927,64926,64927,1
rearing,64928,64927,64928,1
climbing,64932,64928,64932,4
right_turning,64942,64932,64942,10
rising,64978,64942,64978,36
sniffing,64979,64978,64979,1
rising,65020,64979,65020,41
climbing,65046,65020,65046,26
rearing,65109,65046,65109,63
stepping,65110,65109,65110,1
walking,65136,65110,65136,26
sniffing,65137,65136,65137,1
rising,65138,65137,65138,1
walking,65143,65138,65143,5
rising,65144,65143,65144,1
sniffing,65145,65144,65145,1
rearing,65204,65145,65204,59
climbing,65205,65204,65205,1
sniffing,65262,65205,65262,57
grooming,65397,65262,65397,135
left_turning,65412,65397,65412,15
trotting,65442,65412,65442,30
climbing,65463,65442,65463,21
right_turning,65488,65463,65488,25
walking,65520,65488,65520,32
left_turning,65553,65520,65553,33
sniffing,65623,65553,65623,70
climbing,65660,65623,65660,37
rising,65661,65660,65661,1
sniffing,65749,65661,65749,88
rising,65767,65749,65767,18
climbing,65795,65767,65795,28
rearing,65841,65795,65841,46
sniffing,65873,65841,65873,32
rearing,66018,65873,66018,145
climbing,66047,66018,66047,29
walking,66059,66047,66059,12
climbing,66102,66059,66102,43
sniffing,66133,66102,66133,31
hunching,66134,66133,66134,1
right_turning,66140,66134,66140,6
left_turning,66147,66140,66147,7
walking,66167,66147,66167,20
sniffing,66388,66167,66388,221
rising,66389,66388,66389,1
climbing,66402,66389,66402,13
sniffing,66411,66402,66411,9
climbing,66458,66411,66458,47
right_turning,66459,66458,66459,1
trotting,66477,66459,66477,18
sniffing,66524,66477,66524,47
left_turning,66525,66524,66525,1
rising,66537,66525,66537,12
climbing,66594,66537,66594,57
rearing,66595,66594,66595,1
sniffing,66653,66595,66653,58
left_turning,66673,66653,66673,20
running,66696,66673,66696,23
sniffing,66706,66696,66706,10
rising,66715,66706,66715,9
walking,66764,66715,66764,49
left_turning,66788,66764,66788,24
sniffing,66975,66788,66975,187
rising,67037,66975,67037,62
sniffing,67127,67037,67127,90
hunching,67285,67127,67285,158
jumping,67360,67285,67360,75
running,67383,67360,67383,23
sniffing,67403,67383,67403,20
hunching,67491,67403,67491,88
rising,67524,67491,67524,33
right_turning,67547,67524,67547,23
trotting,67574,67547,67574,27
sniffing,67663,67574,67663,89
left_turning,67721,67663,67721,58
sniffing,67742,67721,67742,21
climbing,67800,67742,67800,58
right_turning,67825,67800,67825,25
rising,67842,67825,67842,17
hunching,67843,67842,67843,1
walking,67918,67843,67918,75
rearing,67928,67918,67928,10
stepping,67933,67928,67933,5
sniffing,67934,67933,67934,1
right_turning,67953,67934,67953,19
rising,67975,67953,67975,22
sniffing,67997,67975,67997,22
right_turning,68025,67997,68025,28
sniffing,68026,68025,68026,1
rising,68071,68026,68071,45
rearing,68200,68071,68200,129
climbing,68265,68200,68265,65
rearing,68266,68265,68266,1
walking,68326,68266,68326,60
climbing,68327,68326,68327,1
hunching,68328,68327,68328,1
grooming,68387,68328,68387,59
right_turning,68388,68387,68388,1
trotting,68425,68388,68425,37
sniffing,68458,68425,68458,33
rising,68459,68458,68459,1
sniffing,68550,68459,68550,91
stepping,68551,68550,68551,1
sniffing,68584,68551,68584,33
rising,68615,68584,68615,31
trotting,68657,68615,68657,42
sniffing,68742,68657,68742,85
rising,68811,68742,68811,69
climbing,68865,68811,68865,54
left_turning,68890,68865,68890,25
walking,68923,68890,68923,33
rising,68924,68923,68924,1
sniffing,68992,68924,68992,68
walking,68993,68992,68993,1
stepping,69023,68993,69023,30
sniffing,69024,69023,69024,1
running,69079,69024,69079,55
sniffing,69133,69079,69133,54
rising,69171,69133,69171,38
rearing,69534,69171,69534,363
climbing,69566,69534,69566,32
running,69568,69566,69568,2
walking,69667,69568,69667,99
sniffing,69726,69667,69726,59
rising,69926,69726,69926,200
grooming,69927,69926,69927,1
hunching,69928,69927,69928,1
sniffing,69929,69928,69929,1
rising,69937,69929,69937,8
sniffing,70065,69937,70065,128
rising,70066,70065,70066,1
running,70074,70066,70074,8
trotting,70119,70074,70119,45
walking,70156,70119,70156,37
sniffing,70248,70156,70248,92
rising,70249,70248,70249,1
walking,70290,70249,70290,41
sniffing,70310,70290,70310,20
rearing,70355,70310,70355,45
sniffing,70400,70355,70400,45
right_turning,70411,70400,70411,11
hunching,70719,70411,70719,308
grooming,70720,70719,70720,1
sniffing,70874,70720,70874,154
rising,70889,70874,70889,15
climbing,70930,70889,70930,41
right_turning,70953,70930,70953,23
left_turning,70965,70953,70965,12
walking,70987,70965,70987,22
jumping,71041,70987,71041,54
left_turning,71077,71041,71077,36
sniffing,71078,71077,71078,1
left_turning,71117,71078,71117,39
sniffing,71118,71117,71118,1
left_turning,71152,71118,71152,34
walking,71202,71152,71202,50
jumping,71305,71202,71305,103
walking,71337,71305,71337,32
rising,71348,71337,71348,11
grooming,71349,71348,71349,1
sniffing,71431,71349,71431,82
climbing,71467,71431,71467,36
rising,71506,71467,71506,39
stepping,71536,71506,71536,30
rising,71537,71536,71537,1
climbing,71544,71537,71544,7
rearing,71680,71544,71680,136
right_turning,71691,71680,71691,11
rising,71692,71691,71692,1
sniffing,71705,71692,71705,13
left_turning,71706,71705,71706,1
climbing,71724,71706,71724,18
right_turning,71749,71724,71749,25
walking,71779,71749,71779,30
rising,71831,71779,71831,52
rearing,71848,71831,71848,17
hunching,71909,71848,71909,61
grooming,71910,71909,71910,1
hunching,72039,71910,72039,129
grooming,72040,72039,72040,1
sniffing,72147,72040,72147,107
climbing,72169,72147,72169,22
trotting,72196,72169,72196,27
sniffing,72236,72196,72236,40
rising,72257,72236,72257,21
climbing,72319,72257,72319,62
rising,72320,72319,72320,1
sniffing,72327,72320,72327,7
stepping,72328,72327,72328,1
climbing,72357,72328,72357,29
hunching,72382,72357,72382,25
sniffing,72412,72382,72412,30
grooming,72497,72412,72497,85
sniffing,72498,72497,72498,1
rising,72503,72498,72503,5
sniffing,72609,72503,72609,106
rising,72628,72609,72628,19
sniffing,72631,72628,72631,3
walking,72648,72631,72648,17
stepping,72649,72648,72649,1
climbing,72654,72649,72654,5
right_turning,72694,72654,72694,40
running,72712,72694,72712,18
walking,72741,72712,72741,29
climbing,72784,72741,72784,43
rising,72824,72784,72824,40
walking,72825,72824,72825,1
climbing,72842,72825,72842,17
sniffing,72886,72842,72886,44
rising,72893,72886,72893,7
rearing,72894,72893,72894,1
rising,73055,72894,73055,161
rearing,73110,73055,73110,55
grooming,73743,73110,73743,633
hunching,73806,73743,73806,63
sniffing,73855,73806,73855,49
rising,73871,73855,73871,16
right_turning,73895,73871,73895,24
sniffing,73973,73895,73973,78
rising,74023,73973,74023,50
stepping,74024,74023,74024,1
walking,74037,74024,74037,13
climbing,74058,74037,74058,21
sniffing,74117,74058,74117,59
hunching,74222,74117,74222,105
sniffing,74283,74222,74283,61
trotting,74305,74283,74305,22
sniffing,74323,74305,74323,18
right_turning,74343,74323,74343,20
sniffing,74442,74343,74442,99
walking,74476,74442,74476,34
right_turning,74499,74476,74499,23
sniffing,74544,74499,74544,45
right_turning,74561,74544,74561,17
walking,74624,74561,74624,63
sniffing,74648,74624,74648,24
walking,74701,74648,74701,53
sniffing,74702,74701,74702,1
climbing,74744,74702,74744,42
trotting,74779,74744,74779,35
sniffing,74799,74779,74799,20
stepping,74843,74799,74843,44
sniffing,74890,74843,74890,47
right_turning,74905,74890,74905,15
left_turning,74918,74905,74918,13
right_turning,74942,74918,74942,24
running,74975,74942,74975,33
walking,75012,74975,75012,37
climbing,75041,75012,75041,29
sniffing,75097,75041,75097,56
climbing,75192,75097,75192,95
sniffing,75197,75192,75197,5
rising,75250,75197,75250,53
right_turning,75279,75250,75279,29
rising,75343,75279,75343,64
sniffing,75344,75343,75344,1
rising,75394,75344,75394,50
trotting,75405,75394,75405,11
rising,75441,75405,75441,36
sniffing,75442,75441,75442,1
climbing,75474,75442,75474,32
sniffing,75535,75474,75535,61
rising,75548,75535,75548,13
rearing,75779,75548,75779,231
sniffing,75836,75779,75836,57
climbing,75855,75836,75855,19
walking,75872,75855,75872,17
sniffing,75911,75872,75911,39
rearing,76058,75911,76058,147
rising,76120,76058,76120,62
climbing,76180,76120,76180,60
rearing,76233,76180,76233,53
sniffing,76323,76233,76323,90
grooming,76479,76323,76479,156
left_turning,76503,76479,76503,24
sniffing,76563,76503,76563,60
rising,76569,76563,76569,6
climbing,76594,76569,76594,25
rising,76605,76594,76605,11
climbing,76635,76605,76635,30
grooming,76636,76635,76636,1
rearing,76637,76636,76637,1
sniffing,76638,76637,76638,1
climbing,76662,76638,76662,24
rising,76697,76662,76697,35
climbing,76698,76697,76698,1
rearing,76720,76698,76720,22
climbing,76805,76720,76805,85
sniffing,76934,76805,76934,129
right_turning,76950,76934,76950,16
walking,76988,76950,76988,38
rearing,77011,76988,77011,23
climbing,77072,77011,77072,61
walking,77100,77072,77100,28
sniffing,77155,77100,77155,55
climbing,77175,77155,77175,20
sniffing,77232,77175,77232,57
left_turning,77279,77232,77279,47
sniffing,77335,77279,77335,56
walking,77380,77335,77380,45
rising,77403,77380,77403,23
left_turning,77404,77403,77404,1
sniffing,77471,77404,77471,67
climbing,77513,77471,77513,42
sniffing,77553,77513,77553,40
grooming,77644,77553,77644,91
sniffing,77702,77644,77702,58
hunching,77821,77702,77821,119
sniffing,77822,77821,77822,1
walking,77863,77822,77863,41
climbing,77892,77863,77892,29
sniffing,78012,77892,78012,120
left_turning,78023,78012,78023,11
rising,78045,78023,78045,22
running,78059,78045,78059,14
rising,78112,78059,78112,53
walking,78116,78112,78116,4
rising,78162,78116,78162,46
sniffing,78168,78162,78168,6
stepping,78220,78168,78220,52
left_turning,78334,78220,78334,114
walking,78361,78334,78361,27
sniffing,78362,78361,78362,1
left_turning,78419,78362,78419,57
walking,78444,78419,78444,25
rising,78446,78444,78446,2
sniffing,78497,78446,78497,51
walking,78498,78497,78498,1
stepping,78529,78498,78529,31
rising,78543,78529,78543,14
sniffing,78576,78543,78576,33
left_turning,78655,78576,78655,79
sniffing,78656,78655,78656,1
rising,78692,78656,78692,36
sniffing,78807,78692,78807,115
running,78852,78807,78852,45
walking,78878,78852,78878,26
right_turning,78887,78878,78887,9
walking,78904,78887,78904,17
left_turning,78905,78904,78905,1
rising,78938,78905,78938,33
sniffing,78955,78938,78955,17
climbing,79020,78955,79020,65
right_turning,79048,79020,79048,28
sniffing,79074,79048,79074,26
walking,79083,79074,79083,9
sniffing,79090,79083,79090,7
climbing,79193,79090,79193,103
right_turning,79216,79193,79216,23
trotting,79257,79216,79257,41
rising,79333,79257,79333,76
sniffing,79342,79333,79342,9
stepping,79343,79342,79343,1
climbing,79393,79343,79393,50
rising,79396,79393,79396,3
sniffing,79552,79396,79552,156
trotting,79589,79552,79589,37
rising,79590,79589,79590,1
sniffing,79614,79590,79614,24
climbing,79644,79614,79644,30
rearing,79669,79644,79669,25
rising,79670,79669,79670,1
climbing,79684,79670,79684,14
rising,79685,79684,79685,1
climbing,79712,79685,79712,27
rearing,79766,79712,79766,54
rising,79782,79766,79782,16
sniffing,79783,79782,79783,1
rising,79784,79783,79784,1
climbing,79815,79784,79815,31
rearing,79866,79815,79866,51
grooming,79914,79866,79914,48
hunching,80033,79914,80033,119
grooming,80034,80033,80034,1
sniffing,80118,80034,80118,84
running,80119,80118,80119,1
walking,80145,80119,80145,26
sniffing,80194,80145,80194,49
stepping,80237,80194,80237,43
left_turning,80300,80237,80300,63
trotting,80321,80300,80321,21
sniffing,80322,80321,80322,1
stepping,80347,80322,80347,25
pausing,80497,80347,80497,150
sniffing,80520,80497,80520,23
walking,80524,80520,80524,4
sniffing,80525,80524,80525,1
trotting,80536,80525,80536,11
stepping,80537,80536,80537,1
walking,80585,80537,80585,48
left_turning,80586,80585,80586,1
walking,80609,80586,80609,23
sniffing,80654,80609,80654,45
rising,80721,80654,80721,67
walking,80747,80721,80747,26
rising,80748,80747,80748,1
climbing,80753,80748,80753,5
rising,80754,80753,80754,1
climbing,80811,80754,80811,57
sniffing,80923,80811,80923,112
right_turning,80939,80923,80939,16
sniffing,81014,80939,81014,75
stepping,81049,81014,81049,35
rearing,81195,81049,81195,146
grooming,81196,81195,81196,1
sniffing,81197,81196,81197,1
walking,81240,81197,81240,43
stepping,81276,81240,81276,36
walking,81319,81276,81319,43
rearing,81344,81319,81344,25
sniffing,81377,81344,81377,33
left_turning,81431,81377,81431,54
stepping,81478,81431,81478,47
walking,81494,81478,81494,16
stepping,81495,81494,81495,1
rearing,81496,81495,81496,1
sniffing,81544,81496,81544,48
rising,81545,81544,81545,1
climbing,81578,81545,81578,33
sniffing,81669,81578,81669,91
hunching,81670,81669,81670,1
sniffing,81688,81670,81688,18
rising,81701,81688,81701,13
sniffing,81787,81701,81787,86
rising,81788,81787,81788,1
climbing,81826,81788,81826,38
sniffing,81853,81826,81853,27
climbing,81854,81853,81854,1
grooming,81876,81854,81876,22
rearing,81877,81876,81877,1
sniffing,81887,81877,81887,10
walking,81888,81887,81888,1
sniffing,81956,81888,81956,68
right_turning,81990,81956,81990,34
walking,82020,81990,82020,30
sniffing,82064,82020,82064,44
walking,82083,82064,82083,19
sniffing,82175,82083,82175,92
rising,82223,82175,82223,48
climbing,82289,82223,82289,66
rearing,82290,82289,82290,1
sniffing,82403,82290,82403,113
walking,82417,82403,82417,14
stepping,82418,82417,82418,1
walking,82454,82418,82454,36
climbing,82486,82454,82486,32
hunching,82549,82486,82549,63
rearing,82649,82549,82649,100
grooming,82650,82649,82650,1
sniffing,82651,82650,82651,1
left_turning,82683,82651,82683,32
climbing,82701,82683,82701,18
hunching,82837,82701,82837,136
walking,82848,82837,82848,11
sniffing,82958,82848,82958,110
rising,82976,82958,82976,18
climbing,83028,82976,83028,52
sniffing,83089,83028,83089,61
trotting,83111,83089,83111,22
walking,83144,83111,83144,33
sniffing,83148,83144,83148,4
rising,83172,83148,83172,24
sniffing,83173,83172,83173,1
rising,83229,83173,83229,56
climbing,83299,83229,83299,70
running,83331,83299,83331,32
stepping,83369,83331,83369,38
sniffing,83370,83369,83370,1
climbing,83421,83370,83421,51
walking,83427,83421,83427,6
right_turning,83430,83427,83430,3
left_turning,83483,83430,83483,53
sniffing,83599,83483,83599,116
rearing,83643,83599,83643,44
grooming,83644,83643,83644,1
sniffing,83673,83644,83673,29
running,83734,83673,83734,61
rising,83802,83734,83802,68
walking,83803,83802,83803,1
rising,83855,83803,83855,52
left_turning,83913,83855,83913,58
sniffing,83914,83913,83914,1
hunching,83947,83914,83947,33
right_turning,83964,83947,83964,17
walking,83999,83964,83999,35
stepping,84050,83999,84050,51
climbing,84076,84050,84076,26
sniffing,84147,84076,84147,71
rising,84148,84147,84148,1
climbing,84166,84148,84166,18
grooming,84377,84166,84377,211
rearing,84393,84377,84393,16
walking,84442,84393,84442,49
rising,84479,84442,84479,37
sniffing,84501,84479,84501,22
left_turning,84535,84501,84535,34
walking,84551,84535,84551,16
sniffing,84552,84551,84552,1
walking,84583,84552,84583,31
sniffing,84698,84583,84698,115
right_turning,84719,84698,84719,21
running,84743,84719,84743,24
sniffing,84744,84743,84744,1
rearing,84909,84744,84909,165
left_turning,84926,84909,84926,17
walking,84997,84926,84997,71
sniffing,84998,84997,84998,1
rising,84999,84998,84999,1
sniffing,85059,84999,85059,60
grooming,85060,85059,85060,1
rearing,85478,85060,85478,418
sniffing,85526,85478,85526,48
rising,85547,85526,85547,21
sniffing,85617,85547,85617,70
rising,85656,85617,85656,39
climbing,85717,85656,85717,61
sniffing,85743,85717,85743,26
grooming,85816,85743,85816,73
rearing,85817,85816,85817,1
left_turning,85824,85817,85824,7
walking,85847,85824,85847,23
sniffing,85897,85847,85897,50
rising,85916,85897,85916,19
climbing,85990,85916,85990,74
sniffing,85991,85990,85991,1
right_turning,86005,85991,86005,14
sniffing,86119,86005,86119,114
rising,86120,86119,86120,1
climbing,86192,86120,86192,72
rising,86243,86192,86243,51
sniffing,86325,86243,86325,82
grooming,86557,86325,86557,232
rearing,86594,86557,86594,37
grooming,86889,86594,86889,295
right_turning,86909,86889,86909,20
trotting,86910,86909,86910,1
walking,86952,86910,86952,42
rearing,87116,86952,87116,164
sniffing,87117,87116,87117,1
walking,87118,87117,87118,1
sniffing,87145,87118,87145,27
walking,87146,87145,87146,1
stepping,87165,87146,87165,19
climbing,87233,87165,87233,68
walking,87245,87233,87245,12
sniffing,87246,87245,87246,1
pausing,87269,87246,87269,23
sniffing,87282,87269,87282,13
climbing,87322,87282,87322,40
sniffing,87349,87322,87349,27
grooming,87658,87349,87658,309
rearing,87902,87658,87902,244
rising,87911,87902,87911,9
climbing,87998,87911,87998,87
rearing,88003,87998,88003,5
grooming,88239,88003,88239,236
rising,88240,88239,88240,1
sniffing,88339,88240,88339,99
trotting,88340,88339,88340,1
walking,88353,88340,88353,13
sniffing,88394,88353,88394,41
grooming,88591,88394,88591,197
climbing,88595,88591,88595,4
rising,88651,88595,88651,56
rearing,88745,88651,88745,94
sniffing,88789,88745,88789,44
left_turning,88848,88789,88848,59
walking,88872,88848,88872,24
sniffing,88984,88872,88984,112
climbing,89046,88984,89046,62
rising,89064,89046,89064,18
sniffing,89088,89064,89088,24
rising,89089,89088,89089,1
climbing,89090,89089,89090,1
walking,89102,89090,89102,12
rising,89154,89102,89154,52
climbing,89215,89154,89215,61
sniffing,89240,89215,89240,25
walking,89266,89240,89266,26
climbing,89287,89266,89287,21
rising,89338,89287,89338,51
climbing,89399,89338,89399,61
left_turning,89499,89399,89499,100
sniffing,89513,89499,89513,14
climbing,89552,89513,89552,39
sniffing,89755,89552,89755,203
left_turning,89756,89755,89756,1
walking,89783,89756,89783,27
rising,89846,89783,89846,63
sniffing,89858,89846,89858,12
stepping,89877,89858,89877,19
walking,89910,89877,89910,33
rearing,89931,89910,89931,21
sniffing,89932,89931,89932,1
right_turning,89971,89932,89971,39
trotting,89986,89971,89986,15
sniffing,90019,89986,90019,33
grooming,90020,90019,90020,1
climbing,90077,90020,90077,57
stepping,90108,90077,90108,31
sniffing,90217,90108,90217,109
left_turning,90218,90217,90218,1
sniffing,90294,90218,90294,76
stepping,90313,90294,90313,19
walking,90357,90313,90357,44
rising,90414,90357,90414,57
sniffing,90480,90414,90480,66
trotting,90503,90480,90503,23
rearing,90552,90503,90552,49
grooming,90553,90552,90553,1
rearing,90616,90553,90616,63
rising,90660,90616,90660,44
walking,90693,90660,90693,33
rising,90728,90693,90728,35
sniffing,90792,90728,90792,64
walking,90844,90792,90844,52
hunching,91041,90844,91041,197
right_turning,91081,91041,91081,40
trotting,91118,91081,91118,37
rising,91121,91118,91121,3
rearing,91148,91121,91148,27
rising,91156,91148,91156,8
trotting,91187,91156,91187,31
right_turning,91188,91187,91188,1
trotting,91189,91188,91189,1
walking,91190,91189,91190,1
climbing,91234,91190,91234,44
sniffing,91341,91234,91341,107
pausing,91817,91341,91817,476
sniffing,91858,91817,91858,41
trotting,91883,91858,91883,25
rising,91984,91883,91984,101
sniffing,92070,91984,92070,86
climbing,92151,92070,92151,81
walking,92161,92151,92161,10
sniffing,92218,92161,92218,57
rising,92280,92218,92280,62
trotting,92313,92280,92313,33
walking,92385,92313,92385,72
sniffing,92500,92385,92500,115
right_turning,92519,92500,92519,19
walking,92589,92519,92589,70
rearing,92605,92589,92605,16
left_turning,92622,92605,92622,17
sniffing,92654,92622,92654,32
rising,92670,92654,92670,16
climbing,92726,92670,92726,56
rearing,92727,92726,92727,1
climbing,92778,92727,92778,51
rising,92800,92778,92800,22
sniffing,92954,92800,92954,154
climbing,93011,92954,93011,57
sniffing,93111,93011,93111,100
grooming,93245,93111,93245,134
sniffing,93361,93245,93361,116
left_turning,93479,93361,93479,118
sniffing,93480,93479,93480,1
left_turning,93519,93480,93519,39
rising,93556,93519,93556,37
climbing,93604,93556,93604,48
walking,93646,93604,93646,42
sniffing,93771,93646,93771,125
left_turning,93772,93771,93772,1
climbing,93799,93772,93799,27
rising,93820,93799,93820,21
rearing,93821,93820,93821,1
walking,93822,93821,93822,1
sniffing,93921,93822,93921,99
rising,93926,93921,93926,5
right_turning,93974,93926,93974,48
sniffing,94017,93974,94017,43
rising,94083,94017,94083,66
sniffing,94210,94083,94210,127
rising,94278,94210,94278,68
sniffing,94314,94278,94314,36
rising,94330,94314,94330,16
climbing,94348,94330,94348,18
right_turning,94376,94348,94376,28
walking,94440,94376,94440,64
sniffing,94450,94440,94450,10
walking,94482,94450,94482,32
sniffing,94589,94482,94589,107
rising,94599,94589,94599,10
sniffing,94600,94599,94600,1
left_turning,94640,94600,94640,40
sniffing,94688,94640,94688,48
climbing,94726,94688,94726,38
rising,94779,94726,94779,53
sniffing,94818,94779,94818,39
walking,94853,94818,94853,35
sniffing,94854,94853,94854,1
walking,94907,94854,94907,53
sniffing,94922,94907,94922,15
left_turning,94923,94922,94923,1
walking,94941,94923,94941,18
sniffing,95140,94941,95140,199
climbing,95180,95140,95180,40
left_turning,95243,95180,95243,63
walking,95244,95243,95244,1
sniffing,95255,95244,95255,11
rising,95310,95255,95310,55
sniffing,95318,95310,95318,8
rearing,95396,95318,95396,78
climbing,95515,95396,95515,119
walking,95533,95515,95533,18
sniffing,95563,95533,95563,30
stepping,95564,95563,95564,1
walking,95596,95564,95596,32
rising,95638,95596,95638,42
sniffing,95701,95638,95701,63
rising,95702,95701,95702,1
hunching,95740,95702,95740,38
sniffing,95811,95740,95811,71
climbing,95850,95811,95850,39
rearing,95851,95850,95851,1
sniffing,95869,95851,95869,18
stepping,95917,95869,95917,48
rising,95963,95917,95963,46
climbing,96023,95963,96023,60
rearing,96086,96023,96086,63
climbing,96161,96086,96161,75
right_turning,96181,96161,96181,20
walking,96219,96181,96219,38
sniffing,96298,96219,96298,79
hunching,96299,96298,96299,1
climbing,96310,96299,96310,11
sniffing,96371,96310,96371,61
grooming,96655,96371,96655,284
left_turning,96740,96655,96740,85
walking,96770,96740,96770,30
sniffing,96786,96770,96786,16
trotting,96801,96786,96801,15
left_turning,96811,96801,96811,10
walking,96842,96811,96842,31
sniffing,96843,96842,96843,1
grooming,97036,96843,97036,193
rearing,97037,97036,97037,1
climbing,97169,97037,97169,132
rising,97176,97169,97176,7
sniffing,97211,97176,97211,35
walking,97227,97211,97227,16
stepping,97268,97227,97268,41
right_turning,97284,97268,97284,16
trotting,97306,97284,97306,22
rising,97307,97306,97307,1
right_turning,97314,97307,97314,7
running,97347,97314,97347,33
sniffing,97537,97347,97537,190
rising,97560,97537,97560,23
climbing,97629,97560,97629,69
hunching,97711,97629,97711,82
sniffing,97731,97711,97731,20
left_turning,97786,97731,97786,55
walking,97810,97786,97810,24
rising,97818,97810,97818,8
sniffing,97819,97818,97819,1
rising,97905,97819,97905,86
grooming,97983,97905,97983,78
rearing,98051,97983,98051,68
climbing,98089,98051,98089,38
rising,98103,98089,98103,14
climbing,98124,98103,98124,21
left_turning,98142,98124,98142,18
sniffing,98143,98142,98143,1
left_turning,98180,98143,98180,37
sniffing,98181,98180,98181,1
left_turning,98182,98181,98182,1
sniffing,98199,98182,98199,17
rising,98218,98199,98218,19
sniffing,98233,98218,98233,15
right_turning,98272,98233,98272,39
walking,98307,98272,98307,35
sniffing,98320,98307,98320,13
walking,98321,98320,98321,1
left_turning,98384,98321,98384,63
sniffing,98385,98384,98385,1
walking,98417,98385,98417,32
climbing,98418,98417,98418,1
rearing,98448,98418,98448,30
left_turning,98491,98448,98491,43
sniffing,98521,98491,98521,30
grooming,98530,98521,98530,9
sniffing,98585,98530,98585,55
stepping,98586,98585,98586,1
sniffing,98703,98586,98703,117
walking,98760,98703,98760,57
stepping,98768,98760,98768,8
sniffing,98830,98768,98830,62
walking,98869,98830,98869,39
climbing,98904,98869,98904,35
walking,98909,98904,98909,5
stepping,98982,98909,98982,73
walking,99000,98982,99000,18
sniffing,99024,99000,99024,24
left_turning,99090,99024,99090,66
pausing,99091,99090,99091,1
walking,99116,99091,99116,25
hunching,99117,99116,99117,1
grooming,99176,99117,99176,59
rising,99190,99176,99190,14
grooming,99285,99190,99285,95
rearing,99382,99285,99382,97
sniffing,99383,99382,99383,1
trotting,99384,99383,99384,1
right_turning,99428,99384,99428,44
rearing,99429,99428,99429,1
walking,99448,99429,99448,19
sniffing,99453,99448,99453,5
grooming,99461,99453,99461,8
sniffing,99528,99461,99528,67
trotting,99561,99528,99561,33
sniffing,99646,99561,99646,85
stepping,99698,99646,99698,52
trotting,99720,99698,99720,22
sniffing,99755,99720,99755,35
grooming,99968,99755,99968,213
climbing,100088,99968,100088,120
rising,100089,100088,100089,1
trotting,100118,100089,100118,29
walking,100150,100118,100150,32
rearing,100151,100150,100151,1
walking,100161,100151,100161,10
sniffing,100162,100161,100162,1
walking,100188,100162,100188,26
rearing,100189,100188,100189,1
climbing,100247,100189,100247,58
right_turning,100275,100247,100275,28
sniffing,100328,100275,100328,53
hunching,100359,100328,100359,31
climbing,100441,100359,100441,82
grooming,100519,100441,100519,78
right_turning,100523,100519,100523,4
sniffing,100608,100523,100608,85
rising,100609,100608,100609,1
right_turning,100624,100609,100624,15
stepping,100625,100624,100625,1
walking,100662,100625,100662,37
rising,100694,100662,100694,32
sniffing,100759,100694,100759,65
rising,100760,100759,100760,1
climbing,100795,100760,100795,35
rearing,100860,100795,100860,65
rising,100873,100860,100873,13
grooming,101150,100873,101150,277
sniffing,101198,101150,101198,48
rising,101199,101198,101199,1
sniffing,101316,101199,101316,117
left_turning,101391,101316,101391,75
rising,101469,101391,101469,78
climbing,101470,101469,101470,1
rising,101523,101470,101523,53
climbing,101524,101523,101524,1
right_turning,101565,101524,101565,41
walking,101585,101565,101585,20
trotting,101608,101585,101608,23
stepping,101609,101608,101609,1
sniffing,101610,101609,101610,1
rising,101650,101610,101650,40
sniffing,101690,101650,101690,40
left_turning,101700,101690,101700,10
sniffing,101802,101700,101802,102
walking,101803,101802,101803,1
sniffing,101804,101803,101804,1
right_turning,101819,101804,101819,15
walking,101894,101819,101894,75
sniffing,101930,101894,101930,36
rising,101963,101930,101963,33
sniffing,101998,101963,101998,35
walking,102047,101998,102047,49
sniffing,102076,102047,102076,29
walking,102077,102076,102077,1
sniffing,102128,102077,102128,51
grooming,102362,102128,102362,234
rearing,102430,102362,102430,68
sniffing,102555,102430,102555,125
left_turning,102631,102555,102631,76
rising,102650,102631,102650,19
stepping,102675,102650,102675,25
sniffing,102756,102675,102756,81
walking,102792,102756,102792,36
left_turning,102816,102792,102816,24
sniffing,102895,102816,102895,79
rising,102945,102895,102945,50
stepping,102981,102945,102981,36
walking,103019,102981,103019,38
trotting,103036,103019,103036,17
sniffing,103090,103036,103090,54
right_turning,103103,103090,103103,13
sniffing,103224,103103,103224,121
rearing,103290,103224,103290,66
walking,103291,103290,103291,1
rising,103296,103291,103296,5
climbing,103297,103296,103297,1
stepping,103333,103297,103333,36
climbing,103361,103333,103361,28
walking,103419,103361,103419,58
right_turning,103429,103419,103429,10
walking,103466,103429,103466,37
rising,103467,103466,103467,1
sniffing,103552,103467,103552,85
trotting,103596,103552,103596,44
sniffing,103600,103596,103600,4
grooming,103601,103600,103601,1
climbing,103602,103601,103602,1
pausing,103603,103602,103603,1
sniffing,103620,103603,103620,17
pausing,103621,103620,103621,1
sniffing,103622,103621,103622,1
rising,103674,103622,103674,52
climbing,103702,103674,103702,28
rearing,103733,103702,103733,31
walking,103768,103733,103768,35
sniffing,103795,103768,103795,27
left_turning,103796,103795,103796,1
walking,103826,103796,103826,30
stepping,103833,103826,103833,7
left_turning,103834,103833,103834,1
sniffing,103900,103834,103900,66
climbing,103949,103900,103949,49
rising,104009,103949,104009,60
climbing,104010,104009,104010,1
rising,104043,104010,104043,33
climbing,104051,104043,104051,8
rearing,104069,104051,104069,18
rising,104070,104069,104070,1
sniffing,104071,104070,104071,1
pausing,104072,104071,104072,1
sniffing,104073,104072,104073,1
walking,104127,104073,104127,54
rising,104175,104127,104175,48
sniffing,104176,104175,104176,1
rising,104215,104176,104215,39
sniffing,104343,104215,104343,128
rearing,104381,104343,104381,38
sniffing,104382,104381,104382,1
rising,104454,104382,104454,72
sniffing,104465,104454,104465,11
grooming,104466,104465,104466,1
rearing,104476,104466,104476,10
rising,104477,104476,104477,1
climbing,104542,104477,104542,65
grooming,104590,104542,104590,48
left_turning,104631,104590,104631,41
stepping,104652,104631,104652,21
sniffing,104703,104652,104703,51
rearing,104708,104703,104708,5
sniffing,104709,104708,104709,1
left_turning,104816,104709,104816,107
rising,104817,104816,104817,1
climbing,104863,104817,104863,46
grooming,105009,104863,105009,146
sniffing,105033,105009,105033,24
trotting,105062,105033,105062,29
sniffing,105146,105062,105146,84
climbing,105229,105146,105229,83
rearing,105230,105229,105230,1
sniffing,105234,105230,105234,4
rising,105248,105234,105248,14
trotting,105313,105248,105313,65
sniffing,105315,105313,105315,2
stepping,105372,105315,105372,57
sniffing,105421,105372,105421,49
pausing,105422,105421,105422,1
sniffing,105430,105422,105430,8
walking,105493,105430,105493,63
sniffing,105581,105493,105581,88
rearing,105582,105581,105582,1
climbing,105639,105582,105639,57
rising,105677,105639,105677,38
sniffing,105727,105677,105727,50
walking,105749,105727,105749,22
rising,105833,105749,105833,84
climbing,105892,105833,105892,59
grooming,105989,105892,105989,97
sniffing,106022,105989,106022,33
climbing,106123,106022,106123,101
right_turning,106147,106123,106147,24
walking,106180,106147,106180,33
sniffing,106341,106180,106341,161
stepping,106376,106341,106376,35
rising,106454,106376,106454,78
left_turning,106629,106454,106629,175
sniffing,106705,106629,106705,76
rising,106770,106705,106770,65
rearing,106828,106770,106828,58
sniffing,106846,106828,106846,18
pausing,106847,106846,106847,1
sniffing,106877,106847,106877,30
rising,106961,106877,106961,84
hunching,106962,106961,106962,1
sniffing,107155,106962,107155,193
right_turning,107156,107155,107156,1
walking,107206,107156,107206,50
rising,107233,107206,107233,27
pausing,107234,107233,107234,1
sniffing,107319,107234,107319,85
right_turning,107341,107319,107341,22
stepping,107378,107341,107378,37
rising,107379,107378,107379,1
sniffing,107515,107379,107515,136
left_turning,107537,107515,107537,22
running,107559,107537,107559,22
sniffing,107575,107559,107575,16
left_turning,107589,107575,107589,14
walking,107597,107589,107597,8
sniffing,107598,107597,107598,1
rising,107620,107598,107620,22
climbing,107636,107620,107636,16
right_turning,107651,107636,107651,15
walking,107731,107651,107731,80
sniffing,107732,107731,107732,1
left_turning,107760,107732,107760,28
sniffing,107831,107760,107831,71
grooming,108000,107831,108000,169
