revised_movement_label,segBoundary,segBoundary_start,segBoundary_end,length
trotting,58,0,58,58
left_turning,79,58,79,21
running,95,79,95,16
trotting,112,95,112,17
left_turning,117,112,117,5
climbing,160,117,160,43
sniffing,166,160,166,6
walking,194,166,194,28
sniffing,442,194,442,248
pausing,443,442,443,1
sniffing,498,443,498,55
left_turning,509,498,509,11
running,517,509,517,8
rising,558,517,558,41
walking,621,558,621,63
sniffing,622,621,622,1
climbing,631,622,631,9
walking,688,631,688,57
sniffing,693,688,693,5
walking,709,693,709,16
trotting,714,709,714,5
walking,724,714,724,10
right_turning,732,724,732,8
sniffing,733,732,733,1
left_turning,754,733,754,21
sniffing,786,754,786,32
stepping,799,786,799,13
sniffing,800,799,800,1
right_turning,826,800,826,26
running,847,826,847,21
walking,921,847,921,74
left_turning,987,921,987,66
sniffing,1075,987,1075,88
walking,1124,1075,1124,49
climbing,1160,1124,1160,36
sniffing,1217,1160,1217,57
running,1226,1217,1226,9
walking,1286,1226,1286,60
sniffing,1331,1286,1331,45
hunching,1383,1331,1383,52
climbing,1450,1383,1450,67
rising,1451,1450,1451,1
climbing,1509,1451,1509,58
right_turning,1552,1509,1552,43
sniffing,1571,1552,1571,19
climbing,1626,1571,1626,55
walking,1663,1626,1663,37
sniffing,1728,1663,1728,65
rising,1743,1728,1743,15
sniffing,1847,1743,1847,104
rising,1910,1847,1910,63
climbing,1947,1910,1947,37
trotting,1969,1947,1969,22
sniffing,1975,1969,1975,6
walking,2038,1975,2038,63
rising,2056,2038,2056,18
climbing,2108,2056,2108,52
left_turning,2135,2108,2135,27
climbing,2141,2135,2141,6
running,2156,2141,2156,15
rising,2234,2156,2234,78
climbing,2300,2234,2300,66
sniffing,2301,2300,2301,1
rising,2302,2301,2302,1
climbing,2343,2302,2343,41
walking,2344,2343,2344,1
sniffing,2348,2344,2348,4
walking,2351,2348,2351,3
climbing,2386,2351,2386,35
sniffing,2395,2386,2395,9
right_turning,2415,2395,2415,20
walking,2456,2415,2456,41
trotting,2460,2456,2460,4
sniffing,2566,2460,2566,106
right_turning,2571,2566,2571,5
walking,2594,2571,2594,23
left_turning,2639,2594,2639,45
walking,2655,2639,2655,16
sniffing,2664,2655,2664,9
walking,2665,2664,2665,1
climbing,2687,2665,2687,22
right_turning,2710,2687,2710,23
trotting,2728,2710,2728,18
walking,2798,2728,2798,70
sniffing,2868,2798,2868,70
climbing,2931,2868,2931,63
sniffing,2934,2931,2934,3
rising,2968,2934,2968,34
sniffing,3039,2968,3039,71
hunching,3134,3039,3134,95
climbing,3204,3134,3204,70
walking,3305,3204,3305,101
sniffing,3365,3305,3365,60
climbing,3381,3365,3381,16
rising,3477,3381,3477,96
climbing,3521,3477,3521,44
sniffing,3569,3521,3569,48
rising,3611,3569,3611,42
climbing,3648,3611,3648,37
sniffing,3693,3648,3693,45
right_turning,3722,3693,3722,29
walking,3846,3722,3846,124
climbing,3870,3846,3870,24
sniffing,3894,3870,3894,24
climbing,3944,3894,3944,50
walking,3971,3944,3971,27
sniffing,3981,3971,3981,10
climbing,4017,3981,4017,36
left_turning,4039,4017,4039,22
right_turning,4058,4039,4058,19
rising,4068,4058,4068,10
climbing,4132,4068,4132,64
sniffing,4138,4132,4138,6
walking,4153,4138,4153,15
sniffing,4272,4153,4272,119
trotting,4283,4272,4283,11
walking,4323,4283,4323,40
stepping,4352,4323,4352,29
rising,4377,4352,4377,25
sniffing,4381,4377,4381,4
climbing,4423,4381,4423,42
left_turning,4485,4423,4485,62
walking,4524,4485,4524,39
trotting,4583,4524,4583,59
walking,4599,4583,4599,16
rising,4600,4599,4600,1
sniffing,4629,4600,4629,29
walking,4662,4629,4662,33
stepping,4679,4662,4679,17
sniffing,4793,4679,4793,114
left_turning,4815,4793,4815,22
running,4834,4815,4834,19
rising,4864,4834,4864,30
climbing,4877,4864,4877,13
walking,4982,4877,4982,105
rising,4993,4982,4993,11
right_turning,5007,4993,5007,14
left_turning,5023,5007,5023,16
sniffing,5024,5023,5024,1
walking,5040,5024,5040,16
climbing,5087,5040,5087,47
left_turning,5088,5087,5088,1
sniffing,5146,5088,5146,58
rising,5147,5146,5147,1
sniffing,5148,5147,5148,1
climbing,5185,5148,5185,37
sniffing,5299,5185,5299,114
right_turning,5314,5299,5314,15
running,5356,5314,5356,42
rising,5418,5356,5418,62
sniffing,5475,5418,5475,57
walking,5489,5475,5489,14
sniffing,5523,5489,5523,34
walking,5564,5523,5564,41
sniffing,5635,5564,5635,71
climbing,5670,5635,5670,35
walking,5683,5670,5683,13
sniffing,5684,5683,5684,1
climbing,5717,5684,5717,33
trotting,5747,5717,5747,30
sniffing,5748,5747,5748,1
trotting,5753,5748,5753,5
sniffing,5795,5753,5795,42
trotting,5820,5795,5820,25
walking,5845,5820,5845,25
climbing,5897,5845,5897,52
sniffing,5952,5897,5952,55
walking,5998,5952,5998,46
sniffing,6012,5998,6012,14
hunching,6013,6012,6013,1
right_turning,6054,6013,6054,41
sniffing,6091,6054,6091,37
rising,6139,6091,6139,48
climbing,6195,6139,6195,56
right_turning,6217,6195,6217,22
sniffing,6239,6217,6239,22
walking,6264,6239,6264,25
climbing,6306,6264,6306,42
walking,6327,6306,6327,21
sniffing,6328,6327,6328,1
walking,6358,6328,6358,30
sniffing,6359,6358,6359,1
rising,6378,6359,6378,19
walking,6459,6378,6459,81
stepping,6482,6459,6482,23
trotting,6514,6482,6514,32
walking,6538,6514,6538,24
left_turning,6567,6538,6567,29
walking,6585,6567,6585,18
trotting,6610,6585,6610,25
climbing,6648,6610,6648,38
trotting,6660,6648,6660,12
walking,6681,6660,6681,21
sniffing,6715,6681,6715,34
trotting,6742,6715,6742,27
left_turning,6755,6742,6755,13
running,6789,6755,6789,34
walking,6810,6789,6810,21
sniffing,6811,6810,6811,1
climbing,6843,6811,6843,32
walking,6908,6843,6908,65
climbing,6970,6908,6970,62
sniffing,6971,6970,6971,1
climbing,6987,6971,6987,16
rising,7014,6987,7014,27
climbing,7051,7014,7051,37
sniffing,7107,7051,7107,56
rising,7108,7107,7108,1
walking,7122,7108,7122,14
sniffing,7192,7122,7192,70
trotting,7201,7192,7201,9
walking,7236,7201,7236,35
sniffing,7243,7236,7243,7
climbing,7276,7243,7276,33
sniffing,7309,7276,7309,33
rising,7395,7309,7395,86
climbing,7432,7395,7432,37
stepping,7457,7432,7457,25
sniffing,7483,7457,7483,26
walking,7512,7483,7512,29
sniffing,7608,7512,7608,96
rising,8002,7608,8002,394
sniffing,8041,8002,8041,39
rising,8045,8041,8045,4
sniffing,8103,8045,8103,58
right_turning,8117,8103,8117,14
trotting,8137,8117,8137,20
left_turning,8189,8137,8189,52
sniffing,8270,8189,8270,81
rising,8341,8270,8341,71
climbing,8376,8341,8376,35
sniffing,8377,8376,8377,1
climbing,8383,8377,8383,6
walking,8384,8383,8384,1
rising,8409,8384,8409,25
climbing,8486,8409,8486,77
sniffing,8487,8486,8487,1
left_turning,8561,8487,8561,74
sniffing,8664,8561,8664,103
rising,8665,8664,8665,1
sniffing,8666,8665,8666,1
pausing,8667,8666,8667,1
sniffing,8681,8667,8681,14
rising,8752,8681,8752,71
walking,8788,8752,8788,36
sniffing,8789,8788,8789,1
walking,8877,8789,8877,88
left_turning,8878,8877,8878,1
walking,8946,8878,8946,68
trotting,8969,8946,8969,23
running,8991,8969,8991,22
trotting,9046,8991,9046,55
walking,9079,9046,9079,33
sniffing,9087,9079,9087,8
climbing,9141,9087,9141,54
sniffing,9142,9141,9142,1
rising,9210,9142,9210,68
climbing,9251,9210,9251,41
rising,9333,9251,9333,82
stepping,9358,9333,9358,25
walking,9359,9358,9359,1
rising,9360,9359,9360,1
stepping,9402,9360,9402,42
sniffing,9403,9402,9403,1
left_turning,9434,9403,9434,31
walking,9435,9434,9435,1
right_turning,9441,9435,9441,6
walking,9471,9441,9471,30
rising,9472,9471,9472,1
left_turning,9504,9472,9504,32
sniffing,9554,9504,9554,50
trotting,9561,9554,9561,7
walking,9650,9561,9650,89
left_turning,9662,9650,9662,12
trotting,9677,9662,9677,15
rising,9691,9677,9691,14
climbing,9762,9691,9762,71
sniffing,9763,9762,9763,1
left_turning,9815,9763,9815,52
walking,9852,9815,9852,37
sniffing,9888,9852,9888,36
climbing,9911,9888,9911,23
trotting,9930,9911,9930,19
sniffing,9983,9930,9983,53
walking,10045,9983,10045,62
sniffing,10118,10045,10118,73
rising,10219,10118,10219,101
left_turning,10299,10219,10299,80
stepping,10332,10299,10332,33
walking,10342,10332,10342,10
climbing,10349,10342,10349,7
walking,10452,10349,10452,103
trotting,10487,10452,10487,35
walking,10502,10487,10502,15
sniffing,10525,10502,10525,23
left_turning,10551,10525,10551,26
sniffing,10605,10551,10605,54
rising,10606,10605,10606,1
sniffing,10607,10606,10607,1
right_turning,10618,10607,10618,11
trotting,10646,10618,10646,28
walking,10738,10646,10738,92
climbing,10839,10738,10839,101
hunching,10894,10839,10894,55
rearing,11116,10894,11116,222
climbing,11186,11116,11186,70
rearing,11199,11186,11199,13
walking,11290,11199,11290,91
rising,11291,11290,11291,1
right_turning,11309,11291,11309,18
sniffing,11429,11309,11429,120
right_turning,11441,11429,11441,12
running,11450,11441,11450,9
left_turning,11458,11450,11458,8
walking,11473,11458,11473,15
running,11494,11473,11494,21
trotting,11495,11494,11495,1
walking,11527,11495,11527,32
left_turning,11545,11527,11545,18
sniffing,11560,11545,11560,15
hunching,11630,11560,11630,70
sniffing,11647,11630,11647,17
rising,11648,11647,11648,1
stepping,11660,11648,11660,12
trotting,11678,11660,11678,18
running,11707,11678,11707,29
walking,11757,11707,11757,50
sniffing,11794,11757,11794,37
walking,11849,11794,11849,55
sniffing,11850,11849,11850,1
climbing,11892,11850,11892,42
sniffing,11906,11892,11906,14
rising,11907,11906,11907,1
walking,11908,11907,11908,1
sniffing,11911,11908,11911,3
hunching,12012,11911,12012,101
right_turning,12013,12012,12013,1
stepping,12026,12013,12026,13
sniffing,12033,12026,12033,7
trotting,12063,12033,12063,30
sniffing,12114,12063,12114,51
rising,12178,12114,12178,64
climbing,12286,12178,12286,108
rising,12358,12286,12358,72
sniffing,12459,12358,12459,101
walking,12494,12459,12494,35
sniffing,12549,12494,12549,55
climbing,12573,12549,12573,24
left_turning,12580,12573,12580,7
rearing,12618,12580,12618,38
sniffing,12619,12618,12619,1
walking,12653,12619,12653,34
sniffing,12657,12653,12657,4
climbing,12718,12657,12718,61
walking,12756,12718,12756,38
sniffing,12759,12756,12759,3
walking,12792,12759,12792,33
sniffing,12864,12792,12864,72
walking,12888,12864,12888,24
climbing,12918,12888,12918,30
right_turning,12926,12918,12926,8
walking,12984,12926,12984,58
sniffing,13003,12984,13003,19
climbing,13074,13003,13074,71
running,13079,13074,13079,5
left_turning,13117,13079,13117,38
sniffing,13118,13117,13118,1
stepping,13119,13118,13119,1
climbing,13165,13119,13165,46
sniffing,13190,13165,13190,25
left_turning,13214,13190,13214,24
sniffing,13222,13214,13222,8
climbing,13273,13222,13273,51
right_turning,13310,13273,13310,37
trotting,13360,13310,13360,50
climbing,13385,13360,13385,25
sniffing,13386,13385,13386,1
walking,13406,13386,13406,20
rising,13426,13406,13426,20
walking,13468,13426,13468,42
sniffing,13521,13468,13521,53
walking,13578,13521,13578,57
trotting,13605,13578,13605,27
climbing,13648,13605,13648,43
rising,13687,13648,13687,39
sniffing,13701,13687,13701,14
rising,13753,13701,13753,52
sniffing,13770,13753,13770,17
climbing,13812,13770,13812,42
sniffing,13814,13812,13814,2
rising,13816,13814,13816,2
right_turning,13825,13816,13825,9
walking,13827,13825,13827,2
climbing,13836,13827,13836,9
rearing,13852,13836,13852,16
sniffing,13853,13852,13853,1
rising,13898,13853,13898,45
climbing,13924,13898,13924,26
rising,13961,13924,13961,37
climbing,13993,13961,13993,32
right_turning,14004,13993,14004,11
climbing,14040,14004,14040,36
rising,14060,14040,14060,20
left_turning,14132,14060,14132,72
climbing,14181,14132,14181,49
sniffing,14244,14181,14244,63
climbing,14275,14244,14275,31
rising,14503,14275,14503,228
sniffing,14586,14503,14586,83
walking,14621,14586,14621,35
sniffing,14622,14621,14622,1
left_turning,14675,14622,14675,53
sniffing,14706,14675,14706,31
rising,14707,14706,14707,1
sniffing,14717,14707,14717,10
walking,14729,14717,14729,12
sniffing,14730,14729,14730,1
rising,14731,14730,14731,1
climbing,14807,14731,14807,76
left_turning,14856,14807,14856,49
sniffing,14857,14856,14857,1
walking,14889,14857,14889,32
sniffing,15001,14889,15001,112
walking,15019,15001,15019,18
sniffing,15053,15019,15053,34
rising,15054,15053,15054,1
running,15069,15054,15069,15
walking,15094,15069,15094,25
right_turning,15102,15094,15102,8
rising,15162,15102,15162,60
sniffing,15188,15162,15188,26
rising,15224,15188,15224,36
climbing,15305,15224,15305,81
sniffing,15386,15305,15386,81
climbing,15391,15386,15391,5
walking,15404,15391,15404,13
sniffing,15405,15404,15405,1
walking,15421,15405,15421,16
sniffing,15541,15421,15541,120
walking,15575,15541,15575,34
right_turning,15609,15575,15609,34
stepping,15638,15609,15638,29
walking,15651,15638,15651,13
left_turning,15693,15651,15693,42
rising,15711,15693,15711,18
right_turning,15748,15711,15748,37
sniffing,15788,15748,15788,40
rising,15789,15788,15789,1
sniffing,15846,15789,15846,57
climbing,15904,15846,15904,58
rising,15992,15904,15992,88
sniffing,16040,15992,16040,48
hunching,16107,16040,16107,67
rearing,16326,16107,16326,219
sniffing,16327,16326,16327,1
walking,16328,16327,16328,1
sniffing,16361,16328,16361,33
right_turning,16398,16361,16398,37
trotting,16447,16398,16447,49
right_turning,16486,16447,16486,39
stepping,16505,16486,16505,19
trotting,16506,16505,16506,1
right_turning,16522,16506,16522,16
sniffing,16561,16522,16561,39
right_turning,16586,16561,16586,25
rising,16587,16586,16587,1
sniffing,16588,16587,16588,1
trotting,16618,16588,16618,30
walking,16622,16618,16622,4
climbing,16623,16622,16623,1
sniffing,16661,16623,16661,38
trotting,16679,16661,16679,18
sniffing,16700,16679,16700,21
stepping,16721,16700,16721,21
rising,16768,16721,16768,47
sniffing,16840,16768,16840,72
left_turning,16904,16840,16904,64
sniffing,16993,16904,16993,89
left_turning,17030,16993,17030,37
climbing,17093,17030,17093,63
left_turning,17131,17093,17131,38
sniffing,17165,17131,17165,34
climbing,17205,17165,17205,40
right_turning,17241,17205,17241,36
sniffing,17339,17241,17339,98
left_turning,17430,17339,17430,91
running,17444,17430,17444,14
walking,17492,17444,17492,48
sniffing,17493,17492,17493,1
rising,17518,17493,17518,25
climbing,17559,17518,17559,41
sniffing,17669,17559,17669,110
walking,17683,17669,17683,14
sniffing,17755,17683,17755,72
climbing,17794,17755,17794,39
left_turning,17795,17794,17795,1
sniffing,17828,17795,17828,33
trotting,17833,17828,17833,5
sniffing,17860,17833,17860,27
right_turning,17863,17860,17863,3
hunching,17910,17863,17910,47
sniffing,17932,17910,17932,22
trotting,17975,17932,17975,43
sniffing,18054,17975,18054,79
left_turning,18055,18054,18055,1
stepping,18056,18055,18056,1
hunching,18217,18056,18217,161
sniffing,18334,18217,18334,117
climbing,18412,18334,18412,78
rising,18436,18412,18436,24
right_turning,18463,18436,18463,27
sniffing,18557,18463,18557,94
rising,18581,18557,18581,24
sniffing,18592,18581,18592,11
climbing,18669,18592,18669,77
sniffing,18764,18669,18764,95
walking,18768,18764,18768,4
climbing,18788,18768,18788,20
sniffing,18789,18788,18789,1
climbing,18837,18789,18837,48
rising,18907,18837,18907,70
climbing,18908,18907,18908,1
trotting,18920,18908,18920,12
rising,19012,18920,19012,92
sniffing,19114,19012,19114,102
left_turning,19131,19114,19131,17
sniffing,19266,19131,19266,135
rearing,19618,19266,19618,352
climbing,19658,19618,19658,40
walking,19690,19658,19690,32
sniffing,19734,19690,19734,44
trotting,19786,19734,19786,52
stepping,19829,19786,19829,43
climbing,19900,19829,19900,71
trotting,19906,19900,19906,6
sniffing,19918,19906,19918,12
running,19936,19918,19936,18
rising,19937,19936,19937,1
sniffing,19938,19937,19938,1
left_turning,19948,19938,19948,10
sniffing,19984,19948,19984,36
walking,20008,19984,20008,24
sniffing,20036,20008,20036,28
rearing,20155,20036,20155,119
sniffing,20167,20155,20167,12
trotting,20196,20167,20196,29
left_turning,20230,20196,20230,34
sniffing,20271,20230,20271,41
left_turning,20298,20271,20298,27
trotting,20339,20298,20339,41
sniffing,20340,20339,20340,1
right_turning,20375,20340,20375,35
sniffing,20380,20375,20380,5
walking,20455,20380,20455,75
sniffing,20482,20455,20482,27
rearing,20483,20482,20483,1
sniffing,20536,20483,20536,53
rising,20537,20536,20537,1
climbing,20578,20537,20578,41
trotting,20595,20578,20595,17
sniffing,20596,20595,20596,1
hunching,20597,20596,20597,1
left_turning,20598,20597,20598,1
walking,20615,20598,20615,17
right_turning,20616,20615,20616,1
stepping,20660,20616,20660,44
hunching,20694,20660,20694,34
walking,20695,20694,20695,1
sniffing,20790,20695,20790,95
stepping,20867,20790,20867,77
sniffing,20970,20867,20970,103
stepping,21000,20970,21000,30
sniffing,21001,21000,21001,1
grooming,21002,21001,21002,1
rearing,21157,21002,21157,155
sniffing,21158,21157,21158,1
walking,21199,21158,21199,41
sniffing,21216,21199,21216,17
walking,21270,21216,21270,54
rising,21358,21270,21358,88
sniffing,21371,21358,21371,13
hunching,21488,21371,21488,117
climbing,21580,21488,21580,92
right_turning,21620,21580,21620,40
sniffing,21723,21620,21723,103
trotting,21749,21723,21749,26
walking,21776,21749,21776,27
running,21820,21776,21820,44
walking,21890,21820,21890,70
rising,21902,21890,21902,12
walking,21925,21902,21925,23
sniffing,21926,21925,21926,1
walking,21969,21926,21969,43
left_turning,22027,21969,22027,58
walking,22045,22027,22045,18
sniffing,22081,22045,22081,36
walking,22135,22081,22135,54
sniffing,22176,22135,22176,41
rising,22219,22176,22219,43
climbing,22254,22219,22254,35
walking,22275,22254,22275,21
sniffing,22302,22275,22302,27
stepping,22303,22302,22303,1
sniffing,22304,22303,22304,1
climbing,22368,22304,22368,64
rearing,22447,22368,22447,79
grooming,22575,22447,22575,128
rearing,22826,22575,22826,251
trotting,22838,22826,22838,12
sniffing,22853,22838,22853,15
trotting,22904,22853,22904,51
hunching,23183,22904,23183,279
sniffing,23222,23183,23222,39
hunching,23279,23222,23279,57
rising,23280,23279,23280,1
walking,23360,23280,23360,80
right_turning,23386,23360,23386,26
walking,23431,23386,23431,45
left_turning,23461,23431,23461,30
sniffing,23462,23461,23462,1
rising,23503,23462,23503,41
climbing,23527,23503,23527,24
grooming,23528,23527,23528,1
sniffing,23540,23528,23540,12
right_turning,23569,23540,23569,29
walking,23605,23569,23605,36
rising,23606,23605,23606,1
climbing,23674,23606,23674,68
left_turning,23704,23674,23704,30
rising,23714,23704,23714,10
climbing,23726,23714,23726,12
rising,23817,23726,23817,91
walking,23873,23817,23873,56
right_turning,23893,23873,23893,20
running,23945,23893,23945,52
walking,24007,23945,24007,62
left_turning,24052,24007,24052,45
sniffing,24119,24052,24119,67
running,24120,24119,24120,1
walking,24168,24120,24168,48
sniffing,24169,24168,24169,1
grooming,24237,24169,24237,68
rising,24239,24237,24239,2
climbing,24345,24239,24345,106
trotting,24394,24345,24394,49
walking,24416,24394,24416,22
sniffing,24452,24416,24452,36
trotting,24496,24452,24496,44
sniffing,24497,24496,24497,1
stepping,24561,24497,24561,64
climbing,24584,24561,24584,23
rising,24585,24584,24585,1
walking,24606,24585,24606,21
sniffing,24667,24606,24667,61
rearing,24668,24667,24668,1
grooming,25118,24668,25118,450
hunching,25156,25118,25156,38
right_turning,25189,25156,25189,33
stepping,25199,25189,25199,10
sniffing,25302,25199,25302,103
walking,25344,25302,25344,42
sniffing,25440,25344,25440,96
walking,25481,25440,25481,41
sniffing,25505,25481,25505,24
left_turning,25532,25505,25532,27
right_turning,25551,25532,25551,19
sniffing,25578,25551,25578,27
stepping,25579,25578,25579,1
right_turning,25623,25579,25623,44
walking,25629,25623,25629,6
sniffing,25659,25629,25659,30
left_turning,25693,25659,25693,34
sniffing,25808,25693,25808,115
rising,25809,25808,25809,1
left_turning,25826,25809,25826,17
walking,25895,25826,25895,69
sniffing,25957,25895,25957,62
rising,25976,25957,25976,19
sniffing,26015,25976,26015,39
climbing,26076,26015,26076,61
sniffing,26127,26076,26127,51
walking,26216,26127,26216,89
sniffing,26224,26216,26224,8
rising,26297,26224,26297,73
climbing,26372,26297,26372,75
walking,26388,26372,26388,16
sniffing,26481,26388,26481,93
rising,26502,26481,26502,21
climbing,26534,26502,26534,32
rising,26571,26534,26571,37
climbing,26630,26571,26630,59
sniffing,26691,26630,26691,61
rising,26856,26691,26856,165
climbing,26922,26856,26922,66
rising,26923,26922,26923,1
right_turning,26932,26923,26932,9
stepping,26948,26932,26948,16
walking,27001,26948,27001,53
sniffing,27055,27001,27055,54
left_turning,27056,27055,27056,1
rising,27057,27056,27057,1
sniffing,27219,27057,27219,162
hunching,27252,27219,27252,33
walking,27275,27252,27275,23
sniffing,27304,27275,27304,29
left_turning,27337,27304,27337,33
stepping,27345,27337,27345,8
rising,27405,27345,27405,60
climbing,27415,27405,27415,10
sniffing,27471,27415,27471,56
rising,27495,27471,27495,24
sniffing,27534,27495,27534,39
right_turning,27555,27534,27555,21
walking,27567,27555,27567,12
trotting,27595,27567,27595,28
sniffing,27652,27595,27652,57
rising,27699,27652,27699,47
climbing,27737,27699,27737,38
grooming,27801,27737,27801,64
left_turning,27857,27801,27857,56
rising,27953,27857,27953,96
walking,27996,27953,27996,43
sniffing,27997,27996,27997,1
left_turning,28034,27997,28034,37
rearing,28042,28034,28042,8
climbing,28083,28042,28083,41
rising,28090,28083,28090,7
walking,28145,28090,28145,55
trotting,28146,28145,28146,1
stepping,28191,28146,28191,45
walking,28275,28191,28275,84
sniffing,28356,28275,28356,81
left_turning,28357,28356,28357,1
walking,28358,28357,28358,1
sniffing,28410,28358,28410,52
running,28420,28410,28420,10
sniffing,28453,28420,28453,33
walking,28469,28453,28469,16
climbing,28510,28469,28510,41
running,28564,28510,28564,54
walking,28591,28564,28591,27
sniffing,28653,28591,28653,62
walking,28686,28653,28686,33
rising,28706,28686,28706,20
sniffing,28747,28706,28747,41
rising,28773,28747,28773,26
trotting,28796,28773,28796,23
rising,28797,28796,28797,1
climbing,28852,28797,28852,55
right_turning,28886,28852,28886,34
walking,28927,28886,28927,41
sniffing,28966,28927,28966,39
right_turning,28976,28966,28976,10
walking,29021,28976,29021,45
jumping,29082,29021,29082,61
sniffing,29104,29082,29104,22
trotting,29128,29104,29128,24
hunching,29154,29128,29154,26
rearing,29366,29154,29366,212
climbing,29388,29366,29388,22
sniffing,29389,29388,29389,1
stepping,29400,29389,29400,11
left_turning,29428,29400,29428,28
climbing,29431,29428,29431,3
sniffing,29525,29431,29525,94
trotting,29580,29525,29580,55
walking,29581,29580,29581,1
running,29618,29581,29618,37
walking,29668,29618,29668,50
climbing,29739,29668,29739,71
walking,29776,29739,29776,37
rearing,29880,29776,29880,104
left_turning,29897,29880,29897,17
sniffing,29961,29897,29961,64
rearing,29962,29961,29962,1
rising,29963,29962,29963,1
climbing,30051,29963,30051,88
rearing,30111,30051,30111,60
grooming,30664,30111,30664,553
right_turning,30692,30664,30692,28
trotting,30737,30692,30737,45
running,30738,30737,30738,1
walking,30777,30738,30777,39
left_turning,30822,30777,30822,45
sniffing,30871,30822,30871,49
pausing,30872,30871,30872,1
sniffing,30908,30872,30908,36
pausing,30909,30908,30909,1
sniffing,30910,30909,30910,1
right_turning,30927,30910,30927,17
walking,30979,30927,30979,52
sniffing,31018,30979,31018,39
left_turning,31040,31018,31040,22
stepping,31060,31040,31060,20
sniffing,31117,31060,31117,57
walking,31172,31117,31172,55
sniffing,31210,31172,31210,38
walking,31220,31210,31220,10
left_turning,31290,31220,31290,70
rising,31316,31290,31316,26
trotting,31356,31316,31356,40
sniffing,31394,31356,31394,38
climbing,31431,31394,31431,37
rising,31437,31431,31437,6
hunching,31438,31437,31438,1
right_turning,31462,31438,31462,24
rising,31487,31462,31487,25
climbing,31521,31487,31521,34
sniffing,31566,31521,31566,45
walking,31604,31566,31604,38
rising,31623,31604,31623,19
rearing,31749,31623,31749,126
running,31780,31749,31780,31
sniffing,31910,31780,31910,130
left_turning,32016,31910,32016,106
sniffing,32063,32016,32063,47
walking,32102,32063,32102,39
trotting,32124,32102,32124,22
walking,32159,32124,32159,35
sniffing,32198,32159,32198,39
left_turning,32252,32198,32252,54
running,32266,32252,32266,14
stepping,32271,32266,32271,5
trotting,32298,32271,32298,27
left_turning,32345,32298,32345,47
sniffing,32424,32345,32424,79
rising,32452,32424,32452,28
walking,32453,32452,32453,1
sniffing,32463,32453,32463,10
stepping,32498,32463,32498,35
walking,32499,32498,32499,1
sniffing,32599,32499,32599,100
walking,32629,32599,32629,30
rising,32739,32629,32739,110
walking,32807,32739,32807,68
stepping,32808,32807,32808,1
walking,32854,32808,32854,46
sniffing,32947,32854,32947,93
right_turning,32973,32947,32973,26
sniffing,32974,32973,32974,1
left_turning,33032,32974,33032,58
walking,33035,33032,33035,3
sniffing,33088,33035,33088,53
rising,33144,33088,33144,56
sniffing,33173,33144,33173,29
rising,33233,33173,33233,60
climbing,33322,33233,33322,89
rearing,33372,33322,33372,50
climbing,33432,33372,33432,60
hunching,33438,33432,33438,6
sniffing,33452,33438,33452,14
climbing,33552,33452,33552,100
rising,33930,33552,33930,378
walking,33933,33930,33933,3
sniffing,33961,33933,33961,28
left_turning,34019,33961,34019,58
walking,34063,34019,34063,44
trotting,34085,34063,34085,22
walking,34119,34085,34119,34
left_turning,34120,34119,34120,1
climbing,34121,34120,34121,1
rearing,34200,34121,34200,79
walking,34201,34200,34201,1
sniffing,34243,34201,34243,42
rising,34278,34243,34278,35
climbing,34333,34278,34333,55
walking,34374,34333,34374,41
jumping,34435,34374,34435,61
walking,34452,34435,34452,17
sniffing,34501,34452,34501,49
stepping,34569,34501,34569,68
rising,34584,34569,34584,15
walking,34652,34584,34652,68
running,34672,34652,34672,20
walking,34709,34672,34709,37
climbing,34725,34709,34725,16
rising,34774,34725,34774,49
sniffing,34845,34774,34845,71
rising,34846,34845,34846,1
rearing,34876,34846,34876,30
climbing,34877,34876,34877,1
trotting,34915,34877,34915,38
sniffing,34975,34915,34975,60
climbing,35028,34975,35028,53
rising,35029,35028,35029,1
sniffing,35145,35029,35145,116
hunching,35202,35145,35202,57
rising,35278,35202,35278,76
climbing,35303,35278,35303,25
rising,35352,35303,35352,49
jumping,35399,35352,35399,47
rising,35400,35399,35400,1
stepping,35427,35400,35427,27
walking,35470,35427,35470,43
rising,35479,35470,35479,9
climbing,35525,35479,35525,46
rearing,35626,35525,35626,101
climbing,35627,35626,35627,1
rearing,35686,35627,35686,59
sniffing,35739,35686,35739,53
grooming,35806,35739,35806,67
sniffing,35821,35806,35821,15
left_turning,35873,35821,35873,52
sniffing,35874,35873,35874,1
climbing,35922,35874,35922,48
walking,35924,35922,35924,2
sniffing,35925,35924,35925,1
rising,35926,35925,35926,1
sniffing,36011,35926,36011,85
climbing,36064,36011,36064,53
trotting,36074,36064,36074,10
rising,36084,36074,36084,10
sniffing,36110,36084,36110,26
rising,36137,36110,36137,27
sniffing,36180,36137,36180,43
hunching,36232,36180,36232,52
sniffing,36282,36232,36282,50
grooming,36283,36282,36283,1
sniffing,36293,36283,36293,10
rising,36322,36293,36322,29
sniffing,36429,36322,36429,107
climbing,36477,36429,36477,48
rising,36478,36477,36478,1
climbing,36498,36478,36498,20
trotting,36515,36498,36515,17
climbing,36582,36515,36582,67
walking,36631,36582,36631,49
climbing,36687,36631,36687,56
hunching,36703,36687,36703,16
sniffing,36704,36703,36704,1
trotting,36741,36704,36741,37
sniffing,36838,36741,36838,97
right_turning,36856,36838,36856,18
trotting,36871,36856,36871,15
left_turning,37029,36871,37029,158
sniffing,37116,37029,37116,87
climbing,37139,37116,37139,23
left_turning,37140,37139,37140,1
rising,37141,37140,37141,1
rearing,37142,37141,37142,1
climbing,37173,37142,37173,31
hunching,37280,37173,37280,107
grooming,37551,37280,37551,271
left_turning,37555,37551,37555,4
walking,37567,37555,37567,12
climbing,37626,37567,37626,59
hunching,37647,37626,37647,21
rising,37648,37647,37648,1
climbing,37720,37648,37720,72
walking,37756,37720,37756,36
trotting,37774,37756,37774,18
walking,37807,37774,37807,33
sniffing,37888,37807,37888,81
stepping,37895,37888,37895,7
sniffing,37896,37895,37896,1
trotting,37929,37896,37929,33
walking,37975,37929,37975,46
left_turning,37976,37975,37976,1
sniffing,38034,37976,38034,58
climbing,38069,38034,38069,35
sniffing,38070,38069,38070,1
rising,38128,38070,38128,58
climbing,38209,38128,38209,81
grooming,38308,38209,38308,99
rearing,38429,38308,38429,121
rising,38430,38429,38430,1
left_turning,38431,38430,38431,1
stepping,38442,38431,38442,11
climbing,38457,38442,38457,15
walking,38478,38457,38478,21
sniffing,38515,38478,38515,37
grooming,38516,38515,38516,1
rearing,38569,38516,38569,53
grooming,38582,38569,38582,13
rearing,38638,38582,38638,56
left_turning,38671,38638,38671,33
climbing,38713,38671,38713,42
sniffing,38752,38713,38752,39
left_turning,38832,38752,38832,80
walking,38880,38832,38880,48
trotting,38915,38880,38915,35
sniffing,38990,38915,38990,75
climbing,39034,38990,39034,44
rising,39035,39034,39035,1
walking,39036,39035,39036,1
hunching,39236,39036,39236,200
rising,39268,39236,39268,32
climbing,39292,39268,39292,24
walking,39307,39292,39307,15
sniffing,39347,39307,39347,40
walking,39408,39347,39408,61
rising,39457,39408,39457,49
climbing,39489,39457,39489,32
sniffing,39575,39489,39575,86
walking,39611,39575,39611,36
sniffing,39703,39611,39703,92
rising,39718,39703,39718,15
climbing,39746,39718,39746,28
sniffing,39789,39746,39789,43
rising,39813,39789,39813,24
sniffing,39833,39813,39833,20
grooming,39949,39833,39949,116
rearing,39967,39949,39967,18
rising,40010,39967,40010,43
hunching,40163,40010,40163,153
right_turning,40164,40163,40164,1
sniffing,40165,40164,40165,1
rising,40194,40165,40194,29
rearing,40195,40194,40195,1
sniffing,40211,40195,40211,16
walking,40276,40211,40276,65
rising,40277,40276,40277,1
sniffing,40306,40277,40306,29
trotting,40318,40306,40318,12
stepping,40369,40318,40369,51
walking,40386,40369,40386,17
sniffing,40523,40386,40523,137
running,40551,40523,40551,28
walking,40555,40551,40555,4
stepping,40569,40555,40569,14
trotting,40598,40569,40598,29
sniffing,40618,40598,40618,20
right_turning,40637,40618,40637,19
trotting,40700,40637,40700,63
running,40716,40700,40716,16
walking,40727,40716,40727,11
sniffing,40774,40727,40774,47
climbing,40833,40774,40833,59
hunching,40872,40833,40872,39
climbing,40931,40872,40931,59
walking,40957,40931,40957,26
sniffing,41033,40957,41033,76
climbing,41086,41033,41086,53
sniffing,41142,41086,41142,56
walking,41190,41142,41190,48
climbing,41230,41190,41230,40
sniffing,41247,41230,41247,17
walking,41254,41247,41254,7
sniffing,41364,41254,41364,110
climbing,41409,41364,41409,45
sniffing,41488,41409,41488,79
stepping,41500,41488,41500,12
climbing,41546,41500,41546,46
rearing,41548,41546,41548,2
sniffing,41558,41548,41558,10
walking,41569,41558,41569,11
rearing,41642,41569,41642,73
climbing,41682,41642,41682,40
walking,41697,41682,41697,15
rising,41729,41697,41729,32
hunching,41812,41729,41812,83
grooming,42083,41812,42083,271
sniffing,42147,42083,42147,64
running,42181,42147,42181,34
walking,42195,42181,42195,14
sniffing,42270,42195,42270,75
rising,42297,42270,42297,27
rearing,42298,42297,42298,1
left_turning,42317,42298,42317,19
trotting,42369,42317,42369,52
walking,42438,42369,42438,69
sniffing,42498,42438,42498,60
climbing,42546,42498,42546,48
rising,42570,42546,42570,24
climbing,42591,42570,42591,21
sniffing,42713,42591,42713,122
climbing,42724,42713,42724,11
left_turning,42725,42724,42725,1
walking,42767,42725,42767,42
rearing,42810,42767,42810,43
climbing,42811,42810,42811,1
rising,42842,42811,42842,31
walking,42860,42842,42860,18
sniffing,42903,42860,42903,43
walking,42968,42903,42968,65
sniffing,42996,42968,42996,28
right_turning,43000,42996,43000,4
grooming,43010,43000,43010,10
rearing,43011,43010,43011,1
sniffing,43012,43011,43012,1
climbing,43055,43012,43055,43
sniffing,43056,43055,43056,1
left_turning,43090,43056,43090,34
sniffing,43136,43090,43136,46
right_turning,43154,43136,43154,18
grooming,43172,43154,43172,18
rearing,43270,43172,43270,98
right_turning,43282,43270,43282,12
walking,43357,43282,43357,75
sniffing,43403,43357,43403,46
climbing,43464,43403,43464,61
right_turning,43488,43464,43488,24
running,43511,43488,43511,23
sniffing,43571,43511,43571,60
left_turning,43580,43571,43580,9
trotting,43606,43580,43606,26
walking,43629,43606,43629,23
sniffing,43744,43629,43744,115
stepping,43755,43744,43755,11
walking,43794,43755,43794,39
sniffing,43869,43794,43869,75
left_turning,43901,43869,43901,32
sniffing,43909,43901,43909,8
climbing,43977,43909,43977,68
walking,43989,43977,43989,12
sniffing,44030,43989,44030,41
right_turning,44043,44030,44043,13
walking,44066,44043,44066,23
sniffing,44166,44066,44166,100
walking,44206,44166,44206,40
left_turning,44220,44206,44220,14
walking,44242,44220,44242,22
rising,44289,44242,44289,47
grooming,44369,44289,44369,80
hunching,44449,44369,44449,80
rearing,44450,44449,44450,1
grooming,44572,44450,44572,122
rearing,44619,44572,44619,47
right_turning,44632,44619,44632,13
climbing,44678,44632,44678,46
walking,44713,44678,44713,35
sniffing,44776,44713,44776,63
climbing,44848,44776,44848,72
left_turning,44849,44848,44849,1
trotting,44860,44849,44860,11
walking,44926,44860,44926,66
sniffing,44938,44926,44938,12
rising,45000,44938,45000,62
sniffing,45001,45000,45001,1
left_turning,45030,45001,45030,29
rising,45050,45030,45050,20
climbing,45051,45050,45051,1
rearing,45169,45051,45169,118
sniffing,45232,45169,45232,63
right_turning,45233,45232,45233,1
walking,45276,45233,45276,43
sniffing,45386,45276,45386,110
rising,45387,45386,45387,1
sniffing,45388,45387,45388,1
rising,45429,45388,45429,41
climbing,45450,45429,45450,21
walking,45475,45450,45475,25
right_turning,45487,45475,45487,12
sniffing,45539,45487,45539,52
climbing,45540,45539,45540,1
rising,45681,45540,45681,141
walking,45736,45681,45736,55
sniffing,45784,45736,45784,48
climbing,45841,45784,45841,57
walking,45880,45841,45880,39
sniffing,45881,45880,45881,1
left_turning,45886,45881,45886,5
sniffing,45887,45886,45887,1
rising,45924,45887,45924,37
left_turning,45925,45924,45925,1
sniffing,45926,45925,45926,1
rising,45927,45926,45927,1
sniffing,45934,45927,45934,7
walking,45956,45934,45956,22
sniffing,46027,45956,46027,71
stepping,46058,46027,46058,31
rising,46068,46058,46068,10
climbing,46107,46068,46107,39
rising,46157,46107,46157,50
climbing,46237,46157,46237,80
left_turning,46251,46237,46251,14
walking,46269,46251,46269,18
left_turning,46334,46269,46334,65
sniffing,46430,46334,46430,96
left_turning,46431,46430,46431,1
sniffing,46439,46431,46439,8
climbing,46440,46439,46440,1
sniffing,46444,46440,46444,4
left_turning,46488,46444,46488,44
sniffing,46489,46488,46489,1
walking,46526,46489,46526,37
rearing,46612,46526,46612,86
grooming,46983,46612,46983,371
sniffing,46984,46983,46984,1
climbing,47155,46984,47155,171
rising,47192,47155,47192,37
left_turning,47208,47192,47208,16
trotting,47225,47208,47225,17
running,47297,47225,47297,72
left_turning,47308,47297,47308,11
sniffing,47530,47308,47530,222
trotting,47546,47530,47546,16
sniffing,47562,47546,47562,16
rearing,47580,47562,47580,18
left_turning,47581,47580,47581,1
walking,47610,47581,47610,29
sniffing,47611,47610,47611,1
rising,47612,47611,47612,1
sniffing,47613,47612,47613,1
rising,47641,47613,47641,28
walking,47643,47641,47643,2
climbing,47670,47643,47670,27
rising,47744,47670,47744,74
sniffing,47805,47744,47805,61
rising,47806,47805,47806,1
climbing,47844,47806,47844,38
rising,47950,47844,47950,106
sniffing,47951,47950,47951,1
walking,47961,47951,47961,10
running,48000,47961,48000,39
climbing,48026,48000,48026,26
walking,48046,48026,48046,20
sniffing,48169,48046,48169,123
stepping,48229,48169,48229,60
sniffing,48266,48229,48266,37
rising,48267,48266,48267,1
climbing,48365,48267,48365,98
rising,48366,48365,48366,1
climbing,48430,48366,48430,64
trotting,48450,48430,48450,20
walking,48469,48450,48469,19
left_turning,48504,48469,48504,35
sniffing,48527,48504,48527,23
walking,48557,48527,48557,30
sniffing,48648,48557,48648,91
walking,48649,48648,48649,1
right_turning,48685,48649,48685,36
sniffing,48722,48685,48722,37
walking,48744,48722,48744,22
rearing,48818,48744,48818,74
left_turning,48833,48818,48833,15
sniffing,48892,48833,48892,59
left_turning,48897,48892,48897,5
trotting,48910,48897,48910,13
walking,48962,48910,48962,52
jumping,48963,48962,48963,1
climbing,49018,48963,49018,55
sniffing,49049,49018,49049,31
left_turning,49143,49049,49143,94
walking,49164,49143,49164,21
sniffing,49283,49164,49283,119
left_turning,49339,49283,49339,56
walking,49388,49339,49388,49
rearing,49389,49388,49389,1
right_turning,49416,49389,49416,27
walking,49417,49416,49417,1
sniffing,49418,49417,49418,1
walking,49472,49418,49472,54
left_turning,49478,49472,49478,6
walking,49504,49478,49504,26
sniffing,49506,49504,49506,2
walking,49531,49506,49531,25
sniffing,49534,49531,49534,3
left_turning,49535,49534,49535,1
trotting,49577,49535,49577,42
sniffing,49585,49577,49585,8
left_turning,49623,49585,49623,38
rising,49645,49623,49645,22
sniffing,49664,49645,49664,19
right_turning,49678,49664,49678,14
walking,49731,49678,49731,53
left_turning,49780,49731,49780,49
sniffing,49781,49780,49781,1
running,49825,49781,49825,44
walking,49826,49825,49826,1
sniffing,49827,49826,49827,1
left_turning,49908,49827,49908,81
sniffing,49951,49908,49951,43
left_turning,49991,49951,49991,40
rising,50050,49991,50050,59
climbing,50126,50050,50126,76
rearing,50182,50126,50182,56
sniffing,50295,50182,50295,113
grooming,50795,50295,50795,500
trotting,50851,50795,50851,56
walking,50884,50851,50884,33
left_turning,50925,50884,50925,41
sniffing,50926,50925,50926,1
stepping,50965,50926,50965,39
sniffing,51015,50965,51015,50
climbing,51096,51015,51096,81
rearing,51097,51096,51097,1
rising,51103,51097,51103,6
sniffing,51183,51103,51183,80
walking,51214,51183,51214,31
climbing,51412,51214,51412,198
left_turning,51413,51412,51413,1
sniffing,51452,51413,51452,39
walking,51504,51452,51504,52
stepping,51505,51504,51505,1
sniffing,51517,51505,51517,12
left_turning,51518,51517,51518,1
trotting,51541,51518,51541,23
running,51562,51541,51562,21
walking,51605,51562,51605,43
left_turning,51627,51605,51627,22
sniffing,51756,51627,51756,129
left_turning,51833,51756,51833,77
walking,51854,51833,51854,21
climbing,51927,51854,51927,73
left_turning,51994,51927,51994,67
sniffing,52001,51994,52001,7
rising,52002,52001,52002,1
rearing,52114,52002,52114,112
rising,52169,52114,52169,55
rearing,52170,52169,52170,1
climbing,52205,52170,52205,35
hunching,52333,52205,52333,128
sniffing,52506,52333,52506,173
walking,52507,52506,52507,1
climbing,52550,52507,52550,43
walking,52587,52550,52587,37
left_turning,52612,52587,52612,25
walking,52613,52612,52613,1
stepping,52631,52613,52631,18
sniffing,52679,52631,52679,48
walking,52689,52679,52689,10
rising,52857,52689,52857,168
climbing,52876,52857,52876,19
sniffing,52932,52876,52932,56
stepping,53034,52932,53034,102
grooming,53035,53034,53035,1
rearing,53036,53035,53036,1
climbing,53081,53036,53081,45
rising,53101,53081,53101,20
sniffing,53102,53101,53102,1
stepping,53141,53102,53141,39
climbing,53246,53141,53246,105
walking,53276,53246,53276,30
sniffing,53277,53276,53277,1
left_turning,53319,53277,53319,42
sniffing,53486,53319,53486,167
climbing,53549,53486,53549,63
sniffing,53582,53549,53582,33
right_turning,53590,53582,53590,8
sniffing,53591,53590,53591,1
rising,53592,53591,53592,1
sniffing,53712,53592,53712,120
rising,53789,53712,53789,77
sniffing,53936,53789,53936,147
walking,53967,53936,53967,31
left_turning,53993,53967,53993,26
stepping,54025,53993,54025,32
rising,54056,54025,54056,31
rearing,54068,54056,54068,12
right_turning,54111,54068,54111,43
sniffing,54112,54111,54112,1
left_turning,54156,54112,54156,44
sniffing,54198,54156,54198,42
rising,54276,54198,54276,78
climbing,54303,54276,54303,27
grooming,54596,54303,54596,293
climbing,54612,54596,54612,16
rising,54620,54612,54620,8
rearing,54737,54620,54737,117
sniffing,54808,54737,54808,71
rising,54877,54808,54877,69
climbing,54924,54877,54924,47
grooming,55172,54924,55172,248
rising,55173,55172,55173,1
sniffing,55203,55173,55203,30
rearing,55204,55203,55204,1
hunching,55262,55204,55262,58
right_turning,55278,55262,55278,16
sniffing,55349,55278,55349,71
pausing,55350,55349,55350,1
sniffing,55365,55350,55365,15
right_turning,55382,55365,55382,17
walking,55398,55382,55398,16
sniffing,55473,55398,55473,75
climbing,55498,55473,55498,25
walking,55499,55498,55499,1
left_turning,55561,55499,55561,62
running,55590,55561,55590,29
sniffing,55649,55590,55649,59
rising,55650,55649,55650,1
climbing,55716,55650,55716,66
rising,55807,55716,55807,91
stepping,55875,55807,55875,68
rearing,55876,55875,55876,1
sniffing,55882,55876,55882,6
walking,55883,55882,55883,1
sniffing,55939,55883,55939,56
trotting,55972,55939,55972,33
rising,55984,55972,55984,12
grooming,56325,55984,56325,341
walking,56330,56325,56330,5
left_turning,56331,56330,56331,1
walking,56368,56331,56368,37
sniffing,56448,56368,56448,80
rising,56525,56448,56525,77
walking,56559,56525,56559,34
right_turning,56590,56559,56590,31
sniffing,56615,56590,56615,25
stepping,56616,56615,56616,1
rising,56657,56616,56657,41
jumping,56665,56657,56665,8
rising,56666,56665,56666,1
rearing,56669,56666,56669,3
rising,56683,56669,56683,14
rearing,56750,56683,56750,67
rising,56759,56750,56759,9
climbing,56908,56759,56908,149
sniffing,57053,56908,57053,145
climbing,57088,57053,57088,35
trotting,57159,57088,57159,71
walking,57168,57159,57168,9
sniffing,57169,57168,57169,1
walking,57249,57169,57249,80
sniffing,57250,57249,57250,1
walking,57251,57250,57251,1
pausing,57252,57251,57252,1
sniffing,57253,57252,57253,1
hunching,57268,57253,57268,15
climbing,57291,57268,57291,23
hunching,57394,57291,57394,103
right_turning,57419,57394,57419,25
walking,57488,57419,57488,69
rising,57495,57488,57495,7
climbing,57514,57495,57514,19
rearing,57562,57514,57562,48
hunching,57638,57562,57638,76
sniffing,57639,57638,57639,1
climbing,57643,57639,57643,4
grooming,57853,57643,57853,210
sniffing,57882,57853,57882,29
right_turning,57915,57882,57915,33
walking,57939,57915,57939,24
stepping,57962,57939,57962,23
rising,57967,57962,57967,5
walking,57968,57967,57968,1
trotting,58006,57968,58006,38
sniffing,58071,58006,58071,65
rising,58121,58071,58121,50
climbing,58190,58121,58190,69
sniffing,58260,58190,58260,70
walking,58297,58260,58297,37
sniffing,58386,58297,58386,89
walking,58387,58386,58387,1
trotting,58427,58387,58427,40
sniffing,58604,58427,58604,177
rising,58605,58604,58605,1
grooming,58606,58605,58606,1
rearing,58688,58606,58688,82
grooming,58924,58688,58924,236
climbing,58959,58924,58959,35
trotting,58970,58959,58970,11
sniffing,58992,58970,58992,22
climbing,59146,58992,59146,154
sniffing,59174,59146,59174,28
left_turning,59175,59174,59175,1
sniffing,59236,59175,59236,61
climbing,59249,59236,59249,13
sniffing,59310,59249,59310,61
rising,59404,59310,59404,94
climbing,59464,59404,59464,60
hunching,59499,59464,59499,35
sniffing,59599,59499,59599,100
walking,59619,59599,59619,20
sniffing,59700,59619,59700,81
left_turning,59740,59700,59740,40
trotting,59780,59740,59780,40
stepping,59788,59780,59788,8
sniffing,59789,59788,59789,1
walking,59818,59789,59818,29
left_turning,59819,59818,59819,1
rising,59839,59819,59839,20
climbing,59912,59839,59912,73
right_turning,59934,59912,59934,22
walking,59939,59934,59939,5
sniffing,59971,59939,59971,32
right_turning,59995,59971,59995,24
sniffing,60029,59995,60029,34
pausing,60030,60029,60030,1
grooming,60038,60030,60038,8
rearing,60053,60038,60053,15
sniffing,60078,60053,60078,25
rising,60079,60078,60079,1
rearing,60140,60079,60140,61
climbing,60226,60140,60226,86
right_turning,60267,60226,60267,41
sniffing,60268,60267,60268,1
climbing,60316,60268,60316,48
right_turning,60317,60316,60317,1
climbing,60318,60317,60318,1
rising,60337,60318,60337,19
jumping,60413,60337,60413,76
grooming,60693,60413,60693,280
rising,60729,60693,60729,36
climbing,60829,60729,60829,100
sniffing,60941,60829,60941,112
left_turning,60964,60941,60964,23
running,60982,60964,60982,18
trotting,61044,60982,61044,62
left_turning,61097,61044,61097,53
sniffing,61115,61097,61115,18
walking,61188,61115,61188,73
sniffing,61256,61188,61256,68
rising,61261,61256,61261,5
rearing,61262,61261,61262,1
hunching,61320,61262,61320,58
rearing,61516,61320,61516,196
walking,61607,61516,61607,91
climbing,61690,61607,61690,83
running,61705,61690,61705,15
sniffing,61809,61705,61809,104
trotting,61815,61809,61815,6
climbing,61933,61815,61933,118
rising,61934,61933,61934,1
rearing,62018,61934,62018,84
walking,62019,62018,62019,1
climbing,62101,62019,62101,82
sniffing,62108,62101,62108,7
walking,62109,62108,62109,1
rising,62157,62109,62157,48
sniffing,62161,62157,62161,4
walking,62162,62161,62162,1
sniffing,62245,62162,62245,83
grooming,62517,62245,62517,272
rearing,62518,62517,62518,1
walking,62523,62518,62523,5
left_turning,62548,62523,62548,25
trotting,62560,62548,62560,12
sniffing,62618,62560,62618,58
climbing,62638,62618,62638,20
rising,62643,62638,62643,5
climbing,62748,62643,62748,105
rearing,62884,62748,62884,136
walking,62885,62884,62885,1
sniffing,62920,62885,62920,35
climbing,62971,62920,62971,51
sniffing,62975,62971,62975,4
stepping,62985,62975,62985,10
walking,63009,62985,63009,24
rising,63187,63009,63187,178
climbing,63215,63187,63215,28
walking,63229,63215,63229,14
climbing,63266,63229,63266,37
rising,63294,63266,63294,28
rearing,63309,63294,63309,15
right_turning,63336,63309,63336,27
rearing,63386,63336,63386,50
trotting,63442,63386,63442,56
sniffing,63533,63442,63533,91
left_turning,63578,63533,63578,45
sniffing,63657,63578,63657,79
rising,63658,63657,63658,1
climbing,63678,63658,63678,20
hunching,63684,63678,63684,6
walking,63685,63684,63685,1
sniffing,63753,63685,63753,68
trotting,63811,63753,63811,58
sniffing,63812,63811,63812,1
right_turning,63839,63812,63839,27
walking,63853,63839,63853,14
sniffing,63854,63853,63854,1
rising,63876,63854,63876,22
rearing,63877,63876,63877,1
rising,63878,63877,63878,1
grooming,63941,63878,63941,63
sniffing,64038,63941,64038,97
walking,64113,64038,64113,75
sniffing,64114,64113,64114,1
hunching,64143,64114,64143,29
walking,64158,64143,64158,15
climbing,64203,64158,64203,45
sniffing,64213,64203,64213,10
pausing,64363,64213,64363,150
sniffing,64398,64363,64398,35
hunching,64457,64398,64457,59
sniffing,64643,64457,64643,186
rearing,64644,64643,64644,1
grooming,64990,64644,64990,346
left_turning,64991,64990,64991,1
running,65018,64991,65018,27
walking,65019,65018,65019,1
sniffing,65068,65019,65068,49
rising,65146,65068,65146,78
stepping,65195,65146,65195,49
right_turning,65204,65195,65204,9
running,65208,65204,65208,4
left_turning,65209,65208,65209,1
stepping,65210,65209,65210,1
sniffing,65260,65210,65260,50
walking,65349,65260,65349,89
sniffing,65380,65349,65380,31
trotting,65415,65380,65415,35
sniffing,65474,65415,65474,59
rising,65508,65474,65508,34
trotting,65541,65508,65541,33
walking,65560,65541,65560,19
left_turning,65572,65560,65572,12
trotting,65598,65572,65598,26
rising,65599,65598,65599,1
climbing,65608,65599,65608,9
rearing,65688,65608,65688,80
right_turning,65731,65688,65731,43
trotting,65741,65731,65741,10
stepping,65801,65741,65801,60
walking,65869,65801,65869,68
climbing,65909,65869,65909,40
sniffing,65975,65909,65975,66
climbing,66037,65975,66037,62
rising,66075,66037,66075,38
sniffing,66094,66075,66094,19
rearing,66095,66094,66095,1
sniffing,66164,66095,66164,69
grooming,66431,66164,66431,267
sniffing,66499,66431,66499,68
rising,66542,66499,66542,43
sniffing,66625,66542,66625,83
grooming,66626,66625,66626,1
left_turning,66721,66626,66721,95
sniffing,66738,66721,66738,17
rising,66759,66738,66759,21
walking,66773,66759,66773,14
sniffing,66797,66773,66797,24
walking,66860,66797,66860,63
rising,66861,66860,66861,1
right_turning,66869,66861,66869,8
walking,66913,66869,66913,44
hunching,66990,66913,66990,77
grooming,67053,66990,67053,63
rising,67080,67053,67080,27
hunching,67081,67080,67081,1
walking,67146,67081,67146,65
climbing,67198,67146,67198,52
right_turning,67231,67198,67231,33
running,67251,67231,67251,20
walking,67267,67251,67267,16
sniffing,67292,67267,67292,25
climbing,67318,67292,67318,26
left_turning,67471,67318,67471,153
trotting,67495,67471,67495,24
walking,67496,67495,67496,1
left_turning,67499,67496,67499,3
walking,67541,67499,67541,42
rearing,67593,67541,67593,52
sniffing,67631,67593,67631,38
stepping,67660,67631,67660,29
sniffing,67684,67660,67684,24
stepping,67685,67684,67685,1
sniffing,67724,67685,67724,39
right_turning,67747,67724,67747,23
running,67748,67747,67748,1
walking,67749,67748,67749,1
rising,67809,67749,67809,60
sniffing,67810,67809,67810,1
climbing,67849,67810,67849,39
rising,67881,67849,67881,32
rearing,67948,67881,67948,67
sniffing,68020,67948,68020,72
rising,68042,68020,68042,22
left_turning,68074,68042,68074,32
rearing,68155,68074,68155,81
sniffing,68245,68155,68245,90
climbing,68275,68245,68275,30
right_turning,68287,68275,68287,12
walking,68318,68287,68318,31
sniffing,68319,68318,68319,1
climbing,68326,68319,68326,7
rearing,68331,68326,68331,5
walking,68350,68331,68350,19
sniffing,68436,68350,68436,86
rising,68437,68436,68437,1
sniffing,68505,68437,68505,68
right_turning,68529,68505,68529,24
sniffing,68623,68529,68623,94
climbing,68659,68623,68659,36
sniffing,68660,68659,68660,1
walking,68720,68660,68720,60
sniffing,68725,68720,68725,5
left_turning,68775,68725,68775,50
walking,68797,68775,68797,22
rearing,68827,68797,68827,30
grooming,68828,68827,68828,1
sniffing,68838,68828,68838,10
climbing,68893,68838,68893,55
walking,68946,68893,68946,53
sniffing,68989,68946,68989,43
rising,68990,68989,68990,1
grooming,68991,68990,68991,1
climbing,69021,68991,69021,30
rising,69061,69021,69061,40
trotting,69077,69061,69077,16
sniffing,69123,69077,69123,46
grooming,69124,69123,69124,1
right_turning,69158,69124,69158,34
walking,69175,69158,69175,17
rising,69176,69175,69176,1
climbing,69226,69176,69226,50
right_turning,69229,69226,69229,3
trotting,69288,69229,69288,59
sniffing,69345,69288,69345,57
walking,69354,69345,69354,9
sniffing,69506,69354,69506,152
climbing,69560,69506,69560,54
trotting,69568,69560,69568,8
walking,69569,69568,69569,1
climbing,69582,69569,69582,13
right_turning,69613,69582,69613,31
trotting,69635,69613,69635,22
sniffing,69660,69635,69660,25
stepping,69661,69660,69661,1
sniffing,69662,69661,69662,1
walking,69663,69662,69663,1
rearing,69664,69663,69664,1
rising,69690,69664,69690,26
rearing,69700,69690,69700,10
sniffing,69743,69700,69743,43
rising,69773,69743,69773,30
rearing,69822,69773,69822,49
rising,69883,69822,69883,61
climbing,69945,69883,69945,62
trotting,69995,69945,69995,50
stepping,70041,69995,70041,46
grooming,70801,70041,70801,760
climbing,70846,70801,70846,45
running,70867,70846,70867,21
sniffing,70868,70867,70868,1
left_turning,70905,70868,70905,37
sniffing,70940,70905,70940,35
pausing,71241,70940,71241,301
sniffing,71304,71241,71304,63
walking,71418,71304,71418,114
sniffing,71504,71418,71504,86
right_turning,71521,71504,71521,17
walking,71572,71521,71572,51
sniffing,71748,71572,71748,176
stepping,71772,71748,71772,24
left_turning,71832,71772,71832,60
sniffing,71869,71832,71869,37
walking,71870,71869,71870,1
sniffing,71873,71870,71873,3
rearing,71928,71873,71928,55
sniffing,72035,71928,72035,107
rising,72078,72035,72078,43
sniffing,72117,72078,72117,39
walking,72207,72117,72207,90
climbing,72252,72207,72252,45
left_turning,72289,72252,72289,37
trotting,72328,72289,72328,39
sniffing,72403,72328,72403,75
rising,72480,72403,72480,77
rearing,72481,72480,72481,1
grooming,72875,72481,72875,394
sniffing,72931,72875,72931,56
grooming,72969,72931,72969,38
trotting,73019,72969,73019,50
sniffing,73056,73019,73056,37
rising,73130,73056,73130,74
left_turning,73207,73130,73207,77
walking,73222,73207,73222,15
climbing,73255,73222,73255,33
sniffing,73269,73255,73269,14
trotting,73282,73269,73282,13
rising,73294,73282,73294,12
rearing,73380,73294,73380,86
sniffing,73396,73380,73396,16
rising,73503,73396,73503,107
sniffing,73555,73503,73555,52
climbing,73584,73555,73584,29
right_turning,73607,73584,73607,23
hunching,73629,73607,73629,22
rearing,73695,73629,73695,66
grooming,74208,73695,74208,513
rearing,74342,74208,74342,134
climbing,74431,74342,74431,89
right_turning,74476,74431,74476,45
walking,74513,74476,74513,37
left_turning,74514,74513,74514,1
walking,74571,74514,74571,57
trotting,74586,74571,74586,15
sniffing,74676,74586,74676,90
rising,74720,74676,74720,44
right_turning,74742,74720,74742,22
walking,74789,74742,74789,47
rising,74846,74789,74846,57
sniffing,74857,74846,74857,11
climbing,74880,74857,74880,23
trotting,74900,74880,74900,20
walking,74925,74900,74925,25
sniffing,75020,74925,75020,95
walking,75031,75020,75031,11
stepping,75065,75031,75065,34
sniffing,75066,75065,75066,1
stepping,75087,75066,75087,21
walking,75124,75087,75124,37
rising,75137,75124,75137,13
walking,75163,75137,75163,26
trotting,75194,75163,75194,31
sniffing,75195,75194,75195,1
rising,75218,75195,75218,23
walking,75219,75218,75219,1
right_turning,75238,75219,75238,19
walking,75275,75238,75275,37
sniffing,75383,75275,75383,108
left_turning,75384,75383,75384,1
sniffing,75385,75384,75385,1
walking,75440,75385,75440,55
stepping,75449,75440,75449,9
left_turning,75509,75449,75509,60
walking,75539,75509,75539,30
climbing,75605,75539,75605,66
sniffing,75606,75605,75606,1
rising,75607,75606,75607,1
left_turning,75629,75607,75629,22
trotting,75658,75629,75658,29
walking,75683,75658,75683,25
sniffing,75863,75683,75863,180
walking,75949,75863,75949,86
rearing,76265,75949,76265,316
left_turning,76266,76265,76266,1
climbing,76332,76266,76332,66
sniffing,76431,76332,76431,99
grooming,76432,76431,76432,1
left_turning,76498,76432,76498,66
walking,76582,76498,76582,84
sniffing,76644,76582,76644,62
pausing,76793,76644,76793,149
left_turning,76814,76793,76814,21
rising,76815,76814,76815,1
walking,76861,76815,76861,46
left_turning,77053,76861,77053,192
walking,77054,77053,77054,1
rising,77087,77054,77087,33
left_turning,77120,77087,77120,33
running,77121,77120,77121,1
sniffing,77137,77121,77137,16
walking,77164,77137,77164,27
sniffing,77187,77164,77187,23
stepping,77196,77187,77196,9
rearing,77266,77196,77266,70
left_turning,77356,77266,77356,90
sniffing,77387,77356,77387,31
grooming,77549,77387,77549,162
rearing,77570,77549,77570,21
grooming,77675,77570,77675,105
climbing,77720,77675,77720,45
rising,77721,77720,77721,1
climbing,77807,77721,77807,86
sniffing,77907,77807,77907,100
trotting,77923,77907,77923,16
running,77924,77923,77924,1
stepping,77932,77924,77932,8
sniffing,78115,77932,78115,183
walking,78116,78115,78116,1
sniffing,78193,78116,78193,77
grooming,78194,78193,78194,1
rearing,78196,78194,78196,2
rising,78236,78196,78236,40
sniffing,78306,78236,78306,70
right_turning,78313,78306,78313,7
walking,78362,78313,78362,49
stepping,78414,78362,78414,52
rising,78487,78414,78487,73
sniffing,78488,78487,78488,1
rising,78578,78488,78578,90
climbing,78650,78578,78650,72
hunching,78778,78650,78778,128
walking,78826,78778,78826,48
climbing,78878,78826,78878,52
rearing,78893,78878,78893,15
climbing,78920,78893,78920,27
sniffing,78946,78920,78946,26
left_turning,79251,78946,79251,305
sniffing,79286,79251,79286,35
rising,79350,79286,79350,64
climbing,79351,79350,79351,1
rearing,79431,79351,79431,80
climbing,79498,79431,79498,67
trotting,79511,79498,79511,13
rising,79512,79511,79512,1
climbing,79587,79512,79587,75
sniffing,79604,79587,79604,17
rising,79620,79604,79620,16
sniffing,79631,79620,79631,11
walking,79693,79631,79693,62
left_turning,79718,79693,79718,25
walking,79737,79718,79737,19
sniffing,79965,79737,79965,228
rising,79998,79965,79998,33
rearing,80079,79998,80079,81
sniffing,80119,80079,80119,40
rising,80128,80119,80128,9
sniffing,80420,80128,80420,292
left_turning,80422,80420,80422,2
walking,80449,80422,80449,27
sniffing,80553,80449,80553,104
rising,80584,80553,80584,31
climbing,80647,80584,80647,63
sniffing,80861,80647,80861,214
left_turning,80862,80861,80862,1
walking,80878,80862,80878,16
rising,80941,80878,80941,63
climbing,80969,80941,80969,28
hunching,81029,80969,81029,60
rising,81073,81029,81073,44
climbing,81076,81073,81076,3
rearing,81155,81076,81155,79
grooming,81190,81155,81190,35
rearing,81191,81190,81191,1
sniffing,81253,81191,81253,62
walking,81289,81253,81289,36
stepping,81290,81289,81290,1
sniffing,81358,81290,81358,68
walking,81412,81358,81412,54
sniffing,81444,81412,81444,32
walking,81571,81444,81571,127
climbing,81608,81571,81608,37
walking,81630,81608,81630,22
sniffing,81631,81630,81631,1
rising,81632,81631,81632,1
sniffing,81703,81632,81703,71
rising,81886,81703,81886,183
climbing,81899,81886,81899,13
sniffing,82054,81899,82054,155
rising,82055,82054,82055,1
sniffing,82127,82055,82127,72
left_turning,82128,82127,82128,1
sniffing,82164,82128,82164,36
climbing,82194,82164,82194,30
rising,82195,82194,82195,1
right_turning,82212,82195,82212,17
stepping,82231,82212,82231,19
rising,82293,82231,82293,62
left_turning,82294,82293,82294,1
sniffing,82295,82294,82295,1
rising,82344,82295,82344,49
walking,82345,82344,82345,1
stepping,82357,82345,82357,12
walking,82386,82357,82386,29
trotting,82416,82386,82416,30
walking,82490,82416,82490,74
rising,82535,82490,82535,45
sniffing,82536,82535,82536,1
left_turning,82587,82536,82587,51
sniffing,82631,82587,82631,44
stepping,82689,82631,82689,58
sniffing,82742,82689,82742,53
left_turning,82847,82742,82847,105
sniffing,82957,82847,82957,110
rising,83003,82957,83003,46
rearing,83105,83003,83105,102
grooming,83168,83105,83168,63
rearing,83197,83168,83197,29
grooming,83265,83197,83265,68
rearing,83266,83265,83266,1
sniffing,83267,83266,83267,1
rising,83310,83267,83310,43
climbing,83393,83310,83393,83
left_turning,83429,83393,83429,36
sniffing,83464,83429,83464,35
climbing,83515,83464,83515,51
grooming,83613,83515,83613,98
sniffing,83748,83613,83748,135
right_turning,83749,83748,83749,1
walking,83798,83749,83798,49
sniffing,83903,83798,83903,105
rising,83962,83903,83962,59
climbing,84033,83962,84033,71
rearing,84034,84033,84034,1
rising,84069,84034,84069,35
climbing,84100,84069,84100,31
rising,84125,84100,84125,25
climbing,84156,84125,84156,31
sniffing,84159,84156,84159,3
stepping,84202,84159,84202,43
climbing,84215,84202,84215,13
rising,84283,84215,84283,68
climbing,84418,84283,84418,135
sniffing,84419,84418,84419,1
rising,84459,84419,84459,40
climbing,84498,84459,84498,39
sniffing,84531,84498,84531,33
walking,84561,84531,84561,30
sniffing,84577,84561,84577,16
rising,84619,84577,84619,42
climbing,84645,84619,84645,26
running,84677,84645,84677,32
rising,84733,84677,84733,56
climbing,84754,84733,84754,21
walking,84787,84754,84787,33
sniffing,84818,84787,84818,31
rising,84831,84818,84831,13
climbing,84891,84831,84891,60
sniffing,84920,84891,84920,29
climbing,84971,84920,84971,51
walking,84979,84971,84979,8
left_turning,85029,84979,85029,50
walking,85074,85029,85074,45
running,85089,85074,85089,15
stepping,85123,85089,85123,34
hunching,85124,85123,85124,1
right_turning,85130,85124,85130,6
sniffing,85131,85130,85131,1
left_turning,85156,85131,85156,25
walking,85182,85156,85182,26
climbing,85264,85182,85264,82
rising,85273,85264,85273,9
walking,85285,85273,85285,12
rising,85286,85285,85286,1
climbing,85315,85286,85315,29
sniffing,85456,85315,85456,141
walking,85479,85456,85479,23
rising,85519,85479,85519,40
stepping,85530,85519,85530,11
walking,85532,85530,85532,2
sniffing,85569,85532,85569,37
rearing,85708,85569,85708,139
sniffing,85805,85708,85805,97
left_turning,85876,85805,85876,71
sniffing,86054,85876,86054,178
rearing,86210,86054,86210,156
left_turning,86213,86210,86213,3
sniffing,86249,86213,86249,36
trotting,86298,86249,86298,49
rising,86331,86298,86331,33
rearing,86332,86331,86332,1
climbing,86366,86332,86366,34
sniffing,86491,86366,86491,125
left_turning,86566,86491,86566,75
sniffing,86581,86566,86581,15
left_turning,86617,86581,86617,36
walking,86671,86617,86671,54
sniffing,86672,86671,86672,1
walking,86753,86672,86753,81
sniffing,86798,86753,86798,45
walking,86799,86798,86799,1
climbing,86801,86799,86801,2
rearing,86968,86801,86968,167
climbing,87001,86968,87001,33
sniffing,87003,87001,87003,2
rising,87057,87003,87057,54
sniffing,87151,87057,87151,94
rising,87152,87151,87152,1
sniffing,87153,87152,87153,1
right_turning,87165,87153,87165,12
trotting,87187,87165,87187,22
left_turning,87243,87187,87243,56
sniffing,87301,87243,87301,58
climbing,87354,87301,87354,53
grooming,87355,87354,87355,1
right_turning,87367,87355,87367,12
sniffing,87401,87367,87401,34
hunching,87535,87401,87535,134
rearing,87536,87535,87536,1
rising,87537,87536,87537,1
rearing,87538,87537,87538,1
grooming,87840,87538,87840,302
stepping,87910,87840,87910,70
walking,87911,87910,87911,1
stepping,87989,87911,87989,78
walking,88021,87989,88021,32
sniffing,88082,88021,88082,61
running,88089,88082,88089,7
sniffing,88157,88089,88157,68
left_turning,88190,88157,88190,33
sniffing,88191,88190,88191,1
left_turning,88192,88191,88192,1
sniffing,88206,88192,88206,14
climbing,88284,88206,88284,78
hunching,88367,88284,88367,83
right_turning,88391,88367,88391,24
sniffing,88478,88391,88478,87
left_turning,88545,88478,88545,67
rising,88546,88545,88546,1
right_turning,88547,88546,88547,1
left_turning,88625,88547,88625,78
sniffing,88699,88625,88699,74
climbing,88752,88699,88752,53
sniffing,88841,88752,88841,89
walking,88906,88841,88906,65
stepping,88935,88906,88935,29
sniffing,88995,88935,88995,60
climbing,88996,88995,88996,1
sniffing,89022,88996,89022,26
hunching,89023,89022,89023,1
grooming,89024,89023,89024,1
walking,89026,89024,89026,2
rising,89027,89026,89027,1
climbing,89091,89027,89091,64
walking,89104,89091,89104,13
sniffing,89173,89104,89173,69
right_turning,89196,89173,89196,23
stepping,89229,89196,89229,33
sniffing,89237,89229,89237,8
rearing,89283,89237,89283,46
sniffing,89284,89283,89284,1
climbing,89332,89284,89332,48
rearing,89443,89332,89443,111
sniffing,89533,89443,89533,90
rearing,89572,89533,89572,39
sniffing,89707,89572,89707,135
rising,89751,89707,89751,44
climbing,89755,89751,89755,4
rising,89819,89755,89819,64
climbing,89863,89819,89863,44
rearing,89864,89863,89864,1
walking,89878,89864,89878,14
rising,89903,89878,89903,25
climbing,90014,89903,90014,111
rising,90015,90014,90015,1
left_turning,90028,90015,90028,13
walking,90077,90028,90077,49
sniffing,90078,90077,90078,1
pausing,90481,90078,90481,403
sniffing,90557,90481,90557,76
grooming,90558,90557,90558,1
sniffing,90673,90558,90673,115
left_turning,90674,90673,90674,1
running,90689,90674,90689,15
walking,90739,90689,90739,50
sniffing,90820,90739,90820,81
walking,90822,90820,90822,2
sniffing,90823,90822,90823,1
rising,90832,90823,90832,9
left_turning,90867,90832,90867,35
sniffing,90940,90867,90940,73
walking,90951,90940,90951,11
stepping,90974,90951,90974,23
sniffing,91005,90974,91005,31
left_turning,91028,91005,91028,23
sniffing,91130,91028,91130,102
walking,91187,91130,91187,57
stepping,91188,91187,91188,1
sniffing,91190,91188,91190,2
left_turning,91191,91190,91191,1
trotting,91241,91191,91241,50
rising,91253,91241,91253,12
right_turning,91254,91253,91254,1
walking,91278,91254,91278,24
trotting,91280,91278,91280,2
walking,91361,91280,91361,81
running,91381,91361,91381,20
sniffing,91493,91381,91493,112
rising,91505,91493,91505,12
walking,91518,91505,91518,13
trotting,91524,91518,91524,6
rising,91550,91524,91550,26
climbing,91640,91550,91640,90
rising,91641,91640,91641,1
climbing,91661,91641,91661,20
walking,91674,91661,91674,13
stepping,91685,91674,91685,11
walking,91686,91685,91686,1
left_turning,91721,91686,91721,35
sniffing,91722,91721,91722,1
walking,91756,91722,91756,34
sniffing,91762,91756,91762,6
climbing,91763,91762,91763,1
sniffing,91764,91763,91764,1
walking,91768,91764,91768,4
stepping,91807,91768,91807,39
rising,91850,91807,91850,43
sniffing,91960,91850,91960,110
climbing,91995,91960,91995,35
running,92008,91995,92008,13
walking,92035,92008,92035,27
rearing,92036,92035,92036,1
walking,92063,92036,92063,27
trotting,92089,92063,92089,26
walking,92090,92089,92090,1
sniffing,92132,92090,92132,42
rising,92133,92132,92133,1
climbing,92177,92133,92177,44
sniffing,92252,92177,92252,75
walking,92253,92252,92253,1
stepping,92305,92253,92305,52
rising,92374,92305,92374,69
left_turning,92402,92374,92402,28
sniffing,92410,92402,92410,8
climbing,92473,92410,92473,63
grooming,92552,92473,92552,79
sniffing,92553,92552,92553,1
rising,92641,92553,92641,88
climbing,92650,92641,92650,9
sniffing,92651,92650,92651,1
hunching,92712,92651,92712,61
grooming,92713,92712,92713,1
rising,92716,92713,92716,3
left_turning,92717,92716,92717,1
stepping,92718,92717,92718,1
walking,92753,92718,92753,35
sniffing,92858,92753,92858,105
walking,92916,92858,92916,58
sniffing,92917,92916,92917,1
grooming,93024,92917,93024,107
sniffing,93095,93024,93095,71
rising,93110,93095,93110,15
rearing,93111,93110,93111,1
rising,93147,93111,93147,36
sniffing,93206,93147,93206,59
trotting,93224,93206,93224,18
sniffing,93349,93224,93349,125
climbing,93377,93349,93377,28
rising,93422,93377,93422,45
walking,93458,93422,93458,36
left_turning,93463,93458,93463,5
sniffing,93555,93463,93555,92
rising,93567,93555,93567,12
climbing,93618,93567,93618,51
walking,93626,93618,93626,8
stepping,93663,93626,93663,37
sniffing,93711,93663,93711,48
walking,93757,93711,93757,46
sniffing,93782,93757,93782,25
left_turning,93834,93782,93834,52
sniffing,93845,93834,93845,11
rising,93846,93845,93846,1
sniffing,93847,93846,93847,1
right_turning,93866,93847,93866,19
sniffing,93924,93866,93924,58
pausing,94466,93924,94466,542
sniffing,94483,94466,94483,17
left_turning,94511,94483,94511,28
sniffing,94580,94511,94580,69
walking,94589,94580,94589,9
stepping,94613,94589,94613,24
sniffing,94665,94613,94665,52
rising,94698,94665,94698,33
rearing,94734,94698,94734,36
walking,94810,94734,94810,76
left_turning,94811,94810,94811,1
sniffing,94896,94811,94896,85
right_turning,94899,94896,94899,3
walking,94939,94899,94939,40
sniffing,95004,94939,95004,65
rising,95053,95004,95053,49
sniffing,95098,95053,95098,45
climbing,95106,95098,95106,8
rising,95126,95106,95126,20
climbing,95179,95126,95179,53
sniffing,95223,95179,95223,44
climbing,95233,95223,95233,10
rising,95265,95233,95265,32
trotting,95287,95265,95287,22
sniffing,95288,95287,95288,1
pausing,95602,95288,95602,314
sniffing,95603,95602,95603,1
walking,95632,95603,95632,29
stepping,95677,95632,95677,45
climbing,95706,95677,95706,29
sniffing,95789,95706,95789,83
trotting,95837,95789,95837,48
sniffing,95851,95837,95851,14
rising,95859,95851,95859,8
climbing,95916,95859,95916,57
trotting,95954,95916,95954,38
walking,95992,95954,95992,38
sniffing,95993,95992,95993,1
pausing,96002,95993,96002,9
sniffing,96031,96002,96031,29
grooming,96284,96031,96284,253
hunching,96291,96284,96291,7
climbing,96390,96291,96390,99
trotting,96431,96390,96431,41
rising,96447,96431,96447,16
walking,96448,96447,96448,1
trotting,96458,96448,96458,10
sniffing,96501,96458,96501,43
climbing,96566,96501,96566,65
hunching,96657,96566,96657,91
rearing,96658,96657,96658,1
sniffing,96721,96658,96721,63
rising,96723,96721,96723,2
walking,96733,96723,96733,10
rearing,96797,96733,96797,64
climbing,96845,96797,96845,48
rearing,96868,96845,96868,23
sniffing,96951,96868,96951,83
trotting,96952,96951,96952,1
sniffing,97009,96952,97009,57
rearing,97045,97009,97045,36
sniffing,97112,97045,97112,67
walking,97162,97112,97162,50
sniffing,97199,97162,97199,37
climbing,97207,97199,97207,8
rearing,97208,97207,97208,1
climbing,97245,97208,97245,37
rising,97246,97245,97246,1
sniffing,97332,97246,97332,86
rising,97387,97332,97387,55
sniffing,97430,97387,97430,43
walking,97461,97430,97461,31
stepping,97466,97461,97466,5
left_turning,97492,97466,97492,26
rearing,97509,97492,97509,17
rising,97529,97509,97529,20
right_turning,97542,97529,97542,13
climbing,97574,97542,97574,32
grooming,97631,97574,97631,57
hunching,97632,97631,97632,1
grooming,97745,97632,97745,113
rearing,97793,97745,97793,48
sniffing,97794,97793,97794,1
trotting,97801,97794,97801,7
sniffing,97825,97801,97825,24
left_turning,97826,97825,97826,1
sniffing,97852,97826,97852,26
left_turning,97978,97852,97978,126
rising,97979,97978,97979,1
climbing,98065,97979,98065,86
rearing,98066,98065,98066,1
right_turning,98067,98066,98067,1
walking,98115,98067,98115,48
sniffing,98116,98115,98116,1
walking,98186,98116,98186,70
sniffing,98220,98186,98220,34
trotting,98252,98220,98252,32
rising,98253,98252,98253,1
hunching,98324,98253,98324,71
rising,98385,98324,98385,61
sniffing,98386,98385,98386,1
rising,98444,98386,98444,58
sniffing,98461,98444,98461,17
right_turning,98486,98461,98486,25
walking,98487,98486,98487,1
left_turning,98597,98487,98597,110
sniffing,98626,98597,98626,29
pausing,98947,98626,98947,321
rising,98948,98947,98948,1
sniffing,98949,98948,98949,1
right_turning,98950,98949,98950,1
walking,98951,98950,98951,1
left_turning,98952,98951,98952,1
rising,98973,98952,98973,21
climbing,98987,98973,98987,14
rearing,99069,98987,99069,82
climbing,99113,99069,99113,44
rising,99163,99113,99163,50
left_turning,99241,99163,99241,78
sniffing,99296,99241,99296,55
grooming,99314,99296,99314,18
sniffing,99400,99314,99400,86
rearing,99530,99400,99530,130
rising,99671,99530,99671,141
rearing,99857,99671,99857,186
hunching,99906,99857,99906,49
climbing,100002,99906,100002,96
right_turning,100039,100002,100039,37
climbing,100104,100039,100104,65
rearing,100234,100104,100234,130
sniffing,100266,100234,100266,32
walking,100322,100266,100322,56
sniffing,100375,100322,100375,53
rising,100466,100375,100466,91
climbing,100554,100466,100554,88
rearing,100625,100554,100625,71
right_turning,100626,100625,100626,1
sniffing,100627,100626,100627,1
rearing,100707,100627,100707,80
sniffing,100874,100707,100874,167
grooming,100875,100874,100875,1
sniffing,100951,100875,100951,76
stepping,100971,100951,100971,20
left_turning,100987,100971,100987,16
running,101005,100987,101005,18
trotting,101021,101005,101021,16
sniffing,101174,101021,101174,153
left_turning,101232,101174,101232,58
walking,101288,101232,101288,56
rearing,101342,101288,101342,54
sniffing,101410,101342,101410,68
stepping,101450,101410,101450,40
left_turning,101523,101450,101523,73
sniffing,101540,101523,101540,17
right_turning,101551,101540,101551,11
left_turning,101558,101551,101558,7
climbing,101596,101558,101596,38
right_turning,101604,101596,101604,8
stepping,101634,101604,101634,30
sniffing,101697,101634,101697,63
right_turning,101752,101697,101752,55
walking,101771,101752,101771,19
rising,101772,101771,101772,1
climbing,101780,101772,101780,8
walking,101817,101780,101817,37
sniffing,101851,101817,101851,34
left_turning,102012,101851,102012,161
walking,102098,102012,102098,86
sniffing,102112,102098,102112,14
left_turning,102190,102112,102190,78
climbing,102191,102190,102191,1
hunching,102419,102191,102419,228
sniffing,102463,102419,102463,44
left_turning,102464,102463,102464,1
walking,102470,102464,102470,6
rearing,102580,102470,102580,110
left_turning,102641,102580,102641,61
trotting,102682,102641,102682,41
running,102698,102682,102698,16
walking,102726,102698,102726,28
sniffing,102727,102726,102727,1
rising,102782,102727,102782,55
sniffing,102816,102782,102816,34
walking,102851,102816,102851,35
sniffing,102942,102851,102942,91
rearing,102943,102942,102943,1
sniffing,103143,102943,103143,200
left_turning,103144,103143,103144,1
sniffing,103242,103144,103242,98
walking,103262,103242,103262,20
sniffing,103328,103262,103328,66
rearing,103329,103328,103329,1
walking,103359,103329,103359,30
sniffing,103360,103359,103360,1
rising,103478,103360,103478,118
running,103488,103478,103488,10
sniffing,103514,103488,103514,26
rising,103521,103514,103521,7
climbing,103550,103521,103550,29
sniffing,103551,103550,103551,1
hunching,103579,103551,103579,28
rearing,103661,103579,103661,82
grooming,103998,103661,103998,337
sniffing,104026,103998,104026,28
left_turning,104062,104026,104062,36
walking,104089,104062,104089,27
trotting,104112,104089,104112,23
sniffing,104113,104112,104113,1
right_turning,104114,104113,104114,1
rising,104185,104114,104185,71
climbing,104233,104185,104233,48
sniffing,104234,104233,104234,1
climbing,104381,104234,104381,147
sniffing,104412,104381,104412,31
rising,104483,104412,104483,71
climbing,104589,104483,104589,106
sniffing,104590,104589,104590,1
rearing,104630,104590,104630,40
sniffing,104652,104630,104652,22
grooming,104855,104652,104855,203
climbing,104901,104855,104901,46
sniffing,104909,104901,104909,8
walking,104910,104909,104910,1
rising,104985,104910,104985,75
climbing,104991,104985,104991,6
sniffing,104997,104991,104997,6
hunching,105150,104997,105150,153
grooming,105154,105150,105154,4
sniffing,105309,105154,105309,155
rearing,105331,105309,105331,22
sniffing,105360,105331,105360,29
rising,105361,105360,105361,1
climbing,105390,105361,105390,29
grooming,105675,105390,105675,285
sniffing,105738,105675,105738,63
hunching,105790,105738,105790,52
climbing,105840,105790,105840,50
right_turning,105899,105840,105899,59
walking,105930,105899,105930,31
left_turning,105933,105930,105933,3
walking,105954,105933,105954,21
rising,105963,105954,105963,9
pausing,105964,105963,105964,1
sniffing,105988,105964,105988,24
left_turning,105997,105988,105997,9
sniffing,105999,105997,105999,2
running,106028,105999,106028,29
rising,106029,106028,106029,1
sniffing,106170,106029,106170,141
walking,106200,106170,106200,30
sniffing,106201,106200,106201,1
rising,106233,106201,106233,32
climbing,106336,106233,106336,103
grooming,106337,106336,106337,1
hunching,106407,106337,106407,70
climbing,106433,106407,106433,26
right_turning,106434,106433,106434,1
rising,106511,106434,106511,77
climbing,106531,106511,106531,20
rearing,106556,106531,106556,25
rising,106685,106556,106685,129
climbing,106696,106685,106696,11
rearing,106768,106696,106768,72
rising,106824,106768,106824,56
sniffing,106928,106824,106928,104
left_turning,107052,106928,107052,124
walking,107084,107052,107084,32
climbing,107163,107084,107163,79
sniffing,107185,107163,107185,22
walking,107215,107185,107215,30
rising,107231,107215,107231,16
climbing,107316,107231,107316,85
sniffing,107379,107316,107379,63
rising,107445,107379,107445,66
left_turning,107477,107445,107477,32
rising,107478,107477,107478,1
left_turning,107549,107478,107549,71
trotting,107550,107549,107550,1
sniffing,107596,107550,107596,46
stepping,107620,107596,107620,24
walking,107628,107620,107628,8
climbing,107665,107628,107665,37
right_turning,107672,107665,107672,7
rising,107712,107672,107712,40
sniffing,107732,107712,107732,20
rising,107742,107732,107742,10
sniffing,107782,107742,107782,40
grooming,107785,107782,107785,3
climbing,107795,107785,107795,10
grooming,107954,107795,107954,159
sniffing,108000,107954,108000,46
