revised_movement_label,segBoundary,segBoundary_start,segBoundary_end,length
rising,81,0,81,81
climbing,92,81,92,11
walking,155,92,155,63
climbing,212,155,212,57
trotting,233,212,233,21
climbing,280,233,280,47
trotting,316,280,316,36
sniffing,319,316,319,3
right_turning,342,319,342,23
walking,353,342,353,11
sniffing,428,353,428,75
left_turning,430,428,430,2
sniffing,524,430,524,94
left_turning,525,524,525,1
running,545,525,545,20
walking,562,545,562,17
stepping,598,562,598,36
sniffing,756,598,756,158
walking,828,756,828,72
rising,829,828,829,1
walking,830,829,830,1
trotting,876,830,876,46
left_turning,906,876,906,30
running,907,906,907,1
sniffing,927,907,927,20
rising,1022,927,1022,95
left_turning,1059,1022,1059,37
trotting,1084,1059,1084,25
walking,1103,1084,1103,19
sniffing,1118,1103,1118,15
rising,1119,1118,1119,1
walking,1120,1119,1120,1
rising,1121,1120,1121,1
sniffing,1122,1121,1122,1
climbing,1131,1122,1131,9
hunching,1162,1131,1162,31
sniffing,1188,1162,1188,26
left_turning,1221,1188,1221,33
sniffing,1222,1221,1222,1
running,1249,1222,1249,27
sniffing,1327,1249,1327,78
climbing,1364,1327,1364,37
sniffing,1407,1364,1407,43
running,1436,1407,1436,29
stepping,1490,1436,1490,54
sniffing,1497,1490,1497,7
trotting,1526,1497,1526,29
right_turning,1527,1526,1527,1
walking,1558,1527,1558,31
rising,1704,1558,1704,146
climbing,1728,1704,1728,24
sniffing,1729,1728,1729,1
walking,1736,1729,1736,7
sniffing,1737,1736,1737,1
trotting,1774,1737,1774,37
sniffing,1775,1774,1775,1
pausing,1776,1775,1776,1
sniffing,1903,1776,1903,127
rising,1942,1903,1942,39
walking,1943,1942,1943,1
sniffing,1944,1943,1944,1
walking,1964,1944,1964,20
rising,2039,1964,2039,75
sniffing,2040,2039,2040,1
walking,2082,2040,2082,42
climbing,2129,2082,2129,47
right_turning,2152,2129,2152,23
stepping,2223,2152,2223,71
climbing,2235,2223,2235,12
walking,2339,2235,2339,104
climbing,2353,2339,2353,14
walking,2390,2353,2390,37
sniffing,2474,2390,2474,84
climbing,2482,2474,2482,8
sniffing,2506,2482,2506,24
left_turning,2529,2506,2529,23
walking,2604,2529,2604,75
rising,2640,2604,2640,36
trotting,2651,2640,2651,11
sniffing,2652,2651,2652,1
climbing,2712,2652,2712,60
rising,2740,2712,2740,28
sniffing,2741,2740,2741,1
walking,2770,2741,2770,29
sniffing,2869,2770,2869,99
trotting,2892,2869,2892,23
right_turning,2903,2892,2903,11
walking,2921,2903,2921,18
sniffing,2943,2921,2943,22
grooming,2944,2943,2944,1
rearing,2956,2944,2956,12
climbing,3008,2956,3008,52
rising,3009,3008,3009,1
climbing,3032,3009,3032,23
left_turning,3049,3032,3049,17
walking,3070,3049,3070,21
climbing,3113,3070,3113,43
walking,3152,3113,3152,39
left_turning,3153,3152,3153,1
sniffing,3154,3153,3154,1
climbing,3197,3154,3197,43
walking,3198,3197,3198,1
rising,3242,3198,3242,44
sniffing,3278,3242,3278,36
climbing,3321,3278,3321,43
left_turning,3341,3321,3341,20
stepping,3382,3341,3382,41
hunching,3415,3382,3415,33
right_turning,3424,3415,3424,9
trotting,3428,3424,3428,4
walking,3440,3428,3440,12
trotting,3468,3440,3468,28
sniffing,3493,3468,3493,25
walking,3599,3493,3599,106
sniffing,3611,3599,3611,12
walking,3653,3611,3653,42
sniffing,3664,3653,3664,11
walking,3665,3664,3665,1
sniffing,3854,3665,3854,189
walking,3855,3854,3855,1
climbing,3922,3855,3922,67
running,3923,3922,3923,1
climbing,3968,3923,3968,45
sniffing,3969,3968,3969,1
climbing,3972,3969,3972,3
hunching,4034,3972,4034,62
rising,4042,4034,4042,8
walking,4060,4042,4060,18
sniffing,4099,4060,4099,39
rising,4200,4099,4200,101
sniffing,4209,4200,4209,9
right_turning,4242,4209,4242,33
walking,4277,4242,4277,35
sniffing,4315,4277,4315,38
rising,4402,4315,4402,87
walking,4473,4402,4473,71
sniffing,4474,4473,4474,1
climbing,4522,4474,4522,48
grooming,4523,4522,4523,1
climbing,4550,4523,4550,27
sniffing,4560,4550,4560,10
climbing,4622,4560,4622,62
walking,4640,4622,4640,18
left_turning,4698,4640,4698,58
walking,4714,4698,4714,16
sniffing,4715,4714,4715,1
left_turning,4741,4715,4741,26
running,4752,4741,4752,11
sniffing,4753,4752,4753,1
walking,4787,4753,4787,34
left_turning,4790,4787,4790,3
walking,4815,4790,4815,25
stepping,4855,4815,4855,40
rising,4897,4855,4897,42
climbing,4961,4897,4961,64
sniffing,5023,4961,5023,62
rearing,5024,5023,5024,1
sniffing,5166,5024,5166,142
rising,5299,5166,5299,133
walking,5326,5299,5326,27
sniffing,5366,5326,5366,40
walking,5408,5366,5408,42
climbing,5448,5408,5448,40
sniffing,5479,5448,5479,31
right_turning,5496,5479,5496,17
running,5518,5496,5518,22
rising,5519,5518,5519,1
trotting,5533,5519,5533,14
sniffing,5580,5533,5580,47
rising,5635,5580,5635,55
sniffing,5636,5635,5636,1
left_turning,5637,5636,5637,1
trotting,5668,5637,5668,31
sniffing,5669,5668,5669,1
rising,5672,5669,5672,3
walking,5673,5672,5673,1
trotting,5676,5673,5676,3
rising,5677,5676,5677,1
left_turning,5678,5677,5678,1
walking,5717,5678,5717,39
climbing,5752,5717,5752,35
walking,5771,5752,5771,19
climbing,5794,5771,5794,23
sniffing,5848,5794,5848,54
climbing,5874,5848,5874,26
walking,5893,5874,5893,19
rising,5993,5893,5993,100
right_turning,5994,5993,5994,1
walking,5995,5994,5995,1
sniffing,6078,5995,6078,83
rising,6168,6078,6168,90
climbing,6176,6168,6176,8
rising,6256,6176,6256,80
climbing,6305,6256,6305,49
sniffing,6306,6305,6306,1
walking,6308,6306,6308,2
sniffing,6391,6308,6391,83
left_turning,6392,6391,6392,1
rising,6398,6392,6398,6
stepping,6416,6398,6416,18
sniffing,6437,6416,6437,21
climbing,6475,6437,6475,38
walking,6480,6475,6480,5
rising,6545,6480,6545,65
climbing,6600,6545,6600,55
rising,6601,6600,6601,1
right_turning,6626,6601,6626,25
trotting,6658,6626,6658,32
stepping,6670,6658,6670,12
walking,6694,6670,6694,24
sniffing,6722,6694,6722,28
rising,6742,6722,6742,20
climbing,6766,6742,6766,24
sniffing,6767,6766,6767,1
climbing,6811,6767,6811,44
walking,6826,6811,6826,15
sniffing,6827,6826,6827,1
walking,6893,6827,6893,66
climbing,6923,6893,6923,30
sniffing,6938,6923,6938,15
left_turning,6990,6938,6990,52
sniffing,6991,6990,6991,1
rising,6992,6991,6992,1
stepping,7038,6992,7038,46
right_turning,7070,7038,7070,32
trotting,7090,7070,7090,20
sniffing,7103,7090,7103,13
walking,7149,7103,7149,46
sniffing,7283,7149,7283,134
walking,7315,7283,7315,32
sniffing,7343,7315,7343,28
right_turning,7366,7343,7366,23
walking,7382,7366,7382,16
sniffing,7441,7382,7441,59
rising,7504,7441,7504,63
trotting,7521,7504,7521,17
sniffing,7583,7521,7583,62
rearing,7661,7583,7661,78
left_turning,7712,7661,7712,51
sniffing,7715,7712,7715,3
climbing,7748,7715,7748,33
left_turning,7768,7748,7768,20
sniffing,7769,7768,7769,1
rearing,7804,7769,7804,35
stepping,7845,7804,7845,41
running,7872,7845,7872,27
stepping,7946,7872,7946,74
sniffing,8000,7946,8000,54
climbing,8065,8000,8065,65
trotting,8107,8065,8107,42
sniffing,8182,8107,8182,75
running,8183,8182,8183,1
trotting,8199,8183,8199,16
walking,8219,8199,8219,20
rising,8220,8219,8220,1
sniffing,8329,8220,8329,109
walking,8344,8329,8344,15
sniffing,8429,8344,8429,85
climbing,8490,8429,8490,61
left_turning,8555,8490,8555,65
climbing,8618,8555,8618,63
sniffing,8621,8618,8621,3
climbing,8675,8621,8675,54
running,8676,8675,8676,1
walking,8696,8676,8696,20
sniffing,8751,8696,8751,55
rising,8752,8751,8752,1
left_turning,8790,8752,8790,38
stepping,8856,8790,8856,66
walking,8897,8856,8897,41
sniffing,8934,8897,8934,37
rising,8935,8934,8935,1
climbing,8965,8935,8965,30
right_turning,9011,8965,9011,46
sniffing,9029,9011,9029,18
rising,9076,9029,9076,47
sniffing,9148,9076,9148,72
trotting,9149,9148,9149,1
walking,9170,9149,9170,21
sniffing,9171,9170,9171,1
walking,9172,9171,9172,1
rising,9177,9172,9177,5
walking,9190,9177,9190,13
rising,9191,9190,9191,1
climbing,9231,9191,9231,40
right_turning,9238,9231,9238,7
walking,9249,9238,9249,11
sniffing,9323,9249,9323,74
walking,9376,9323,9376,53
sniffing,9407,9376,9407,31
rising,9494,9407,9494,87
climbing,9561,9494,9561,67
right_turning,9562,9561,9562,1
walking,9592,9562,9592,30
sniffing,9593,9592,9593,1
left_turning,9635,9593,9635,42
rearing,9636,9635,9636,1
sniffing,9666,9636,9666,30
rising,9695,9666,9695,29
sniffing,9799,9695,9799,104
walking,9868,9799,9868,69
left_turning,9918,9868,9918,50
trotting,9949,9918,9949,31
rising,10037,9949,10037,88
walking,10057,10037,10057,20
climbing,10138,10057,10138,81
walking,10161,10138,10161,23
climbing,10227,10161,10227,66
rising,10286,10227,10286,59
sniffing,10375,10286,10375,89
running,10396,10375,10396,21
walking,10409,10396,10409,13
climbing,10410,10409,10410,1
rearing,10494,10410,10494,84
left_turning,10536,10494,10536,42
walking,10546,10536,10546,10
rising,10658,10546,10658,112
climbing,10690,10658,10690,32
trotting,10708,10690,10708,18
rising,10718,10708,10718,10
sniffing,10778,10718,10778,60
walking,10823,10778,10823,45
sniffing,10905,10823,10905,82
left_turning,10924,10905,10924,19
sniffing,10961,10924,10961,37
rising,10991,10961,10991,30
walking,10992,10991,10992,1
sniffing,11007,10992,11007,15
walking,11044,11007,11044,37
rising,11079,11044,11079,35
hunching,11142,11079,11142,63
sniffing,11238,11142,11238,96
left_turning,11293,11238,11293,55
walking,11320,11293,11320,27
sniffing,11373,11320,11373,53
right_turning,11377,11373,11377,4
walking,11412,11377,11412,35
sniffing,11413,11412,11413,1
rising,11414,11413,11414,1
walking,11457,11414,11457,43
sniffing,11472,11457,11472,15
walking,11473,11472,11473,1
sniffing,11486,11473,11486,13
rearing,11645,11486,11645,159
left_turning,11675,11645,11675,30
right_turning,11684,11675,11684,9
left_turning,11697,11684,11697,13
sniffing,11744,11697,11744,47
walking,11763,11744,11763,19
sniffing,11807,11763,11807,44
left_turning,11834,11807,11834,27
sniffing,11835,11834,11835,1
rising,11916,11835,11916,81
sniffing,11942,11916,11942,26
rising,11966,11942,11966,24
climbing,12001,11966,12001,35
walking,12045,12001,12045,44
rising,12064,12045,12064,19
rearing,12065,12064,12065,1
sniffing,12202,12065,12202,137
rising,12255,12202,12255,53
trotting,12273,12255,12273,18
walking,12291,12273,12291,18
sniffing,12363,12291,12363,72
left_turning,12411,12363,12411,48
rising,12412,12411,12412,1
stepping,12442,12412,12442,30
walking,12480,12442,12480,38
left_turning,12525,12480,12525,45
running,12551,12525,12551,26
stepping,12589,12551,12589,38
right_turning,12613,12589,12613,24
walking,12657,12613,12657,44
sniffing,12719,12657,12719,62
walking,12788,12719,12788,69
stepping,12820,12788,12820,32
right_turning,12821,12820,12821,1
walking,12892,12821,12892,71
sniffing,12917,12892,12917,25
left_turning,12928,12917,12928,11
sniffing,12977,12928,12977,49
climbing,13008,12977,13008,31
walking,13035,13008,13035,27
sniffing,13059,13035,13059,24
trotting,13060,13059,13060,1
climbing,13111,13060,13111,51
rising,13150,13111,13150,39
right_turning,13165,13150,13165,15
walking,13200,13165,13200,35
sniffing,13207,13200,13207,7
left_turning,13208,13207,13208,1
walking,13234,13208,13234,26
sniffing,13259,13234,13259,25
left_turning,13286,13259,13286,27
rising,13363,13286,13363,77
climbing,13405,13363,13405,42
rising,13406,13405,13406,1
sniffing,13431,13406,13431,25
rising,13443,13431,13443,12
sniffing,13446,13443,13446,3
climbing,13521,13446,13521,75
sniffing,13522,13521,13522,1
walking,13575,13522,13575,53
sniffing,13576,13575,13576,1
running,13592,13576,13592,16
walking,13593,13592,13593,1
rising,13653,13593,13653,60
climbing,13733,13653,13733,80
trotting,13754,13733,13754,21
right_turning,13788,13754,13788,34
rising,13886,13788,13886,98
trotting,13913,13886,13913,27
sniffing,14038,13913,14038,125
left_turning,14068,14038,14068,30
walking,14085,14068,14085,17
rising,14086,14085,14086,1
grooming,14087,14086,14087,1
rising,14088,14087,14088,1
climbing,14137,14088,14137,49
rising,14236,14137,14236,99
walking,14324,14236,14324,88
sniffing,14391,14324,14391,67
stepping,14469,14391,14469,78
climbing,14480,14469,14480,11
rising,14519,14480,14519,39
climbing,14548,14519,14548,29
sniffing,14624,14548,14624,76
walking,14713,14624,14713,89
trotting,14744,14713,14744,31
rising,14745,14744,14745,1
climbing,14746,14745,14746,1
rising,14754,14746,14754,8
climbing,14789,14754,14789,35
sniffing,14800,14789,14800,11
walking,14807,14800,14807,7
left_turning,14833,14807,14833,26
sniffing,14904,14833,14904,71
rising,14938,14904,14938,34
walking,14942,14938,14942,4
climbing,15014,14942,15014,72
walking,15041,15014,15041,27
rising,15042,15041,15042,1
climbing,15083,15042,15083,41
rearing,15187,15083,15187,104
grooming,15396,15187,15396,209
sniffing,15404,15396,15404,8
rising,15405,15404,15405,1
right_turning,15406,15405,15406,1
walking,15443,15406,15443,37
climbing,15477,15443,15477,34
rising,15511,15477,15511,34
climbing,15599,15511,15599,88
right_turning,15603,15599,15603,4
trotting,15653,15603,15653,50
sniffing,15674,15653,15674,21
climbing,15698,15674,15698,24
rising,15788,15698,15788,90
climbing,15826,15788,15826,38
sniffing,15866,15826,15866,40
climbing,15920,15866,15920,54
trotting,15954,15920,15954,34
climbing,15995,15954,15995,41
right_turning,15996,15995,15996,1
left_turning,16041,15996,16041,45
sniffing,16139,16041,16139,98
walking,16140,16139,16140,1
sniffing,16141,16140,16141,1
rising,16194,16141,16194,53
rearing,16259,16194,16259,65
grooming,16260,16259,16260,1
rearing,16261,16260,16261,1
walking,16280,16261,16280,19
sniffing,16281,16280,16281,1
left_turning,16311,16281,16311,30
climbing,16374,16311,16374,63
sniffing,16446,16374,16446,72
climbing,16521,16446,16521,75
rising,16522,16521,16522,1
sniffing,16542,16522,16542,20
walking,16543,16542,16543,1
climbing,16581,16543,16581,38
rising,16651,16581,16651,70
climbing,16689,16651,16689,38
rearing,16866,16689,16866,177
rising,16867,16866,16867,1
sniffing,16909,16867,16909,42
left_turning,16923,16909,16923,14
sniffing,16994,16923,16994,71
climbing,17020,16994,17020,26
rising,17021,17020,17021,1
hunching,17022,17021,17022,1
walking,17055,17022,17055,33
sniffing,17102,17055,17102,47
climbing,17160,17102,17160,58
hunching,17214,17160,17214,54
sniffing,17255,17214,17255,41
walking,17353,17255,17353,98
sniffing,17458,17353,17458,105
rising,17459,17458,17459,1
climbing,17506,17459,17506,47
trotting,17532,17506,17532,26
walking,17564,17532,17564,32
sniffing,17565,17564,17565,1
rearing,17665,17565,17665,100
climbing,17705,17665,17705,40
walking,17748,17705,17748,43
right_turning,17781,17748,17781,33
stepping,17782,17781,17782,1
climbing,17820,17782,17820,38
right_turning,17848,17820,17848,28
walking,17870,17848,17870,22
sniffing,18008,17870,18008,138
left_turning,18034,18008,18034,26
rising,18067,18034,18067,33
sniffing,18099,18067,18099,32
rising,18250,18099,18250,151
climbing,18323,18250,18323,73
left_turning,18327,18323,18327,4
sniffing,18384,18327,18384,57
walking,18430,18384,18430,46
climbing,18438,18430,18438,8
rising,18488,18438,18488,50
climbing,18505,18488,18505,17
grooming,18506,18505,18506,1
walking,18542,18506,18542,36
left_turning,18572,18542,18572,30
sniffing,18575,18572,18575,3
rising,18576,18575,18576,1
climbing,18618,18576,18618,42
running,18673,18618,18673,55
sniffing,18768,18673,18768,95
walking,18812,18768,18812,44
sniffing,18813,18812,18813,1
rising,18858,18813,18858,45
sniffing,18859,18858,18859,1
hunching,18860,18859,18860,1
sniffing,18861,18860,18861,1
rearing,18871,18861,18871,10
climbing,18909,18871,18909,38
stepping,18933,18909,18933,24
sniffing,19020,18933,19020,87
climbing,19021,19020,19021,1
left_turning,19072,19021,19072,51
rising,19139,19072,19139,67
rearing,19140,19139,19140,1
sniffing,19168,19140,19168,28
walking,19181,19168,19181,13
left_turning,19222,19181,19222,41
sniffing,19223,19222,19223,1
left_turning,19236,19223,19236,13
walking,19271,19236,19271,35
sniffing,19298,19271,19298,27
climbing,19315,19298,19315,17
right_turning,19334,19315,19334,19
walking,19391,19334,19391,57
rising,19437,19391,19437,46
walking,19481,19437,19481,44
rising,19525,19481,19525,44
left_turning,19526,19525,19526,1
running,19532,19526,19532,6
sniffing,19533,19532,19533,1
walking,19534,19533,19534,1
sniffing,19573,19534,19573,39
stepping,19586,19573,19586,13
rising,19635,19586,19635,49
climbing,19670,19635,19670,35
rising,19707,19670,19707,37
climbing,19766,19707,19766,59
sniffing,19767,19766,19767,1
rising,19768,19767,19768,1
climbing,19815,19768,19815,47
sniffing,19895,19815,19895,80
trotting,19903,19895,19903,8
sniffing,19930,19903,19930,27
climbing,19950,19930,19950,20
sniffing,19992,19950,19992,42
left_turning,19994,19992,19994,2
rising,19995,19994,19995,1
climbing,20059,19995,20059,64
walking,20078,20059,20078,19
sniffing,20116,20078,20116,38
right_turning,20122,20116,20122,6
trotting,20144,20122,20144,22
sniffing,20157,20144,20157,13
rising,20165,20157,20165,8
climbing,20181,20165,20181,16
trotting,20201,20181,20201,20
rising,20291,20201,20291,90
climbing,20353,20291,20353,62
sniffing,20359,20353,20359,6
rising,20360,20359,20360,1
stepping,20375,20360,20375,15
sniffing,20561,20375,20561,186
climbing,20638,20561,20638,77
sniffing,20667,20638,20667,29
left_turning,20692,20667,20692,25
walking,20708,20692,20708,16
sniffing,20907,20708,20907,199
rising,21004,20907,21004,97
sniffing,21059,21004,21059,55
climbing,21092,21059,21092,33
sniffing,21450,21092,21450,358
walking,21472,21450,21472,22
climbing,21510,21472,21510,38
rising,21558,21510,21558,48
trotting,21607,21558,21607,49
rearing,21841,21607,21841,234
running,21876,21841,21876,35
walking,21896,21876,21896,20
sniffing,21897,21896,21897,1
grooming,21898,21897,21898,1
trotting,21911,21898,21911,13
sniffing,21971,21911,21971,60
climbing,22042,21971,22042,71
sniffing,22071,22042,22071,29
grooming,22324,22071,22324,253
sniffing,22448,22324,22448,124
left_turning,22499,22448,22499,51
walking,22500,22499,22500,1
sniffing,22501,22500,22501,1
left_turning,22533,22501,22533,32
stepping,22552,22533,22552,19
trotting,22578,22552,22578,26
walking,22579,22578,22579,1
climbing,22635,22579,22635,56
sniffing,22643,22635,22643,8
walking,22644,22643,22644,1
right_turning,22647,22644,22647,3
sniffing,22675,22647,22675,28
rising,22683,22675,22683,8
climbing,22700,22683,22700,17
right_turning,22745,22700,22745,45
running,22795,22745,22795,50
walking,22840,22795,22840,45
climbing,22911,22840,22911,71
walking,22962,22911,22962,51
trotting,22990,22962,22990,28
walking,23043,22990,23043,53
sniffing,23064,23043,23064,21
rising,23081,23064,23081,17
walking,23107,23081,23107,26
sniffing,23131,23107,23131,24
running,23164,23131,23164,33
walking,23185,23164,23185,21
climbing,23212,23185,23212,27
right_turning,23213,23212,23213,1
walking,23260,23213,23260,47
sniffing,23393,23260,23393,133
stepping,23400,23393,23400,7
sniffing,23487,23400,23487,87
climbing,23540,23487,23540,53
right_turning,23556,23540,23556,16
stepping,23602,23556,23602,46
rising,23656,23602,23656,54
walking,23707,23656,23707,51
climbing,23779,23707,23779,72
sniffing,23896,23779,23896,117
walking,23925,23896,23925,29
climbing,23960,23925,23960,35
stepping,23990,23960,23990,30
walking,24012,23990,24012,22
climbing,24052,24012,24052,40
walking,24071,24052,24071,19
sniffing,24084,24071,24084,13
climbing,24111,24084,24111,27
sniffing,24197,24111,24197,86
hunching,24329,24197,24329,132
sniffing,24523,24329,24523,194
trotting,24577,24523,24577,54
rising,24613,24577,24613,36
rearing,24769,24613,24769,156
grooming,24909,24769,24909,140
running,24957,24909,24957,48
rising,24988,24957,24988,31
walking,24989,24988,24989,1
climbing,25062,24989,25062,73
rising,25091,25062,25091,29
stepping,25123,25091,25123,32
sniffing,25167,25123,25167,44
climbing,25205,25167,25205,38
running,25241,25205,25241,36
walking,25270,25241,25270,29
sniffing,25300,25270,25300,30
stepping,25305,25300,25305,5
left_turning,25311,25305,25311,6
climbing,25387,25311,25387,76
right_turning,25400,25387,25400,13
stepping,25445,25400,25445,45
sniffing,25560,25445,25560,115
walking,25583,25560,25583,23
left_turning,25639,25583,25639,56
trotting,25680,25639,25680,41
walking,25738,25680,25738,58
left_turning,25746,25738,25746,8
trotting,25783,25746,25783,37
left_turning,25784,25783,25784,1
walking,25826,25784,25826,42
rising,25853,25826,25853,27
grooming,25910,25853,25910,57
rearing,25930,25910,25930,20
trotting,25967,25930,25967,37
walking,25968,25967,25968,1
stepping,26000,25968,26000,32
sniffing,26049,26000,26049,49
left_turning,26078,26049,26078,29
walking,26104,26078,26104,26
left_turning,26143,26104,26143,39
sniffing,26197,26143,26197,54
right_turning,26218,26197,26218,21
climbing,26223,26218,26223,5
rising,26306,26223,26306,83
right_turning,26325,26306,26325,19
sniffing,26421,26325,26421,96
left_turning,26461,26421,26461,40
sniffing,26492,26461,26492,31
left_turning,26560,26492,26560,68
sniffing,26628,26560,26628,68
grooming,26629,26628,26629,1
walking,26667,26629,26667,38
right_turning,26679,26667,26679,12
walking,26713,26679,26713,34
climbing,26759,26713,26759,46
left_turning,26760,26759,26760,1
rising,26761,26760,26761,1
rearing,26792,26761,26792,31
stepping,26848,26792,26848,56
left_turning,26859,26848,26859,11
running,26886,26859,26886,27
stepping,26921,26886,26921,35
hunching,27051,26921,27051,130
rising,27081,27051,27081,30
sniffing,27140,27081,27140,59
hunching,27202,27140,27202,62
sniffing,27241,27202,27241,39
walking,27257,27241,27257,16
sniffing,27293,27257,27293,36
rising,27294,27293,27294,1
climbing,27318,27294,27318,24
right_turning,27331,27318,27331,13
trotting,27366,27331,27366,35
stepping,27378,27366,27378,12
sniffing,27395,27378,27395,17
left_turning,27405,27395,27405,10
rising,27406,27405,27406,1
climbing,27454,27406,27454,48
sniffing,27455,27454,27455,1
walking,27461,27455,27461,6
rising,27518,27461,27518,57
sniffing,27537,27518,27537,19
right_turning,27563,27537,27563,26
stepping,27570,27563,27570,7
rising,27571,27570,27571,1
rearing,27650,27571,27650,79
walking,27694,27650,27694,44
sniffing,27739,27694,27739,45
left_turning,27752,27739,27752,13
walking,27782,27752,27782,30
right_turning,27804,27782,27804,22
walking,27841,27804,27841,37
climbing,27854,27841,27854,13
sniffing,28057,27854,28057,203
walking,28093,28057,28093,36
sniffing,28148,28093,28148,55
climbing,28238,28148,28238,90
sniffing,28297,28238,28297,59
right_turning,28312,28297,28312,15
rearing,28413,28312,28413,101
climbing,28440,28413,28440,27
grooming,29067,28440,29067,627
sniffing,29091,29067,29091,24
stepping,29092,29091,29092,1
sniffing,29118,29092,29118,26
rising,29119,29118,29119,1
stepping,29140,29119,29140,21
sniffing,29216,29140,29216,76
left_turning,29263,29216,29263,47
sniffing,29370,29263,29370,107
trotting,29412,29370,29412,42
climbing,29415,29412,29415,3
walking,29507,29415,29507,92
sniffing,29538,29507,29538,31
rising,29616,29538,29616,78
hunching,29619,29616,29619,3
right_turning,29657,29619,29657,38
trotting,29725,29657,29725,68
sniffing,29741,29725,29741,16
rising,29797,29741,29797,56
climbing,29882,29797,29882,85
sniffing,29928,29882,29928,46
rising,29929,29928,29929,1
climbing,29971,29929,29971,42
right_turning,29997,29971,29997,26
stepping,30015,29997,30015,18
sniffing,30016,30015,30016,1
rising,30069,30016,30069,53
rearing,30082,30069,30082,13
grooming,30083,30082,30083,1
rearing,30112,30083,30112,29
grooming,30420,30112,30420,308
sniffing,30470,30420,30470,50
running,30480,30470,30480,10
walking,30498,30480,30498,18
sniffing,30499,30498,30499,1
stepping,30604,30499,30604,105
sniffing,30644,30604,30644,40
left_turning,30663,30644,30663,19
trotting,30674,30663,30674,11
sniffing,30675,30674,30675,1
rising,30700,30675,30700,25
left_turning,30728,30700,30728,28
running,30749,30728,30749,21
sniffing,30839,30749,30839,90
trotting,30854,30839,30854,15
sniffing,30908,30854,30908,54
rising,30959,30908,30959,51
climbing,30989,30959,30989,30
rearing,31127,30989,31127,138
climbing,31176,31127,31176,49
walking,31203,31176,31203,27
sniffing,31253,31203,31253,50
stepping,31281,31253,31281,28
climbing,31319,31281,31319,38
rising,31367,31319,31367,48
climbing,31376,31367,31376,9
sniffing,31377,31376,31377,1
walking,31399,31377,31399,22
sniffing,31406,31399,31406,7
rising,31407,31406,31407,1
left_turning,31414,31407,31414,7
rising,31540,31414,31540,126
sniffing,31607,31540,31607,67
walking,31646,31607,31646,39
rising,31648,31646,31648,2
grooming,32004,31648,32004,356
sniffing,32062,32004,32062,58
hunching,32167,32062,32167,105
rising,32172,32167,32172,5
trotting,32226,32172,32226,54
rising,32272,32226,32272,46
left_turning,32284,32272,32284,12
walking,32286,32284,32286,2
climbing,32337,32286,32337,51
sniffing,32400,32337,32400,63
climbing,32504,32400,32504,104
rising,32584,32504,32584,80
climbing,32585,32584,32585,1
sniffing,32610,32585,32610,25
rising,32684,32610,32684,74
sniffing,32685,32684,32685,1
rising,32686,32685,32686,1
sniffing,32754,32686,32754,68
hunching,32755,32754,32755,1
climbing,32783,32755,32783,28
rising,32954,32783,32954,171
climbing,33028,32954,33028,74
rising,33125,33028,33125,97
climbing,33159,33125,33159,34
rising,33249,33159,33249,90
left_turning,33298,33249,33298,49
sniffing,33370,33298,33370,72
rising,33371,33370,33371,1
walking,33412,33371,33412,41
sniffing,33455,33412,33455,43
left_turning,33456,33455,33456,1
sniffing,33502,33456,33502,46
climbing,33566,33502,33566,64
rising,33596,33566,33596,30
climbing,33597,33596,33597,1
walking,33614,33597,33614,17
sniffing,33633,33614,33633,19
right_turning,33635,33633,33635,2
running,33662,33635,33662,27
sniffing,33792,33662,33792,130
stepping,33816,33792,33816,24
left_turning,33828,33816,33828,12
running,33858,33828,33858,30
climbing,33896,33858,33896,38
running,33957,33896,33957,61
sniffing,33963,33957,33963,6
rising,33998,33963,33998,35
grooming,34199,33998,34199,201
sniffing,34201,34199,34201,2
rising,34202,34201,34202,1
sniffing,34233,34202,34233,31
walking,34244,34233,34244,11
stepping,34304,34244,34304,60
trotting,34325,34304,34325,21
rising,34338,34325,34338,13
climbing,34356,34338,34356,18
trotting,34409,34356,34409,53
sniffing,34459,34409,34459,50
rising,34487,34459,34487,28
climbing,34527,34487,34527,40
sniffing,34528,34527,34528,1
left_turning,34554,34528,34554,26
walking,34568,34554,34568,14
sniffing,34569,34568,34569,1
rearing,34570,34569,34570,1
climbing,34614,34570,34614,44
walking,34685,34614,34685,71
climbing,34720,34685,34720,35
rising,34721,34720,34721,1
sniffing,34753,34721,34753,32
stepping,34792,34753,34792,39
sniffing,34880,34792,34880,88
walking,34924,34880,34924,44
sniffing,34936,34924,34936,12
walking,34962,34936,34962,26
sniffing,35047,34962,35047,85
hunching,35048,35047,35048,1
walking,35068,35048,35068,20
sniffing,35074,35068,35074,6
right_turning,35108,35074,35108,34
rising,35130,35108,35130,22
climbing,35167,35130,35167,37
right_turning,35212,35167,35212,45
running,35239,35212,35239,27
sniffing,35322,35239,35322,83
grooming,35323,35322,35323,1
rearing,35345,35323,35345,22
grooming,35840,35345,35840,495
climbing,35893,35840,35893,53
hunching,35940,35893,35940,47
right_turning,35969,35940,35969,29
stepping,36019,35969,36019,50
sniffing,36020,36019,36020,1
walking,36062,36020,36062,42
rising,36120,36062,36120,58
climbing,36171,36120,36171,51
sniffing,36172,36171,36172,1
rearing,36210,36172,36210,38
sniffing,36243,36210,36243,33
walking,36248,36243,36248,5
sniffing,36252,36248,36252,4
climbing,36299,36252,36299,47
sniffing,36381,36299,36381,82
rising,36382,36381,36382,1
rearing,36383,36382,36383,1
sniffing,36447,36383,36447,64
rising,36476,36447,36476,29
sniffing,36512,36476,36512,36
rearing,36616,36512,36616,104
grooming,36801,36616,36801,185
hunching,36802,36801,36802,1
rising,36807,36802,36807,5
sniffing,36868,36807,36868,61
hunching,36930,36868,36930,62
sniffing,36931,36930,36931,1
walking,36971,36931,36971,40
rising,36972,36971,36972,1
right_turning,36994,36972,36994,22
walking,37019,36994,37019,25
climbing,37110,37019,37110,91
rising,37207,37110,37207,97
climbing,37303,37207,37303,96
walking,37313,37303,37313,10
climbing,37340,37313,37340,27
sniffing,37352,37340,37352,12
trotting,37368,37352,37368,16
rising,37369,37368,37369,1
sniffing,37404,37369,37404,35
hunching,37499,37404,37499,95
sniffing,37500,37499,37500,1
rearing,37549,37500,37549,49
climbing,37573,37549,37573,24
rising,37600,37573,37600,27
walking,37615,37600,37615,15
sniffing,37641,37615,37641,26
walking,37653,37641,37653,12
climbing,37699,37653,37699,46
rising,37748,37699,37748,49
sniffing,37767,37748,37767,19
left_turning,37816,37767,37816,49
walking,37854,37816,37854,38
hunching,37855,37854,37855,1
climbing,37887,37855,37887,32
hunching,37888,37887,37888,1
right_turning,37900,37888,37900,12
walking,37924,37900,37924,24
climbing,37942,37924,37942,18
sniffing,37956,37942,37956,14
right_turning,37978,37956,37978,22
trotting,37979,37978,37979,1
stepping,38045,37979,38045,66
walking,38085,38045,38085,40
trotting,38121,38085,38121,36
walking,38173,38121,38173,52
sniffing,38182,38173,38182,9
rising,38249,38182,38249,67
sniffing,38250,38249,38250,1
walking,38284,38250,38284,34
sniffing,38313,38284,38313,29
rising,38357,38313,38357,44
climbing,38410,38357,38410,53
hunching,38438,38410,38438,28
rising,38439,38438,38439,1
sniffing,38485,38439,38485,46
walking,38507,38485,38507,22
climbing,38540,38507,38540,33
walking,38547,38540,38547,7
rising,38805,38547,38805,258
rearing,38912,38805,38912,107
walking,38931,38912,38931,19
rising,38971,38931,38971,40
sniffing,39003,38971,39003,32
walking,39041,39003,39041,38
sniffing,39072,39041,39072,31
walking,39086,39072,39086,14
climbing,39132,39086,39132,46
rearing,39195,39132,39195,63
sniffing,39241,39195,39241,46
climbing,39264,39241,39264,23
sniffing,39299,39264,39299,35
rising,39329,39299,39329,30
left_turning,39421,39329,39421,92
grooming,40164,39421,40164,743
sniffing,40244,40164,40244,80
stepping,40268,40244,40268,24
walking,40277,40268,40277,9
left_turning,40278,40277,40278,1
rising,40279,40278,40279,1
climbing,40284,40279,40284,5
rising,40307,40284,40307,23
sniffing,40358,40307,40358,51
left_turning,40377,40358,40377,19
sniffing,40410,40377,40410,33
climbing,40471,40410,40471,61
rearing,40549,40471,40549,78
trotting,40567,40549,40567,18
walking,40580,40567,40580,13
rising,40581,40580,40581,1
climbing,40633,40581,40633,52
trotting,40638,40633,40638,5
stepping,40682,40638,40682,44
hunching,40719,40682,40719,37
rearing,40779,40719,40779,60
rising,40819,40779,40819,40
sniffing,40897,40819,40897,78
hunching,40898,40897,40898,1
sniffing,40899,40898,40899,1
grooming,41123,40899,41123,224
rearing,41209,41123,41209,86
sniffing,41261,41209,41261,52
right_turning,41286,41261,41286,25
trotting,41337,41286,41337,51
walking,41371,41337,41371,34
left_turning,41403,41371,41403,32
sniffing,41461,41403,41461,58
stepping,41515,41461,41515,54
walking,41534,41515,41534,19
climbing,41550,41534,41550,16
right_turning,41565,41550,41565,15
climbing,41607,41565,41607,42
sniffing,41608,41607,41608,1
grooming,41609,41608,41609,1
sniffing,41728,41609,41728,119
stepping,41743,41728,41743,15
sniffing,41764,41743,41764,21
climbing,41767,41764,41767,3
left_turning,41801,41767,41801,34
sniffing,41802,41801,41802,1
left_turning,41810,41802,41810,8
walking,41890,41810,41890,80
stepping,41951,41890,41951,61
sniffing,41963,41951,41963,12
rising,41999,41963,41999,36
climbing,42008,41999,42008,9
rising,42055,42008,42055,47
sniffing,42127,42055,42127,72
trotting,42170,42127,42170,43
left_turning,42171,42170,42171,1
sniffing,42179,42171,42179,8
walking,42196,42179,42196,17
stepping,42197,42196,42197,1
sniffing,42273,42197,42273,76
right_turning,42305,42273,42305,32
walking,42345,42305,42345,40
sniffing,42432,42345,42432,87
walking,42520,42432,42520,88
rising,42567,42520,42567,47
trotting,42592,42567,42592,25
walking,42595,42592,42595,3
sniffing,42701,42595,42701,106
hunching,42702,42701,42702,1
left_turning,42761,42702,42761,59
sniffing,42836,42761,42836,75
climbing,42871,42836,42871,35
left_turning,42907,42871,42907,36
walking,42939,42907,42939,32
sniffing,42985,42939,42985,46
walking,42992,42985,42992,7
rising,43029,42992,43029,37
climbing,43060,43029,43060,31
rising,43101,43060,43101,41
walking,43130,43101,43130,29
sniffing,43189,43130,43189,59
rearing,43190,43189,43190,1
right_turning,43213,43190,43213,23
trotting,43239,43213,43239,26
left_turning,43240,43239,43240,1
trotting,43268,43240,43268,28
left_turning,43271,43268,43271,3
walking,43297,43271,43297,26
stepping,43366,43297,43366,69
sniffing,43427,43366,43427,61
rearing,43428,43427,43428,1
grooming,44240,43428,44240,812
hunching,44327,44240,44327,87
walking,44328,44327,44328,1
rearing,44391,44328,44391,63
grooming,44438,44391,44438,47
rearing,44571,44438,44571,133
walking,44577,44571,44577,6
left_turning,44584,44577,44584,7
trotting,44617,44584,44617,33
sniffing,44631,44617,44631,14
walking,44714,44631,44714,83
rising,44715,44714,44715,1
sniffing,44799,44715,44799,84
trotting,44842,44799,44842,43
sniffing,44854,44842,44854,12
rising,44906,44854,44906,52
climbing,44962,44906,44962,56
trotting,44991,44962,44991,29
sniffing,45015,44991,45015,24
rising,45016,45015,45016,1
climbing,45069,45016,45069,53
rising,45100,45069,45100,31
climbing,45137,45100,45137,37
rearing,45220,45137,45220,83
walking,45250,45220,45250,30
sniffing,45331,45250,45331,81
hunching,45433,45331,45433,102
stepping,45463,45433,45463,30
sniffing,45510,45463,45510,47
left_turning,45511,45510,45511,1
sniffing,45796,45511,45796,285
climbing,45858,45796,45858,62
sniffing,45926,45858,45926,68
walking,45933,45926,45933,7
climbing,45987,45933,45987,54
rearing,46111,45987,46111,124
climbing,46188,46111,46188,77
trotting,46189,46188,46189,1
rising,46190,46189,46190,1
running,46214,46190,46214,24
walking,46246,46214,46246,32
climbing,46288,46246,46288,42
stepping,46302,46288,46302,14
sniffing,46303,46302,46303,1
rising,46452,46303,46452,149
walking,46453,46452,46453,1
rising,46454,46453,46454,1
climbing,46568,46454,46568,114
walking,46581,46568,46581,13
sniffing,46591,46581,46591,10
climbing,46752,46591,46752,161
sniffing,46799,46752,46799,47
walking,46819,46799,46819,20
rising,46820,46819,46820,1
climbing,46836,46820,46836,16
sniffing,46907,46836,46907,71
stepping,46938,46907,46938,31
rearing,46960,46938,46960,22
sniffing,46984,46960,46984,24
hunching,47083,46984,47083,99
rising,47085,47083,47085,2
walking,47099,47085,47099,14
stepping,47100,47099,47100,1
sniffing,47106,47100,47106,6
running,47143,47106,47143,37
jumping,47167,47143,47167,24
rearing,47184,47167,47184,17
rising,47189,47184,47189,5
walking,47199,47189,47199,10
sniffing,47200,47199,47200,1
walking,47201,47200,47201,1
rising,47202,47201,47202,1
climbing,47231,47202,47231,29
rising,47310,47231,47310,79
climbing,47383,47310,47383,73
rearing,47390,47383,47390,7
running,47400,47390,47400,10
left_turning,47401,47400,47401,1
walking,47409,47401,47409,8
sniffing,47410,47409,47410,1
hunching,47411,47410,47411,1
right_turning,47434,47411,47434,23
rising,47435,47434,47435,1
stepping,47452,47435,47452,17
sniffing,47540,47452,47540,88
trotting,47547,47540,47547,7
climbing,47730,47547,47730,183
rising,47736,47730,47736,6
sniffing,47742,47736,47742,6
climbing,47755,47742,47755,13
rising,47761,47755,47761,6
sniffing,47823,47761,47823,62
climbing,47906,47823,47906,83
sniffing,47969,47906,47969,63
left_turning,48022,47969,48022,53
right_turning,48031,48022,48031,9
walking,48056,48031,48056,25
left_turning,48091,48056,48091,35
sniffing,48177,48091,48177,86
rising,48217,48177,48217,40
climbing,48393,48217,48393,176
right_turning,48428,48393,48428,35
climbing,48475,48428,48475,47
grooming,48476,48475,48476,1
rearing,48540,48476,48540,64
rising,48592,48540,48592,52
climbing,48627,48592,48627,35
rising,48628,48627,48628,1
climbing,48656,48628,48656,28
sniffing,48716,48656,48716,60
climbing,48755,48716,48755,39
right_turning,48761,48755,48761,6
grooming,48762,48761,48762,1
sniffing,48875,48762,48875,113
trotting,48904,48875,48904,29
sniffing,48986,48904,48986,82
rising,48995,48986,48995,9
walking,49042,48995,49042,47
sniffing,49099,49042,49099,57
rising,49156,49099,49156,57
rearing,49160,49156,49160,4
grooming,49240,49160,49240,80
rearing,49241,49240,49241,1
sniffing,49309,49241,49309,68
jumping,49363,49309,49363,54
rearing,49441,49363,49441,78
grooming,49768,49441,49768,327
hunching,49778,49768,49778,10
sniffing,49836,49778,49836,58
hunching,49840,49836,49840,4
right_turning,49841,49840,49841,1
trotting,49899,49841,49899,58
sniffing,49904,49899,49904,5
rising,49905,49904,49905,1
hunching,50040,49905,50040,135
climbing,50087,50040,50087,47
walking,50108,50087,50108,21
rising,50109,50108,50109,1
rearing,50559,50109,50559,450
climbing,50560,50559,50560,1
rising,50561,50560,50561,1
walking,50579,50561,50579,18
trotting,50581,50579,50581,2
walking,50605,50581,50605,24
rising,50639,50605,50639,34
rearing,50791,50639,50791,152
right_turning,50799,50791,50799,8
trotting,50825,50799,50825,26
sniffing,50877,50825,50877,52
rising,50878,50877,50878,1
rearing,50940,50878,50940,62
hunching,50991,50940,50991,51
climbing,51024,50991,51024,33
sniffing,51102,51024,51102,78
right_turning,51114,51102,51114,12
sniffing,51159,51114,51159,45
rising,51160,51159,51160,1
sniffing,51203,51160,51203,43
trotting,51213,51203,51213,10
rising,51258,51213,51258,45
left_turning,51286,51258,51286,28
running,51308,51286,51308,22
sniffing,51309,51308,51309,1
running,51336,51309,51336,27
trotting,51393,51336,51393,57
sniffing,51426,51393,51426,33
walking,51439,51426,51439,13
sniffing,51527,51439,51527,88
hunching,51613,51527,51613,86
rising,51673,51613,51673,60
sniffing,51705,51673,51705,32
rising,51715,51705,51715,10
sniffing,51716,51715,51716,1
left_turning,51740,51716,51740,24
sniffing,51745,51740,51745,5
pausing,51946,51745,51946,201
sniffing,52020,51946,52020,74
rearing,52054,52020,52054,34
climbing,52065,52054,52065,11
right_turning,52082,52065,52082,17
trotting,52097,52082,52097,15
right_turning,52100,52097,52100,3
climbing,52150,52100,52150,50
sniffing,52201,52150,52201,51
climbing,52257,52201,52257,56
rearing,52332,52257,52332,75
left_turning,52362,52332,52362,30
sniffing,52385,52362,52385,23
rising,52416,52385,52416,31
walking,52444,52416,52444,28
trotting,52471,52444,52471,27
sniffing,52472,52471,52472,1
walking,52510,52472,52510,38
sniffing,52551,52510,52551,41
left_turning,52552,52551,52552,1
sniffing,52689,52552,52689,137
stepping,52718,52689,52718,29
rising,52795,52718,52795,77
walking,52811,52795,52811,16
sniffing,52812,52811,52812,1
climbing,52858,52812,52858,46
walking,52859,52858,52859,1
running,52875,52859,52875,16
sniffing,52965,52875,52965,90
right_turning,53002,52965,53002,37
walking,53023,53002,53023,21
trotting,53057,53023,53057,34
rising,53159,53057,53159,102
climbing,53200,53159,53200,41
rising,53216,53200,53216,16
pausing,53481,53216,53481,265
sniffing,53521,53481,53521,40
climbing,53528,53521,53528,7
walking,53529,53528,53529,1
trotting,53562,53529,53562,33
left_turning,53611,53562,53611,49
sniffing,53612,53611,53612,1
pausing,53781,53612,53781,169
sniffing,53825,53781,53825,44
running,53863,53825,53863,38
walking,53874,53863,53874,11
rearing,53966,53874,53966,92
sniffing,53967,53966,53967,1
rearing,53998,53967,53998,31
rising,53999,53998,53999,1
walking,54058,53999,54058,59
sniffing,54101,54058,54101,43
rising,54106,54101,54106,5
trotting,54145,54106,54145,39
rising,54217,54145,54217,72
walking,54227,54217,54227,10
sniffing,54228,54227,54228,1
stepping,54239,54228,54239,11
walking,54240,54239,54240,1
climbing,54311,54240,54311,71
walking,54370,54311,54370,59
sniffing,54372,54370,54372,2
rising,54373,54372,54373,1
climbing,54404,54373,54404,31
rising,54438,54404,54438,34
climbing,54513,54438,54513,75
sniffing,54514,54513,54514,1
trotting,54532,54514,54532,18
sniffing,54565,54532,54565,33
climbing,54641,54565,54641,76
rising,54642,54641,54642,1
climbing,54687,54642,54687,45
right_turning,54715,54687,54715,28
sniffing,54722,54715,54722,7
rising,54790,54722,54790,68
sniffing,54809,54790,54809,19
rising,54846,54809,54846,37
left_turning,54890,54846,54890,44
sniffing,54911,54890,54911,21
rising,54923,54911,54923,12
climbing,54988,54923,54988,65
walking,55053,54988,55053,65
sniffing,55122,55053,55122,69
left_turning,55158,55122,55158,36
walking,55164,55158,55164,6
sniffing,55305,55164,55305,141
rising,55352,55305,55352,47
sniffing,55353,55352,55353,1
climbing,55399,55353,55399,46
sniffing,55462,55399,55462,63
climbing,55475,55462,55475,13
grooming,55711,55475,55711,236
left_turning,55729,55711,55729,18
sniffing,55740,55729,55740,11
left_turning,55741,55740,55741,1
walking,55745,55741,55745,4
trotting,55779,55745,55779,34
rising,55821,55779,55821,42
sniffing,55899,55821,55899,78
walking,55900,55899,55900,1
rising,55971,55900,55971,71
climbing,56015,55971,56015,44
sniffing,56113,56015,56113,98
trotting,56129,56113,56129,16
rearing,56333,56129,56333,204
walking,56348,56333,56348,15
sniffing,56355,56348,56355,7
climbing,56431,56355,56431,76
rising,56450,56431,56450,19
walking,56493,56450,56493,43
rising,56565,56493,56565,72
walking,56588,56565,56588,23
sniffing,56617,56588,56617,29
climbing,56690,56617,56690,73
rearing,56851,56690,56851,161
grooming,56852,56851,56852,1
rising,56869,56852,56869,17
trotting,56895,56869,56895,26
rearing,56941,56895,56941,46
rising,56942,56941,56942,1
grooming,56951,56942,56951,9
sniffing,56996,56951,56996,45
walking,57091,56996,57091,95
rising,57096,57091,57096,5
left_turning,57129,57096,57129,33
sniffing,57162,57129,57162,33
rearing,57194,57162,57194,32
rising,57224,57194,57224,30
running,57251,57224,57251,27
left_turning,57262,57251,57262,11
walking,57270,57262,57270,8
sniffing,57363,57270,57363,93
walking,57391,57363,57391,28
sniffing,57409,57391,57409,18
climbing,57440,57409,57440,31
rising,57441,57440,57441,1
climbing,57481,57441,57481,40
stepping,57608,57481,57608,127
rearing,57609,57608,57609,1
left_turning,57610,57609,57610,1
walking,57634,57610,57634,24
sniffing,57647,57634,57647,13
rising,57648,57647,57648,1
sniffing,57649,57648,57649,1
stepping,57673,57649,57673,24
rearing,57674,57673,57674,1
grooming,57675,57674,57675,1
rising,57676,57675,57676,1
climbing,57709,57676,57709,33
rearing,57716,57709,57716,7
rising,57717,57716,57717,1
left_turning,57759,57717,57759,42
rising,57760,57759,57760,1
climbing,57784,57760,57784,24
trotting,57825,57784,57825,41
sniffing,57919,57825,57919,94
rising,57962,57919,57962,43
climbing,57988,57962,57988,26
grooming,58294,57988,58294,306
climbing,58335,58294,58335,41
hunching,58339,58335,58339,4
right_turning,58349,58339,58349,10
walking,58354,58349,58354,5
rising,58366,58354,58366,12
climbing,58400,58366,58400,34
sniffing,58482,58400,58482,82
climbing,58483,58482,58483,1
sniffing,58484,58483,58484,1
walking,58514,58484,58514,30
sniffing,58548,58514,58548,34
rising,58549,58548,58549,1
climbing,58636,58549,58636,87
grooming,58788,58636,58788,152
rising,58789,58788,58789,1
sniffing,58861,58789,58861,72
rising,58888,58861,58888,27
sniffing,59015,58888,59015,127
left_turning,59023,59015,59023,8
sniffing,59069,59023,59069,46
walking,59070,59069,59070,1
left_turning,59096,59070,59096,26
rising,59128,59096,59128,32
sniffing,59144,59128,59144,16
rearing,59145,59144,59145,1
grooming,59208,59145,59208,63
rearing,59209,59208,59209,1
walking,59251,59209,59251,42
left_turning,59274,59251,59274,23
walking,59302,59274,59302,28
rising,59303,59302,59303,1
sniffing,59341,59303,59341,38
rising,59416,59341,59416,75
climbing,59448,59416,59448,32
right_turning,59454,59448,59454,6
walking,59464,59454,59464,10
left_turning,59472,59464,59472,8
sniffing,59473,59472,59473,1
right_turning,59483,59473,59483,10
walking,59513,59483,59513,30
sniffing,59514,59513,59514,1
right_turning,59520,59514,59520,6
walking,59546,59520,59546,26
left_turning,59557,59546,59557,11
walking,59571,59557,59571,14
sniffing,59644,59571,59644,73
rising,59645,59644,59645,1
hunching,59724,59645,59724,79
climbing,59743,59724,59743,19
walking,59756,59743,59756,13
trotting,59780,59756,59780,24
walking,59806,59780,59806,26
left_turning,59807,59806,59807,1
running,59830,59807,59830,23
rising,59835,59830,59835,5
sniffing,59876,59835,59876,41
climbing,59963,59876,59963,87
right_turning,60004,59963,60004,41
rearing,60161,60004,60161,157
walking,60174,60161,60174,13
climbing,60197,60174,60197,23
rearing,60198,60197,60198,1
grooming,60199,60198,60199,1
rearing,60201,60199,60201,2
hunching,60288,60201,60288,87
rising,60289,60288,60289,1
climbing,60337,60289,60337,48
rearing,60353,60337,60353,16
sniffing,60391,60353,60391,38
walking,60403,60391,60403,12
trotting,60443,60403,60443,40
walking,60477,60443,60477,34
hunching,60529,60477,60529,52
grooming,60575,60529,60575,46
climbing,60595,60575,60595,20
sniffing,60620,60595,60620,25
walking,60638,60620,60638,18
sniffing,60800,60638,60800,162
trotting,60848,60800,60848,48
sniffing,60859,60848,60859,11
walking,60877,60859,60877,18
stepping,60927,60877,60927,50
sniffing,60948,60927,60948,21
rising,61005,60948,61005,57
climbing,61007,61005,61007,2
rearing,61013,61007,61013,6
sniffing,61048,61013,61048,35
walking,61115,61048,61115,67
sniffing,61197,61115,61197,82
walking,61219,61197,61219,22
rising,61229,61219,61229,10
sniffing,61337,61229,61337,108
climbing,61342,61337,61342,5
rising,61350,61342,61350,8
trotting,61393,61350,61393,43
rising,61397,61393,61397,4
jumping,61426,61397,61426,29
rearing,61430,61426,61430,4
stepping,61458,61430,61458,28
climbing,61459,61458,61459,1
walking,61481,61459,61481,22
sniffing,61482,61481,61482,1
stepping,61510,61482,61510,28
rising,61546,61510,61546,36
climbing,61583,61546,61583,37
sniffing,61584,61583,61584,1
rising,61639,61584,61639,55
walking,61676,61639,61676,37
sniffing,61698,61676,61698,22
trotting,61734,61698,61734,36
sniffing,61846,61734,61846,112
rising,61882,61846,61882,36
climbing,61942,61882,61942,60
rising,62000,61942,62000,58
climbing,62085,62000,62085,85
sniffing,62132,62085,62132,47
rearing,62215,62132,62215,83
climbing,62269,62215,62269,54
rising,62291,62269,62291,22
left_turning,62316,62291,62316,25
stepping,62320,62316,62320,4
rising,62365,62320,62365,45
climbing,62366,62365,62366,1
walking,62393,62366,62393,27
sniffing,62501,62393,62501,108
walking,62535,62501,62535,34
pausing,62536,62535,62536,1
sniffing,62594,62536,62594,58
rising,62614,62594,62614,20
climbing,62646,62614,62646,32
trotting,62666,62646,62666,20
rearing,62667,62666,62667,1
left_turning,62755,62667,62755,88
walking,62756,62755,62756,1
sniffing,62794,62756,62794,38
walking,62813,62794,62813,19
climbing,62929,62813,62929,116
rising,62981,62929,62981,52
sniffing,63041,62981,63041,60
climbing,63054,63041,63054,13
sniffing,63123,63054,63123,69
walking,63191,63123,63191,68
stepping,63212,63191,63212,21
rearing,63326,63212,63326,114
hunching,63547,63326,63547,221
grooming,63548,63547,63548,1
hunching,63561,63548,63561,13
grooming,63788,63561,63788,227
sniffing,63789,63788,63789,1
left_turning,63790,63789,63790,1
walking,63797,63790,63797,7
rising,63834,63797,63834,37
sniffing,63876,63834,63876,42
grooming,63877,63876,63877,1
sniffing,63896,63877,63896,19
left_turning,63930,63896,63930,34
sniffing,64029,63930,64029,99
hunching,64077,64029,64077,48
rearing,64188,64077,64188,111
hunching,64283,64188,64283,95
right_turning,64293,64283,64293,10
rising,64294,64293,64294,1
climbing,64321,64294,64321,27
walking,64372,64321,64372,51
stepping,64373,64372,64373,1
walking,64385,64373,64385,12
left_turning,64387,64385,64387,2
rising,64723,64387,64723,336
climbing,64767,64723,64767,44
right_turning,64789,64767,64789,22
walking,64825,64789,64825,36
climbing,64894,64825,64894,69
sniffing,64980,64894,64980,86
rising,64981,64980,64981,1
sniffing,65046,64981,65046,65
rising,65047,65046,65047,1
stepping,65084,65047,65084,37
right_turning,65110,65084,65110,26
trotting,65163,65110,65163,53
stepping,65164,65163,65164,1
climbing,65169,65164,65169,5
rising,65170,65169,65170,1
climbing,65261,65170,65261,91
grooming,65262,65261,65262,1
hunching,65263,65262,65263,1
rearing,65264,65263,65264,1
rising,65289,65264,65289,25
jumping,65309,65289,65309,20
rising,65334,65309,65334,25
climbing,65360,65334,65360,26
sniffing,65417,65360,65417,57
left_turning,65442,65417,65442,25
sniffing,65448,65442,65448,6
rising,65566,65448,65566,118
sniffing,65631,65566,65631,65
walking,65632,65631,65632,1
sniffing,65688,65632,65688,56
rising,65787,65688,65787,99
right_turning,65809,65787,65809,22
walking,65822,65809,65822,13
sniffing,65849,65822,65849,27
rising,65850,65849,65850,1
climbing,65906,65850,65906,56
rising,66002,65906,66002,96
sniffing,66122,66002,66122,120
walking,66138,66122,66138,16
stepping,66139,66138,66139,1
walking,66168,66139,66168,29
hunching,66218,66168,66218,50
right_turning,66263,66218,66263,45
sniffing,66282,66263,66282,19
left_turning,66286,66282,66286,4
walking,66330,66286,66330,44
climbing,66335,66330,66335,5
rearing,66436,66335,66436,101
sniffing,66442,66436,66442,6
walking,66463,66442,66463,21
climbing,66489,66463,66489,26
walking,66515,66489,66515,26
sniffing,66516,66515,66516,1
hunching,66582,66516,66582,66
rising,66583,66582,66583,1
grooming,66613,66583,66613,30
stepping,66657,66613,66657,44
climbing,66670,66657,66670,13
sniffing,66778,66670,66778,108
stepping,66792,66778,66792,14
left_turning,66814,66792,66814,22
rising,66925,66814,66925,111
hunching,67049,66925,67049,124
grooming,67050,67049,67050,1
left_turning,67086,67050,67086,36
sniffing,67087,67086,67087,1
left_turning,67113,67087,67113,26
sniffing,67137,67113,67137,24
rising,67147,67137,67147,10
left_turning,67187,67147,67187,40
sniffing,67248,67187,67248,61
rising,67343,67248,67343,95
stepping,67406,67343,67406,63
sniffing,67491,67406,67491,85
left_turning,67492,67491,67492,1
sniffing,67495,67492,67495,3
climbing,67525,67495,67525,30
walking,67526,67525,67526,1
hunching,67583,67526,67583,57
right_turning,67600,67583,67600,17
sniffing,67698,67600,67698,98
rising,67705,67698,67705,7
left_turning,67717,67705,67717,12
walking,67749,67717,67749,32
sniffing,67772,67749,67772,23
grooming,67773,67772,67773,1
hunching,67885,67773,67885,112
rising,67947,67885,67947,62
sniffing,68025,67947,68025,78
stepping,68029,68025,68029,4
rising,68030,68029,68030,1
climbing,68111,68030,68111,81
hunching,68271,68111,68271,160
rearing,68432,68271,68432,161
climbing,68461,68432,68461,29
hunching,68540,68461,68540,79
rearing,68541,68540,68541,1
grooming,68542,68541,68542,1
sniffing,68781,68542,68781,239
rising,68831,68781,68831,50
sniffing,68992,68831,68992,161
rising,69045,68992,69045,53
hunching,69052,69045,69052,7
right_turning,69084,69052,69084,32
running,69097,69084,69097,13
walking,69113,69097,69113,16
sniffing,69131,69113,69131,18
rising,69176,69131,69176,45
climbing,69200,69176,69200,24
rearing,69247,69200,69247,47
rising,69298,69247,69298,51
left_turning,69324,69298,69324,26
sniffing,69377,69324,69377,53
walking,69418,69377,69418,41
sniffing,69449,69418,69449,31
grooming,69529,69449,69529,80
climbing,69598,69529,69598,69
walking,69599,69598,69599,1
climbing,69621,69599,69621,22
sniffing,69739,69621,69739,118
grooming,69740,69739,69740,1
rising,69769,69740,69769,29
climbing,69828,69769,69828,59
walking,69860,69828,69860,32
climbing,69880,69860,69880,20
sniffing,69881,69880,69881,1
rising,69882,69881,69882,1
climbing,70048,69882,70048,166
right_turning,70049,70048,70049,1
stepping,70050,70049,70050,1
sniffing,70154,70050,70154,104
rising,70193,70154,70193,39
climbing,70199,70193,70199,6
hunching,70200,70199,70200,1
stepping,70244,70200,70244,44
sniffing,70262,70244,70262,18
right_turning,70314,70262,70314,52
stepping,70336,70314,70336,22
sniffing,70345,70336,70345,9
walking,70359,70345,70359,14
stepping,70377,70359,70377,18
climbing,70386,70377,70386,9
walking,70388,70386,70388,2
rising,70399,70388,70399,11
right_turning,70457,70399,70457,58
climbing,70489,70457,70489,32
hunching,70677,70489,70677,188
sniffing,70690,70677,70690,13
left_turning,70715,70690,70715,25
stepping,70806,70715,70806,91
rising,70825,70806,70825,19
sniffing,70852,70825,70852,27
climbing,70876,70852,70876,24
walking,70928,70876,70928,52
left_turning,70937,70928,70937,9
trotting,70976,70937,70976,39
right_turning,71008,70976,71008,32
trotting,71035,71008,71035,27
sniffing,71066,71035,71066,31
climbing,71074,71066,71074,8
rising,71120,71074,71120,46
trotting,71158,71120,71158,38
sniffing,71159,71158,71159,1
rising,71225,71159,71225,66
climbing,71226,71225,71226,1
rising,71317,71226,71317,91
climbing,71363,71317,71363,46
rearing,71395,71363,71395,32
rising,71424,71395,71424,29
sniffing,71425,71424,71425,1
stepping,71450,71425,71450,25
sniffing,71588,71450,71588,138
rising,71631,71588,71631,43
left_turning,71657,71631,71657,26
running,71672,71657,71672,15
sniffing,71803,71672,71803,131
rising,71804,71803,71804,1
walking,71809,71804,71809,5
climbing,71854,71809,71854,45
grooming,71985,71854,71985,131
rearing,72031,71985,72031,46
sniffing,72096,72031,72096,65
left_turning,72150,72096,72150,54
walking,72151,72150,72151,1
left_turning,72172,72151,72172,21
walking,72207,72172,72207,35
sniffing,72220,72207,72220,13
climbing,72271,72220,72271,51
walking,72288,72271,72288,17
left_turning,72330,72288,72330,42
stepping,72359,72330,72359,29
rising,72391,72359,72391,32
sniffing,72456,72391,72456,65
left_turning,72459,72456,72459,3
rising,72513,72459,72513,54
climbing,72514,72513,72514,1
sniffing,72612,72514,72612,98
right_turning,72613,72612,72613,1
trotting,72627,72613,72627,14
left_turning,72629,72627,72629,2
sniffing,72630,72629,72630,1
walking,72658,72630,72658,28
sniffing,72737,72658,72737,79
rising,72793,72737,72793,56
rearing,72884,72793,72884,91
sniffing,72885,72884,72885,1
walking,72950,72885,72950,65
sniffing,72978,72950,72978,28
climbing,73034,72978,73034,56
walking,73035,73034,73035,1
left_turning,73121,73035,73121,86
rising,73145,73121,73145,24
sniffing,73254,73145,73254,109
walking,73260,73254,73260,6
left_turning,73276,73260,73276,16
walking,73304,73276,73304,28
sniffing,73369,73304,73369,65
pausing,73518,73369,73518,149
sniffing,73522,73518,73522,4
stepping,73523,73522,73523,1
climbing,73546,73523,73546,23
sniffing,73606,73546,73606,60
hunching,73721,73606,73721,115
sniffing,73756,73721,73756,35
rising,73791,73756,73791,35
rearing,73820,73791,73820,29
sniffing,73855,73820,73855,35
rising,73866,73855,73866,11
climbing,73907,73866,73907,41
walking,73913,73907,73913,6
sniffing,73924,73913,73924,11
walking,73937,73924,73937,13
rearing,73938,73937,73938,1
sniffing,73962,73938,73962,24
rising,73996,73962,73996,34
sniffing,74017,73996,74017,21
rising,74054,74017,74054,37
climbing,74063,74054,74063,9
sniffing,74199,74063,74199,136
rising,74239,74199,74239,40
left_turning,74251,74239,74251,12
rearing,74322,74251,74322,71
sniffing,74360,74322,74360,38
trotting,74405,74360,74405,45
rising,74406,74405,74406,1
sniffing,74611,74406,74611,205
stepping,74657,74611,74657,46
left_turning,74666,74657,74666,9
walking,74683,74666,74683,17
sniffing,74727,74683,74727,44
rearing,74887,74727,74887,160
rising,74888,74887,74888,1
climbing,74948,74888,74948,60
rearing,75005,74948,75005,57
climbing,75037,75005,75037,32
right_turning,75058,75037,75058,21
walking,75109,75058,75109,51
left_turning,75110,75109,75110,1
sniffing,75123,75110,75123,13
left_turning,75124,75123,75124,1
right_turning,75149,75124,75149,25
climbing,75272,75149,75272,123
sniffing,75312,75272,75312,40
rising,75335,75312,75335,23
sniffing,75405,75335,75405,70
rearing,75567,75405,75567,162
right_turning,75617,75567,75617,50
walking,75658,75617,75658,41
sniffing,75676,75658,75676,18
stepping,75705,75676,75705,29
walking,75715,75705,75715,10
rising,75716,75715,75716,1
sniffing,75750,75716,75750,34
walking,75789,75750,75789,39
sniffing,75830,75789,75830,41
left_turning,75884,75830,75884,54
walking,75949,75884,75949,65
sniffing,75964,75949,75964,15
hunching,76009,75964,76009,45
rearing,76010,76009,76010,1
sniffing,76096,76010,76096,86
climbing,76146,76096,76146,50
walking,76169,76146,76169,23
climbing,76217,76169,76217,48
trotting,76235,76217,76235,18
walking,76251,76235,76251,16
climbing,76267,76251,76267,16
left_turning,76343,76267,76343,76
walking,76360,76343,76360,17
rearing,76401,76360,76401,41
climbing,76446,76401,76446,45
rising,76476,76446,76476,30
sniffing,76477,76476,76477,1
right_turning,76493,76477,76493,16
walking,76523,76493,76523,30
rearing,76578,76523,76578,55
walking,76601,76578,76601,23
sniffing,76671,76601,76671,70
pausing,76821,76671,76821,150
sniffing,76860,76821,76860,39
grooming,77242,76860,77242,382
sniffing,77320,77242,77320,78
stepping,77360,77320,77360,40
sniffing,77397,77360,77397,37
rearing,77415,77397,77415,18
grooming,77671,77415,77671,256
walking,77696,77671,77696,25
rising,77765,77696,77765,69
rearing,77880,77765,77880,115
rising,77916,77880,77916,36
sniffing,77931,77916,77931,15
walking,77936,77931,77936,5
sniffing,78009,77936,78009,73
stepping,78069,78009,78069,60
sniffing,78192,78069,78192,123
right_turning,78241,78192,78241,49
sniffing,78276,78241,78276,35
trotting,78282,78276,78282,6
rising,78283,78282,78283,1
climbing,78364,78283,78364,81
hunching,78399,78364,78399,35
sniffing,78405,78399,78405,6
walking,78434,78405,78434,29
sniffing,78469,78434,78469,35
trotting,78487,78469,78487,18
sniffing,78488,78487,78488,1
grooming,78489,78488,78489,1
rising,78549,78489,78549,60
climbing,78565,78549,78565,16
rising,78566,78565,78566,1
sniffing,78567,78566,78567,1
climbing,78616,78567,78616,49
grooming,78934,78616,78934,318
hunching,79056,78934,79056,122
climbing,79111,79056,79111,55
left_turning,79129,79111,79129,18
sniffing,79130,79129,79130,1
rearing,79136,79130,79136,6
climbing,79151,79136,79151,15
grooming,79152,79151,79152,1
sniffing,79185,79152,79185,33
left_turning,79216,79185,79216,31
sniffing,79267,79216,79267,51
climbing,79280,79267,79280,13
rearing,79500,79280,79500,220
rising,79543,79500,79543,43
walking,79552,79543,79552,9
rising,79622,79552,79622,70
climbing,79669,79622,79669,47
rising,79670,79669,79670,1
sniffing,79730,79670,79730,60
rising,79785,79730,79785,55
climbing,79831,79785,79831,46
sniffing,79832,79831,79832,1
left_turning,79852,79832,79852,20
walking,79853,79852,79853,1
sniffing,79926,79853,79926,73
rising,79934,79926,79934,8
sniffing,79969,79934,79969,35
rising,80008,79969,80008,39
stepping,80061,80008,80061,53
left_turning,80069,80061,80069,8
walking,80091,80069,80091,22
right_turning,80104,80091,80104,13
walking,80125,80104,80125,21
rising,80200,80125,80200,75
sniffing,80210,80200,80210,10
right_turning,80238,80210,80238,28
sniffing,80276,80238,80276,38
left_turning,80297,80276,80297,21
sniffing,80312,80297,80312,15
rising,80349,80312,80349,37
rearing,80350,80349,80350,1
grooming,80351,80350,80351,1
sniffing,80382,80351,80382,31
left_turning,80400,80382,80400,18
sniffing,80418,80400,80418,18
walking,80469,80418,80469,51
climbing,80561,80469,80561,92
rearing,80637,80561,80637,76
climbing,80682,80637,80682,45
rearing,80828,80682,80828,146
hunching,80859,80828,80859,31
sniffing,80860,80859,80860,1
climbing,80919,80860,80919,59
hunching,80969,80919,80969,50
sniffing,80972,80969,80972,3
walking,81048,80972,81048,76
rising,81116,81048,81116,68
sniffing,81135,81116,81135,19
rising,81208,81135,81208,73
right_turning,81259,81208,81259,51
trotting,81274,81259,81274,15
stepping,81335,81274,81335,61
walking,81347,81335,81347,12
climbing,81401,81347,81401,54
left_turning,81495,81401,81495,94
sniffing,81524,81495,81524,29
left_turning,81525,81524,81525,1
walking,81547,81525,81547,22
rising,81561,81547,81561,14
left_turning,81577,81561,81577,16
walking,81590,81577,81590,13
trotting,81613,81590,81613,23
rising,81631,81613,81631,18
climbing,81660,81631,81660,29
walking,81693,81660,81693,33
sniffing,81772,81693,81772,79
walking,81799,81772,81799,27
stepping,81862,81799,81862,63
left_turning,81929,81862,81929,67
trotting,81971,81929,81971,42
walking,82012,81971,82012,41
sniffing,82013,82012,82013,1
hunching,82066,82013,82066,53
right_turning,82073,82066,82073,7
walking,82105,82073,82105,32
climbing,82119,82105,82119,14
sniffing,82242,82119,82242,123
hunching,82327,82242,82327,85
right_turning,82382,82327,82382,55
walking,82407,82382,82407,25
climbing,82477,82407,82477,70
grooming,82478,82477,82478,1
rising,82505,82478,82505,27
rearing,82509,82505,82509,4
running,82519,82509,82519,10
left_turning,82520,82519,82520,1
rising,82536,82520,82536,16
climbing,82616,82536,82616,80
hunching,82733,82616,82733,117
right_turning,82746,82733,82746,13
rising,82747,82746,82747,1
climbing,82788,82747,82788,41
right_turning,82816,82788,82816,28
walking,82908,82816,82908,92
rising,82923,82908,82923,15
sniffing,82959,82923,82959,36
left_turning,82963,82959,82963,4
rising,82995,82963,82995,32
climbing,83048,82995,83048,53
rising,83094,83048,83094,46
climbing,83192,83094,83192,98
sniffing,83193,83192,83193,1
climbing,83238,83193,83238,45
hunching,83309,83238,83309,71
sniffing,83310,83309,83310,1
left_turning,83322,83310,83322,12
rising,83323,83322,83323,1
climbing,83397,83323,83397,74
trotting,83427,83397,83427,30
rising,83521,83427,83521,94
sniffing,83523,83521,83523,2
left_turning,83588,83523,83588,65
sniffing,83615,83588,83615,27
rising,83662,83615,83662,47
grooming,83663,83662,83663,1
climbing,83679,83663,83679,16
rising,83680,83679,83680,1
sniffing,83691,83680,83691,11
rising,83692,83691,83692,1
sniffing,83769,83692,83769,77
rising,83800,83769,83800,31
sniffing,83910,83800,83910,110
grooming,84058,83910,84058,148
rearing,84059,84058,84059,1
sniffing,84061,84059,84061,2
right_turning,84091,84061,84091,30
walking,84103,84091,84103,12
left_turning,84123,84103,84123,20
walking,84148,84123,84148,25
rising,84160,84148,84160,12
rearing,84161,84160,84161,1
walking,84206,84161,84206,45
sniffing,84207,84206,84207,1
walking,84208,84207,84208,1
left_turning,84243,84208,84243,35
sniffing,84283,84243,84283,40
rising,84284,84283,84284,1
climbing,84310,84284,84310,26
sniffing,84421,84310,84421,111
grooming,84426,84421,84426,5
hunching,84475,84426,84475,49
right_turning,84483,84475,84483,8
sniffing,84652,84483,84652,169
left_turning,84713,84652,84713,61
rising,84714,84713,84714,1
climbing,84753,84714,84753,39
running,84781,84753,84781,28
sniffing,84834,84781,84834,53
left_turning,84890,84834,84890,56
right_turning,84912,84890,84912,22
sniffing,84991,84912,84991,79
hunching,85082,84991,85082,91
grooming,85083,85082,85083,1
sniffing,85112,85083,85112,29
climbing,85141,85112,85141,29
trotting,85177,85141,85177,36
rearing,85532,85177,85532,355
walking,85565,85532,85565,33
rising,85610,85565,85610,45
left_turning,85659,85610,85659,49
sniffing,85672,85659,85672,13
rearing,85716,85672,85716,44
right_turning,85749,85716,85749,33
walking,85811,85749,85811,62
left_turning,85867,85811,85867,56
trotting,85924,85867,85924,57
rising,85954,85924,85954,30
climbing,86053,85954,86053,99
stepping,86054,86053,86054,1
walking,86117,86054,86117,63
sniffing,86131,86117,86131,14
walking,86154,86131,86154,23
sniffing,86226,86154,86226,72
rising,86228,86226,86228,2
climbing,86268,86228,86268,40
right_turning,86309,86268,86309,41
sniffing,86310,86309,86310,1
stepping,86331,86310,86331,21
running,86336,86331,86336,5
trotting,86340,86336,86340,4
walking,86372,86340,86372,32
trotting,86373,86372,86373,1
climbing,86383,86373,86383,10
sniffing,86467,86383,86467,84
rising,86468,86467,86468,1
climbing,86534,86468,86534,66
rising,86535,86534,86535,1
hunching,86564,86535,86564,29
rearing,86592,86564,86592,28
rising,86635,86592,86635,43
left_turning,86650,86635,86650,15
sniffing,86735,86650,86735,85
rearing,86845,86735,86845,110
grooming,87117,86845,87117,272
left_turning,87209,87117,87209,92
rising,87212,87209,87212,3
stepping,87217,87212,87217,5
climbing,87254,87217,87254,37
rearing,87270,87254,87270,16
right_turning,87279,87270,87279,9
walking,87314,87279,87314,35
rearing,87315,87314,87315,1
grooming,87316,87315,87316,1
climbing,87380,87316,87380,64
rising,87401,87380,87401,21
sniffing,87449,87401,87449,48
left_turning,87476,87449,87476,27
sniffing,87502,87476,87502,26
grooming,87873,87502,87873,371
sniffing,87903,87873,87903,30
rising,87952,87903,87952,49
sniffing,87953,87952,87953,1
right_turning,88009,87953,88009,56
walking,88023,88009,88023,14
sniffing,88065,88023,88065,42
rising,88066,88065,88066,1
hunching,88150,88066,88150,84
sniffing,88151,88150,88151,1
pausing,88213,88151,88213,62
sniffing,88214,88213,88214,1
climbing,88232,88214,88232,18
stepping,88267,88232,88267,35
walking,88268,88267,88268,1
left_turning,88269,88268,88269,1
stepping,88275,88269,88275,6
sniffing,88300,88275,88300,25
rising,88364,88300,88364,64
sniffing,88421,88364,88421,57
pausing,88704,88421,88704,283
sniffing,88753,88704,88753,49
running,88755,88753,88755,2
sniffing,88778,88755,88778,23
walking,88800,88778,88800,22
stepping,88848,88800,88848,48
right_turning,88863,88848,88863,15
trotting,88872,88863,88872,9
sniffing,89083,88872,89083,211
climbing,89223,89083,89223,140
sniffing,89339,89223,89339,116
rearing,89453,89339,89453,114
rising,89454,89453,89454,1
hunching,89462,89454,89462,8
rising,89500,89462,89500,38
climbing,89546,89500,89546,46
sniffing,89575,89546,89575,29
right_turning,89583,89575,89583,8
walking,89633,89583,89633,50
sniffing,89921,89633,89921,288
rearing,89991,89921,89991,70
grooming,90134,89991,90134,143
sniffing,90182,90134,90182,48
rising,90183,90182,90183,1
climbing,90261,90183,90261,78
sniffing,90356,90261,90356,95
rising,90364,90356,90364,8
climbing,90401,90364,90401,37
rearing,90417,90401,90417,16
grooming,90503,90417,90503,86
hunching,90604,90503,90604,101
climbing,90610,90604,90610,6
sniffing,90655,90610,90655,45
rising,90718,90655,90718,63
climbing,90813,90718,90813,95
sniffing,90872,90813,90872,59
left_turning,90873,90872,90873,1
walking,90888,90873,90888,15
climbing,90936,90888,90936,48
rearing,90937,90936,90937,1
rising,90963,90937,90963,26
climbing,90999,90963,90999,36
sniffing,91021,90999,91021,22
trotting,91062,91021,91062,41
sniffing,91092,91062,91092,30
walking,91139,91092,91139,47
right_turning,91165,91139,91165,26
running,91178,91165,91178,13
rising,91179,91178,91179,1
sniffing,91180,91179,91180,1
trotting,91198,91180,91198,18
rising,91223,91198,91223,25
sniffing,91250,91223,91250,27
rearing,91272,91250,91272,22
walking,91323,91272,91323,51
rising,91363,91323,91363,40
sniffing,91364,91363,91364,1
rising,91365,91364,91365,1
climbing,91452,91365,91452,87
walking,91453,91452,91453,1
hunching,91514,91453,91514,61
sniffing,91515,91514,91515,1
walking,91537,91515,91537,22
sniffing,91586,91537,91586,49
stepping,91633,91586,91633,47
jumping,91701,91633,91701,68
rising,91737,91701,91737,36
climbing,91780,91737,91780,43
rearing,91831,91780,91831,51
climbing,91885,91831,91885,54
walking,91886,91885,91886,1
trotting,91896,91886,91896,10
sniffing,91961,91896,91961,65
rising,92011,91961,92011,50
climbing,92026,92011,92026,15
rearing,92144,92026,92144,118
sniffing,92231,92144,92231,87
stepping,92232,92231,92232,1
walking,92233,92232,92233,1
climbing,92275,92233,92275,42
rearing,92276,92275,92276,1
left_turning,92328,92276,92328,52
walking,92349,92328,92349,21
rising,92380,92349,92380,31
rearing,92462,92380,92462,82
rising,92463,92462,92463,1
sniffing,92540,92463,92540,77
rearing,92623,92540,92623,83
sniffing,92637,92623,92637,14
walking,92654,92637,92654,17
sniffing,92740,92654,92740,86
left_turning,92795,92740,92795,55
sniffing,92867,92795,92867,72
rearing,92947,92867,92947,80
climbing,92949,92947,92949,2
rearing,92980,92949,92980,31
rising,92981,92980,92981,1
climbing,93017,92981,93017,36
running,93053,93017,93053,36
sniffing,93054,93053,93054,1
walking,93069,93054,93069,15
left_turning,93075,93069,93075,6
sniffing,93112,93075,93112,37
stepping,93158,93112,93158,46
left_turning,93211,93158,93211,53
sniffing,93252,93211,93252,41
grooming,93253,93252,93253,1
sniffing,93284,93253,93284,31
walking,93315,93284,93315,31
left_turning,93316,93315,93316,1
rising,93372,93316,93372,56
climbing,93397,93372,93397,25
rising,93452,93397,93452,55
rearing,93453,93452,93453,1
climbing,93472,93453,93472,19
right_turning,93473,93472,93473,1
walking,93484,93473,93484,11
sniffing,93524,93484,93524,40
rising,93544,93524,93544,20
walking,93597,93544,93597,53
sniffing,93671,93597,93671,74
rising,93705,93671,93705,34
rearing,93729,93705,93729,24
climbing,93776,93729,93776,47
right_turning,93781,93776,93781,5
sniffing,93821,93781,93821,40
rising,93866,93821,93866,45
grooming,93867,93866,93867,1
rearing,93881,93867,93881,14
climbing,93920,93881,93920,39
grooming,94021,93920,94021,101
sniffing,94038,94021,94038,17
climbing,94039,94038,94039,1
sniffing,94141,94039,94141,102
left_turning,94142,94141,94142,1
running,94180,94142,94180,38
sniffing,94181,94180,94181,1
left_turning,94222,94181,94222,41
sniffing,94237,94222,94237,15
walking,94278,94237,94278,41
rising,94347,94278,94347,69
rearing,94406,94347,94406,59
sniffing,94436,94406,94436,30
climbing,94552,94436,94552,116
grooming,94634,94552,94634,82
sniffing,94644,94634,94644,10
hunching,94727,94644,94727,83
climbing,94728,94727,94728,1
trotting,94765,94728,94765,37
walking,94830,94765,94830,65
left_turning,94859,94830,94859,29
rising,94880,94859,94880,21
left_turning,94931,94880,94931,51
running,94953,94931,94953,22
walking,95014,94953,95014,61
rising,95027,95014,95027,13
rearing,95102,95027,95102,75
sniffing,95127,95102,95127,25
climbing,95180,95127,95180,53
walking,95198,95180,95198,18
sniffing,95348,95198,95348,150
right_turning,95367,95348,95367,19
running,95386,95367,95386,19
sniffing,95731,95386,95731,345
walking,95751,95731,95751,20
sniffing,95818,95751,95818,67
hunching,95819,95818,95819,1
walking,95821,95819,95821,2
climbing,95839,95821,95839,18
right_turning,95869,95839,95869,30
sniffing,95945,95869,95945,76
climbing,96010,95945,96010,65
hunching,96045,96010,96045,35
sniffing,96222,96045,96222,177
climbing,96307,96222,96307,85
rearing,96341,96307,96341,34
grooming,96359,96341,96359,18
sniffing,96360,96359,96360,1
right_turning,96430,96360,96430,70
sniffing,96440,96430,96440,10
right_turning,96469,96440,96469,29
running,96502,96469,96502,33
walking,96540,96502,96540,38
climbing,96586,96540,96586,46
grooming,96587,96586,96587,1
rearing,96659,96587,96659,72
sniffing,96662,96659,96662,3
hunching,96700,96662,96700,38
rising,96701,96700,96701,1
left_turning,96703,96701,96703,2
rearing,96777,96703,96777,74
sniffing,96781,96777,96781,4
left_turning,96842,96781,96842,61
stepping,96867,96842,96867,25
right_turning,96891,96867,96891,24
trotting,96918,96891,96918,27
rising,96933,96918,96933,15
climbing,96935,96933,96935,2
rising,96950,96935,96950,15
walking,96972,96950,96972,22
stepping,97013,96972,97013,41
left_turning,97046,97013,97046,33
walking,97100,97046,97100,54
rearing,97177,97100,97177,77
trotting,97195,97177,97195,18
rising,97225,97195,97225,30
rearing,97288,97225,97288,63
sniffing,97289,97288,97289,1
walking,97311,97289,97311,22
sniffing,97312,97311,97312,1
climbing,97359,97312,97359,47
rearing,97413,97359,97413,54
sniffing,97414,97413,97414,1
left_turning,97417,97414,97417,3
sniffing,97418,97417,97418,1
stepping,97449,97418,97449,31
left_turning,97562,97449,97562,113
running,97569,97562,97569,7
climbing,97581,97569,97581,12
sniffing,97637,97581,97637,56
walking,97658,97637,97658,21
rising,97670,97658,97670,12
sniffing,97699,97670,97699,29
walking,97723,97699,97723,24
stepping,97724,97723,97724,1
walking,97743,97724,97743,19
rearing,97783,97743,97783,40
rising,97854,97783,97854,71
sniffing,97893,97854,97893,39
running,97923,97893,97923,30
sniffing,97924,97923,97924,1
grooming,97964,97924,97964,40
sniffing,97983,97964,97983,19
rising,98003,97983,98003,20
sniffing,98004,98003,98004,1
left_turning,98022,98004,98022,18
stepping,98025,98022,98025,3
walking,98027,98025,98027,2
left_turning,98104,98027,98104,77
walking,98125,98104,98125,21
rearing,98162,98125,98162,37
climbing,98168,98162,98168,6
right_turning,98181,98168,98181,13
walking,98194,98181,98194,13
hunching,98279,98194,98279,85
climbing,98344,98279,98344,65
grooming,98372,98344,98372,28
rearing,98549,98372,98549,177
walking,98561,98549,98561,12
sniffing,98615,98561,98615,54
trotting,98616,98615,98616,1
sniffing,98731,98616,98731,115
climbing,98737,98731,98737,6
sniffing,98832,98737,98832,95
climbing,98875,98832,98875,43
sniffing,98876,98875,98876,1
hunching,98951,98876,98951,75
sniffing,98982,98951,98982,31
left_turning,99035,98982,99035,53
walking,99062,99035,99062,27
left_turning,99072,99062,99072,10
sniffing,99193,99072,99193,121
pausing,99194,99193,99194,1
sniffing,99239,99194,99239,45
rising,99290,99239,99290,51
climbing,99310,99290,99310,20
sniffing,99404,99310,99404,94
rising,99405,99404,99405,1
sniffing,99421,99405,99421,16
walking,99426,99421,99426,5
stepping,99447,99426,99447,21
rearing,99448,99447,99448,1
climbing,99488,99448,99488,40
rearing,99635,99488,99635,147
sniffing,99636,99635,99636,1
right_turning,99666,99636,99666,30
sniffing,99667,99666,99667,1
grooming,99668,99667,99668,1
rearing,99669,99668,99669,1
sniffing,99725,99669,99725,56
climbing,99770,99725,99770,45
hunching,99818,99770,99818,48
climbing,99819,99818,99819,1
rearing,99912,99819,99912,93
sniffing,99929,99912,99929,17
walking,99958,99929,99958,29
rising,100068,99958,100068,110
right_turning,100070,100068,100070,2
walking,100098,100070,100098,28
rising,100141,100098,100141,43
sniffing,100142,100141,100142,1
walking,100195,100142,100195,53
climbing,100196,100195,100196,1
rising,100250,100196,100250,54
sniffing,100332,100250,100332,82
rearing,100559,100332,100559,227
climbing,100651,100559,100651,92
hunching,100683,100651,100683,32
sniffing,100745,100683,100745,62
walking,100746,100745,100746,1
trotting,100785,100746,100785,39
stepping,100812,100785,100812,27
trotting,100845,100812,100845,33
walking,100879,100845,100879,34
climbing,100880,100879,100880,1
rising,100899,100880,100899,19
sniffing,100962,100899,100962,63
rising,101004,100962,101004,42
climbing,101052,101004,101052,48
running,101063,101052,101063,11
walking,101104,101063,101104,41
climbing,101105,101104,101105,1
walking,101122,101105,101122,17
sniffing,101217,101122,101217,95
climbing,101218,101217,101218,1
walking,101229,101218,101229,11
rising,101332,101229,101332,103
sniffing,101406,101332,101406,74
rising,101513,101406,101513,107
sniffing,101609,101513,101609,96
right_turning,101657,101609,101657,48
running,101664,101657,101664,7
walking,101713,101664,101713,49
right_turning,101714,101713,101714,1
stepping,101779,101714,101779,65
left_turning,101798,101779,101798,19
walking,101811,101798,101811,13
left_turning,101851,101811,101851,40
sniffing,101852,101851,101852,1
rising,101890,101852,101890,38
climbing,101910,101890,101910,20
sniffing,101920,101910,101920,10
rising,101936,101920,101936,16
left_turning,102025,101936,102025,89
sniffing,102099,102025,102099,74
rearing,102169,102099,102169,70
grooming,102218,102169,102218,49
climbing,102282,102218,102282,64
hunching,102358,102282,102358,76
climbing,102359,102358,102359,1
rearing,102360,102359,102360,1
sniffing,102377,102360,102377,17
left_turning,102378,102377,102378,1
trotting,102379,102378,102379,1
rising,102380,102379,102380,1
hunching,102395,102380,102395,15
sniffing,102635,102395,102635,240
walking,102650,102635,102650,15
sniffing,102766,102650,102766,116
rising,102782,102766,102782,16
climbing,102783,102782,102783,1
sniffing,102784,102783,102784,1
climbing,102838,102784,102838,54
sniffing,102924,102838,102924,86
rising,103027,102924,103027,103
climbing,103087,103027,103087,60
rearing,103201,103087,103201,114
walking,103211,103201,103211,10
left_turning,103232,103211,103232,21
trotting,103246,103232,103246,14
sniffing,103285,103246,103285,39
rising,103310,103285,103310,25
climbing,103355,103310,103355,45
right_turning,103403,103355,103403,48
running,103420,103403,103420,17
walking,103457,103420,103457,37
left_turning,103481,103457,103481,24
sniffing,103571,103481,103571,90
pausing,103572,103571,103572,1
sniffing,103619,103572,103619,47
rising,103664,103619,103664,45
sniffing,103706,103664,103706,42
right_turning,103715,103706,103715,9
walking,103744,103715,103744,29
running,103768,103744,103768,24
left_turning,103846,103768,103846,78
walking,103870,103846,103870,24
sniffing,103978,103870,103978,108
trotting,104034,103978,104034,56
rising,104219,104034,104219,185
climbing,104241,104219,104241,22
rising,104297,104241,104297,56
sniffing,104458,104297,104458,161
walking,104495,104458,104495,37
sniffing,104569,104495,104569,74
left_turning,104618,104569,104618,49
trotting,104641,104618,104641,23
sniffing,104735,104641,104735,94
rising,104834,104735,104834,99
rearing,104923,104834,104923,89
sniffing,104946,104923,104946,23
grooming,104978,104946,104978,32
hunching,105209,104978,105209,231
sniffing,105443,105209,105443,234
hunching,105444,105443,105444,1
right_turning,105468,105444,105468,24
trotting,105490,105468,105490,22
walking,105545,105490,105545,55
rising,105546,105545,105546,1
rearing,105547,105546,105547,1
left_turning,105653,105547,105653,106
walking,105654,105653,105654,1
left_turning,105692,105654,105692,38
sniffing,105693,105692,105693,1
climbing,105707,105693,105707,14
walking,105782,105707,105782,75
left_turning,105850,105782,105850,68
sniffing,105892,105850,105892,42
rising,105949,105892,105949,57
walking,106006,105949,106006,57
left_turning,106042,106006,106042,36
walking,106072,106042,106072,30
stepping,106073,106072,106073,1
walking,106098,106073,106098,25
sniffing,106145,106098,106145,47
walking,106200,106145,106200,55
right_turning,106229,106200,106229,29
left_turning,106243,106229,106243,14
running,106256,106243,106256,13
sniffing,106257,106256,106257,1
climbing,106258,106257,106258,1
rising,106314,106258,106314,56
rearing,106383,106314,106383,69
climbing,106430,106383,106430,47
stepping,106485,106430,106485,55
left_turning,106486,106485,106486,1
sniffing,106617,106486,106617,131
rising,106681,106617,106681,64
climbing,106725,106681,106725,44
sniffing,106779,106725,106779,54
pausing,106780,106779,106780,1
sniffing,106781,106780,106781,1
grooming,107199,106781,107199,418
rearing,107365,107199,107365,166
climbing,107371,107365,107371,6
walking,107402,107371,107402,31
sniffing,107477,107402,107477,75
climbing,107492,107477,107492,15
right_turning,107509,107492,107509,17
walking,107576,107509,107576,67
sniffing,107577,107576,107577,1
rearing,107614,107577,107614,37
hunching,107638,107614,107638,24
sniffing,107719,107638,107719,81
climbing,107759,107719,107759,40
rising,107816,107759,107816,57
sniffing,107817,107816,107817,1
climbing,107894,107817,107894,77
rising,107913,107894,107913,19
sniffing,107953,107913,107953,40
rearing,108000,107953,108000,47
