revised_movement_label,segBoundary,segBoundary_start,segBoundary_end,length
sniffing,14,0,14,14
rising,48,14,48,34
rearing,49,48,49,1
hunching,55,49,55,6
climbing,106,55,106,51
sniffing,141,106,141,35
walking,143,141,143,2
climbing,167,143,167,24
trotting,188,167,188,21
left_turning,193,188,193,5
trotting,205,193,205,12
sniffing,215,205,215,10
rising,475,215,475,260
hunching,599,475,599,124
sniffing,611,599,611,12
grooming,612,611,612,1
trotting,629,612,629,17
sniffing,630,629,630,1
trotting,658,630,658,28
sniffing,741,658,741,83
right_turning,742,741,742,1
walking,775,742,775,33
sniffing,776,775,776,1
climbing,805,776,805,29
sniffing,845,805,845,40
climbing,882,845,882,37
running,920,882,920,38
rising,932,920,932,12
running,955,932,955,23
trotting,971,955,971,16
stepping,990,971,990,19
climbing,1029,990,1029,39
rising,1105,1029,1105,76
climbing,1129,1105,1129,24
right_turning,1140,1129,1140,11
walking,1172,1140,1172,32
stepping,1211,1172,1211,39
walking,1285,1211,1285,74
climbing,1320,1285,1320,35
sniffing,1360,1320,1360,40
rising,1367,1360,1367,7
left_turning,1400,1367,1400,33
sniffing,1401,1400,1401,1
climbing,1418,1401,1418,17
sniffing,1488,1418,1488,70
running,1504,1488,1504,16
walking,1577,1504,1577,73
right_turning,1604,1577,1604,27
walking,1605,1604,1605,1
sniffing,1606,1605,1606,1
walking,1698,1606,1698,92
sniffing,1721,1698,1721,23
walking,1751,1721,1751,30
climbing,1766,1751,1766,15
sniffing,1834,1766,1834,68
climbing,1889,1834,1889,55
sniffing,1890,1889,1890,1
walking,1928,1890,1928,38
climbing,1929,1928,1929,1
rising,1938,1929,1938,9
sniffing,2012,1938,2012,74
climbing,2051,2012,2051,39
sniffing,2060,2051,2060,9
climbing,2116,2060,2116,56
walking,2117,2116,2117,1
climbing,2137,2117,2137,20
sniffing,2176,2137,2176,39
climbing,2295,2176,2295,119
sniffing,2368,2295,2368,73
walking,2369,2368,2369,1
left_turning,2413,2369,2413,44
walking,2436,2413,2436,23
rising,2598,2436,2598,162
walking,2638,2598,2638,40
rising,2643,2638,2643,5
walking,2682,2643,2682,39
sniffing,2843,2682,2843,161
left_turning,2885,2843,2885,42
sniffing,2903,2885,2903,18
walking,2934,2903,2934,31
stepping,2935,2934,2935,1
sniffing,2936,2935,2936,1
rising,2995,2936,2995,59
climbing,3002,2995,3002,7
sniffing,3003,3002,3003,1
left_turning,3041,3003,3041,38
trotting,3042,3041,3042,1
sniffing,3155,3042,3155,113
rearing,3341,3155,3341,186
sniffing,3342,3341,3342,1
walking,3343,3342,3343,1
climbing,3375,3343,3375,32
walking,3399,3375,3399,24
sniffing,3460,3399,3460,61
rising,3480,3460,3480,20
stepping,3507,3480,3507,27
climbing,3541,3507,3541,34
sniffing,3585,3541,3585,44
climbing,3606,3585,3606,21
sniffing,3649,3606,3649,43
rising,3655,3649,3655,6
trotting,3670,3655,3670,15
walking,3707,3670,3707,37
sniffing,3742,3707,3742,35
left_turning,3769,3742,3769,27
trotting,3786,3769,3786,17
walking,3814,3786,3814,28
sniffing,3899,3814,3899,85
climbing,3940,3899,3940,41
sniffing,3941,3940,3941,1
walking,3998,3941,3998,57
rising,4077,3998,4077,79
sniffing,4078,4077,4078,1
right_turning,4094,4078,4094,16
sniffing,4095,4094,4095,1
rising,4116,4095,4116,21
right_turning,4117,4116,4117,1
walking,4144,4117,4144,27
sniffing,4150,4144,4150,6
climbing,4174,4150,4174,24
rearing,4189,4174,4189,15
rising,4351,4189,4351,162
stepping,4402,4351,4402,51
climbing,4442,4402,4442,40
sniffing,4461,4442,4461,19
right_turning,4478,4461,4478,17
trotting,4523,4478,4523,45
walking,4542,4523,4542,19
rising,4543,4542,4543,1
climbing,4603,4543,4603,60
sniffing,4664,4603,4664,61
left_turning,4665,4664,4665,1
stepping,4697,4665,4697,32
walking,4733,4697,4733,36
sniffing,4866,4733,4866,133
climbing,4914,4866,4914,48
sniffing,4934,4914,4934,20
hunching,5009,4934,5009,75
stepping,5053,5009,5053,44
rising,5124,5053,5124,71
right_turning,5149,5124,5149,25
running,5172,5149,5172,23
hunching,5253,5172,5253,81
right_turning,5261,5253,5261,8
running,5292,5261,5292,31
sniffing,5332,5292,5332,40
climbing,5341,5332,5341,9
sniffing,5477,5341,5477,136
right_turning,5493,5477,5493,16
trotting,5529,5493,5529,36
rising,5591,5529,5591,62
climbing,5653,5591,5653,62
sniffing,5717,5653,5717,64
climbing,5789,5717,5789,72
right_turning,5823,5789,5823,34
sniffing,5824,5823,5824,1
climbing,5836,5824,5836,12
sniffing,5837,5836,5837,1
climbing,5892,5837,5892,55
sniffing,5960,5892,5960,68
walking,5961,5960,5961,1
sniffing,6080,5961,6080,119
rising,6081,6080,6081,1
left_turning,6082,6081,6082,1
rising,6083,6082,6083,1
climbing,6096,6083,6096,13
sniffing,6266,6096,6266,170
climbing,6298,6266,6298,32
left_turning,6358,6298,6358,60
walking,6359,6358,6359,1
sniffing,6415,6359,6415,56
rising,6418,6415,6418,3
sniffing,6440,6418,6440,22
left_turning,6458,6440,6458,18
trotting,6469,6458,6469,11
walking,6491,6469,6491,22
sniffing,6492,6491,6492,1
rearing,6600,6492,6600,108
sniffing,6742,6600,6742,142
trotting,6790,6742,6790,48
rising,6842,6790,6842,52
climbing,6909,6842,6909,67
rearing,6936,6909,6936,27
sniffing,6978,6936,6978,42
left_turning,6994,6978,6994,16
sniffing,7082,6994,7082,88
running,7106,7082,7106,24
right_turning,7116,7106,7116,10
trotting,7164,7116,7164,48
walking,7204,7164,7204,40
sniffing,7251,7204,7251,47
rearing,7320,7251,7320,69
rising,7419,7320,7419,99
walking,7447,7419,7447,28
stepping,7448,7447,7448,1
climbing,7503,7448,7503,55
trotting,7564,7503,7564,61
sniffing,7629,7564,7629,65
right_turning,7669,7629,7669,40
rearing,7670,7669,7670,1
rising,7728,7670,7728,58
sniffing,7729,7728,7729,1
walking,7730,7729,7730,1
trotting,7740,7730,7740,10
sniffing,7785,7740,7785,45
left_turning,7809,7785,7809,24
sniffing,7889,7809,7889,80
climbing,7914,7889,7914,25
sniffing,7940,7914,7940,26
left_turning,7974,7940,7974,34
climbing,8006,7974,8006,32
rising,8028,8006,8028,22
walking,8054,8028,8054,26
climbing,8119,8054,8119,65
rearing,8193,8119,8193,74
hunching,8224,8193,8224,31
sniffing,8300,8224,8300,76
walking,8338,8300,8338,38
sniffing,8384,8338,8384,46
climbing,8403,8384,8403,19
running,8431,8403,8431,28
trotting,8453,8431,8453,22
walking,8466,8453,8466,13
right_turning,8478,8466,8478,12
walking,8515,8478,8515,37
sniffing,8516,8515,8516,1
walking,8536,8516,8536,20
sniffing,8569,8536,8569,33
climbing,8589,8569,8589,20
rising,8666,8589,8666,77
sniffing,8681,8666,8681,15
left_turning,8729,8681,8729,48
rising,8736,8729,8736,7
sniffing,8822,8736,8822,86
trotting,8832,8822,8832,10
left_turning,8848,8832,8848,16
rising,8859,8848,8859,11
sniffing,8914,8859,8914,55
stepping,8928,8914,8928,14
sniffing,8974,8928,8974,46
walking,9075,8974,9075,101
sniffing,9104,9075,9104,29
right_turning,9125,9104,9125,21
left_turning,9134,9125,9134,9
running,9174,9134,9174,40
walking,9214,9174,9214,40
sniffing,9245,9214,9245,31
walking,9338,9245,9338,93
rising,9384,9338,9384,46
rearing,9806,9384,9806,422
left_turning,9903,9806,9903,97
sniffing,9921,9903,9921,18
rising,10052,9921,10052,131
sniffing,10089,10052,10089,37
left_turning,10097,10089,10097,8
trotting,10103,10097,10103,6
sniffing,10114,10103,10114,11
climbing,10168,10114,10168,54
sniffing,10200,10168,10200,32
right_turning,10206,10200,10206,6
sniffing,10271,10206,10271,65
rising,10338,10271,10338,67
sniffing,10339,10338,10339,1
climbing,10378,10339,10378,39
sniffing,10422,10378,10422,44
rising,10526,10422,10526,104
right_turning,10557,10526,10557,31
rising,10574,10557,10574,17
walking,10605,10574,10605,31
rising,10703,10605,10703,98
right_turning,10710,10703,10710,7
left_turning,10725,10710,10725,15
sniffing,10796,10725,10796,71
left_turning,10803,10796,10803,7
sniffing,10907,10803,10907,104
left_turning,10922,10907,10922,15
trotting,10961,10922,10961,39
walking,10962,10961,10962,1
rising,10999,10962,10999,37
sniffing,11088,10999,11088,89
walking,11089,11088,11089,1
left_turning,11090,11089,11090,1
sniffing,11162,11090,11162,72
walking,11231,11162,11231,69
running,11265,11231,11265,34
walking,11271,11265,11271,6
sniffing,11308,11271,11308,37
climbing,11376,11308,11376,68
trotting,11419,11376,11419,43
sniffing,11420,11419,11420,1
left_turning,11429,11420,11429,9
walking,11463,11429,11463,34
sniffing,11464,11463,11464,1
grooming,11700,11464,11700,236
rearing,11710,11700,11710,10
sniffing,11742,11710,11742,32
climbing,11759,11742,11759,17
walking,11808,11759,11808,49
sniffing,11809,11808,11809,1
walking,11849,11809,11849,40
left_turning,11888,11849,11888,39
sniffing,11889,11888,11889,1
rising,11921,11889,11921,32
right_turning,11963,11921,11963,42
walking,11984,11963,11984,21
rising,11985,11984,11985,1
walking,12007,11985,12007,22
climbing,12028,12007,12028,21
running,12064,12028,12064,36
walking,12112,12064,12112,48
rising,12116,12112,12116,4
climbing,12152,12116,12152,36
walking,12153,12152,12153,1
sniffing,12188,12153,12188,35
climbing,12215,12188,12215,27
trotting,12262,12215,12262,47
sniffing,12263,12262,12263,1
climbing,12327,12263,12327,64
rising,12364,12327,12364,37
walking,12411,12364,12411,47
rising,12429,12411,12429,18
climbing,12547,12429,12547,118
sniffing,12548,12547,12548,1
rising,12654,12548,12654,106
left_turning,12670,12654,12670,16
trotting,12689,12670,12689,19
rising,12707,12689,12707,18
climbing,12767,12707,12767,60
trotting,12818,12767,12818,51
rising,12819,12818,12819,1
rearing,12820,12819,12820,1
grooming,13198,12820,13198,378
sniffing,13253,13198,13253,55
rising,13254,13253,13254,1
sniffing,13255,13254,13255,1
rising,13281,13255,13281,26
rearing,13282,13281,13282,1
sniffing,13324,13282,13324,42
left_turning,13375,13324,13375,51
running,13417,13375,13417,42
stepping,13431,13417,13431,14
sniffing,13524,13431,13524,93
left_turning,13540,13524,13540,16
sniffing,13564,13540,13564,24
left_turning,13595,13564,13595,31
rising,13596,13595,13596,1
sniffing,13654,13596,13654,58
left_turning,13661,13654,13661,7
rising,13662,13661,13662,1
climbing,13693,13662,13693,31
rising,13694,13693,13694,1
sniffing,13773,13694,13773,79
trotting,13808,13773,13808,35
left_turning,13840,13808,13840,32
walking,13859,13840,13859,19
sniffing,13860,13859,13860,1
left_turning,13883,13860,13883,23
sniffing,13927,13883,13927,44
climbing,13944,13927,13944,17
rearing,14122,13944,14122,178
rising,14123,14122,14123,1
sniffing,14165,14123,14165,42
rearing,14166,14165,14166,1
left_turning,14215,14166,14215,49
sniffing,14263,14215,14263,48
walking,14291,14263,14291,28
sniffing,14307,14291,14307,16
rising,14422,14307,14422,115
sniffing,14487,14422,14487,65
walking,14530,14487,14530,43
sniffing,14561,14530,14561,31
trotting,14639,14561,14639,78
stepping,14647,14639,14647,8
walking,14655,14647,14655,8
climbing,14684,14655,14684,29
rising,14787,14684,14787,103
climbing,14839,14787,14839,52
trotting,14856,14839,14856,17
walking,14867,14856,14867,11
right_turning,14878,14867,14878,11
walking,14888,14878,14888,10
climbing,14942,14888,14942,54
sniffing,14969,14942,14969,27
running,14970,14969,14970,1
walking,14989,14970,14989,19
sniffing,15034,14989,15034,45
rising,15055,15034,15055,21
sniffing,15056,15055,15056,1
climbing,15139,15056,15139,83
walking,15178,15139,15178,39
rising,15179,15178,15179,1
sniffing,15182,15179,15182,3
walking,15264,15182,15264,82
sniffing,15290,15264,15290,26
walking,15353,15290,15353,63
left_turning,15354,15353,15354,1
sniffing,15388,15354,15388,34
climbing,15437,15388,15437,49
rising,15488,15437,15488,51
sniffing,15502,15488,15502,14
rising,15503,15502,15503,1
climbing,15517,15503,15517,14
sniffing,15540,15517,15540,23
climbing,15606,15540,15606,66
rising,15690,15606,15690,84
climbing,15726,15690,15726,36
rearing,15797,15726,15797,71
sniffing,15818,15797,15818,21
rising,15819,15818,15819,1
climbing,15850,15819,15850,31
running,15888,15850,15888,38
trotting,15954,15888,15954,66
sniffing,15993,15954,15993,39
climbing,16088,15993,16088,95
rising,16142,16088,16142,54
left_turning,16166,16142,16166,24
sniffing,16167,16166,16167,1
walking,16228,16167,16228,61
sniffing,16293,16228,16293,65
left_turning,16300,16293,16300,7
trotting,16307,16300,16307,7
sniffing,16361,16307,16361,54
right_turning,16398,16361,16398,37
stepping,16399,16398,16399,1
rising,16410,16399,16410,11
sniffing,16411,16410,16411,1
hunching,16425,16411,16425,14
right_turning,16426,16425,16426,1
rising,16646,16426,16646,220
climbing,16679,16646,16679,33
sniffing,16730,16679,16730,51
rearing,16787,16730,16787,57
grooming,17022,16787,17022,235
sniffing,17088,17022,17088,66
rising,17139,17088,17139,51
left_turning,17157,17139,17157,18
sniffing,17210,17157,17210,53
stepping,17217,17210,17217,7
rising,17218,17217,17218,1
stepping,17219,17218,17219,1
sniffing,17222,17219,17222,3
left_turning,17316,17222,17316,94
trotting,17345,17316,17345,29
sniffing,17346,17345,17346,1
walking,17403,17346,17403,57
stepping,17421,17403,17421,18
walking,17425,17421,17425,4
sniffing,17426,17425,17426,1
rising,17507,17426,17507,81
trotting,17550,17507,17550,43
rising,17583,17550,17583,33
sniffing,17585,17583,17585,2
walking,17605,17585,17605,20
trotting,17626,17605,17626,21
right_turning,17687,17626,17687,61
trotting,17710,17687,17710,23
sniffing,17711,17710,17711,1
left_turning,17734,17711,17734,23
walking,17755,17734,17755,21
trotting,17764,17755,17764,9
sniffing,17779,17764,17779,15
climbing,17816,17779,17816,37
right_turning,17829,17816,17829,13
walking,17841,17829,17841,12
rising,17849,17841,17849,8
climbing,17878,17849,17878,29
walking,17897,17878,17897,19
sniffing,17927,17897,17927,30
hunching,18035,17927,18035,108
rising,18083,18035,18083,48
right_turning,18129,18083,18129,46
running,18141,18129,18141,12
left_turning,18144,18141,18144,3
sniffing,18166,18144,18166,22
walking,18200,18166,18200,34
rising,18233,18200,18233,33
stepping,18254,18233,18254,21
sniffing,18304,18254,18304,50
hunching,18434,18304,18434,130
climbing,18555,18434,18555,121
right_turning,18608,18555,18608,53
trotting,18649,18608,18649,41
climbing,18726,18649,18726,77
sniffing,18804,18726,18804,78
walking,18854,18804,18854,50
rising,18879,18854,18879,25
climbing,18907,18879,18907,28
rearing,18908,18907,18908,1
sniffing,18959,18908,18959,51
trotting,18963,18959,18963,4
sniffing,18964,18963,18964,1
left_turning,18965,18964,18965,1
walking,19011,18965,19011,46
sniffing,19055,19011,19055,44
left_turning,19107,19055,19107,52
trotting,19124,19107,19124,17
left_turning,19166,19124,19166,42
walking,19215,19166,19215,49
sniffing,19251,19215,19251,36
walking,19324,19251,19324,73
sniffing,19326,19324,19326,2
walking,19369,19326,19369,43
left_turning,19404,19369,19404,35
sniffing,19503,19404,19503,99
rising,19509,19503,19509,6
trotting,19565,19509,19565,56
walking,19566,19565,19566,1
sniffing,19567,19566,19567,1
walking,19604,19567,19604,37
sniffing,19637,19604,19637,33
left_turning,19705,19637,19705,68
trotting,19730,19705,19730,25
stepping,19735,19730,19735,5
walking,19737,19735,19737,2
trotting,19762,19737,19762,25
left_turning,19771,19762,19771,9
trotting,19816,19771,19816,45
sniffing,19875,19816,19875,59
left_turning,19900,19875,19900,25
sniffing,19901,19900,19901,1
right_turning,19917,19901,19917,16
climbing,19972,19917,19972,55
grooming,20217,19972,20217,245
sniffing,20244,20217,20244,27
right_turning,20281,20244,20281,37
trotting,20282,20281,20282,1
sniffing,20315,20282,20315,33
trotting,20326,20315,20326,11
sniffing,20362,20326,20362,36
trotting,20371,20362,20371,9
sniffing,20435,20371,20435,64
trotting,20459,20435,20459,24
rising,20547,20459,20547,88
climbing,20613,20547,20613,66
right_turning,20647,20613,20647,34
rising,20802,20647,20802,155
climbing,20803,20802,20803,1
rising,20893,20803,20893,90
climbing,20988,20893,20988,95
walking,20995,20988,20995,7
rising,20996,20995,20996,1
climbing,21029,20996,21029,33
sniffing,21030,21029,21030,1
walking,21042,21030,21042,12
stepping,21104,21042,21104,62
sniffing,21126,21104,21126,22
right_turning,21164,21126,21164,38
walking,21228,21164,21228,64
sniffing,21322,21228,21322,94
left_turning,21343,21322,21343,21
sniffing,21405,21343,21405,62
rising,21406,21405,21406,1
rearing,21486,21406,21486,80
rising,21487,21486,21487,1
stepping,21488,21487,21488,1
rising,21499,21488,21499,11
climbing,21522,21499,21522,23
sniffing,21529,21522,21529,7
trotting,21571,21529,21571,42
sniffing,21572,21571,21572,1
walking,21596,21572,21596,24
sniffing,21618,21596,21618,22
trotting,21662,21618,21662,44
rising,21663,21662,21663,1
climbing,21683,21663,21683,20
trotting,21726,21683,21726,43
stepping,21734,21726,21734,8
climbing,21756,21734,21756,22
sniffing,21806,21756,21806,50
left_turning,21807,21806,21807,1
sniffing,21829,21807,21829,22
walking,21848,21829,21848,19
sniffing,21849,21848,21849,1
walking,21872,21849,21872,23
stepping,21878,21872,21878,6
sniffing,21896,21878,21896,18
right_turning,21916,21896,21916,20
sniffing,21917,21916,21917,1
walking,21935,21917,21935,18
sniffing,21978,21935,21978,43
walking,21980,21978,21980,2
rising,22011,21980,22011,31
sniffing,22069,22011,22069,58
climbing,22134,22069,22134,65
left_turning,22150,22134,22150,16
sniffing,22185,22150,22185,35
walking,22236,22185,22236,51
rising,22248,22236,22248,12
walking,22279,22248,22279,31
sniffing,22361,22279,22361,82
walking,22391,22361,22391,30
left_turning,22428,22391,22428,37
walking,22429,22428,22429,1
climbing,22489,22429,22489,60
rising,22521,22489,22521,32
sniffing,22540,22521,22540,19
climbing,22576,22540,22576,36
rearing,22619,22576,22619,43
left_turning,22620,22619,22620,1
stepping,22621,22620,22621,1
trotting,22622,22621,22622,1
climbing,22623,22622,22623,1
trotting,22625,22623,22625,2
walking,22683,22625,22683,58
left_turning,22684,22683,22684,1
sniffing,22701,22684,22701,17
walking,22702,22701,22702,1
rising,22731,22702,22731,29
climbing,22765,22731,22765,34
walking,22825,22765,22825,60
sniffing,22858,22825,22858,33
walking,22909,22858,22909,51
left_turning,22947,22909,22947,38
rising,23029,22947,23029,82
climbing,23035,23029,23035,6
walking,23058,23035,23058,23
rising,23062,23058,23062,4
climbing,23096,23062,23096,34
left_turning,23119,23096,23119,23
rising,23160,23119,23160,41
rearing,23161,23160,23161,1
climbing,23239,23161,23239,78
rearing,23297,23239,23297,58
climbing,23359,23297,23359,62
hunching,23615,23359,23615,256
climbing,23636,23615,23636,21
walking,23643,23636,23643,7
sniffing,23753,23643,23753,110
left_turning,23795,23753,23795,42
walking,23837,23795,23837,42
sniffing,23838,23837,23838,1
rising,23858,23838,23858,20
climbing,23876,23858,23876,18
running,23892,23876,23892,16
sniffing,23937,23892,23937,45
left_turning,23959,23937,23959,22
running,23992,23959,23992,33
left_turning,24022,23992,24022,30
walking,24026,24022,24026,4
trotting,24045,24026,24045,19
walking,24116,24045,24116,71
jumping,24117,24116,24117,1
climbing,24157,24117,24157,40
sniffing,24217,24157,24217,60
left_turning,24252,24217,24252,35
stepping,24331,24252,24331,79
sniffing,24332,24331,24332,1
walking,24366,24332,24366,34
rising,24368,24366,24368,2
climbing,24397,24368,24397,29
rearing,24398,24397,24398,1
rising,24408,24398,24408,10
stepping,24441,24408,24441,33
walking,24446,24441,24446,5
trotting,24447,24446,24447,1
walking,24469,24447,24469,22
sniffing,24470,24469,24470,1
walking,24482,24470,24482,12
sniffing,24483,24482,24483,1
walking,24497,24483,24497,14
left_turning,24498,24497,24498,1
running,24510,24498,24510,12
walking,24577,24510,24577,67
sniffing,24578,24577,24578,1
rising,24595,24578,24595,17
sniffing,24644,24595,24644,49
walking,24676,24644,24676,32
left_turning,24699,24676,24699,23
climbing,24728,24699,24728,29
rearing,24750,24728,24750,22
walking,24823,24750,24823,73
sniffing,24839,24823,24839,16
left_turning,24862,24839,24862,23
walking,24879,24862,24879,17
right_turning,24880,24879,24880,1
walking,24898,24880,24898,18
rising,24899,24898,24899,1
sniffing,24900,24899,24900,1
left_turning,24901,24900,24901,1
sniffing,24938,24901,24938,37
climbing,25005,24938,25005,67
trotting,25033,25005,25033,28
sniffing,25107,25033,25107,74
rising,25121,25107,25121,14
climbing,25128,25121,25128,7
rearing,25345,25128,25345,217
sniffing,25346,25345,25346,1
rising,25439,25346,25439,93
walking,25477,25439,25477,38
rising,25478,25477,25478,1
left_turning,25529,25478,25529,51
walking,25554,25529,25554,25
rising,25573,25554,25573,19
climbing,25629,25573,25629,56
rising,25695,25629,25695,66
climbing,25731,25695,25731,36
rearing,25800,25731,25800,69
sniffing,25801,25800,25801,1
climbing,25802,25801,25802,1
stepping,25829,25802,25829,27
rising,25983,25829,25983,154
climbing,26008,25983,26008,25
hunching,26009,26008,26009,1
sniffing,26073,26009,26073,64
left_turning,26084,26073,26084,11
walking,26086,26084,26086,2
rearing,26114,26086,26114,28
rising,26159,26114,26159,45
hunching,26252,26159,26252,93
sniffing,26253,26252,26253,1
walking,26256,26253,26256,3
hunching,26257,26256,26257,1
rising,26352,26257,26352,95
climbing,26395,26352,26395,43
grooming,26793,26395,26793,398
climbing,26813,26793,26813,20
walking,26829,26813,26829,16
sniffing,26887,26829,26887,58
rearing,26888,26887,26888,1
hunching,26955,26888,26955,67
sniffing,27070,26955,27070,115
climbing,27084,27070,27084,14
hunching,27085,27084,27085,1
rising,27123,27085,27123,38
climbing,27204,27123,27204,81
rearing,27205,27204,27205,1
sniffing,27206,27205,27206,1
left_turning,27217,27206,27217,11
rising,27255,27217,27255,38
running,27256,27255,27256,1
trotting,27257,27256,27257,1
rising,27296,27257,27296,39
climbing,27309,27296,27309,13
rearing,27407,27309,27407,98
rising,27468,27407,27468,61
right_turning,27486,27468,27486,18
sniffing,27523,27486,27523,37
trotting,27572,27523,27572,49
sniffing,27661,27572,27661,89
left_turning,27676,27661,27676,15
walking,27717,27676,27717,41
sniffing,27718,27717,27718,1
grooming,27779,27718,27779,61
rearing,27780,27779,27780,1
grooming,28059,27780,28059,279
sniffing,28130,28059,28130,71
rising,28147,28130,28147,17
climbing,28191,28147,28191,44
rearing,28218,28191,28218,27
climbing,28219,28218,28219,1
rising,28272,28219,28272,53
hunching,28277,28272,28277,5
climbing,28328,28277,28328,51
walking,28364,28328,28364,36
climbing,28365,28364,28365,1
sniffing,28366,28365,28366,1
left_turning,28367,28366,28367,1
rising,28448,28367,28448,81
climbing,28507,28448,28507,59
sniffing,28508,28507,28508,1
walking,28509,28508,28509,1
rising,28612,28509,28612,103
climbing,28663,28612,28663,51
sniffing,28704,28663,28704,41
climbing,28748,28704,28748,44
right_turning,28767,28748,28767,19
sniffing,28843,28767,28843,76
right_turning,28873,28843,28873,30
trotting,28898,28873,28898,25
jumping,28951,28898,28951,53
sniffing,28986,28951,28986,35
walking,29032,28986,29032,46
sniffing,29033,29032,29033,1
trotting,29034,29033,29034,1
walking,29059,29034,29059,25
sniffing,29157,29059,29157,98
climbing,29219,29157,29219,62
trotting,29259,29219,29259,40
running,29261,29259,29261,2
trotting,29281,29261,29281,20
stepping,29315,29281,29315,34
running,29323,29315,29323,8
walking,29328,29323,29328,5
left_turning,29372,29328,29372,44
walking,29373,29372,29373,1
stepping,29439,29373,29439,66
sniffing,29533,29439,29533,94
rearing,29767,29533,29767,234
hunching,29768,29767,29768,1
sniffing,29858,29768,29858,90
climbing,29881,29858,29881,23
trotting,29903,29881,29903,22
sniffing,29904,29903,29904,1
stepping,29938,29904,29938,34
sniffing,29939,29938,29939,1
walking,29940,29939,29940,1
climbing,29945,29940,29945,5
running,29954,29945,29954,9
walking,29972,29954,29972,18
sniffing,30082,29972,30082,110
right_turning,30102,30082,30102,20
stepping,30103,30102,30103,1
walking,30104,30103,30104,1
trotting,30118,30104,30118,14
hunching,30250,30118,30250,132
walking,30251,30250,30251,1
rising,30252,30251,30252,1
left_turning,30253,30252,30253,1
running,30264,30253,30264,11
rising,30328,30264,30328,64
sniffing,30331,30328,30331,3
right_turning,30352,30331,30352,21
sniffing,30366,30352,30366,14
rising,30367,30366,30367,1
climbing,30391,30367,30391,24
sniffing,30448,30391,30448,57
rising,30487,30448,30487,39
sniffing,30529,30487,30529,42
hunching,30553,30529,30553,24
sniffing,30554,30553,30554,1
walking,30573,30554,30573,19
trotting,30610,30573,30610,37
sniffing,30611,30610,30611,1
walking,30627,30611,30627,16
climbing,30682,30627,30682,55
sniffing,30754,30682,30754,72
climbing,30791,30754,30791,37
rearing,30792,30791,30792,1
walking,30824,30792,30824,32
sniffing,30847,30824,30847,23
stepping,30856,30847,30856,9
sniffing,30867,30856,30867,11
trotting,30907,30867,30907,40
walking,30927,30907,30927,20
sniffing,30953,30927,30953,26
walking,30991,30953,30991,38
rising,31019,30991,31019,28
sniffing,31055,31019,31055,36
trotting,31082,31055,31082,27
stepping,31111,31082,31111,29
rising,31112,31111,31112,1
climbing,31162,31112,31162,50
rising,31165,31162,31165,3
sniffing,31183,31165,31183,18
left_turning,31244,31183,31244,61
climbing,31341,31244,31341,97
walking,31376,31341,31376,35
left_turning,31377,31376,31377,1
sniffing,31418,31377,31418,41
right_turning,31443,31418,31443,25
walking,31470,31443,31470,27
sniffing,31494,31470,31494,24
rising,31571,31494,31571,77
sniffing,31606,31571,31606,35
right_turning,31615,31606,31615,9
walking,31654,31615,31654,39
left_turning,31655,31654,31655,1
sniffing,31732,31655,31732,77
trotting,31747,31732,31747,15
hunching,31769,31747,31769,22
climbing,31785,31769,31785,16
right_turning,31807,31785,31807,22
walking,31861,31807,31861,54
sniffing,31871,31861,31871,10
grooming,31872,31871,31872,1
climbing,31912,31872,31912,40
running,31930,31912,31930,18
rising,32008,31930,32008,78
rearing,32143,32008,32143,135
walking,32154,32143,32154,11
right_turning,32157,32154,32157,3
sniffing,32241,32157,32241,84
trotting,32270,32241,32270,29
sniffing,32300,32270,32300,30
climbing,32415,32300,32415,115
rising,32426,32415,32426,11
climbing,32434,32426,32434,8
walking,32482,32434,32482,48
left_turning,32483,32482,32483,1
stepping,32514,32483,32514,31
rearing,32547,32514,32547,33
sniffing,32647,32547,32647,100
climbing,32702,32647,32702,55
rearing,32826,32702,32826,124
sniffing,32881,32826,32881,55
left_turning,32918,32881,32918,37
walking,32960,32918,32960,42
rearing,32961,32960,32961,1
grooming,32962,32961,32962,1
right_turning,32996,32962,32996,34
walking,33040,32996,33040,44
climbing,33119,33040,33119,79
sniffing,33193,33119,33193,74
grooming,33377,33193,33377,184
left_turning,33425,33377,33425,48
walking,33436,33425,33436,11
sniffing,33446,33436,33446,10
rising,33528,33446,33528,82
sniffing,33607,33528,33607,79
rising,33642,33607,33642,35
climbing,33643,33642,33643,1
rising,33663,33643,33663,20
trotting,33723,33663,33723,60
sniffing,33724,33723,33724,1
climbing,33725,33724,33725,1
rising,33740,33725,33740,15
sniffing,33813,33740,33813,73
climbing,33928,33813,33928,115
rearing,33929,33928,33929,1
trotting,33938,33929,33938,9
climbing,34003,33938,34003,65
sniffing,34004,34003,34004,1
right_turning,34023,34004,34023,19
walking,34030,34023,34030,7
rising,34109,34030,34109,79
grooming,34110,34109,34110,1
rearing,34224,34110,34224,114
grooming,34225,34224,34225,1
climbing,34226,34225,34226,1
sniffing,34227,34226,34227,1
climbing,34254,34227,34254,27
rising,34255,34254,34255,1
walking,34281,34255,34281,26
climbing,34343,34281,34343,62
rising,34345,34343,34345,2
climbing,34433,34345,34433,88
sniffing,34434,34433,34434,1
right_turning,34483,34434,34483,49
trotting,34513,34483,34513,30
rising,34564,34513,34564,51
rearing,34782,34564,34782,218
hunching,34942,34782,34942,160
sniffing,34943,34942,34943,1
trotting,34946,34943,34946,3
walking,34960,34946,34960,14
sniffing,35224,34960,35224,264
rising,35270,35224,35270,46
climbing,35404,35270,35404,134
running,35417,35404,35417,13
stepping,35469,35417,35469,52
walking,35472,35469,35472,3
trotting,35507,35472,35507,35
hunching,35673,35507,35673,166
walking,35695,35673,35695,22
climbing,35757,35695,35757,62
left_turning,35805,35757,35805,48
sniffing,35909,35805,35909,104
climbing,36001,35909,36001,92
walking,36002,36001,36002,1
sniffing,36073,36002,36073,71
climbing,36107,36073,36107,34
trotting,36136,36107,36136,29
climbing,36186,36136,36186,50
walking,36188,36186,36188,2
sniffing,36231,36188,36231,43
walking,36234,36231,36234,3
stepping,36255,36234,36255,21
rising,36268,36255,36268,13
climbing,36320,36268,36320,52
running,36343,36320,36343,23
sniffing,36403,36343,36403,60
left_turning,36457,36403,36457,54
walking,36478,36457,36478,21
climbing,36502,36478,36502,24
right_turning,36537,36502,36537,35
walking,36587,36537,36587,50
left_turning,36677,36587,36677,90
walking,36679,36677,36679,2
left_turning,36728,36679,36728,49
trotting,36753,36728,36753,25
rising,36883,36753,36883,130
climbing,36922,36883,36922,39
right_turning,36973,36922,36973,51
sniffing,37023,36973,37023,50
grooming,37203,37023,37203,180
hunching,37204,37203,37204,1
rearing,37223,37204,37223,19
rising,37224,37223,37224,1
climbing,37250,37224,37250,26
rearing,37342,37250,37342,92
hunching,37574,37342,37574,232
rearing,37621,37574,37621,47
rising,37622,37621,37622,1
climbing,37668,37622,37668,46
sniffing,37669,37668,37669,1
rising,37733,37669,37733,64
climbing,37756,37733,37756,23
walking,37757,37756,37757,1
sniffing,37758,37757,37758,1
walking,37782,37758,37782,24
left_turning,37831,37782,37831,49
walking,37855,37831,37855,24
sniffing,37911,37855,37911,56
stepping,37943,37911,37943,32
climbing,37961,37943,37961,18
rearing,38022,37961,38022,61
sniffing,38064,38022,38064,42
grooming,38209,38064,38209,145
right_turning,38219,38209,38219,10
sniffing,38220,38219,38220,1
climbing,38311,38220,38311,91
sniffing,38312,38311,38312,1
rearing,38313,38312,38313,1
grooming,38774,38313,38774,461
sniffing,38819,38774,38819,45
climbing,38829,38819,38829,10
sniffing,38914,38829,38914,85
left_turning,38966,38914,38966,52
sniffing,39039,38966,39039,73
running,39085,39039,39085,46
sniffing,39094,39085,39094,9
climbing,39106,39094,39106,12
left_turning,39140,39106,39140,34
walking,39179,39140,39179,39
climbing,39201,39179,39201,22
rising,39288,39201,39288,87
right_turning,39314,39288,39314,26
rising,39342,39314,39342,28
right_turning,39398,39342,39398,56
running,39408,39398,39408,10
rising,39426,39408,39426,18
climbing,39463,39426,39463,37
right_turning,39483,39463,39483,20
sniffing,39521,39483,39521,38
trotting,39560,39521,39560,39
climbing,39584,39560,39584,24
running,39624,39584,39624,40
sniffing,39676,39624,39676,52
running,39701,39676,39701,25
stepping,39702,39701,39702,1
rearing,39703,39702,39703,1
right_turning,39722,39703,39722,19
walking,39733,39722,39733,11
climbing,39804,39733,39804,71
walking,39818,39804,39818,14
stepping,39863,39818,39863,45
climbing,39903,39863,39903,40
trotting,39959,39903,39959,56
walking,39960,39959,39960,1
rising,39974,39960,39974,14
left_turning,40035,39974,40035,61
sniffing,40041,40035,40041,6
rising,40057,40041,40057,16
climbing,40083,40057,40083,26
rising,40115,40083,40115,32
climbing,40206,40115,40206,91
trotting,40248,40206,40248,42
sniffing,40311,40248,40311,63
rising,40509,40311,40509,198
sniffing,40560,40509,40560,51
right_turning,40561,40560,40561,1
trotting,40585,40561,40585,24
walking,40624,40585,40624,39
sniffing,40631,40624,40631,7
walking,40652,40631,40652,21
jumping,40708,40652,40708,56
trotting,40744,40708,40744,36
jumping,40751,40744,40751,7
grooming,40988,40751,40988,237
sniffing,40997,40988,40997,9
walking,41039,40997,41039,42
sniffing,41043,41039,41043,4
climbing,41080,41043,41080,37
left_turning,41113,41080,41113,33
sniffing,41115,41113,41115,2
rising,41116,41115,41116,1
climbing,41160,41116,41160,44
trotting,41203,41160,41203,43
rising,41204,41203,41204,1
rearing,41283,41204,41283,79
sniffing,41313,41283,41313,30
running,41330,41313,41330,17
walking,41331,41330,41331,1
rising,41352,41331,41352,21
left_turning,41399,41352,41399,47
sniffing,41445,41399,41445,46
rising,41481,41445,41481,36
hunching,41482,41481,41482,1
left_turning,41546,41482,41546,64
sniffing,41547,41546,41547,1
walking,41580,41547,41580,33
sniffing,41581,41580,41581,1
stepping,41606,41581,41606,25
sniffing,41862,41606,41862,256
walking,41888,41862,41888,26
rising,41889,41888,41889,1
sniffing,41960,41889,41960,71
climbing,42021,41960,42021,61
hunching,42200,42021,42200,179
sniffing,42207,42200,42207,7
grooming,42707,42207,42707,500
walking,42708,42707,42708,1
stepping,42760,42708,42760,52
walking,42770,42760,42770,10
stepping,42830,42770,42830,60
walking,42886,42830,42886,56
stepping,42889,42886,42889,3
sniffing,42910,42889,42910,21
left_turning,42911,42910,42911,1
rearing,43032,42911,43032,121
stepping,43048,43032,43048,16
trotting,43089,43048,43089,41
sniffing,43218,43089,43218,129
stepping,43220,43218,43220,2
rearing,43221,43220,43221,1
climbing,43256,43221,43256,35
hunching,43291,43256,43291,35
climbing,43358,43291,43358,67
rearing,43469,43358,43469,111
climbing,43529,43469,43529,60
grooming,43530,43529,43530,1
left_turning,43556,43530,43556,26
sniffing,43576,43556,43576,20
climbing,43607,43576,43607,31
walking,43608,43607,43608,1
rising,43653,43608,43653,45
sniffing,43654,43653,43654,1
right_turning,43664,43654,43664,10
walking,43701,43664,43701,37
sniffing,43706,43701,43706,5
climbing,43738,43706,43738,32
sniffing,43760,43738,43760,22
walking,43771,43760,43771,11
stepping,43795,43771,43795,24
sniffing,43818,43795,43818,23
walking,43861,43818,43861,43
sniffing,43882,43861,43882,21
climbing,43911,43882,43911,29
sniffing,43923,43911,43923,12
walking,43992,43923,43992,69
left_turning,44020,43992,44020,28
rising,44029,44020,44029,9
walking,44044,44029,44044,15
climbing,44057,44044,44057,13
rising,44133,44057,44133,76
sniffing,44164,44133,44164,31
right_turning,44165,44164,44165,1
trotting,44166,44165,44166,1
climbing,44242,44166,44242,76
rising,44243,44242,44243,1
climbing,44270,44243,44270,27
rising,44284,44270,44284,14
sniffing,44302,44284,44302,18
grooming,44303,44302,44303,1
climbing,44363,44303,44363,60
walking,44411,44363,44411,48
sniffing,44510,44411,44510,99
walking,44532,44510,44532,22
sniffing,44622,44532,44622,90
walking,44623,44622,44623,1
left_turning,44660,44623,44660,37
sniffing,44722,44660,44722,62
walking,44737,44722,44737,15
climbing,44741,44737,44741,4
sniffing,44776,44741,44776,35
rising,44845,44776,44845,69
climbing,44888,44845,44888,43
walking,44945,44888,44945,57
trotting,44993,44945,44993,48
stepping,45039,44993,45039,46
sniffing,45088,45039,45088,49
trotting,45124,45088,45124,36
sniffing,45125,45124,45125,1
trotting,45180,45125,45180,55
rising,45195,45180,45195,15
climbing,45239,45195,45239,44
hunching,45240,45239,45240,1
sniffing,45302,45240,45302,62
rising,45303,45302,45303,1
rearing,45427,45303,45427,124
rising,45428,45427,45428,1
climbing,45444,45428,45444,16
rising,45471,45444,45471,27
walking,45503,45471,45503,32
stepping,45504,45503,45504,1
sniffing,45517,45504,45517,13
walking,45518,45517,45518,1
climbing,45536,45518,45536,18
rising,45547,45536,45547,11
trotting,45568,45547,45568,21
walking,45581,45568,45581,13
climbing,45614,45581,45614,33
left_turning,45708,45614,45708,94
sniffing,45709,45708,45709,1
right_turning,45754,45709,45754,45
sniffing,45803,45754,45803,49
left_turning,45816,45803,45816,13
rising,45867,45816,45867,51
sniffing,45911,45867,45911,44
right_turning,45917,45911,45917,6
walking,45947,45917,45947,30
rising,45985,45947,45985,38
sniffing,46053,45985,46053,68
rising,46054,46053,46054,1
sniffing,46107,46054,46107,53
climbing,46168,46107,46168,61
running,46209,46168,46209,41
walking,46228,46209,46228,19
sniffing,46269,46228,46269,41
rising,46351,46269,46351,82
climbing,46404,46351,46404,53
sniffing,46432,46404,46432,28
climbing,46453,46432,46453,21
rising,46467,46453,46467,14
rearing,46507,46467,46507,40
grooming,46620,46507,46620,113
hunching,46713,46620,46713,93
stepping,46729,46713,46729,16
rising,46730,46729,46730,1
sniffing,46739,46730,46739,9
rising,46841,46739,46841,102
rearing,46888,46841,46888,47
rising,46971,46888,46971,83
sniffing,46972,46971,46972,1
trotting,46985,46972,46985,13
sniffing,47003,46985,47003,18
rising,47025,47003,47025,22
walking,47040,47025,47040,15
left_turning,47066,47040,47066,26
sniffing,47121,47066,47121,55
trotting,47122,47121,47122,1
sniffing,47199,47122,47199,77
left_turning,47335,47199,47335,136
walking,47368,47335,47368,33
sniffing,47369,47368,47369,1
rising,47440,47369,47440,71
sniffing,47504,47440,47504,64
left_turning,47566,47504,47566,62
sniffing,47569,47566,47569,3
trotting,47605,47569,47605,36
sniffing,47667,47605,47667,62
left_turning,47704,47667,47704,37
running,47705,47704,47705,1
walking,47761,47705,47761,56
sniffing,47778,47761,47778,17
walking,47790,47778,47790,12
rising,47791,47790,47791,1
climbing,47797,47791,47797,6
rising,47835,47797,47835,38
sniffing,47860,47835,47860,25
walking,47879,47860,47879,19
sniffing,47899,47879,47899,20
climbing,47942,47899,47942,43
grooming,47970,47942,47970,28
sniffing,48030,47970,48030,60
rising,48031,48030,48031,1
walking,48057,48031,48057,26
climbing,48181,48057,48181,124
walking,48206,48181,48206,25
left_turning,48236,48206,48236,30
sniffing,48237,48236,48237,1
rising,48281,48237,48281,44
walking,48311,48281,48311,30
sniffing,48331,48311,48331,20
right_turning,48355,48331,48355,24
trotting,48386,48355,48386,31
sniffing,48491,48386,48491,105
pausing,48713,48491,48713,222
sniffing,48714,48713,48714,1
grooming,48715,48714,48715,1
sniffing,48801,48715,48801,86
right_turning,48828,48801,48828,27
walking,48854,48828,48854,26
sniffing,48889,48854,48889,35
walking,48891,48889,48891,2
sniffing,48941,48891,48941,50
right_turning,48942,48941,48942,1
rising,49025,48942,49025,83
climbing,49042,49025,49042,17
rearing,49295,49042,49295,253
walking,49347,49295,49347,52
sniffing,49348,49347,49348,1
trotting,49373,49348,49373,25
rising,49385,49373,49385,12
sniffing,49474,49385,49474,89
pausing,49823,49474,49823,349
sniffing,49880,49823,49880,57
rearing,50017,49880,50017,137
climbing,50063,50017,50063,46
rearing,50089,50063,50089,26
right_turning,50112,50089,50112,23
walking,50124,50112,50124,12
sniffing,50125,50124,50125,1
climbing,50126,50125,50126,1
left_turning,50175,50126,50175,49
hunching,50176,50175,50176,1
sniffing,50177,50176,50177,1
rising,50233,50177,50233,56
climbing,50297,50233,50297,64
rising,50298,50297,50298,1
sniffing,50453,50298,50453,155
stepping,50511,50453,50511,58
walking,50537,50511,50537,26
sniffing,50605,50537,50605,68
rising,50623,50605,50623,18
climbing,50624,50623,50624,1
sniffing,50678,50624,50678,54
rising,50732,50678,50732,54
sniffing,50733,50732,50733,1
left_turning,50734,50733,50734,1
walking,50740,50734,50740,6
sniffing,50741,50740,50741,1
rising,50796,50741,50796,55
sniffing,50807,50796,50807,11
rising,50812,50807,50812,5
climbing,50842,50812,50842,30
walking,50879,50842,50879,37
sniffing,50910,50879,50910,31
stepping,50914,50910,50914,4
right_turning,50944,50914,50944,30
walking,50978,50944,50978,34
sniffing,51108,50978,51108,130
rising,51139,51108,51139,31
sniffing,51147,51139,51147,8
trotting,51181,51147,51181,34
sniffing,51213,51181,51213,32
walking,51265,51213,51265,52
rearing,51293,51265,51293,28
sniffing,51315,51293,51315,22
climbing,51395,51315,51395,80
hunching,51443,51395,51443,48
right_turning,51447,51443,51447,4
sniffing,51537,51447,51537,90
right_turning,51543,51537,51543,6
stepping,51618,51543,51618,75
running,51648,51618,51648,30
climbing,51723,51648,51723,75
walking,51779,51723,51779,56
rising,51805,51779,51805,26
rearing,51878,51805,51878,73
grooming,51946,51878,51946,68
hunching,52054,51946,52054,108
rearing,52079,52054,52079,25
left_turning,52165,52079,52165,86
stepping,52204,52165,52204,39
walking,52205,52204,52205,1
left_turning,52208,52205,52208,3
walking,52257,52208,52257,49
rising,52313,52257,52313,56
climbing,52343,52313,52343,30
sniffing,52393,52343,52393,50
hunching,52510,52393,52510,117
walking,52547,52510,52547,37
trotting,52606,52547,52606,59
rising,52708,52606,52708,102
right_turning,52717,52708,52717,9
stepping,52718,52717,52718,1
walking,52725,52718,52725,7
sniffing,52726,52725,52726,1
walking,52746,52726,52746,20
rising,52769,52746,52769,23
trotting,52790,52769,52790,21
climbing,52812,52790,52812,22
hunching,52813,52812,52813,1
rearing,52998,52813,52998,185
sniffing,53017,52998,53017,19
left_turning,53018,53017,53018,1
rearing,53141,53018,53141,123
sniffing,53262,53141,53262,121
rising,53285,53262,53285,23
walking,53294,53285,53294,9
climbing,53320,53294,53320,26
rearing,53471,53320,53471,151
sniffing,53472,53471,53472,1
rearing,53782,53472,53782,310
hunching,53898,53782,53898,116
climbing,53933,53898,53933,35
rising,54043,53933,54043,110
climbing,54120,54043,54120,77
sniffing,54179,54120,54179,59
left_turning,54184,54179,54184,5
walking,54185,54184,54185,1
left_turning,54211,54185,54211,26
sniffing,54212,54211,54212,1
climbing,54298,54212,54298,86
sniffing,54375,54298,54375,77
rising,54409,54375,54409,34
climbing,54463,54409,54463,54
sniffing,54577,54463,54577,114
walking,54578,54577,54578,1
left_turning,54581,54578,54581,3
trotting,54606,54581,54606,25
sniffing,54650,54606,54650,44
pausing,54651,54650,54651,1
sniffing,54751,54651,54751,100
left_turning,54776,54751,54776,25
walking,54788,54776,54788,12
sniffing,54789,54788,54789,1
pausing,54790,54789,54790,1
sniffing,54791,54790,54791,1
rearing,54820,54791,54820,29
sniffing,54891,54820,54891,71
rising,54971,54891,54971,80
rearing,54972,54971,54972,1
walking,55000,54972,55000,28
rising,55457,55000,55457,457
jumping,55484,55457,55484,27
sniffing,55502,55484,55502,18
rising,55527,55502,55527,25
sniffing,55528,55527,55528,1
rising,55529,55528,55529,1
sniffing,55610,55529,55610,81
left_turning,55629,55610,55629,19
walking,55646,55629,55646,17
right_turning,55672,55646,55672,26
running,55703,55672,55703,31
sniffing,55712,55703,55712,9
stepping,55824,55712,55824,112
sniffing,55825,55824,55825,1
rising,55826,55825,55826,1
sniffing,55886,55826,55886,60
grooming,56230,55886,56230,344
sniffing,56231,56230,56231,1
walking,56257,56231,56257,26
sniffing,56360,56257,56360,103
rising,56414,56360,56414,54
sniffing,56466,56414,56466,52
trotting,56483,56466,56483,17
climbing,56484,56483,56484,1
trotting,56491,56484,56491,7
rearing,56620,56491,56620,129
climbing,56666,56620,56666,46
trotting,56684,56666,56684,18
sniffing,56760,56684,56760,76
rearing,56925,56760,56925,165
sniffing,56947,56925,56947,22
rising,57359,56947,57359,412
climbing,57364,57359,57364,5
walking,57399,57364,57399,35
sniffing,57400,57399,57400,1
climbing,57451,57400,57451,51
right_turning,57454,57451,57454,3
sniffing,57525,57454,57525,71
trotting,57556,57525,57556,31
walking,57572,57556,57572,16
sniffing,57589,57572,57589,17
hunching,57685,57589,57685,96
right_turning,57686,57685,57686,1
walking,57727,57686,57727,41
left_turning,57728,57727,57728,1
climbing,57812,57728,57812,84
hunching,57899,57812,57899,87
climbing,57900,57899,57900,1
grooming,58026,57900,58026,126
rearing,58073,58026,58073,47
sniffing,58104,58073,58104,31
rising,58173,58104,58173,69
climbing,58211,58173,58211,38
trotting,58249,58211,58249,38
walking,58276,58249,58276,27
sniffing,58277,58276,58277,1
climbing,58350,58277,58350,73
rearing,58536,58350,58536,186
sniffing,58579,58536,58579,43
pausing,58580,58579,58580,1
sniffing,58639,58580,58639,59
running,58672,58639,58672,33
stepping,58740,58672,58740,68
trotting,58742,58740,58742,2
sniffing,58743,58742,58743,1
rising,58840,58743,58840,97
sniffing,58841,58840,58841,1
left_turning,58957,58841,58957,116
walking,58958,58957,58958,1
sniffing,58964,58958,58964,6
walking,59031,58964,59031,67
sniffing,59061,59031,59061,30
walking,59074,59061,59074,13
left_turning,59075,59074,59075,1
trotting,59094,59075,59094,19
walking,59144,59094,59144,50
left_turning,59158,59144,59158,14
sniffing,59195,59158,59195,37
walking,59196,59195,59196,1
trotting,59217,59196,59217,21
walking,59257,59217,59257,40
rising,59330,59257,59330,73
rearing,59444,59330,59444,114
climbing,59447,59444,59447,3
rearing,59634,59447,59634,187
rising,59741,59634,59741,107
walking,59756,59741,59756,15
climbing,59810,59756,59810,54
trotting,59847,59810,59847,37
sniffing,59860,59847,59860,13
climbing,59917,59860,59917,57
sniffing,60005,59917,60005,88
left_turning,60054,60005,60054,49
rearing,60055,60054,60055,1
walking,60084,60055,60084,29
trotting,60111,60084,60111,27
rearing,60112,60111,60112,1
grooming,60113,60112,60113,1
sniffing,60143,60113,60143,30
stepping,60168,60143,60168,25
sniffing,60169,60168,60169,1
walking,60197,60169,60197,28
left_turning,60248,60197,60248,51
sniffing,60268,60248,60268,20
stepping,60278,60268,60278,10
trotting,60291,60278,60291,13
left_turning,60321,60291,60321,30
sniffing,60332,60321,60332,11
walking,60333,60332,60333,1
rising,60334,60333,60334,1
climbing,60367,60334,60367,33
sniffing,60412,60367,60412,45
rising,60413,60412,60413,1
trotting,60422,60413,60422,9
sniffing,60493,60422,60493,71
stepping,60538,60493,60538,45
trotting,60563,60538,60563,25
rising,60580,60563,60580,17
climbing,60634,60580,60634,54
sniffing,60635,60634,60635,1
rising,60678,60635,60678,43
climbing,60679,60678,60679,1
walking,60680,60679,60680,1
sniffing,60742,60680,60742,62
climbing,60758,60742,60758,16
sniffing,60784,60758,60784,26
rising,60851,60784,60851,67
climbing,60869,60851,60869,18
left_turning,60899,60869,60899,30
walking,60951,60899,60951,52
rising,61038,60951,61038,87
climbing,61101,61038,61101,63
rearing,61224,61101,61224,123
hunching,61225,61224,61225,1
walking,61265,61225,61265,40
right_turning,61299,61265,61299,34
trotting,61322,61299,61322,23
sniffing,61340,61322,61340,18
hunching,61370,61340,61370,30
climbing,61397,61370,61397,27
right_turning,61412,61397,61412,15
hunching,61542,61412,61542,130
rising,61657,61542,61657,115
climbing,61721,61657,61721,64
trotting,61723,61721,61723,2
sniffing,61724,61723,61724,1
trotting,61725,61724,61725,1
sniffing,61830,61725,61830,105
walking,61861,61830,61861,31
rising,61862,61861,61862,1
sniffing,61917,61862,61917,55
pausing,61918,61917,61918,1
sniffing,62126,61918,62126,208
trotting,62140,62126,62140,14
rising,62173,62140,62173,33
right_turning,62186,62173,62186,13
rearing,62187,62186,62187,1
climbing,62191,62187,62191,4
rising,62198,62191,62198,7
climbing,62269,62198,62269,71
right_turning,62297,62269,62297,28
trotting,62344,62297,62344,47
sniffing,62409,62344,62409,65
walking,62481,62409,62481,72
sniffing,62510,62481,62510,29
trotting,62537,62510,62537,27
rising,62538,62537,62538,1
grooming,62562,62538,62562,24
hunching,62643,62562,62643,81
climbing,62706,62643,62706,63
trotting,62731,62706,62731,25
stepping,62740,62731,62740,9
sniffing,62880,62740,62880,140
rising,62903,62880,62903,23
sniffing,62919,62903,62919,16
right_turning,62953,62919,62953,34
sniffing,62954,62953,62954,1
rising,62957,62954,62957,3
sniffing,63065,62957,63065,108
hunching,63120,63065,63120,55
climbing,63159,63120,63159,39
trotting,63161,63159,63161,2
sniffing,63203,63161,63203,42
pausing,63354,63203,63354,151
sniffing,63397,63354,63397,43
rising,63415,63397,63415,18
climbing,63421,63415,63421,6
rising,63422,63421,63422,1
climbing,63423,63422,63423,1
rearing,63437,63423,63437,14
walking,63465,63437,63465,28
climbing,63528,63465,63528,63
rising,63658,63528,63658,130
climbing,63754,63658,63754,96
rearing,63755,63754,63755,1
walking,63780,63755,63780,25
sniffing,63869,63780,63869,89
walking,63870,63869,63870,1
sniffing,63877,63870,63877,7
rising,63884,63877,63884,7
sniffing,63900,63884,63900,16
stepping,63941,63900,63941,41
sniffing,63942,63941,63942,1
right_turning,63957,63942,63957,15
trotting,63973,63957,63973,16
walking,63977,63973,63977,4
rearing,64065,63977,64065,88
climbing,64101,64065,64101,36
trotting,64145,64101,64145,44
sniffing,64151,64145,64151,6
right_turning,64161,64151,64161,10
walking,64172,64161,64172,11
climbing,64241,64172,64241,69
rising,64242,64241,64242,1
walking,64285,64242,64285,43
stepping,64324,64285,64324,39
right_turning,64369,64324,64369,45
rising,64408,64369,64408,39
climbing,64428,64408,64428,20
walking,64481,64428,64481,53
rising,64521,64481,64521,40
sniffing,64592,64521,64592,71
left_turning,64593,64592,64593,1
sniffing,64625,64593,64625,32
walking,64641,64625,64641,16
trotting,64660,64641,64660,19
sniffing,64662,64660,64662,2
walking,64666,64662,64666,4
sniffing,64846,64666,64846,180
rising,64847,64846,64847,1
climbing,64889,64847,64889,42
walking,64916,64889,64916,27
climbing,64969,64916,64969,53
sniffing,65027,64969,65027,58
climbing,65088,65027,65088,61
rearing,65196,65088,65196,108
sniffing,65328,65196,65328,132
walking,65388,65328,65388,60
sniffing,65428,65388,65428,40
walking,65451,65428,65451,23
sniffing,65540,65451,65540,89
rising,65541,65540,65541,1
climbing,65658,65541,65658,117
running,65666,65658,65666,8
walking,65700,65666,65700,34
sniffing,65701,65700,65701,1
left_turning,65702,65701,65702,1
sniffing,65779,65702,65779,77
grooming,65780,65779,65780,1
sniffing,65781,65780,65781,1
right_turning,65813,65781,65813,32
walking,65836,65813,65836,23
sniffing,65871,65836,65871,35
rising,65935,65871,65935,64
rearing,66025,65935,66025,90
climbing,66026,66025,66026,1
hunching,66035,66026,66035,9
climbing,66056,66035,66056,21
running,66073,66056,66073,17
sniffing,66113,66073,66113,40
rearing,66114,66113,66114,1
rising,66115,66114,66115,1
climbing,66116,66115,66116,1
running,66133,66116,66133,17
sniffing,66178,66133,66178,45
rearing,66223,66178,66223,45
climbing,66249,66223,66249,26
right_turning,66268,66249,66268,19
sniffing,66323,66268,66323,55
left_turning,66338,66323,66338,15
sniffing,66351,66338,66351,13
climbing,66367,66351,66367,16
rearing,66427,66367,66427,60
rising,66486,66427,66486,59
walking,66500,66486,66500,14
left_turning,66501,66500,66501,1
sniffing,66502,66501,66502,1
left_turning,66543,66502,66543,41
trotting,66571,66543,66571,28
rising,66676,66571,66676,105
sniffing,66913,66676,66913,237
rising,66914,66913,66914,1
rearing,66984,66914,66984,70
grooming,67058,66984,67058,74
rearing,67144,67058,67144,86
walking,67207,67144,67207,63
sniffing,67208,67207,67208,1
left_turning,67256,67208,67256,48
walking,67313,67256,67313,57
climbing,67388,67313,67388,75
hunching,67445,67388,67445,57
right_turning,67486,67445,67486,41
climbing,67510,67486,67510,24
walking,67562,67510,67562,52
sniffing,67650,67562,67650,88
stepping,67657,67650,67657,7
left_turning,67658,67657,67658,1
trotting,67671,67658,67671,13
left_turning,67704,67671,67704,33
stepping,67705,67704,67705,1
rising,67744,67705,67744,39
climbing,67772,67744,67772,28
trotting,67784,67772,67784,12
sniffing,67876,67784,67876,92
walking,67921,67876,67921,45
sniffing,67977,67921,67977,56
rising,68020,67977,68020,43
climbing,68079,68020,68079,59
walking,68097,68079,68097,18
sniffing,68170,68097,68170,73
rising,68203,68170,68203,33
rearing,68259,68203,68259,56
grooming,68593,68259,68593,334
rearing,68610,68593,68610,17
hunching,68761,68610,68761,151
climbing,68766,68761,68766,5
walking,68829,68766,68829,63
rising,68830,68829,68830,1
climbing,68850,68830,68850,20
sniffing,68955,68850,68955,105
walking,68956,68955,68956,1
sniffing,68983,68956,68983,27
rising,68997,68983,68997,14
climbing,68998,68997,68998,1
rearing,69061,68998,69061,63
trotting,69081,69061,69081,20
left_turning,69116,69081,69116,35
sniffing,69122,69116,69122,6
trotting,69142,69122,69142,20
sniffing,69157,69142,69157,15
rising,69235,69157,69235,78
climbing,69303,69235,69303,68
rearing,69390,69303,69390,87
sniffing,69425,69390,69425,35
right_turning,69447,69425,69447,22
sniffing,69466,69447,69466,19
grooming,69467,69466,69467,1
sniffing,69526,69467,69526,59
rising,69527,69526,69527,1
sniffing,69534,69527,69534,7
right_turning,69535,69534,69535,1
running,69568,69535,69568,33
walking,69569,69568,69569,1
rearing,69570,69569,69570,1
climbing,69702,69570,69702,132
rearing,69791,69702,69791,89
grooming,69857,69791,69857,66
hunching,70044,69857,70044,187
rising,70092,70044,70092,48
climbing,70183,70092,70183,91
sniffing,70215,70183,70215,32
rising,70266,70215,70266,51
sniffing,70345,70266,70345,79
climbing,70402,70345,70402,57
walking,70435,70402,70435,33
left_turning,70436,70435,70436,1
sniffing,70639,70436,70639,203
rearing,70660,70639,70660,21
grooming,70702,70660,70702,42
hunching,70830,70702,70830,128
grooming,70970,70830,70970,140
climbing,71068,70970,71068,98
grooming,71338,71068,71338,270
rising,71365,71338,71365,27
sniffing,71368,71365,71368,3
left_turning,71391,71368,71391,23
running,71424,71391,71424,33
left_turning,71489,71424,71489,65
sniffing,71526,71489,71526,37
rising,71554,71526,71554,28
climbing,71619,71554,71619,65
walking,71636,71619,71636,17
sniffing,71742,71636,71742,106
rising,71743,71742,71743,1
climbing,71831,71743,71831,88
rising,71832,71831,71832,1
climbing,71861,71832,71861,29
right_turning,71862,71861,71862,1
climbing,72039,71862,72039,177
trotting,72075,72039,72075,36
walking,72118,72075,72118,43
rearing,72144,72118,72144,26
walking,72168,72144,72168,24
rearing,72169,72168,72169,1
rising,72437,72169,72437,268
climbing,72505,72437,72505,68
rearing,72551,72505,72551,46
climbing,72563,72551,72563,12
rising,72606,72563,72606,43
sniffing,72607,72606,72607,1
walking,72623,72607,72623,16
rising,72642,72623,72642,19
left_turning,72693,72642,72693,51
stepping,72734,72693,72734,41
sniffing,72799,72734,72799,65
left_turning,72800,72799,72800,1
trotting,72824,72800,72824,24
climbing,72848,72824,72848,24
walking,72879,72848,72879,31
climbing,72935,72879,72935,56
rising,72936,72935,72936,1
left_turning,72995,72936,72995,59
sniffing,72996,72995,72996,1
trotting,73006,72996,73006,10
sniffing,73007,73006,73007,1
climbing,73021,73007,73021,14
walking,73022,73021,73022,1
rearing,73103,73022,73103,81
climbing,73140,73103,73140,37
sniffing,73240,73140,73240,100
rising,73287,73240,73287,47
climbing,73303,73287,73303,16
sniffing,73311,73303,73311,8
stepping,73347,73311,73347,36
sniffing,73366,73347,73366,19
walking,73400,73366,73400,34
sniffing,73431,73400,73431,31
climbing,73581,73431,73581,150
rising,73642,73581,73642,61
climbing,73664,73642,73664,22
walking,73677,73664,73677,13
sniffing,73678,73677,73678,1
rearing,73771,73678,73771,93
climbing,73813,73771,73813,42
rearing,73829,73813,73829,16
rising,73860,73829,73860,31
rearing,73861,73860,73861,1
hunching,73898,73861,73898,37
sniffing,73899,73898,73899,1
right_turning,73907,73899,73907,8
running,73924,73907,73924,17
sniffing,73957,73924,73957,33
stepping,73993,73957,73993,36
sniffing,74025,73993,74025,32
stepping,74069,74025,74069,44
sniffing,74136,74069,74136,67
climbing,74139,74136,74139,3
rearing,74188,74139,74188,49
sniffing,74253,74188,74253,65
climbing,74280,74253,74280,27
left_turning,74305,74280,74305,25
climbing,74343,74305,74343,38
grooming,74582,74343,74582,239
sniffing,74583,74582,74583,1
stepping,74637,74583,74637,54
trotting,74663,74637,74663,26
walking,74664,74663,74664,1
left_turning,74886,74664,74886,222
running,74935,74886,74935,49
right_turning,74954,74935,74954,19
trotting,74974,74954,74974,20
sniffing,74976,74974,74976,2
left_turning,74991,74976,74991,15
rising,74992,74991,74992,1
sniffing,74998,74992,74998,6
climbing,75065,74998,75065,67
sniffing,75188,75065,75188,123
rearing,75189,75188,75189,1
sniffing,75190,75189,75190,1
left_turning,75195,75190,75195,5
sniffing,75254,75195,75254,59
right_turning,75274,75254,75274,20
walking,75327,75274,75327,53
sniffing,75328,75327,75328,1
rising,75360,75328,75360,32
sniffing,75395,75360,75395,35
climbing,75415,75395,75415,20
rearing,75519,75415,75519,104
sniffing,75537,75519,75537,18
trotting,75571,75537,75571,34
sniffing,75624,75571,75624,53
climbing,75690,75624,75690,66
rising,75724,75690,75724,34
rearing,75776,75724,75776,52
grooming,75777,75776,75777,1
rearing,75882,75777,75882,105
grooming,75969,75882,75969,87
sniffing,75970,75969,75970,1
left_turning,75971,75970,75971,1
trotting,76005,75971,76005,34
sniffing,76070,76005,76070,65
rising,76071,76070,76071,1
climbing,76118,76071,76118,47
walking,76178,76118,76178,60
climbing,76260,76178,76260,82
rearing,76348,76260,76348,88
climbing,76349,76348,76349,1
sniffing,76407,76349,76407,58
rising,76425,76407,76425,18
left_turning,76441,76425,76441,16
rising,76445,76441,76445,4
sniffing,76446,76445,76446,1
left_turning,76562,76446,76562,116
trotting,76594,76562,76594,32
walking,76638,76594,76638,44
sniffing,76742,76638,76742,104
walking,76750,76742,76750,8
rearing,76751,76750,76751,1
sniffing,76752,76751,76752,1
trotting,76794,76752,76794,42
sniffing,76936,76794,76936,142
walking,76945,76936,76945,9
sniffing,76988,76945,76988,43
climbing,77045,76988,77045,57
rising,77120,77045,77120,75
climbing,77231,77120,77231,111
walking,77232,77231,77232,1
sniffing,77280,77232,77280,48
stepping,77313,77280,77313,33
left_turning,77329,77313,77329,16
walking,77438,77329,77438,109
sniffing,77513,77438,77513,75
climbing,77549,77513,77549,36
rearing,77550,77549,77550,1
left_turning,77601,77550,77601,51
right_turning,77602,77601,77602,1
trotting,77633,77602,77633,31
sniffing,77634,77633,77634,1
rising,77647,77634,77647,13
rearing,77744,77647,77744,97
left_turning,77774,77744,77774,30
sniffing,77826,77774,77826,52
rising,77882,77826,77882,56
climbing,77991,77882,77991,109
sniffing,78108,77991,78108,117
climbing,78143,78108,78143,35
rearing,78167,78143,78167,24
climbing,78170,78167,78170,3
rising,78196,78170,78196,26
climbing,78230,78196,78230,34
sniffing,78231,78230,78231,1
stepping,78267,78231,78267,36
left_turning,78268,78267,78268,1
sniffing,78269,78268,78269,1
right_turning,78300,78269,78300,31
sniffing,78303,78300,78303,3
walking,78328,78303,78328,25
sniffing,78329,78328,78329,1
rising,78411,78329,78411,82
sniffing,78412,78411,78412,1
climbing,78512,78412,78512,100
stepping,78555,78512,78555,43
walking,78595,78555,78595,40
sniffing,78650,78595,78650,55
left_turning,78658,78650,78658,8
sniffing,78800,78658,78800,142
stepping,78810,78800,78810,10
left_turning,78851,78810,78851,41
sniffing,78883,78851,78883,32
rising,78884,78883,78884,1
climbing,78940,78884,78940,56
sniffing,78975,78940,78975,35
stepping,79013,78975,79013,38
climbing,79055,79013,79055,42
hunching,79056,79055,79056,1
climbing,79069,79056,79069,13
sniffing,79113,79069,79113,44
rising,79114,79113,79114,1
climbing,79170,79114,79170,56
rearing,79186,79170,79186,16
grooming,79602,79186,79602,416
hunching,79603,79602,79603,1
sniffing,79604,79603,79604,1
left_turning,79605,79604,79605,1
sniffing,79649,79605,79649,44
stepping,79698,79649,79698,49
rising,79741,79698,79741,43
sniffing,79753,79741,79753,12
rising,79802,79753,79802,49
rearing,79832,79802,79832,30
climbing,79908,79832,79908,76
rising,79922,79908,79922,14
climbing,79959,79922,79959,37
sniffing,79989,79959,79989,30
rising,80042,79989,80042,53
climbing,80087,80042,80087,45
hunching,80134,80087,80134,47
climbing,80141,80134,80141,7
grooming,80142,80141,80142,1
sniffing,80143,80142,80143,1
hunching,80267,80143,80267,124
rising,80268,80267,80268,1
sniffing,80284,80268,80284,16
left_turning,80368,80284,80368,84
sniffing,80391,80368,80391,23
climbing,80435,80391,80435,44
sniffing,80460,80435,80460,25
walking,80485,80460,80485,25
stepping,80522,80485,80522,37
rising,80609,80522,80609,87
jumping,80626,80609,80626,17
sniffing,80663,80626,80663,37
rising,80691,80663,80691,28
walking,80718,80691,80718,27
climbing,80739,80718,80739,21
hunching,80765,80739,80765,26
rearing,80819,80765,80819,54
left_turning,80860,80819,80860,41
running,80880,80860,80880,20
right_turning,80893,80880,80893,13
running,80894,80893,80894,1
sniffing,80951,80894,80951,57
walking,81018,80951,81018,67
sniffing,81037,81018,81037,19
walking,81069,81037,81069,32
sniffing,81141,81069,81141,72
grooming,81142,81141,81142,1
left_turning,81219,81142,81219,77
walking,81263,81219,81263,44
sniffing,81340,81263,81340,77
rising,81470,81340,81470,130
climbing,81523,81470,81523,53
sniffing,81524,81523,81524,1
walking,81532,81524,81532,8
rearing,81700,81532,81700,168
grooming,81962,81700,81962,262
climbing,81963,81962,81963,1
rising,81988,81963,81988,25
sniffing,82021,81988,82021,33
left_turning,82053,82021,82053,32
walking,82095,82053,82095,42
sniffing,82158,82095,82158,63
pausing,82450,82158,82450,292
sniffing,82594,82450,82594,144
rearing,82631,82594,82631,37
rising,82634,82631,82634,3
sniffing,82705,82634,82705,71
rising,82757,82705,82757,52
climbing,82771,82757,82771,14
rising,82805,82771,82805,34
hunching,82825,82805,82825,20
rearing,82881,82825,82881,56
running,82888,82881,82888,7
trotting,82921,82888,82921,33
walking,82953,82921,82953,32
running,82973,82953,82973,20
rising,82994,82973,82994,21
climbing,83067,82994,83067,73
stepping,83069,83067,83069,2
sniffing,83070,83069,83070,1
walking,83155,83070,83155,85
rising,83156,83155,83156,1
rearing,83183,83156,83183,27
sniffing,83303,83183,83303,120
walking,83304,83303,83304,1
rising,83388,83304,83388,84
climbing,83392,83388,83392,4
running,83406,83392,83406,14
left_turning,83407,83406,83407,1
sniffing,83481,83407,83481,74
climbing,83545,83481,83545,64
walking,83563,83545,83563,18
sniffing,83583,83563,83583,20
right_turning,83610,83583,83610,27
running,83628,83610,83628,18
left_turning,83634,83628,83634,6
sniffing,83641,83634,83641,7
stepping,83678,83641,83678,37
sniffing,83700,83678,83700,22
rising,83761,83700,83761,61
climbing,83819,83761,83819,58
stepping,83916,83819,83916,97
trotting,83917,83916,83917,1
sniffing,83980,83917,83980,63
stepping,83986,83980,83986,6
sniffing,84072,83986,84072,86
hunching,84128,84072,84128,56
rising,84168,84128,84168,40
rearing,84182,84168,84182,14
left_turning,84183,84182,84183,1
walking,84184,84183,84184,1
sniffing,84201,84184,84201,17
walking,84222,84201,84222,21
hunching,84277,84222,84277,55
trotting,84288,84277,84288,11
sniffing,84342,84288,84342,54
left_turning,84362,84342,84362,20
running,84395,84362,84395,33
walking,84468,84395,84468,73
left_turning,84469,84468,84469,1
sniffing,84528,84469,84528,59
stepping,84555,84528,84555,27
walking,84556,84555,84556,1
stepping,84575,84556,84575,19
rearing,84632,84575,84632,57
trotting,84639,84632,84639,7
rising,84650,84639,84650,11
sniffing,84709,84650,84709,59
walking,84728,84709,84728,19
sniffing,84729,84728,84729,1
grooming,85050,84729,85050,321
climbing,85088,85050,85088,38
hunching,85163,85088,85163,75
rising,85197,85163,85197,34
climbing,85210,85197,85210,13
rising,85264,85210,85264,54
left_turning,85265,85264,85265,1
walking,85289,85265,85289,24
rising,85291,85289,85291,2
rearing,85353,85291,85353,62
sniffing,85407,85353,85407,54
grooming,85411,85407,85411,4
sniffing,85490,85411,85490,79
walking,85513,85490,85513,23
running,85537,85513,85537,24
sniffing,85538,85537,85538,1
walking,85562,85538,85562,24
rising,85640,85562,85640,78
sniffing,85660,85640,85660,20
pausing,85857,85660,85857,197
rising,85858,85857,85858,1
climbing,85859,85858,85859,1
right_turning,85860,85859,85860,1
stepping,85878,85860,85878,18
jumping,85879,85878,85879,1
trotting,85897,85879,85897,18
sniffing,85979,85897,85979,82
walking,86023,85979,86023,44
left_turning,86076,86023,86076,53
sniffing,86107,86076,86107,31
trotting,86128,86107,86128,21
hunching,86241,86128,86241,113
grooming,86242,86241,86242,1
climbing,86393,86242,86393,151
sniffing,86447,86393,86447,54
pausing,86693,86447,86693,246
sniffing,86780,86693,86780,87
rising,86791,86780,86791,11
rearing,86910,86791,86910,119
left_turning,86971,86910,86971,61
trotting,86973,86971,86973,2
rising,87185,86973,87185,212
walking,87226,87185,87226,41
rising,87230,87226,87230,4
sniffing,87281,87230,87281,51
stepping,87290,87281,87290,9
rising,87321,87290,87321,31
left_turning,87341,87321,87341,20
sniffing,87508,87341,87508,167
climbing,87595,87508,87595,87
rising,87637,87595,87637,42
climbing,87672,87637,87672,35
right_turning,87699,87672,87699,27
walking,87701,87699,87701,2
sniffing,87730,87701,87730,29
walking,87752,87730,87752,22
left_turning,87787,87752,87787,35
rising,87800,87787,87800,13
stepping,87826,87800,87826,26
left_turning,87925,87826,87925,99
sniffing,87982,87925,87982,57
pausing,88055,87982,88055,73
sniffing,88149,88055,88149,94
right_turning,88177,88149,88177,28
trotting,88191,88177,88191,14
stepping,88223,88191,88223,32
climbing,88294,88223,88294,71
left_turning,88301,88294,88301,7
sniffing,88318,88301,88318,17
climbing,88319,88318,88319,1
rearing,88320,88319,88320,1
stepping,88323,88320,88323,3
rising,88380,88323,88380,57
climbing,88401,88380,88401,21
walking,88417,88401,88417,16
sniffing,88532,88417,88532,115
walking,88553,88532,88553,21
sniffing,88600,88553,88600,47
walking,88663,88600,88663,63
sniffing,88727,88663,88727,64
rearing,88763,88727,88763,36
climbing,88816,88763,88816,53
right_turning,88822,88816,88822,6
running,88843,88822,88843,21
walking,88873,88843,88873,30
climbing,88875,88873,88875,2
sniffing,88934,88875,88934,59
walking,88964,88934,88964,30
rising,88983,88964,88983,19
rearing,88984,88983,88984,1
rising,88990,88984,88990,6
sniffing,89058,88990,89058,68
rising,89075,89058,89075,17
sniffing,89091,89075,89091,16
stepping,89108,89091,89108,17
sniffing,89109,89108,89109,1
trotting,89110,89109,89110,1
sniffing,89144,89110,89144,34
climbing,89164,89144,89164,20
rising,89196,89164,89196,32
walking,89197,89196,89197,1
sniffing,89198,89197,89198,1
rising,89283,89198,89283,85
climbing,89313,89283,89313,30
grooming,89486,89313,89486,173
trotting,89491,89486,89491,5
walking,89538,89491,89538,47
sniffing,89540,89538,89540,2
rising,89590,89540,89590,50
climbing,89616,89590,89616,26
running,89629,89616,89629,13
left_turning,89654,89629,89654,25
rising,89660,89654,89660,6
sniffing,89728,89660,89728,68
rising,89753,89728,89753,25
grooming,90073,89753,90073,320
rearing,90102,90073,90102,29
hunching,90133,90102,90133,31
grooming,90134,90133,90134,1
sniffing,90259,90134,90259,125
pausing,90443,90259,90443,184
sniffing,90448,90443,90448,5
walking,90453,90448,90453,5
sniffing,90454,90453,90454,1
rearing,90599,90454,90599,145
stepping,90630,90599,90630,31
trotting,90653,90630,90653,23
sniffing,90654,90653,90654,1
climbing,90680,90654,90680,26
hunching,90794,90680,90794,114
climbing,90813,90794,90813,19
rising,90814,90813,90814,1
climbing,90870,90814,90870,56
rising,90897,90870,90897,27
grooming,90905,90897,90905,8
rearing,91011,90905,91011,106
climbing,91074,91011,91074,63
rearing,91154,91074,91154,80
running,91155,91154,91155,1
walking,91181,91155,91181,26
sniffing,91182,91181,91182,1
walking,91202,91182,91202,20
right_turning,91211,91202,91211,9
stepping,91256,91211,91256,45
walking,91276,91256,91276,20
trotting,91297,91276,91297,21
sniffing,91349,91297,91349,52
walking,91380,91349,91380,31
rising,91381,91380,91381,1
climbing,91446,91381,91446,65
running,91500,91446,91500,54
walking,91555,91500,91555,55
sniffing,91557,91555,91557,2
rearing,91619,91557,91619,62
sniffing,91739,91619,91739,120
walking,91760,91739,91760,21
rising,91786,91760,91786,26
left_turning,91839,91786,91839,53
rising,91856,91839,91856,17
trotting,91879,91856,91879,23
walking,91929,91879,91929,50
sniffing,91930,91929,91930,1
walking,91931,91930,91931,1
stepping,91932,91931,91932,1
rising,91947,91932,91947,15
sniffing,92073,91947,92073,126
rising,92109,92073,92109,36
climbing,92119,92109,92119,10
rising,92178,92119,92178,59
grooming,92179,92178,92179,1
rearing,92247,92179,92247,68
climbing,92323,92247,92323,76
right_turning,92353,92323,92353,30
sniffing,92426,92353,92426,73
trotting,92445,92426,92445,19
walking,92461,92445,92461,16
rising,92462,92461,92462,1
climbing,92472,92462,92472,10
right_turning,92479,92472,92479,7
trotting,92501,92479,92501,22
climbing,92568,92501,92568,67
rearing,92785,92568,92785,217
climbing,92822,92785,92822,37
right_turning,92841,92822,92841,19
walking,92866,92841,92866,25
rising,92867,92866,92867,1
jumping,93119,92867,93119,252
trotting,93141,93119,93141,22
rising,93172,93141,93172,31
climbing,93179,93172,93179,7
rising,93218,93179,93218,39
grooming,93476,93218,93476,258
sniffing,93477,93476,93477,1
grooming,93478,93477,93478,1
sniffing,93575,93478,93575,97
climbing,93610,93575,93610,35
trotting,93622,93610,93622,12
walking,93633,93622,93633,11
sniffing,93704,93633,93704,71
running,93731,93704,93731,27
right_turning,93775,93731,93775,44
trotting,93776,93775,93776,1
rising,93779,93776,93779,3
sniffing,93930,93779,93930,151
hunching,93982,93930,93982,52
right_turning,93987,93982,93987,5
stepping,94007,93987,94007,20
walking,94056,94007,94056,49
climbing,94085,94056,94085,29
walking,94087,94085,94087,2
rearing,94088,94087,94088,1
grooming,94089,94088,94089,1
rearing,94135,94089,94135,46
rising,94200,94135,94200,65
jumping,94237,94200,94237,37
rising,94248,94237,94248,11
sniffing,94250,94248,94250,2
walking,94284,94250,94284,34
trotting,94299,94284,94299,15
walking,94348,94299,94348,49
left_turning,94375,94348,94375,27
stepping,94376,94375,94376,1
left_turning,94384,94376,94384,8
sniffing,94440,94384,94440,56
walking,94448,94440,94448,8
sniffing,94471,94448,94471,23
left_turning,94512,94471,94512,41
sniffing,94550,94512,94550,38
rearing,94607,94550,94607,57
grooming,94735,94607,94735,128
sniffing,95056,94735,95056,321
walking,95093,95056,95093,37
sniffing,95167,95093,95167,74
pausing,95337,95167,95337,170
sniffing,95371,95337,95371,34
hunching,95381,95371,95381,10
running,95428,95381,95428,47
rising,95429,95428,95429,1
trotting,95446,95429,95446,17
walking,95510,95446,95510,64
rising,95575,95510,95575,65
walking,95618,95575,95618,43
stepping,95690,95618,95690,72
rising,95756,95690,95756,66
climbing,95776,95756,95776,20
walking,95810,95776,95810,34
rising,95871,95810,95871,61
sniffing,95990,95871,95990,119
trotting,95991,95990,95991,1
sniffing,96014,95991,96014,23
left_turning,96023,96014,96023,9
walking,96047,96023,96047,24
rising,96048,96047,96048,1
climbing,96064,96048,96064,16
rearing,96221,96064,96221,157
rising,96247,96221,96247,26
climbing,96272,96247,96272,25
right_turning,96303,96272,96303,31
trotting,96345,96303,96345,42
walking,96371,96345,96371,26
climbing,96384,96371,96384,13
rising,96442,96384,96442,58
climbing,96443,96442,96443,1
sniffing,96477,96443,96477,34
rearing,96478,96477,96478,1
grooming,96922,96478,96922,444
rising,96944,96922,96944,22
left_turning,96990,96944,96990,46
sniffing,97047,96990,97047,57
walking,97134,97047,97134,87
sniffing,97135,97134,97135,1
rising,97136,97135,97136,1
sniffing,97167,97136,97167,31
left_turning,97168,97167,97168,1
climbing,97249,97168,97249,81
right_turning,97270,97249,97270,21
stepping,97311,97270,97311,41
rising,97321,97311,97321,10
walking,97322,97321,97322,1
sniffing,97340,97322,97340,18
rising,97370,97340,97370,30
walking,97418,97370,97418,48
rearing,97509,97418,97509,91
climbing,97548,97509,97548,39
sniffing,97549,97548,97549,1
walking,97564,97549,97564,15
sniffing,97647,97564,97647,83
walking,97665,97647,97665,18
rising,97683,97665,97683,18
sniffing,97721,97683,97721,38
rising,97742,97721,97742,21
walking,97751,97742,97751,9
rising,97760,97751,97760,9
sniffing,97805,97760,97805,45
walking,97842,97805,97842,37
sniffing,97948,97842,97948,106
climbing,97949,97948,97949,1
rearing,97995,97949,97995,46
grooming,98152,97995,98152,157
rising,98196,98152,98196,44
climbing,98280,98196,98280,84
rising,98296,98280,98296,16
climbing,98332,98296,98332,36
stepping,98358,98332,98358,26
trotting,98391,98358,98391,33
walking,98453,98391,98453,62
right_turning,98469,98453,98469,16
sniffing,98492,98469,98492,23
trotting,98539,98492,98539,47
sniffing,98636,98539,98636,97
grooming,98675,98636,98675,39
left_turning,98709,98675,98709,34
walking,98722,98709,98722,13
sniffing,98923,98722,98923,201
climbing,98966,98923,98966,43
rising,99012,98966,99012,46
sniffing,99153,99012,99153,141
right_turning,99174,99153,99174,21
running,99189,99174,99189,15
walking,99251,99189,99251,62
climbing,99319,99251,99319,68
walking,99320,99319,99320,1
rising,99350,99320,99350,30
rearing,99442,99350,99442,92
walking,99443,99442,99443,1
stepping,99452,99443,99452,9
sniffing,99484,99452,99484,32
left_turning,99485,99484,99485,1
sniffing,99519,99485,99519,34
rising,99532,99519,99532,13
hunching,99627,99532,99627,95
climbing,99685,99627,99685,58
running,99696,99685,99696,11
sniffing,99748,99696,99748,52
rearing,99749,99748,99749,1
walking,99750,99749,99750,1
sniffing,99808,99750,99808,58
rearing,99852,99808,99852,44
grooming,100071,99852,100071,219
right_turning,100095,100071,100095,24
walking,100125,100095,100125,30
sniffing,100169,100125,100169,44
left_turning,100250,100169,100250,81
sniffing,100322,100250,100322,72
walking,100338,100322,100338,16
rising,100364,100338,100364,26
running,100376,100364,100376,12
trotting,100403,100376,100403,27
left_turning,100482,100403,100482,79
sniffing,100483,100482,100483,1
climbing,100595,100483,100595,112
rising,100643,100595,100643,48
sniffing,100764,100643,100764,121
stepping,100765,100764,100765,1
sniffing,100769,100765,100769,4
climbing,100812,100769,100812,43
sniffing,101046,100812,101046,234
rearing,101078,101046,101078,32
grooming,101307,101078,101307,229
rearing,101326,101307,101326,19
sniffing,101344,101326,101344,18
grooming,101710,101344,101710,366
climbing,101741,101710,101741,31
walking,101778,101741,101778,37
sniffing,101840,101778,101840,62
trotting,101864,101840,101864,24
walking,101964,101864,101964,100
left_turning,101965,101964,101965,1
trotting,102008,101965,102008,43
sniffing,102030,102008,102030,22
climbing,102043,102030,102043,13
right_turning,102064,102043,102064,21
walking,102085,102064,102085,21
left_turning,102115,102085,102115,30
running,102164,102115,102164,49
sniffing,102229,102164,102229,65
stepping,102272,102229,102272,43
walking,102315,102272,102315,43
left_turning,102320,102315,102320,5
sniffing,102344,102320,102344,24
rising,102374,102344,102374,30
right_turning,102384,102374,102384,10
walking,102407,102384,102407,23
left_turning,102473,102407,102473,66
trotting,102500,102473,102500,27
walking,102517,102500,102517,17
climbing,102559,102517,102559,42
walking,102580,102559,102580,21
sniffing,102604,102580,102604,24
trotting,102626,102604,102626,22
sniffing,102642,102626,102642,16
stepping,102678,102642,102678,36
hunching,102766,102678,102766,88
climbing,102767,102766,102767,1
right_turning,102770,102767,102770,3
sniffing,102813,102770,102813,43
stepping,102936,102813,102936,123
rising,102996,102936,102996,60
sniffing,103072,102996,103072,76
rising,103111,103072,103111,39
rearing,103217,103111,103217,106
grooming,103500,103217,103500,283
rearing,103604,103500,103604,104
left_turning,103666,103604,103666,62
trotting,103714,103666,103714,48
walking,103735,103714,103735,21
rising,103748,103735,103748,13
sniffing,103749,103748,103749,1
hunching,103816,103749,103816,67
rising,103896,103816,103896,80
walking,103937,103896,103937,41
rising,103970,103937,103970,33
climbing,104001,103970,104001,31
trotting,104024,104001,104024,23
rising,104059,104024,104059,35
climbing,104071,104059,104071,12
right_turning,104101,104071,104101,30
sniffing,104228,104101,104228,127
rising,104229,104228,104229,1
climbing,104280,104229,104280,51
right_turning,104313,104280,104313,33
walking,104376,104313,104376,63
rising,104422,104376,104422,46
climbing,104461,104422,104461,39
hunching,104544,104461,104544,83
grooming,104545,104544,104545,1
walking,104558,104545,104558,13
rising,104559,104558,104559,1
sniffing,104668,104559,104668,109
pausing,104669,104668,104669,1
sniffing,104734,104669,104734,65
rising,104735,104734,104735,1
climbing,104799,104735,104799,64
sniffing,104828,104799,104828,29
pausing,104829,104828,104829,1
sniffing,104852,104829,104852,23
grooming,104853,104852,104853,1
sniffing,104931,104853,104931,78
climbing,104948,104931,104948,17
rearing,105082,104948,105082,134
sniffing,105113,105082,105113,31
walking,105140,105113,105140,27
climbing,105215,105140,105215,75
walking,105259,105215,105259,44
right_turning,105287,105259,105287,28
stepping,105322,105287,105322,35
sniffing,105375,105322,105375,53
rising,105376,105375,105376,1
grooming,105446,105376,105446,70
climbing,105536,105446,105536,90
rising,105537,105536,105537,1
climbing,105600,105537,105600,63
grooming,105642,105600,105642,42
climbing,105644,105642,105644,2
rising,105716,105644,105716,72
rearing,105967,105716,105967,251
left_turning,106015,105967,106015,48
walking,106022,106015,106022,7
sniffing,106023,106022,106023,1
rising,106073,106023,106073,50
climbing,106110,106073,106110,37
right_turning,106111,106110,106111,1
climbing,106237,106111,106237,126
hunching,106241,106237,106241,4
trotting,106272,106241,106272,31
rising,106339,106272,106339,67
climbing,106418,106339,106418,79
running,106455,106418,106455,37
climbing,106461,106455,106461,6
sniffing,106462,106461,106462,1
trotting,106502,106462,106502,40
sniffing,106542,106502,106542,40
stepping,106543,106542,106543,1
left_turning,106568,106543,106568,25
sniffing,106569,106568,106569,1
walking,106622,106569,106622,53
rising,106623,106622,106623,1
rearing,106792,106623,106792,169
sniffing,106824,106792,106824,32
climbing,106825,106824,106825,1
sniffing,106834,106825,106834,9
walking,106866,106834,106866,32
sniffing,106914,106866,106914,48
rising,106947,106914,106947,33
sniffing,106973,106947,106973,26
rising,106974,106973,106974,1
right_turning,106992,106974,106992,18
sniffing,106993,106992,106993,1
pausing,106994,106993,106994,1
sniffing,107025,106994,107025,31
hunching,107079,107025,107079,54
rearing,107208,107079,107208,129
climbing,107228,107208,107228,20
running,107265,107228,107265,37
sniffing,107266,107265,107266,1
rising,107329,107266,107329,63
climbing,107361,107329,107361,32
left_turning,107416,107361,107416,55
sniffing,107417,107416,107417,1
hunching,107520,107417,107520,103
sniffing,107606,107520,107606,86
rising,107607,107606,107607,1
rearing,107621,107607,107621,14
rising,107649,107621,107649,28
sniffing,107650,107649,107650,1
rising,107697,107650,107697,47
sniffing,107705,107697,107705,8
walking,107739,107705,107739,34
sniffing,107786,107739,107786,47
left_turning,107810,107786,107810,24
running,107842,107810,107842,32
left_turning,107903,107842,107903,61
stepping,107904,107903,107904,1
sniffing,107930,107904,107930,26
left_turning,107963,107930,107963,33
running,107985,107963,107985,22
sniffing,108000,107985,108000,15
