revised_movement_label,segBoundary,segBoundary_start,segBoundary_end,length
walking,1,0,1,1
trotting,36,1,36,35
walking,40,36,40,4
rising,42,40,42,2
right_turning,64,42,64,22
walking,124,64,124,60
left_turning,132,124,132,8
walking,182,132,182,50
sniffing,237,182,237,55
grooming,681,237,681,444
walking,748,681,748,67
left_turning,781,748,781,33
sniffing,782,781,782,1
walking,841,782,841,59
sniffing,842,841,842,1
climbing,880,842,880,38
walking,914,880,914,34
sniffing,915,914,915,1
stepping,963,915,963,48
sniffing,1006,963,1006,43
rising,1025,1006,1025,19
climbing,1054,1025,1054,29
stepping,1073,1054,1073,19
walking,1132,1073,1132,59
rising,1133,1132,1133,1
right_turning,1145,1133,1145,12
walking,1180,1145,1180,35
sniffing,1255,1180,1255,75
climbing,1284,1255,1284,29
sniffing,1324,1284,1324,40
trotting,1335,1324,1335,11
left_turning,1336,1335,1336,1
trotting,1354,1336,1354,18
left_turning,1358,1354,1358,4
sniffing,1363,1358,1363,5
left_turning,1426,1363,1426,63
walking,1447,1426,1447,21
left_turning,1498,1447,1498,51
rising,1529,1498,1529,31
climbing,1639,1529,1639,110
sniffing,1660,1639,1660,21
rising,1661,1660,1661,1
trotting,1674,1661,1674,13
walking,1683,1674,1683,9
rising,1684,1683,1684,1
walking,1772,1684,1772,88
running,1827,1772,1827,55
stepping,1868,1827,1868,41
rising,1915,1868,1915,47
climbing,1947,1915,1947,32
sniffing,1981,1947,1981,34
walking,1982,1981,1982,1
sniffing,1990,1982,1990,8
left_turning,2018,1990,2018,28
climbing,2056,2018,2056,38
sniffing,2123,2056,2123,67
climbing,2138,2123,2138,15
grooming,2139,2138,2139,1
climbing,2198,2139,2198,59
right_turning,2200,2198,2200,2
stepping,2201,2200,2201,1
climbing,2241,2201,2241,40
sniffing,2312,2241,2312,71
walking,2377,2312,2377,65
sniffing,2441,2377,2441,64
hunching,2469,2441,2469,28
rearing,2576,2469,2576,107
rising,2577,2576,2577,1
climbing,2609,2577,2609,32
rearing,2677,2609,2677,68
left_turning,2707,2677,2707,30
sniffing,2708,2707,2708,1
rising,2709,2708,2709,1
stepping,2723,2709,2723,14
climbing,2751,2723,2751,28
walking,2800,2751,2800,49
sniffing,2801,2800,2801,1
stepping,2816,2801,2816,15
left_turning,2933,2816,2933,117
sniffing,2951,2933,2951,18
climbing,3003,2951,3003,52
sniffing,3049,3003,3049,46
pausing,3050,3049,3050,1
sniffing,3055,3050,3055,5
trotting,3090,3055,3090,35
left_turning,3124,3090,3124,34
walking,3186,3124,3186,62
sniffing,3277,3186,3277,91
rearing,3342,3277,3342,65
hunching,3343,3342,3343,1
climbing,3456,3343,3456,113
sniffing,3457,3456,3457,1
left_turning,3490,3457,3490,33
walking,3513,3490,3513,23
climbing,3597,3513,3597,84
walking,3619,3597,3619,22
climbing,3646,3619,3646,27
sniffing,3677,3646,3677,31
left_turning,3678,3677,3678,1
walking,3737,3678,3737,59
left_turning,3738,3737,3738,1
trotting,3749,3738,3749,11
walking,3788,3749,3788,39
climbing,3818,3788,3818,30
rising,3843,3818,3843,25
climbing,3862,3843,3862,19
sniffing,3863,3862,3863,1
stepping,3891,3863,3891,28
sniffing,3911,3891,3911,20
climbing,3937,3911,3937,26
rising,3978,3937,3978,41
climbing,4027,3978,4027,49
left_turning,4084,4027,4084,57
running,4113,4084,4113,29
rising,4185,4113,4185,72
sniffing,4200,4185,4200,15
climbing,4266,4200,4266,66
right_turning,4269,4266,4269,3
walking,4283,4269,4283,14
rising,4284,4283,4284,1
sniffing,4307,4284,4307,23
climbing,4350,4307,4350,43
hunching,4351,4350,4351,1
sniffing,4468,4351,4468,117
left_turning,4500,4468,4500,32
walking,4539,4500,4539,39
rising,4743,4539,4743,204
sniffing,4844,4743,4844,101
rising,4931,4844,4931,87
climbing,5016,4931,5016,85
sniffing,5017,5016,5017,1
walking,5050,5017,5050,33
hunching,5131,5050,5131,81
sniffing,5139,5131,5139,8
trotting,5216,5139,5216,77
running,5247,5216,5247,31
stepping,5248,5247,5248,1
walking,5249,5248,5249,1
sniffing,5316,5249,5316,67
climbing,5363,5316,5363,47
hunching,5493,5363,5493,130
walking,5555,5493,5555,62
left_turning,5567,5555,5567,12
running,5576,5567,5576,9
walking,5610,5576,5610,34
climbing,5626,5610,5626,16
walking,5649,5626,5649,23
rising,5769,5649,5769,120
climbing,5825,5769,5825,56
sniffing,5851,5825,5851,26
climbing,5884,5851,5884,33
sniffing,5885,5884,5885,1
climbing,5902,5885,5902,17
rising,5903,5902,5903,1
climbing,5954,5903,5954,51
walking,5994,5954,5994,40
stepping,6044,5994,6044,50
rising,6065,6044,6065,21
walking,6080,6065,6080,15
sniffing,6081,6080,6081,1
walking,6082,6081,6082,1
stepping,6125,6082,6125,43
walking,6203,6125,6203,78
right_turning,6205,6203,6205,2
trotting,6225,6205,6225,20
sniffing,6243,6225,6243,18
rising,6244,6243,6244,1
sniffing,6289,6244,6289,45
climbing,6314,6289,6314,25
hunching,6408,6314,6408,94
climbing,6466,6408,6466,58
rising,6510,6466,6510,44
climbing,6549,6510,6549,39
left_turning,6565,6549,6565,16
sniffing,6732,6565,6732,167
rising,6770,6732,6770,38
rearing,6949,6770,6949,179
rising,6978,6949,6978,29
sniffing,6979,6978,6979,1
trotting,7021,6979,7021,42
walking,7050,7021,7050,29
sniffing,7051,7050,7051,1
rising,7065,7051,7065,14
rearing,7195,7065,7195,130
hunching,7251,7195,7251,56
rising,7325,7251,7325,74
sniffing,7326,7325,7326,1
walking,7410,7326,7410,84
climbing,7444,7410,7444,34
running,7472,7444,7472,28
trotting,7493,7472,7493,21
left_turning,7550,7493,7550,57
sniffing,7616,7550,7616,66
pausing,7617,7616,7617,1
sniffing,7669,7617,7669,52
walking,7746,7669,7746,77
sniffing,7747,7746,7747,1
right_turning,7748,7747,7748,1
walking,7749,7748,7749,1
trotting,7750,7749,7750,1
sniffing,7776,7750,7776,26
walking,7837,7776,7837,61
sniffing,7864,7837,7864,27
pausing,7865,7864,7865,1
sniffing,7872,7865,7872,7
climbing,7884,7872,7884,12
sniffing,7933,7884,7933,49
walking,7934,7933,7934,1
climbing,7970,7934,7970,36
sniffing,7971,7970,7971,1
walking,8017,7971,8017,46
climbing,8114,8017,8114,97
sniffing,8137,8114,8137,23
right_turning,8138,8137,8138,1
walking,8140,8138,8140,2
stepping,8150,8140,8150,10
left_turning,8194,8150,8194,44
sniffing,8267,8194,8267,73
left_turning,8268,8267,8268,1
sniffing,8312,8268,8312,44
walking,8419,8312,8419,107
left_turning,8429,8419,8429,10
running,8439,8429,8439,10
walking,8440,8439,8440,1
climbing,8480,8440,8480,40
sniffing,8481,8480,8481,1
climbing,8511,8481,8511,30
sniffing,8565,8511,8565,54
rising,8566,8565,8566,1
sniffing,8601,8566,8601,35
rising,8616,8601,8616,15
stepping,8617,8616,8617,1
walking,8653,8617,8653,36
left_turning,8689,8653,8689,36
climbing,8728,8689,8728,39
rising,8811,8728,8811,83
sniffing,8898,8811,8898,87
left_turning,8913,8898,8913,15
rising,8947,8913,8947,34
walking,9009,8947,9009,62
sniffing,9059,9009,9059,50
stepping,9060,9059,9060,1
sniffing,9061,9060,9061,1
rising,9145,9061,9145,84
climbing,9184,9145,9184,39
running,9215,9184,9215,31
walking,9268,9215,9268,53
climbing,9308,9268,9308,40
trotting,9331,9308,9331,23
climbing,9367,9331,9367,36
sniffing,9387,9367,9387,20
left_turning,9439,9387,9439,52
walking,9502,9439,9502,63
right_turning,9521,9502,9521,19
running,9531,9521,9531,10
left_turning,9571,9531,9571,40
sniffing,9603,9571,9603,32
right_turning,9638,9603,9638,35
stepping,9639,9638,9639,1
walking,9640,9639,9640,1
rising,9655,9640,9655,15
sniffing,9756,9655,9756,101
grooming,9799,9756,9799,43
hunching,9816,9799,9816,17
grooming,9960,9816,9960,144
rearing,9978,9960,9978,18
rising,10070,9978,10070,92
hunching,10103,10070,10103,33
right_turning,10113,10103,10113,10
trotting,10129,10113,10129,16
sniffing,10147,10129,10147,18
stepping,10174,10147,10174,27
sniffing,10175,10174,10175,1
walking,10176,10175,10176,1
sniffing,10226,10176,10226,50
walking,10265,10226,10265,39
sniffing,10333,10265,10333,68
walking,10368,10333,10368,35
sniffing,10428,10368,10428,60
walking,10429,10428,10429,1
hunching,10578,10429,10578,149
walking,10606,10578,10606,28
sniffing,10666,10606,10666,60
walking,10732,10666,10732,66
left_turning,10744,10732,10744,12
running,10758,10744,10758,14
walking,10827,10758,10827,69
rising,10911,10827,10911,84
sniffing,10912,10911,10912,1
climbing,10918,10912,10918,6
trotting,10957,10918,10957,39
walking,10972,10957,10972,15
rearing,11002,10972,11002,30
left_turning,11088,11002,11088,86
walking,11139,11088,11139,51
climbing,11194,11139,11194,55
hunching,11348,11194,11348,154
sniffing,11352,11348,11352,4
walking,11378,11352,11378,26
left_turning,11421,11378,11421,43
walking,11422,11421,11422,1
sniffing,11521,11422,11521,99
walking,11522,11521,11522,1
sniffing,11560,11522,11560,38
climbing,11606,11560,11606,46
trotting,11620,11606,11620,14
left_turning,11621,11620,11621,1
running,11660,11621,11660,39
left_turning,11677,11660,11677,17
sniffing,11769,11677,11769,92
walking,11834,11769,11834,65
running,11858,11834,11858,24
left_turning,11859,11858,11859,1
walking,11891,11859,11891,32
sniffing,11892,11891,11892,1
right_turning,11894,11892,11894,2
walking,11923,11894,11923,29
trotting,11927,11923,11927,4
sniffing,11936,11927,11936,9
right_turning,11949,11936,11949,13
sniffing,11950,11949,11950,1
walking,11987,11950,11987,37
sniffing,11988,11987,11988,1
right_turning,12032,11988,12032,44
climbing,12048,12032,12048,16
rising,12049,12048,12049,1
running,12058,12049,12058,9
walking,12081,12058,12081,23
sniffing,12217,12081,12217,136
stepping,12238,12217,12238,21
walking,12258,12238,12258,20
sniffing,12292,12258,12292,34
rising,12371,12292,12371,79
climbing,12411,12371,12411,40
rearing,12412,12411,12412,1
climbing,12479,12412,12479,67
right_turning,12519,12479,12519,40
walking,12553,12519,12553,34
rising,12554,12553,12554,1
climbing,12629,12554,12629,75
sniffing,12630,12629,12630,1
right_turning,12646,12630,12646,16
walking,12658,12646,12658,12
sniffing,12733,12658,12733,75
rising,12775,12733,12775,42
climbing,12863,12775,12863,88
hunching,12911,12863,12911,48
sniffing,12931,12911,12931,20
rising,12932,12931,12932,1
hunching,12933,12932,12933,1
sniffing,12993,12933,12993,60
climbing,13066,12993,13066,73
rising,13120,13066,13120,54
trotting,13152,13120,13152,32
right_turning,13155,13152,13155,3
walking,13198,13155,13198,43
sniffing,13282,13198,13282,84
left_turning,13362,13282,13362,80
rising,13363,13362,13363,1
rearing,13505,13363,13505,142
climbing,13572,13505,13572,67
rearing,13678,13572,13678,106
sniffing,13715,13678,13715,37
rearing,13867,13715,13867,152
grooming,13868,13867,13868,1
sniffing,13926,13868,13926,58
rising,13990,13926,13990,64
climbing,14075,13990,14075,85
right_turning,14077,14075,14077,2
rising,14105,14077,14105,28
walking,14123,14105,14123,18
sniffing,14157,14123,14157,34
rearing,14199,14157,14199,42
walking,14205,14199,14205,6
trotting,14220,14205,14220,15
left_turning,14239,14220,14239,19
sniffing,14265,14239,14265,26
stepping,14272,14265,14272,7
climbing,14351,14272,14351,79
rising,14367,14351,14367,16
walking,14368,14367,14368,1
sniffing,14369,14368,14369,1
rising,14370,14369,14370,1
left_turning,14405,14370,14405,35
sniffing,14406,14405,14406,1
trotting,14407,14406,14407,1
walking,14453,14407,14453,46
rising,14490,14453,14490,37
climbing,14495,14490,14495,5
right_turning,14566,14495,14566,71
walking,14576,14566,14576,10
sniffing,14608,14576,14608,32
trotting,14630,14608,14630,22
rising,14666,14630,14666,36
sniffing,14745,14666,14745,79
rising,14818,14745,14818,73
sniffing,14856,14818,14856,38
rising,15082,14856,15082,226
climbing,15095,15082,15095,13
right_turning,15118,15095,15118,23
running,15132,15118,15132,14
trotting,15161,15132,15161,29
rising,15184,15161,15184,23
climbing,15191,15184,15191,7
walking,15212,15191,15212,21
sniffing,15213,15212,15213,1
left_turning,15219,15213,15219,6
sniffing,15228,15219,15228,9
rearing,15274,15228,15274,46
rising,15399,15274,15399,125
right_turning,15411,15399,15411,12
left_turning,15417,15411,15417,6
walking,15463,15417,15463,46
trotting,15499,15463,15499,36
sniffing,15524,15499,15524,25
walking,15565,15524,15565,41
rising,15603,15565,15603,38
climbing,15686,15603,15686,83
rising,15725,15686,15725,39
climbing,15773,15725,15773,48
sniffing,15788,15773,15788,15
stepping,15818,15788,15818,30
walking,15836,15818,15836,18
sniffing,15910,15836,15910,74
left_turning,15956,15910,15956,46
sniffing,15964,15956,15964,8
left_turning,16019,15964,16019,55
sniffing,16127,16019,16127,108
left_turning,16155,16127,16155,28
sniffing,16156,16155,16156,1
left_turning,16175,16156,16175,19
sniffing,16210,16175,16210,35
climbing,16284,16210,16284,74
sniffing,16322,16284,16322,38
climbing,16407,16322,16407,85
sniffing,16459,16407,16459,52
hunching,16479,16459,16479,20
climbing,16528,16479,16528,49
walking,16529,16528,16529,1
sniffing,16539,16529,16539,10
rising,16675,16539,16675,136
climbing,16692,16675,16692,17
grooming,16856,16692,16856,164
rearing,16911,16856,16911,55
sniffing,16918,16911,16918,7
rising,17005,16918,17005,87
climbing,17052,17005,17052,47
sniffing,17075,17052,17075,23
grooming,17076,17075,17076,1
walking,17105,17076,17105,29
sniffing,17144,17105,17144,39
rising,17221,17144,17221,77
climbing,17269,17221,17269,48
left_turning,17283,17269,17283,14
sniffing,17363,17283,17363,80
left_turning,17380,17363,17380,17
walking,17447,17380,17447,67
trotting,17500,17447,17500,53
sniffing,17614,17500,17614,114
rising,17647,17614,17647,33
climbing,17692,17647,17692,45
sniffing,17858,17692,17858,166
left_turning,17866,17858,17866,8
rising,17880,17866,17880,14
climbing,17909,17880,17909,29
sniffing,17997,17909,17997,88
rising,18048,17997,18048,51
climbing,18064,18048,18064,16
rising,18128,18064,18128,64
trotting,18159,18128,18159,31
left_turning,18229,18159,18229,70
walking,18230,18229,18230,1
sniffing,18233,18230,18233,3
climbing,18280,18233,18280,47
hunching,18281,18280,18281,1
right_turning,18290,18281,18290,9
rising,18350,18290,18350,60
climbing,18416,18350,18416,66
rising,18506,18416,18506,90
trotting,18551,18506,18551,45
climbing,18631,18551,18631,80
hunching,18692,18631,18692,61
climbing,18749,18692,18749,57
trotting,18755,18749,18755,6
rising,18767,18755,18767,12
climbing,18813,18767,18813,46
right_turning,18814,18813,18814,1
running,18845,18814,18845,31
walking,18852,18845,18852,7
climbing,18887,18852,18887,35
walking,18923,18887,18923,36
sniffing,18924,18923,18924,1
running,18950,18924,18950,26
left_turning,18951,18950,18951,1
walking,19005,18951,19005,54
sniffing,19074,19005,19074,69
right_turning,19075,19074,19075,1
sniffing,19076,19075,19076,1
pausing,19077,19076,19077,1
sniffing,19115,19077,19115,38
climbing,19179,19115,19179,64
left_turning,19180,19179,19180,1
sniffing,19181,19180,19181,1
rising,19202,19181,19202,21
climbing,19250,19202,19250,48
walking,19298,19250,19298,48
jumping,19299,19298,19299,1
sniffing,19342,19299,19342,43
walking,19343,19342,19343,1
sniffing,19344,19343,19344,1
left_turning,19345,19344,19345,1
sniffing,19413,19345,19413,68
walking,19458,19413,19458,45
sniffing,19513,19458,19513,55
rising,19527,19513,19527,14
climbing,19549,19527,19549,22
rearing,19550,19549,19550,1
grooming,19551,19550,19551,1
rising,19555,19551,19555,4
rearing,19561,19555,19561,6
sniffing,19649,19561,19649,88
walking,19702,19649,19702,53
stepping,19737,19702,19737,35
walking,19782,19737,19782,45
rising,19815,19782,19815,33
walking,19847,19815,19847,32
rising,19891,19847,19891,44
left_turning,19914,19891,19914,23
sniffing,19999,19914,19999,85
rising,20063,19999,20063,64
sniffing,20064,20063,20064,1
rising,20065,20064,20065,1
sniffing,20066,20065,20066,1
left_turning,20088,20066,20088,22
sniffing,20125,20088,20125,37
rising,20126,20125,20126,1
rearing,20129,20126,20129,3
walking,20163,20129,20163,34
sniffing,20205,20163,20205,42
walking,20217,20205,20217,12
climbing,20258,20217,20258,41
sniffing,20276,20258,20276,18
trotting,20288,20276,20288,12
sniffing,20308,20288,20308,20
climbing,20342,20308,20342,34
trotting,20374,20342,20374,32
sniffing,20453,20374,20453,79
rising,20454,20453,20454,1
climbing,20497,20454,20497,43
sniffing,20588,20497,20588,91
trotting,20598,20588,20598,10
sniffing,20691,20598,20691,93
walking,20709,20691,20709,18
sniffing,20716,20709,20716,7
climbing,20719,20716,20719,3
rising,20759,20719,20759,40
climbing,20884,20759,20884,125
sniffing,20928,20884,20928,44
right_turning,20962,20928,20962,34
climbing,21005,20962,21005,43
sniffing,21022,21005,21022,17
left_turning,21054,21022,21054,32
walking,21062,21054,21062,8
right_turning,21063,21062,21063,1
stepping,21132,21063,21132,69
sniffing,21148,21132,21148,16
rearing,21196,21148,21196,48
sniffing,21214,21196,21214,18
right_turning,21228,21214,21228,14
walking,21229,21228,21229,1
rising,21278,21229,21278,49
left_turning,21315,21278,21315,37
sniffing,21316,21315,21316,1
climbing,21329,21316,21329,13
trotting,21362,21329,21362,33
sniffing,21404,21362,21404,42
rising,21469,21404,21469,65
left_turning,21489,21469,21489,20
walking,21492,21489,21492,3
sniffing,21533,21492,21533,41
climbing,21597,21533,21597,64
grooming,22053,21597,22053,456
rearing,22144,22053,22144,91
sniffing,22180,22144,22180,36
left_turning,22205,22180,22205,25
walking,22216,22205,22216,11
stepping,22268,22216,22268,52
rising,22280,22268,22280,12
climbing,22367,22280,22367,87
rising,22408,22367,22408,41
right_turning,22409,22408,22409,1
left_turning,22433,22409,22433,24
walking,22434,22433,22434,1
sniffing,22487,22434,22487,53
walking,22522,22487,22522,35
left_turning,22552,22522,22552,30
trotting,22569,22552,22569,17
sniffing,22575,22569,22575,6
left_turning,22610,22575,22610,35
sniffing,22611,22610,22611,1
climbing,22675,22611,22675,64
walking,22694,22675,22694,19
climbing,22728,22694,22728,34
rearing,22823,22728,22823,95
sniffing,23120,22823,23120,297
climbing,23190,23120,23190,70
running,23219,23190,23219,29
sniffing,23233,23219,23233,14
walking,23275,23233,23275,42
right_turning,23307,23275,23307,32
climbing,23345,23307,23345,38
sniffing,23409,23345,23409,64
climbing,23410,23409,23410,1
sniffing,23482,23410,23482,72
climbing,23519,23482,23519,37
sniffing,23556,23519,23556,37
climbing,23603,23556,23603,47
walking,23635,23603,23635,32
sniffing,23690,23635,23690,55
climbing,23718,23690,23718,28
sniffing,23763,23718,23763,45
walking,23838,23763,23838,75
sniffing,23952,23838,23952,114
climbing,23991,23952,23991,39
rising,24043,23991,24043,52
sniffing,24110,24043,24110,67
walking,24111,24110,24111,1
rising,24189,24111,24189,78
left_turning,24247,24189,24247,58
sniffing,24343,24247,24343,96
rising,24357,24343,24357,14
rearing,24384,24357,24384,27
sniffing,24412,24384,24412,28
rising,24483,24412,24483,71
sniffing,24582,24483,24582,99
rearing,24624,24582,24624,42
grooming,24625,24624,24625,1
hunching,24738,24625,24738,113
sniffing,24739,24738,24739,1
left_turning,24740,24739,24740,1
walking,24789,24740,24789,49
left_turning,24848,24789,24848,59
grooming,24885,24848,24885,37
right_turning,24955,24885,24955,70
left_turning,24983,24955,24983,28
sniffing,25242,24983,25242,259
right_turning,25250,25242,25250,8
stepping,25269,25250,25269,19
rising,25270,25269,25270,1
walking,25275,25270,25275,5
left_turning,25304,25275,25304,29
running,25331,25304,25331,27
walking,25359,25331,25359,28
sniffing,25392,25359,25392,33
rising,25393,25392,25393,1
climbing,25415,25393,25415,22
sniffing,25465,25415,25465,50
rising,25537,25465,25537,72
climbing,25655,25537,25655,118
walking,25665,25655,25665,10
sniffing,25666,25665,25666,1
climbing,25709,25666,25709,43
left_turning,25724,25709,25724,15
walking,25763,25724,25763,39
sniffing,25778,25763,25778,15
trotting,25785,25778,25785,7
sniffing,25807,25785,25807,22
climbing,25830,25807,25830,23
walking,25860,25830,25860,30
left_turning,25878,25860,25878,18
sniffing,25888,25878,25888,10
walking,25917,25888,25917,29
sniffing,25918,25917,25918,1
climbing,25967,25918,25967,49
walking,25969,25967,25969,2
rising,26026,25969,26026,57
climbing,26083,26026,26083,57
walking,26108,26083,26108,25
sniffing,26175,26108,26175,67
stepping,26176,26175,26176,1
rising,26182,26176,26182,6
sniffing,26184,26182,26184,2
trotting,26194,26184,26194,10
sniffing,26238,26194,26238,44
right_turning,26303,26238,26303,65
trotting,26320,26303,26320,17
rising,26321,26320,26321,1
sniffing,26353,26321,26353,32
grooming,26499,26353,26499,146
hunching,26500,26499,26500,1
grooming,26593,26500,26593,93
sniffing,26632,26593,26632,39
rising,26655,26632,26655,23
sniffing,26782,26655,26782,127
right_turning,26807,26782,26807,25
walking,26823,26807,26823,16
left_turning,26824,26823,26824,1
sniffing,26883,26824,26883,59
rising,26964,26883,26964,81
right_turning,27002,26964,27002,38
walking,27005,27002,27005,3
rearing,27007,27005,27007,2
running,27045,27007,27045,38
sniffing,27065,27045,27065,20
left_turning,27099,27065,27099,34
walking,27135,27099,27135,36
trotting,27183,27135,27183,48
sniffing,27257,27183,27257,74
rising,27297,27257,27297,40
sniffing,27341,27297,27341,44
walking,27342,27341,27342,1
left_turning,27367,27342,27367,25
sniffing,27408,27367,27408,41
rising,27472,27408,27472,64
climbing,27476,27472,27476,4
rising,27529,27476,27529,53
rearing,27530,27529,27530,1
left_turning,27545,27530,27545,15
walking,27592,27545,27592,47
left_turning,27608,27592,27608,16
stepping,27612,27608,27612,4
sniffing,27613,27612,27613,1
walking,27672,27613,27672,59
sniffing,27765,27672,27765,93
rising,27780,27765,27780,15
climbing,27793,27780,27793,13
hunching,27916,27793,27916,123
sniffing,27954,27916,27954,38
rising,27955,27954,27955,1
climbing,28033,27955,28033,78
left_turning,28092,28033,28092,59
walking,28125,28092,28125,33
sniffing,28168,28125,28168,43
left_turning,28203,28168,28203,35
walking,28254,28203,28254,51
sniffing,28283,28254,28283,29
rising,28296,28283,28296,13
walking,28334,28296,28334,38
sniffing,28341,28334,28341,7
walking,28384,28341,28384,43
sniffing,28509,28384,28509,125
rearing,28533,28509,28533,24
grooming,28595,28533,28595,62
sniffing,28602,28595,28602,7
rising,28608,28602,28608,6
walking,28609,28608,28609,1
sniffing,28657,28609,28657,48
hunching,28884,28657,28884,227
walking,28913,28884,28913,29
stepping,28966,28913,28966,53
left_turning,28986,28966,28986,20
sniffing,28998,28986,28998,12
rising,29084,28998,29084,86
climbing,29085,29084,29085,1
left_turning,29156,29085,29156,71
rising,29157,29156,29157,1
right_turning,29176,29157,29176,19
walking,29205,29176,29205,29
sniffing,29206,29205,29206,1
walking,29246,29206,29246,40
right_turning,29254,29246,29254,8
left_turning,29269,29254,29269,15
rising,29311,29269,29311,42
rearing,29379,29311,29379,68
climbing,29411,29379,29411,32
running,29442,29411,29442,31
walking,29455,29442,29455,13
rising,29489,29455,29489,34
right_turning,29505,29489,29505,16
sniffing,29595,29505,29595,90
hunching,29669,29595,29669,74
sniffing,29670,29669,29670,1
left_turning,29741,29670,29741,71
trotting,29796,29741,29796,55
sniffing,29889,29796,29889,93
trotting,29905,29889,29905,16
sniffing,29931,29905,29931,26
trotting,29970,29931,29970,39
rising,30013,29970,30013,43
left_turning,30039,30013,30039,26
rearing,30040,30039,30040,1
trotting,30043,30040,30043,3
sniffing,30044,30043,30044,1
pausing,30045,30044,30045,1
sniffing,30080,30045,30080,35
climbing,30177,30080,30177,97
sniffing,30242,30177,30242,65
rising,30251,30242,30251,9
climbing,30302,30251,30302,51
walking,30384,30302,30384,82
trotting,30412,30384,30412,28
sniffing,30483,30412,30483,71
trotting,30523,30483,30523,40
sniffing,30533,30523,30533,10
climbing,30537,30533,30537,4
left_turning,30589,30537,30589,52
sniffing,30590,30589,30590,1
left_turning,30591,30590,30591,1
walking,30609,30591,30609,18
sniffing,30610,30609,30610,1
walking,30614,30610,30614,4
climbing,30697,30614,30697,83
sniffing,30796,30697,30796,99
rearing,30830,30796,30830,34
grooming,30967,30830,30967,137
sniffing,31103,30967,31103,136
right_turning,31129,31103,31129,26
trotting,31167,31129,31167,38
rising,31212,31167,31212,45
climbing,31259,31212,31259,47
rearing,31295,31259,31295,36
hunching,31339,31295,31339,44
sniffing,31435,31339,31435,96
climbing,31475,31435,31475,40
trotting,31500,31475,31500,25
walking,31512,31500,31512,12
sniffing,31663,31512,31663,151
rising,31729,31663,31729,66
rearing,31767,31729,31767,38
right_turning,31777,31767,31777,10
stepping,31817,31777,31817,40
sniffing,31846,31817,31846,29
pausing,31847,31846,31847,1
sniffing,31893,31847,31893,46
climbing,31950,31893,31950,57
right_turning,31955,31950,31955,5
trotting,31984,31955,31984,29
sniffing,32027,31984,32027,43
rising,32043,32027,32043,16
rearing,32044,32043,32044,1
climbing,32046,32044,32046,2
left_turning,32109,32046,32109,63
sniffing,32211,32109,32211,102
walking,32215,32211,32215,4
sniffing,32255,32215,32255,40
left_turning,32296,32255,32296,41
rising,32314,32296,32314,18
sniffing,32341,32314,32341,27
climbing,32423,32341,32423,82
sniffing,32424,32423,32424,1
walking,32466,32424,32466,42
climbing,32478,32466,32478,12
sniffing,32479,32478,32479,1
walking,32480,32479,32480,1
sniffing,32481,32480,32481,1
rearing,32482,32481,32482,1
grooming,32483,32482,32483,1
rearing,32522,32483,32522,39
walking,32523,32522,32523,1
sniffing,32579,32523,32579,56
rising,32580,32579,32580,1
stepping,32581,32580,32581,1
walking,32592,32581,32592,11
rising,32623,32592,32623,31
rearing,32624,32623,32624,1
climbing,32656,32624,32656,32
grooming,32657,32656,32657,1
sniffing,32668,32657,32668,11
left_turning,32672,32668,32672,4
rising,32726,32672,32726,54
running,32754,32726,32754,28
rising,32788,32754,32788,34
running,32818,32788,32818,30
climbing,32851,32818,32851,33
sniffing,32862,32851,32862,11
trotting,32891,32862,32891,29
stepping,32929,32891,32929,38
rising,32952,32929,32952,23
climbing,33003,32952,33003,51
rearing,33179,33003,33179,176
sniffing,33184,33179,33184,5
climbing,33215,33184,33215,31
sniffing,33250,33215,33250,35
rising,33288,33250,33288,38
running,33314,33288,33314,26
sniffing,33341,33314,33341,27
walking,33353,33341,33353,12
climbing,33376,33353,33376,23
rearing,33401,33376,33401,25
rising,33449,33401,33449,48
stepping,33510,33449,33510,61
rearing,33529,33510,33529,19
walking,33582,33529,33582,53
running,33616,33582,33616,34
rising,33658,33616,33658,42
trotting,33666,33658,33666,8
walking,33680,33666,33680,14
running,33703,33680,33703,23
jumping,33736,33703,33736,33
rearing,33737,33736,33737,1
climbing,33770,33737,33770,33
walking,33817,33770,33817,47
sniffing,33834,33817,33834,17
right_turning,33853,33834,33853,19
walking,33893,33853,33893,40
sniffing,33911,33893,33911,18
grooming,33912,33911,33912,1
sniffing,33913,33912,33913,1
stepping,33930,33913,33930,17
left_turning,33978,33930,33978,48
climbing,34021,33978,34021,43
grooming,34022,34021,34022,1
rearing,34098,34022,34098,76
grooming,34099,34098,34099,1
left_turning,34120,34099,34120,21
stepping,34139,34120,34139,19
sniffing,34148,34139,34148,9
right_turning,34164,34148,34164,16
left_turning,34189,34164,34189,25
trotting,34230,34189,34230,41
sniffing,34231,34230,34231,1
stepping,34258,34231,34258,27
rising,34361,34258,34361,103
climbing,34434,34361,34434,73
rising,34525,34434,34525,91
sniffing,34617,34525,34617,92
walking,34620,34617,34620,3
climbing,34656,34620,34656,36
walking,34694,34656,34694,38
rising,34758,34694,34758,64
climbing,34802,34758,34802,44
sniffing,34910,34802,34910,108
left_turning,34911,34910,34911,1
walking,34918,34911,34918,7
climbing,35007,34918,35007,89
rising,35139,35007,35139,132
climbing,35192,35139,35192,53
rising,35264,35192,35264,72
climbing,35296,35264,35296,32
right_turning,35327,35296,35327,31
sniffing,35365,35327,35365,38
left_turning,35366,35365,35366,1
walking,35367,35366,35367,1
left_turning,35394,35367,35394,27
sniffing,35395,35394,35395,1
stepping,35429,35395,35429,34
sniffing,35463,35429,35463,34
running,35493,35463,35493,30
trotting,35504,35493,35504,11
walking,35544,35504,35544,40
stepping,35587,35544,35587,43
sniffing,35641,35587,35641,54
climbing,35725,35641,35725,84
walking,35766,35725,35766,41
rising,35767,35766,35767,1
jumping,35830,35767,35830,63
rising,35894,35830,35894,64
sniffing,35928,35894,35928,34
rising,35930,35928,35930,2
climbing,35979,35930,35979,49
left_turning,35994,35979,35994,15
trotting,36034,35994,36034,40
left_turning,36035,36034,36035,1
walking,36063,36035,36063,28
stepping,36110,36063,36110,47
rising,36121,36110,36121,11
left_turning,36131,36121,36131,10
hunching,36146,36131,36146,15
rising,36163,36146,36163,17
right_turning,36170,36163,36170,7
walking,36272,36170,36272,102
sniffing,36346,36272,36346,74
rising,36363,36346,36363,17
sniffing,36364,36363,36364,1
stepping,36421,36364,36421,57
walking,36477,36421,36477,56
rising,36496,36477,36496,19
sniffing,36550,36496,36550,54
climbing,36555,36550,36555,5
rising,36556,36555,36556,1
sniffing,36735,36556,36735,179
rising,36797,36735,36797,62
sniffing,36833,36797,36833,36
climbing,36908,36833,36908,75
rearing,37003,36908,37003,95
sniffing,37035,37003,37035,32
walking,37145,37035,37145,110
climbing,37230,37145,37230,85
rising,37261,37230,37261,31
sniffing,37297,37261,37297,36
right_turning,37304,37297,37304,7
walking,37331,37304,37331,27
climbing,37365,37331,37365,34
sniffing,37422,37365,37422,57
walking,37447,37422,37447,25
sniffing,37489,37447,37489,42
rearing,37557,37489,37557,68
rising,37559,37557,37559,2
climbing,37585,37559,37585,26
rising,37622,37585,37622,37
climbing,37693,37622,37693,71
trotting,37759,37693,37759,66
walking,37763,37759,37763,4
trotting,37778,37763,37778,15
sniffing,37786,37778,37786,8
climbing,37878,37786,37878,92
walking,37938,37878,37938,60
right_turning,37973,37938,37973,35
sniffing,37988,37973,37988,15
left_turning,38031,37988,38031,43
trotting,38034,38031,38034,3
sniffing,38035,38034,38035,1
right_turning,38036,38035,38036,1
running,38063,38036,38063,27
stepping,38078,38063,38078,15
climbing,38084,38078,38084,6
left_turning,38129,38084,38129,45
walking,38157,38129,38157,28
left_turning,38216,38157,38216,59
walking,38217,38216,38217,1
hunching,38363,38217,38363,146
rising,38387,38363,38387,24
sniffing,38388,38387,38388,1
rising,38425,38388,38425,37
left_turning,38426,38425,38426,1
sniffing,38427,38426,38427,1
walking,38467,38427,38467,40
left_turning,38585,38467,38585,118
sniffing,38653,38585,38653,68
climbing,38708,38653,38708,55
rising,38757,38708,38757,49
sniffing,38848,38757,38848,91
trotting,38875,38848,38875,27
sniffing,38954,38875,38954,79
rising,38981,38954,38981,27
climbing,38999,38981,38999,18
hunching,39000,38999,39000,1
sniffing,39018,39000,39018,18
rising,39041,39018,39041,23
stepping,39064,39041,39064,23
hunching,39160,39064,39160,96
climbing,39216,39160,39216,56
left_turning,39265,39216,39265,49
running,39309,39265,39309,44
walking,39353,39309,39353,44
sniffing,39360,39353,39360,7
rearing,39439,39360,39439,79
rising,39500,39439,39500,61
climbing,39551,39500,39551,51
rearing,39676,39551,39676,125
grooming,40077,39676,40077,401
rising,40078,40077,40078,1
sniffing,40115,40078,40115,37
left_turning,40134,40115,40134,19
walking,40146,40134,40146,12
sniffing,40147,40146,40147,1
right_turning,40172,40147,40172,25
walking,40191,40172,40191,19
sniffing,40192,40191,40192,1
climbing,40193,40192,40193,1
sniffing,40263,40193,40263,70
right_turning,40264,40263,40264,1
running,40304,40264,40304,40
sniffing,40316,40304,40316,12
rising,40350,40316,40350,34
climbing,40444,40350,40444,94
trotting,40460,40444,40460,16
walking,40499,40460,40499,39
sniffing,40554,40499,40554,55
left_turning,40589,40554,40589,35
walking,40617,40589,40617,28
rising,40628,40617,40628,11
climbing,40659,40628,40659,31
rising,40750,40659,40750,91
running,40774,40750,40774,24
walking,40783,40774,40783,9
sniffing,40784,40783,40784,1
stepping,40815,40784,40815,31
climbing,40854,40815,40854,39
rearing,40917,40854,40917,63
left_turning,40933,40917,40933,16
sniffing,40997,40933,40997,64
walking,41013,40997,41013,16
sniffing,41026,41013,41026,13
left_turning,41027,41026,41027,1
trotting,41064,41027,41064,37
stepping,41084,41064,41084,20
sniffing,41123,41084,41123,39
rising,41219,41123,41219,96
left_turning,41247,41219,41247,28
sniffing,41271,41247,41271,24
trotting,41326,41271,41326,55
sniffing,41363,41326,41363,37
walking,41415,41363,41415,52
sniffing,41510,41415,41510,95
walking,41511,41510,41511,1
sniffing,41552,41511,41552,41
rising,41581,41552,41581,29
walking,41634,41581,41634,53
stepping,41646,41634,41646,12
climbing,41699,41646,41699,53
sniffing,41742,41699,41742,43
right_turning,41749,41742,41749,7
rising,41781,41749,41781,32
walking,41799,41781,41799,18
left_turning,41838,41799,41838,39
sniffing,41906,41838,41906,68
stepping,41928,41906,41928,22
rising,41980,41928,41980,52
climbing,42016,41980,42016,36
rising,42017,42016,42017,1
climbing,42039,42017,42039,22
sniffing,42040,42039,42040,1
left_turning,42041,42040,42041,1
walking,42046,42041,42046,5
climbing,42072,42046,42072,26
grooming,42164,42072,42164,92
hunching,42165,42164,42165,1
right_turning,42192,42165,42192,27
trotting,42251,42192,42251,59
walking,42325,42251,42325,74
climbing,42361,42325,42361,36
walking,42418,42361,42418,57
stepping,42456,42418,42456,38
sniffing,42533,42456,42533,77
climbing,42551,42533,42551,18
rearing,42552,42551,42552,1
right_turning,42567,42552,42567,15
sniffing,42597,42567,42597,30
climbing,42648,42597,42648,51
trotting,42690,42648,42690,42
rearing,42815,42690,42815,125
sniffing,42881,42815,42881,66
left_turning,42882,42881,42882,1
walking,42917,42882,42917,35
sniffing,42978,42917,42978,61
right_turning,42996,42978,42996,18
walking,43027,42996,43027,31
hunching,43097,43027,43097,70
walking,43126,43097,43126,29
rising,43186,43126,43186,60
sniffing,43229,43186,43229,43
rearing,43347,43229,43347,118
rising,43414,43347,43414,67
stepping,43449,43414,43449,35
sniffing,43504,43449,43504,55
walking,43530,43504,43530,26
rising,43531,43530,43531,1
rearing,43573,43531,43573,42
grooming,43574,43573,43574,1
climbing,43664,43574,43664,90
sniffing,43728,43664,43728,64
climbing,43776,43728,43776,48
sniffing,43799,43776,43799,23
rearing,43942,43799,43942,143
trotting,43980,43942,43980,38
walking,44041,43980,44041,61
sniffing,44043,44041,44043,2
rearing,44044,44043,44044,1
rising,44086,44044,44086,42
sniffing,44154,44086,44154,68
climbing,44188,44154,44188,34
rearing,44224,44188,44224,36
left_turning,44293,44224,44293,69
sniffing,44448,44293,44448,155
grooming,44481,44448,44481,33
climbing,44547,44481,44547,66
sniffing,44562,44547,44562,15
walking,44607,44562,44607,45
climbing,44613,44607,44613,6
running,44655,44613,44655,42
walking,44698,44655,44698,43
sniffing,44699,44698,44699,1
rising,44700,44699,44700,1
hunching,44842,44700,44842,142
climbing,44880,44842,44880,38
rising,44911,44880,44911,31
rearing,44912,44911,44912,1
hunching,44938,44912,44938,26
grooming,45021,44938,45021,83
climbing,45038,45021,45038,17
rearing,45067,45038,45067,29
sniffing,45191,45067,45191,124
left_turning,45193,45191,45193,2
sniffing,45232,45193,45232,39
climbing,45269,45232,45269,37
walking,45291,45269,45291,22
rising,45306,45291,45306,15
climbing,45366,45306,45366,60
grooming,46230,45366,46230,864
sniffing,46281,46230,46281,51
walking,46321,46281,46321,40
sniffing,46507,46321,46507,186
rising,46574,46507,46574,67
running,46601,46574,46601,27
sniffing,46642,46601,46642,41
grooming,47016,46642,47016,374
rearing,47206,47016,47206,190
hunching,47231,47206,47231,25
stepping,47237,47231,47237,6
rearing,47272,47237,47272,35
rising,47273,47272,47273,1
left_turning,47296,47273,47296,23
walking,47390,47296,47390,94
sniffing,47399,47390,47399,9
walking,47400,47399,47400,1
sniffing,47498,47400,47498,98
left_turning,47503,47498,47503,5
sniffing,47504,47503,47504,1
climbing,47505,47504,47505,1
sniffing,47508,47505,47508,3
rising,47561,47508,47561,53
hunching,47562,47561,47562,1
rising,47589,47562,47589,27
sniffing,47619,47589,47619,30
pausing,47946,47619,47946,327
walking,48006,47946,48006,60
sniffing,48007,48006,48007,1
walking,48042,48007,48042,35
sniffing,48051,48042,48051,9
climbing,48142,48051,48142,91
right_turning,48172,48142,48172,30
running,48227,48172,48227,55
sniffing,48351,48227,48351,124
walking,48417,48351,48417,66
sniffing,48418,48417,48418,1
trotting,48433,48418,48433,15
stepping,48434,48433,48434,1
rearing,48543,48434,48543,109
rising,48568,48543,48568,25
rearing,48579,48568,48579,11
grooming,48605,48579,48605,26
sniffing,48708,48605,48708,103
stepping,48731,48708,48731,23
walking,48733,48731,48733,2
running,48744,48733,48744,11
sniffing,48775,48744,48775,31
rising,48815,48775,48815,40
running,48853,48815,48853,38
left_turning,48868,48853,48868,15
trotting,48910,48868,48910,42
sniffing,49004,48910,49004,94
right_turning,49051,49004,49051,47
walking,49068,49051,49068,17
sniffing,49135,49068,49135,67
rising,49136,49135,49136,1
climbing,49233,49136,49233,97
rising,49253,49233,49253,20
sniffing,49285,49253,49285,32
walking,49295,49285,49295,10
stepping,49309,49295,49309,14
sniffing,49365,49309,49365,56
walking,49418,49365,49418,53
sniffing,49464,49418,49464,46
rearing,49479,49464,49479,15
sniffing,49480,49479,49480,1
left_turning,49523,49480,49523,43
walking,49556,49523,49556,33
climbing,49613,49556,49613,57
trotting,49637,49613,49637,24
walking,49674,49637,49674,37
rising,49675,49674,49675,1
rearing,49676,49675,49676,1
walking,49693,49676,49693,17
stepping,49694,49693,49694,1
walking,49732,49694,49732,38
stepping,49779,49732,49779,47
sniffing,49810,49779,49810,31
hunching,49892,49810,49892,82
grooming,50219,49892,50219,327
rearing,50220,50219,50220,1
hunching,50461,50220,50461,241
sniffing,50468,50461,50468,7
walking,50531,50468,50531,63
sniffing,50532,50531,50532,1
walking,50566,50532,50566,34
left_turning,50666,50566,50666,100
trotting,50693,50666,50693,27
sniffing,50694,50693,50694,1
walking,50745,50694,50745,51
sniffing,50828,50745,50828,83
hunching,50933,50828,50933,105
sniffing,50939,50933,50939,6
climbing,50951,50939,50951,12
hunching,51015,50951,51015,64
right_turning,51016,51015,51016,1
walking,51027,51016,51027,11
trotting,51065,51027,51065,38
walking,51067,51065,51067,2
climbing,51079,51067,51079,12
rearing,51080,51079,51080,1
climbing,51081,51080,51081,1
rearing,51144,51081,51144,63
grooming,51292,51144,51292,148
hunching,51331,51292,51331,39
grooming,51332,51331,51332,1
hunching,51508,51332,51508,176
climbing,51545,51508,51545,37
rising,51562,51545,51562,17
sniffing,51570,51562,51570,8
walking,51571,51570,51571,1
sniffing,51618,51571,51618,47
trotting,51662,51618,51662,44
walking,51699,51662,51699,37
sniffing,51755,51699,51755,56
walking,51781,51755,51781,26
rearing,51782,51781,51782,1
sniffing,51897,51782,51897,115
hunching,51957,51897,51957,60
sniffing,51961,51957,51961,4
right_turning,51989,51961,51989,28
sniffing,51990,51989,51990,1
rising,52094,51990,52094,104
climbing,52150,52094,52150,56
rearing,52217,52150,52217,67
sniffing,52218,52217,52218,1
right_turning,52223,52218,52223,5
walking,52269,52223,52269,46
rearing,52278,52269,52278,9
climbing,52332,52278,52332,54
grooming,53335,52332,53335,1003
sniffing,53357,53335,53357,22
rising,53394,53357,53394,37
climbing,53395,53394,53395,1
rising,53438,53395,53438,43
climbing,53484,53438,53484,46
walking,53504,53484,53504,20
rising,53505,53504,53505,1
climbing,53584,53505,53584,79
stepping,53631,53584,53631,47
hunching,53632,53631,53632,1
walking,53692,53632,53692,60
climbing,53778,53692,53778,86
rising,53796,53778,53796,18
trotting,53822,53796,53822,26
walking,53882,53822,53882,60
sniffing,53926,53882,53926,44
left_turning,53975,53926,53975,49
sniffing,53976,53975,53976,1
rising,54000,53976,54000,24
sniffing,54040,54000,54040,40
rising,54059,54040,54059,19
sniffing,54081,54059,54081,22
trotting,54086,54081,54086,5
walking,54142,54086,54142,56
sniffing,54143,54142,54143,1
walking,54159,54143,54159,16
sniffing,54213,54159,54213,54
right_turning,54241,54213,54241,28
running,54267,54241,54267,26
walking,54311,54267,54311,44
sniffing,54359,54311,54359,48
trotting,54397,54359,54397,38
rising,54484,54397,54484,87
jumping,54540,54484,54540,56
rearing,54684,54540,54684,144
sniffing,54721,54684,54721,37
right_turning,54767,54721,54767,46
walking,54813,54767,54813,46
running,54831,54813,54831,18
left_turning,54832,54831,54832,1
sniffing,54862,54832,54862,30
walking,54879,54862,54879,17
climbing,54938,54879,54938,59
rising,55005,54938,55005,67
climbing,55084,55005,55084,79
left_turning,55117,55084,55117,33
walking,55132,55117,55132,15
climbing,55185,55132,55185,53
trotting,55243,55185,55243,58
rising,55328,55243,55328,85
trotting,55346,55328,55346,18
sniffing,55404,55346,55404,58
climbing,55444,55404,55444,40
walking,55449,55444,55449,5
rising,55450,55449,55450,1
climbing,55525,55450,55525,75
walking,55541,55525,55541,16
climbing,55578,55541,55578,37
rising,55589,55578,55589,11
climbing,55648,55589,55648,59
walking,55690,55648,55690,42
sniffing,55717,55690,55717,27
trotting,55750,55717,55750,33
walking,55812,55750,55812,62
sniffing,55913,55812,55913,101
walking,55952,55913,55952,39
sniffing,55978,55952,55978,26
rising,56046,55978,56046,68
climbing,56104,56046,56104,58
sniffing,56161,56104,56161,57
rising,56206,56161,56206,45
left_turning,56207,56206,56207,1
rising,56208,56207,56208,1
walking,56283,56208,56283,75
rising,56284,56283,56284,1
sniffing,56327,56284,56327,43
walking,56358,56327,56358,31
sniffing,56365,56358,56365,7
left_turning,56366,56365,56366,1
rising,56424,56366,56424,58
rearing,56492,56424,56492,68
climbing,56539,56492,56539,47
right_turning,56571,56539,56571,32
walking,56621,56571,56621,50
left_turning,56673,56621,56673,52
walking,56683,56673,56683,10
rising,56742,56683,56742,59
climbing,56783,56742,56783,41
walking,56818,56783,56818,35
rising,56819,56818,56819,1
sniffing,56820,56819,56820,1
left_turning,56865,56820,56865,45
stepping,56866,56865,56866,1
climbing,56914,56866,56914,48
sniffing,57091,56914,57091,177
climbing,57128,57091,57128,37
hunching,57129,57128,57129,1
right_turning,57144,57129,57144,15
sniffing,57248,57144,57248,104
walking,57282,57248,57282,34
sniffing,57283,57282,57283,1
right_turning,57324,57283,57324,41
sniffing,57470,57324,57470,146
climbing,57489,57470,57489,19
stepping,57516,57489,57516,27
sniffing,57517,57516,57517,1
stepping,57541,57517,57541,24
rising,57552,57541,57552,11
sniffing,57638,57552,57638,86
rising,57639,57638,57639,1
sniffing,57673,57639,57673,34
rising,57699,57673,57699,26
rearing,57747,57699,57747,48
sniffing,57812,57747,57812,65
walking,57843,57812,57843,31
sniffing,57894,57843,57894,51
stepping,57928,57894,57928,34
rearing,57929,57928,57929,1
left_turning,57939,57929,57939,10
rising,57999,57939,57999,60
climbing,58146,57999,58146,147
right_turning,58171,58146,58171,25
sniffing,58187,58171,58187,16
walking,58189,58187,58189,2
sniffing,58274,58189,58274,85
climbing,58315,58274,58315,41
grooming,58459,58315,58459,144
rearing,58523,58459,58523,64
hunching,58619,58523,58619,96
sniffing,58634,58619,58634,15
walking,58635,58634,58635,1
right_turning,58652,58635,58652,17
walking,58670,58652,58670,18
rising,58675,58670,58675,5
sniffing,58755,58675,58755,80
walking,58760,58755,58760,5
sniffing,58808,58760,58808,48
walking,58855,58808,58855,47
sniffing,58947,58855,58947,92
rearing,59103,58947,59103,156
grooming,59104,59103,59104,1
walking,59180,59104,59180,76
stepping,59181,59180,59181,1
rearing,59222,59181,59222,41
climbing,59237,59222,59237,15
grooming,59374,59237,59374,137
climbing,59388,59374,59388,14
rearing,59389,59388,59389,1
sniffing,59427,59389,59427,38
climbing,59432,59427,59432,5
rising,59489,59432,59489,57
climbing,59546,59489,59546,57
stepping,59561,59546,59561,15
rising,59598,59561,59598,37
hunching,59599,59598,59599,1
rearing,59621,59599,59621,22
rising,59669,59621,59669,48
trotting,59697,59669,59697,28
running,59723,59697,59723,26
rising,59794,59723,59794,71
climbing,59849,59794,59849,55
walking,59890,59849,59890,41
rising,59891,59890,59891,1
hunching,59892,59891,59892,1
rearing,60102,59892,60102,210
sniffing,60157,60102,60157,55
grooming,60181,60157,60181,24
left_turning,60215,60181,60215,34
walking,60224,60215,60224,9
sniffing,60225,60224,60225,1
left_turning,60346,60225,60346,121
sniffing,60347,60346,60347,1
walking,60372,60347,60372,25
sniffing,60466,60372,60466,94
rearing,60467,60466,60467,1
rising,60468,60467,60468,1
climbing,60499,60468,60499,31
rearing,60568,60499,60568,69
rising,60569,60568,60569,1
climbing,60622,60569,60622,53
trotting,60653,60622,60653,31
sniffing,60726,60653,60726,73
climbing,60807,60726,60807,81
sniffing,60875,60807,60875,68
right_turning,60879,60875,60879,4
stepping,60935,60879,60935,56
walking,60969,60935,60969,34
trotting,60996,60969,60996,27
rising,61016,60996,61016,20
climbing,61063,61016,61063,47
walking,61089,61063,61089,26
climbing,61101,61089,61101,12
rising,61102,61101,61102,1
climbing,61125,61102,61125,23
sniffing,61126,61125,61126,1
climbing,61157,61126,61157,31
sniffing,61158,61157,61158,1
rising,61207,61158,61207,49
climbing,61302,61207,61302,95
rearing,61475,61302,61475,173
hunching,61539,61475,61539,64
rising,61568,61539,61568,29
sniffing,61575,61568,61575,7
left_turning,61576,61575,61576,1
walking,61578,61576,61578,2
sniffing,61678,61578,61678,100
climbing,61710,61678,61710,32
sniffing,61711,61710,61711,1
rising,61789,61711,61789,78
rearing,61870,61789,61870,81
walking,61888,61870,61888,18
sniffing,61889,61888,61889,1
walking,61918,61889,61918,29
right_turning,61919,61918,61919,1
hunching,61982,61919,61982,63
sniffing,61988,61982,61988,6
walking,62028,61988,62028,40
right_turning,62069,62028,62069,41
sniffing,62293,62069,62293,224
walking,62313,62293,62313,20
climbing,62314,62313,62314,1
rearing,62390,62314,62390,76
walking,62424,62390,62424,34
sniffing,62425,62424,62425,1
right_turning,62429,62425,62429,4
sniffing,62430,62429,62430,1
rearing,62543,62430,62543,113
sniffing,62668,62543,62668,125
walking,62711,62668,62711,43
stepping,62712,62711,62712,1
sniffing,62776,62712,62776,64
left_turning,62856,62776,62856,80
sniffing,62891,62856,62891,35
grooming,63038,62891,63038,147
sniffing,63124,63038,63124,86
right_turning,63126,63124,63126,2
stepping,63134,63126,63134,8
sniffing,63176,63134,63176,42
climbing,63353,63176,63353,177
hunching,63426,63353,63426,73
climbing,63427,63426,63427,1
sniffing,63462,63427,63462,35
grooming,63543,63462,63543,81
rising,63574,63543,63574,31
sniffing,63585,63574,63585,11
rising,63627,63585,63627,42
climbing,63695,63627,63695,68
trotting,63725,63695,63725,30
sniffing,63743,63725,63743,18
hunching,63831,63743,63831,88
rising,63832,63831,63832,1
walking,63833,63832,63833,1
sniffing,63896,63833,63896,63
rising,63897,63896,63897,1
climbing,63924,63897,63924,27
grooming,64035,63924,64035,111
rearing,64052,64035,64052,17
sniffing,64053,64052,64053,1
right_turning,64066,64053,64066,13
rising,64090,64066,64090,24
climbing,64094,64090,64094,4
rearing,64108,64094,64108,14
grooming,64741,64108,64741,633
rearing,64742,64741,64742,1
running,64751,64742,64751,9
sniffing,64752,64751,64752,1
left_turning,64753,64752,64753,1
walking,64776,64753,64776,23
left_turning,64813,64776,64813,37
walking,64814,64813,64814,1
right_turning,64845,64814,64845,31
walking,64891,64845,64891,46
left_turning,64981,64891,64981,90
trotting,65023,64981,65023,42
rising,65041,65023,65041,18
climbing,65094,65041,65094,53
grooming,65394,65094,65394,300
sniffing,65428,65394,65428,34
rising,65453,65428,65453,25
walking,65479,65453,65479,26
sniffing,65506,65479,65506,27
trotting,65547,65506,65547,41
walking,65586,65547,65586,39
sniffing,65589,65586,65589,3
left_turning,65590,65589,65590,1
sniffing,65622,65590,65622,32
stepping,65623,65622,65623,1
left_turning,65645,65623,65645,22
right_turning,65646,65645,65646,1
sniffing,65722,65646,65722,76
grooming,65723,65722,65723,1
hunching,65811,65723,65811,88
sniffing,66079,65811,66079,268
grooming,66143,66079,66143,64
rearing,66190,66143,66190,47
climbing,66228,66190,66228,38
sniffing,66285,66228,66285,57
walking,66347,66285,66347,62
sniffing,66348,66347,66348,1
climbing,66390,66348,66390,42
walking,66391,66390,66391,1
right_turning,66403,66391,66403,12
climbing,66440,66403,66440,37
walking,66472,66440,66472,32
rising,66541,66472,66541,69
climbing,66594,66541,66594,53
walking,66623,66594,66623,29
left_turning,66624,66623,66624,1
walking,66667,66624,66667,43
stepping,66685,66667,66685,18
left_turning,66800,66685,66800,115
running,66813,66800,66813,13
left_turning,66814,66813,66814,1
rising,66834,66814,66834,20
grooming,66902,66834,66902,68
sniffing,66903,66902,66903,1
rising,66988,66903,66988,85
climbing,66998,66988,66998,10
trotting,67019,66998,67019,21
sniffing,67020,67019,67020,1
walking,67053,67020,67053,33
sniffing,67088,67053,67088,35
right_turning,67111,67088,67111,23
stepping,67112,67111,67112,1
sniffing,67140,67112,67140,28
left_turning,67179,67140,67179,39
sniffing,67232,67179,67232,53
climbing,67278,67232,67278,46
right_turning,67286,67278,67286,8
hunching,67334,67286,67334,48
climbing,67354,67334,67354,20
sniffing,67367,67354,67367,13
right_turning,67375,67367,67375,8
rising,67412,67375,67412,37
climbing,67437,67412,67437,25
rearing,67443,67437,67443,6
grooming,67444,67443,67444,1
rearing,67537,67444,67537,93
rising,67579,67537,67579,42
sniffing,67594,67579,67594,15
climbing,67595,67594,67595,1
walking,67625,67595,67625,30
sniffing,67680,67625,67680,55
walking,67718,67680,67718,38
left_turning,67719,67718,67719,1
sniffing,67784,67719,67784,65
climbing,67792,67784,67792,8
sniffing,67881,67792,67881,89
rearing,67960,67881,67960,79
sniffing,68033,67960,68033,73
climbing,68090,68033,68090,57
left_turning,68128,68090,68128,38
trotting,68159,68128,68159,31
sniffing,68219,68159,68219,60
climbing,68220,68219,68220,1
walking,68300,68220,68300,80
sniffing,68353,68300,68353,53
trotting,68396,68353,68396,43
sniffing,68436,68396,68436,40
rising,68451,68436,68451,15
sniffing,68502,68451,68502,51
right_turning,68523,68502,68523,21
trotting,68552,68523,68552,29
climbing,68575,68552,68575,23
sniffing,68641,68575,68641,66
left_turning,68689,68641,68689,48
stepping,68705,68689,68705,16
sniffing,68797,68705,68797,92
right_turning,68825,68797,68825,28
running,68859,68825,68859,34
trotting,68885,68859,68885,26
climbing,68951,68885,68951,66
sniffing,68990,68951,68990,39
trotting,69021,68990,69021,31
sniffing,69022,69021,69022,1
left_turning,69023,69022,69023,1
walking,69064,69023,69064,41
rising,69124,69064,69124,60
right_turning,69140,69124,69140,16
sniffing,69190,69140,69190,50
climbing,69282,69190,69282,92
walking,69338,69282,69338,56
rising,69417,69338,69417,79
sniffing,69538,69417,69538,121
hunching,69539,69538,69539,1
sniffing,69550,69539,69550,11
rising,69566,69550,69566,16
stepping,69588,69566,69588,22
walking,69592,69588,69592,4
sniffing,69603,69592,69603,11
left_turning,69653,69603,69653,50
walking,69676,69653,69676,23
stepping,69677,69676,69677,1
rising,69700,69677,69700,23
climbing,69718,69700,69718,18
rearing,69719,69718,69719,1
left_turning,69720,69719,69720,1
walking,69726,69720,69726,6
rising,69822,69726,69822,96
rearing,69851,69822,69851,29
running,69886,69851,69886,35
sniffing,69951,69886,69951,65
rising,69952,69951,69952,1
sniffing,69976,69952,69976,24
stepping,70025,69976,70025,49
rearing,70032,70025,70032,7
climbing,70185,70032,70185,153
right_turning,70205,70185,70205,20
sniffing,70216,70205,70216,11
rising,70240,70216,70240,24
climbing,70241,70240,70241,1
trotting,70283,70241,70283,42
sniffing,70284,70283,70284,1
rising,70296,70284,70296,12
climbing,70334,70296,70334,38
rearing,70362,70334,70362,28
rising,70363,70362,70363,1
sniffing,70364,70363,70364,1
left_turning,70423,70364,70423,59
climbing,70522,70423,70522,99
hunching,70533,70522,70533,11
grooming,70902,70533,70902,369
sniffing,70967,70902,70967,65
left_turning,71015,70967,71015,48
running,71023,71015,71023,8
walking,71046,71023,71046,23
sniffing,71137,71046,71137,91
stepping,71138,71137,71138,1
sniffing,71172,71138,71172,34
rising,71205,71172,71205,33
sniffing,71222,71205,71222,17
walking,71229,71222,71229,7
running,71246,71229,71246,17
sniffing,71276,71246,71276,30
right_turning,71282,71276,71282,6
walking,71295,71282,71295,13
sniffing,71296,71295,71296,1
rising,71315,71296,71315,19
climbing,71392,71315,71392,77
rising,71393,71392,71393,1
rearing,71394,71393,71394,1
grooming,71395,71394,71395,1
sniffing,71484,71395,71484,89
walking,71510,71484,71510,26
rising,71511,71510,71511,1
rearing,71512,71511,71512,1
walking,71526,71512,71526,14
sniffing,71558,71526,71558,32
walking,71594,71558,71594,36
sniffing,71611,71594,71611,17
walking,71644,71611,71644,33
sniffing,71703,71644,71703,59
left_turning,71733,71703,71733,30
sniffing,71776,71733,71776,43
trotting,71824,71776,71824,48
rising,71830,71824,71830,6
stepping,71833,71830,71833,3
walking,71854,71833,71854,21
climbing,71894,71854,71894,40
running,71920,71894,71920,26
sniffing,71940,71920,71940,20
left_turning,71974,71940,71974,34
rising,72046,71974,72046,72
walking,72079,72046,72079,33
trotting,72096,72079,72096,17
walking,72120,72096,72120,24
sniffing,72159,72120,72159,39
trotting,72187,72159,72187,28
stepping,72209,72187,72209,22
sniffing,72210,72209,72210,1
climbing,72244,72210,72244,34
right_turning,72245,72244,72245,1
sniffing,72366,72245,72366,121
climbing,72400,72366,72400,34
sniffing,72440,72400,72440,40
stepping,72470,72440,72470,30
sniffing,72485,72470,72485,15
rising,72496,72485,72496,11
sniffing,72568,72496,72568,72
walking,72600,72568,72600,32
sniffing,72714,72600,72714,114
climbing,72715,72714,72715,1
rising,72758,72715,72758,43
climbing,72796,72758,72796,38
rising,72844,72796,72844,48
sniffing,72953,72844,72953,109
rising,73002,72953,73002,49
walking,73003,73002,73003,1
sniffing,73020,73003,73020,17
left_turning,73022,73020,73022,2
walking,73023,73022,73023,1
rising,73037,73023,73037,14
rearing,73038,73037,73038,1
climbing,73047,73038,73047,9
rising,73056,73047,73056,9
climbing,73057,73056,73057,1
left_turning,73116,73057,73116,59
sniffing,73117,73116,73117,1
walking,73118,73117,73118,1
trotting,73129,73118,73129,11
sniffing,73130,73129,73130,1
stepping,73228,73130,73228,98
sniffing,73291,73228,73291,63
climbing,73338,73291,73338,47
sniffing,73388,73338,73388,50
rising,73441,73388,73441,53
sniffing,73603,73441,73603,162
walking,73628,73603,73628,25
rearing,73741,73628,73741,113
climbing,73778,73741,73778,37
sniffing,73808,73778,73808,30
trotting,73814,73808,73814,6
sniffing,73838,73814,73838,24
right_turning,73858,73838,73858,20
sniffing,74033,73858,74033,175
left_turning,74034,74033,74034,1
sniffing,74035,74034,74035,1
walking,74058,74035,74058,23
rearing,74113,74058,74113,55
climbing,74204,74113,74204,91
grooming,74751,74204,74751,547
right_turning,74777,74751,74777,26
running,74808,74777,74808,31
rearing,74916,74808,74916,108
rising,74926,74916,74926,10
left_turning,74929,74926,74929,3
walking,74930,74929,74930,1
sniffing,74973,74930,74973,43
climbing,75030,74973,75030,57
right_turning,75044,75030,75044,14
walking,75050,75044,75050,6
climbing,75070,75050,75070,20
sniffing,75096,75070,75096,26
grooming,75147,75096,75147,51
climbing,75226,75147,75226,79
right_turning,75301,75226,75301,75
trotting,75326,75301,75326,25
sniffing,75378,75326,75378,52
climbing,75398,75378,75398,20
sniffing,75446,75398,75446,48
climbing,75476,75446,75476,30
walking,75503,75476,75503,27
climbing,75516,75503,75516,13
rearing,75563,75516,75563,47
rising,75603,75563,75603,40
walking,75648,75603,75648,45
right_turning,75661,75648,75661,13
walking,75680,75661,75680,19
sniffing,75690,75680,75690,10
climbing,75755,75690,75755,65
grooming,76625,75755,76625,870
sniffing,76631,76625,76631,6
right_turning,76641,76631,76641,10
sniffing,76948,76641,76948,307
rising,76969,76948,76969,21
rearing,76970,76969,76970,1
grooming,77271,76970,77271,301
rearing,77329,77271,77329,58
climbing,77357,77329,77357,28
sniffing,77374,77357,77374,17
left_turning,77390,77374,77390,16
walking,77408,77390,77408,18
rising,77432,77408,77432,24
climbing,77459,77432,77459,27
walking,77483,77459,77483,24
sniffing,77568,77483,77568,85
left_turning,77631,77568,77631,63
trotting,77664,77631,77664,33
walking,77665,77664,77665,1
sniffing,77727,77665,77727,62
stepping,77740,77727,77740,13
walking,77778,77740,77778,38
right_turning,77779,77778,77779,1
walking,77844,77779,77844,65
sniffing,77930,77844,77930,86
right_turning,77932,77930,77932,2
walking,77976,77932,77976,44
stepping,78000,77976,78000,24
rising,78031,78000,78031,31
right_turning,78034,78031,78034,3
walking,78087,78034,78087,53
sniffing,78142,78087,78142,55
rising,78188,78142,78188,46
climbing,78221,78188,78221,33
rising,78222,78221,78222,1
sniffing,78299,78222,78299,77
walking,78325,78299,78325,26
sniffing,78418,78325,78418,93
rearing,78548,78418,78548,130
rising,78634,78548,78634,86
walking,78653,78634,78653,19
trotting,78685,78653,78685,32
hunching,78785,78685,78785,100
climbing,78820,78785,78820,35
right_turning,78825,78820,78825,5
walking,78851,78825,78851,26
climbing,78856,78851,78856,5
rising,78892,78856,78892,36
hunching,78895,78892,78895,3
rising,78896,78895,78896,1
right_turning,78933,78896,78933,37
walking,78969,78933,78969,36
climbing,79025,78969,79025,56
right_turning,79040,79025,79040,15
walking,79079,79040,79079,39
sniffing,79113,79079,79113,34
running,79148,79113,79148,35
walking,79188,79148,79188,40
climbing,79192,79188,79192,4
sniffing,79291,79192,79291,99
left_turning,79297,79291,79297,6
running,79320,79297,79320,23
left_turning,79321,79320,79321,1
walking,79329,79321,79329,8
sniffing,79360,79329,79360,31
stepping,79384,79360,79384,24
walking,79405,79384,79405,21
sniffing,79406,79405,79406,1
climbing,79534,79406,79534,128
walking,79567,79534,79567,33
sniffing,79646,79567,79646,79
stepping,79672,79646,79672,26
walking,79700,79672,79700,28
climbing,79724,79700,79724,24
rising,79725,79724,79725,1
walking,79756,79725,79756,31
sniffing,79757,79756,79757,1
walking,79811,79757,79811,54
sniffing,79888,79811,79888,77
rearing,79994,79888,79994,106
rising,79995,79994,79995,1
climbing,80066,79995,80066,71
rearing,80173,80066,80173,107
rising,80204,80173,80204,31
sniffing,80288,80204,80288,84
climbing,80348,80288,80348,60
sniffing,80661,80348,80661,313
left_turning,80662,80661,80662,1
rising,80677,80662,80677,15
sniffing,80678,80677,80678,1
left_turning,80921,80678,80921,243
trotting,80939,80921,80939,18
sniffing,81079,80939,81079,140
hunching,81080,81079,81080,1
stepping,81105,81080,81105,25
left_turning,81118,81105,81118,13
sniffing,81220,81118,81220,102
climbing,81224,81220,81224,4
rearing,81225,81224,81225,1
climbing,81281,81225,81281,56
sniffing,81282,81281,81282,1
climbing,81309,81282,81309,27
rearing,81386,81309,81386,77
sniffing,81438,81386,81438,52
rising,81439,81438,81439,1
climbing,81455,81439,81455,16
hunching,81483,81455,81483,28
right_turning,81492,81483,81492,9
walking,81510,81492,81510,18
climbing,81531,81510,81531,21
rising,81573,81531,81573,42
hunching,81740,81573,81740,167
sniffing,81768,81740,81768,28
right_turning,81798,81768,81798,30
rising,81799,81798,81799,1
climbing,81842,81799,81842,43
left_turning,81900,81842,81900,58
sniffing,82002,81900,82002,102
left_turning,82017,82002,82017,15
walking,82018,82017,82018,1
sniffing,82031,82018,82031,13
walking,82048,82031,82048,17
sniffing,82145,82048,82145,97
pausing,82443,82145,82443,298
sniffing,82635,82443,82635,192
right_turning,82670,82635,82670,35
stepping,82671,82670,82671,1
walking,82719,82671,82719,48
sniffing,82720,82719,82720,1
right_turning,82747,82720,82747,27
sniffing,82799,82747,82799,52
walking,82823,82799,82823,24
sniffing,82891,82823,82891,68
trotting,82892,82891,82892,1
stepping,82992,82892,82992,100
right_turning,83011,82992,83011,19
sniffing,83034,83011,83034,23
rising,83093,83034,83093,59
sniffing,83190,83093,83190,97
climbing,83205,83190,83205,15
grooming,83536,83205,83536,331
hunching,83689,83536,83689,153
sniffing,83690,83689,83690,1
walking,83757,83690,83757,67
sniffing,83758,83757,83758,1
stepping,83759,83758,83759,1
rearing,83904,83759,83904,145
climbing,83956,83904,83956,52
rearing,84081,83956,84081,125
climbing,84126,84081,84126,45
walking,84163,84126,84163,37
sniffing,84805,84163,84805,642
climbing,84840,84805,84840,35
rising,84862,84840,84862,22
sniffing,84863,84862,84863,1
rising,84865,84863,84865,2
hunching,84878,84865,84878,13
grooming,85144,84878,85144,266
left_turning,85154,85144,85154,10
rising,85169,85154,85169,15
hunching,85259,85169,85259,90
left_turning,85260,85259,85260,1
sniffing,85322,85260,85322,62
rearing,85323,85322,85323,1
left_turning,85325,85323,85325,2
rising,85359,85325,85359,34
left_turning,85360,85359,85360,1
sniffing,85366,85360,85366,6
walking,85395,85366,85395,29
stepping,85396,85395,85396,1
left_turning,85433,85396,85433,37
rising,85471,85433,85471,38
climbing,85535,85471,85535,64
sniffing,85538,85535,85538,3
rising,85548,85538,85548,10
grooming,85892,85548,85892,344
rearing,86099,85892,86099,207
trotting,86100,86099,86100,1
walking,86123,86100,86123,23
sniffing,86129,86123,86129,6
rising,86186,86129,86186,57
rearing,86187,86186,86187,1
climbing,86280,86187,86280,93
sniffing,86402,86280,86402,122
left_turning,86414,86402,86414,12
walking,86446,86414,86446,32
sniffing,86536,86446,86536,90
trotting,86557,86536,86557,21
sniffing,86606,86557,86606,49
left_turning,86626,86606,86626,20
walking,86646,86626,86646,20
climbing,86684,86646,86684,38
sniffing,86875,86684,86875,191
left_turning,86879,86875,86879,4
sniffing,86945,86879,86945,66
rising,86960,86945,86960,15
sniffing,87022,86960,87022,62
rising,87092,87022,87092,70
climbing,87124,87092,87124,32
rearing,87127,87124,87127,3
grooming,87180,87127,87180,53
left_turning,87213,87180,87213,33
rearing,87214,87213,87214,1
rising,87233,87214,87233,19
climbing,87280,87233,87280,47
rising,87281,87280,87281,1
sniffing,87282,87281,87282,1
rising,87372,87282,87372,90
climbing,87414,87372,87414,42
sniffing,87495,87414,87495,81
left_turning,87523,87495,87523,28
sniffing,87588,87523,87588,65
rising,87590,87588,87590,2
sniffing,87602,87590,87602,12
grooming,87978,87602,87978,376
climbing,88023,87978,88023,45
running,88047,88023,88047,24
trotting,88052,88047,88052,5
rising,88053,88052,88053,1
climbing,88054,88053,88054,1
grooming,88055,88054,88055,1
walking,88091,88055,88091,36
stepping,88111,88091,88111,20
walking,88194,88111,88194,83
sniffing,88196,88194,88196,2
right_turning,88199,88196,88199,3
trotting,88210,88199,88210,11
walking,88211,88210,88211,1
right_turning,88248,88211,88248,37
stepping,88295,88248,88295,47
left_turning,88321,88295,88321,26
rising,88424,88321,88424,103
sniffing,88472,88424,88472,48
pausing,88563,88472,88563,91
sniffing,88565,88563,88565,2
stepping,88658,88565,88658,93
rising,88673,88658,88673,15
sniffing,88814,88673,88814,141
climbing,88882,88814,88882,68
grooming,89197,88882,89197,315
rearing,89199,89197,89199,2
trotting,89218,89199,89218,19
sniffing,89219,89218,89219,1
right_turning,89248,89219,89248,29
trotting,89294,89248,89294,46
rising,89335,89294,89335,41
sniffing,89344,89335,89344,9
rising,89345,89344,89345,1
climbing,89414,89345,89414,69
sniffing,89431,89414,89431,17
climbing,89441,89431,89441,10
right_turning,89450,89441,89450,9
walking,89471,89450,89471,21
rising,89495,89471,89495,24
sniffing,89496,89495,89496,1
walking,89622,89496,89622,126
sniffing,89717,89622,89717,95
walking,89725,89717,89725,8
left_turning,89730,89725,89730,5
sniffing,89762,89730,89762,32
running,89779,89762,89779,17
sniffing,89817,89779,89817,38
left_turning,89848,89817,89848,31
trotting,89867,89848,89867,19
walking,89902,89867,89902,35
climbing,89952,89902,89952,50
sniffing,89953,89952,89953,1
rising,89981,89953,89981,28
walking,90013,89981,90013,32
left_turning,90014,90013,90014,1
sniffing,90104,90014,90104,90
rising,90133,90104,90133,29
climbing,90184,90133,90184,51
rising,90203,90184,90203,19
climbing,90277,90203,90277,74
rearing,90278,90277,90278,1
climbing,90287,90278,90287,9
sniffing,90288,90287,90288,1
rearing,90289,90288,90289,1
climbing,90318,90289,90318,29
trotting,90356,90318,90356,38
walking,90383,90356,90383,27
sniffing,90420,90383,90420,37
rising,90431,90420,90431,11
sniffing,90486,90431,90486,55
rising,90499,90486,90499,13
left_turning,90500,90499,90500,1
walking,90541,90500,90541,41
sniffing,90542,90541,90542,1
left_turning,90560,90542,90560,18
stepping,90561,90560,90561,1
rising,90571,90561,90571,10
climbing,90679,90571,90679,108
sniffing,90722,90679,90722,43
climbing,90746,90722,90746,24
hunching,90868,90746,90868,122
right_turning,90883,90868,90883,15
left_turning,90956,90883,90956,73
stepping,90957,90956,90957,1
climbing,91005,90957,91005,48
right_turning,91039,91005,91039,34
stepping,91040,91039,91040,1
trotting,91075,91040,91075,35
rising,91115,91075,91115,40
grooming,91116,91115,91116,1
sniffing,91183,91116,91183,67
walking,91187,91183,91187,4
running,91226,91187,91226,39
sniffing,91295,91226,91295,69
rearing,91316,91295,91316,21
climbing,91383,91316,91383,67
grooming,91384,91383,91384,1
walking,91423,91384,91423,39
sniffing,91524,91423,91524,101
climbing,91607,91524,91607,83
rearing,91608,91607,91608,1
climbing,91730,91608,91730,122
trotting,91776,91730,91776,46
walking,91799,91776,91799,23
sniffing,91843,91799,91843,44
rising,91884,91843,91884,41
rearing,91885,91884,91885,1
rising,91890,91885,91890,5
walking,91891,91890,91891,1
stepping,91895,91891,91895,4
climbing,91915,91895,91915,20
stepping,91954,91915,91954,39
sniffing,91967,91954,91967,13
right_turning,92002,91967,92002,35
sniffing,92031,92002,92031,29
right_turning,92046,92031,92046,15
rising,92056,92046,92056,10
walking,92085,92056,92085,29
sniffing,92105,92085,92105,20
rising,92106,92105,92106,1
hunching,92226,92106,92226,120
climbing,92227,92226,92227,1
rising,92236,92227,92236,9
hunching,92252,92236,92252,16
sniffing,92281,92252,92281,29
rising,92299,92281,92299,18
sniffing,92355,92299,92355,56
trotting,92392,92355,92392,37
sniffing,92407,92392,92407,15
rising,92409,92407,92409,2
left_turning,92421,92409,92421,12
sniffing,92422,92421,92422,1
left_turning,92469,92422,92469,47
rising,92540,92469,92540,71
climbing,92558,92540,92558,18
rising,92586,92558,92586,28
right_turning,92602,92586,92602,16
trotting,92618,92602,92618,16
sniffing,92729,92618,92729,111
rising,92755,92729,92755,26
running,92763,92755,92763,8
rising,92798,92763,92798,35
climbing,92818,92798,92818,20
rising,92823,92818,92823,5
sniffing,92850,92823,92850,27
left_turning,92870,92850,92870,20
trotting,92892,92870,92892,22
walking,92920,92892,92920,28
sniffing,93006,92920,93006,86
climbing,93021,93006,93021,15
sniffing,93027,93021,93027,6
rising,93085,93027,93085,58
climbing,93130,93085,93130,45
left_turning,93171,93130,93171,41
walking,93196,93171,93196,25
rising,93197,93196,93197,1
sniffing,93230,93197,93230,33
pausing,93231,93230,93231,1
sniffing,93299,93231,93299,68
trotting,93315,93299,93315,16
hunching,93394,93315,93394,79
climbing,93466,93394,93466,72
walking,93523,93466,93523,57
climbing,93555,93523,93555,32
rising,93593,93555,93593,38
sniffing,93687,93593,93687,94
climbing,93757,93687,93757,70
sniffing,93813,93757,93813,56
grooming,93978,93813,93978,165
rearing,94017,93978,94017,39
grooming,94073,94017,94073,56
sniffing,94147,94073,94147,74
left_turning,94148,94147,94148,1
sniffing,94255,94148,94255,107
rising,94256,94255,94256,1
stepping,94312,94256,94312,56
walking,94326,94312,94326,14
sniffing,94327,94326,94327,1
hunching,94384,94327,94384,57
rising,94428,94384,94428,44
climbing,94458,94428,94458,30
left_turning,94468,94458,94468,10
climbing,94488,94468,94488,20
sniffing,94520,94488,94520,32
climbing,94612,94520,94612,92
rising,94649,94612,94649,37
rearing,94706,94649,94706,57
grooming,94761,94706,94761,55
sniffing,94810,94761,94810,49
rising,94869,94810,94869,59
sniffing,94960,94869,94960,91
left_turning,95016,94960,95016,56
pausing,95040,95016,95040,24
sniffing,95041,95040,95041,1
left_turning,95067,95041,95067,26
sniffing,95145,95067,95145,78
rising,95180,95145,95180,35
sniffing,95181,95180,95181,1
left_turning,95182,95181,95182,1
trotting,95220,95182,95220,38
climbing,95238,95220,95238,18
sniffing,95275,95238,95275,37
hunching,95379,95275,95379,104
rearing,95380,95379,95380,1
walking,95394,95380,95394,14
sniffing,95401,95394,95401,7
right_turning,95417,95401,95417,16
walking,95444,95417,95444,27
left_turning,95504,95444,95504,60
sniffing,95515,95504,95515,11
left_turning,95521,95515,95521,6
sniffing,95567,95521,95567,46
rising,95585,95567,95585,18
right_turning,95595,95585,95595,10
walking,95640,95595,95640,45
sniffing,95717,95640,95717,77
left_turning,95718,95717,95718,1
running,95751,95718,95751,33
sniffing,95759,95751,95759,8
walking,95760,95759,95760,1
rising,95778,95760,95778,18
sniffing,95815,95778,95815,37
hunching,95870,95815,95870,55
rearing,95873,95870,95873,3
climbing,95895,95873,95895,22
hunching,95947,95895,95947,52
grooming,95976,95947,95976,29
walking,95988,95976,95988,12
climbing,96049,95988,96049,61
sniffing,96050,96049,96050,1
left_turning,96056,96050,96056,6
walking,96089,96056,96089,33
trotting,96112,96089,96112,23
rising,96158,96112,96158,46
sniffing,96190,96158,96190,32
rising,96209,96190,96209,19
climbing,96243,96209,96243,34
sniffing,96244,96243,96244,1
walking,96265,96244,96265,21
left_turning,96266,96265,96266,1
sniffing,96302,96266,96302,36
walking,96330,96302,96330,28
climbing,96331,96330,96331,1
walking,96342,96331,96342,11
rising,96392,96342,96392,50
walking,96428,96392,96428,36
sniffing,96529,96428,96529,101
climbing,96567,96529,96567,38
hunching,96607,96567,96607,40
sniffing,96710,96607,96710,103
grooming,96849,96710,96849,139
sniffing,97022,96849,97022,173
stepping,97045,97022,97045,23
sniffing,97046,97045,97046,1
trotting,97060,97046,97060,14
walking,97145,97060,97145,85
sniffing,97192,97145,97192,47
rising,97227,97192,97227,35
climbing,97290,97227,97290,63
right_turning,97317,97290,97317,27
sniffing,97318,97317,97318,1
left_turning,97319,97318,97319,1
walking,97358,97319,97358,39
climbing,97381,97358,97381,23
sniffing,97444,97381,97444,63
rising,97491,97444,97491,47
rearing,97566,97491,97566,75
climbing,97603,97566,97603,37
sniffing,97713,97603,97713,110
stepping,97714,97713,97714,1
rising,97749,97714,97749,35
climbing,97776,97749,97776,27
walking,97799,97776,97799,23
sniffing,97878,97799,97878,79
left_turning,97948,97878,97948,70
sniffing,98006,97948,98006,58
rising,98060,98006,98060,54
climbing,98111,98060,98111,51
grooming,98134,98111,98134,23
rearing,98145,98134,98145,11
sniffing,98165,98145,98165,20
grooming,98402,98165,98402,237
left_turning,98416,98402,98416,14
walking,98477,98416,98477,61
sniffing,98553,98477,98553,76
trotting,98582,98553,98582,29
sniffing,98643,98582,98643,61
stepping,98724,98643,98724,81
sniffing,98825,98724,98825,101
left_turning,98835,98825,98835,10
running,98858,98835,98858,23
stepping,98918,98858,98918,60
sniffing,98945,98918,98945,27
rising,98960,98945,98960,15
walking,98964,98960,98964,4
climbing,99007,98964,99007,43
right_turning,99021,99007,99021,14
sniffing,99071,99021,99071,50
rising,99078,99071,99078,7
sniffing,99167,99078,99167,89
walking,99201,99167,99201,34
sniffing,99250,99201,99250,49
grooming,99251,99250,99251,1
rearing,99470,99251,99470,219
climbing,99503,99470,99503,33
sniffing,99514,99503,99514,11
left_turning,99531,99514,99531,17
sniffing,99571,99531,99571,40
left_turning,99651,99571,99651,80
stepping,99678,99651,99678,27
sniffing,99757,99678,99757,79
rising,99811,99757,99811,54
sniffing,100088,99811,100088,277
climbing,100100,100088,100100,12
rearing,100129,100100,100129,29
sniffing,100130,100129,100130,1
rising,100134,100130,100134,4
sniffing,100148,100134,100148,14
left_turning,100160,100148,100160,12
walking,100186,100160,100186,26
trotting,100187,100186,100187,1
rising,100212,100187,100212,25
walking,100213,100212,100213,1
right_turning,100214,100213,100214,1
walking,100223,100214,100223,9
sniffing,100224,100223,100224,1
rising,100281,100224,100281,57
sniffing,100309,100281,100309,28
pausing,100310,100309,100310,1
sniffing,100311,100310,100311,1
grooming,100312,100311,100312,1
left_turning,100367,100312,100367,55
walking,100386,100367,100386,19
sniffing,100398,100386,100398,12
rising,100454,100398,100454,56
sniffing,100493,100454,100493,39
grooming,100494,100493,100494,1
hunching,100576,100494,100576,82
sniffing,100654,100576,100654,78
rising,100713,100654,100713,59
climbing,100738,100713,100738,25
right_turning,100750,100738,100750,12
trotting,100795,100750,100795,45
rising,100809,100795,100809,14
sniffing,100832,100809,100832,23
walking,100858,100832,100858,26
climbing,101024,100858,101024,166
stepping,101033,101024,101033,9
sniffing,101123,101033,101123,90
rising,101163,101123,101163,40
sniffing,101203,101163,101203,40
right_turning,101212,101203,101212,9
walking,101214,101212,101214,2
rising,101341,101214,101341,127
sniffing,101342,101341,101342,1
grooming,101343,101342,101343,1
sniffing,101407,101343,101407,64
walking,101414,101407,101414,7
sniffing,101501,101414,101501,87
walking,101517,101501,101517,16
sniffing,101518,101517,101518,1
walking,101542,101518,101542,24
sniffing,101585,101542,101585,43
walking,101619,101585,101619,34
right_turning,101620,101619,101620,1
walking,101694,101620,101694,74
sniffing,101702,101694,101702,8
climbing,101711,101702,101711,9
rearing,101759,101711,101759,48
climbing,101760,101759,101760,1
sniffing,101796,101760,101796,36
hunching,101843,101796,101843,47
climbing,101924,101843,101924,81
grooming,102150,101924,102150,226
climbing,102162,102150,102162,12
sniffing,102219,102162,102219,57
rising,102282,102219,102282,63
pausing,102283,102282,102283,1
sniffing,102284,102283,102284,1
right_turning,102285,102284,102285,1
sniffing,102286,102285,102286,1
walking,102287,102286,102287,1
sniffing,102321,102287,102321,34
right_turning,102322,102321,102322,1
sniffing,102404,102322,102404,82
trotting,102405,102404,102405,1
jumping,102502,102405,102502,97
rising,102534,102502,102534,32
sniffing,102581,102534,102581,47
left_turning,102703,102581,102703,122
sniffing,102704,102703,102704,1
right_turning,102736,102704,102736,32
sniffing,102812,102736,102812,76
rearing,102813,102812,102813,1
sniffing,102814,102813,102814,1
climbing,102870,102814,102870,56
rising,102871,102870,102871,1
grooming,102872,102871,102872,1
sniffing,102879,102872,102879,7
rising,102901,102879,102901,22
hunching,103101,102901,103101,200
sniffing,103161,103101,103161,60
left_turning,103224,103161,103224,63
rearing,103239,103224,103239,15
hunching,103291,103239,103291,52
sniffing,103292,103291,103292,1
climbing,103379,103292,103379,87
right_turning,103395,103379,103395,16
pausing,103396,103395,103396,1
sniffing,103417,103396,103417,21
rearing,103418,103417,103418,1
sniffing,103419,103418,103419,1
left_turning,103459,103419,103459,40
sniffing,103581,103459,103581,122
walking,103635,103581,103635,54
trotting,103672,103635,103672,37
sniffing,103755,103672,103755,83
walking,103809,103755,103809,54
right_turning,103822,103809,103822,13
sniffing,103951,103822,103951,129
rising,103960,103951,103960,9
climbing,103961,103960,103961,1
sniffing,104025,103961,104025,64
walking,104051,104025,104051,26
sniffing,104115,104051,104115,64
rearing,104116,104115,104116,1
grooming,104191,104116,104191,75
rearing,104286,104191,104286,95
hunching,104334,104286,104334,48
grooming,104335,104334,104335,1
sniffing,104415,104335,104415,80
rising,104444,104415,104444,29
climbing,104462,104444,104462,18
trotting,104474,104462,104474,12
rising,104552,104474,104552,78
walking,104591,104552,104591,39
right_turning,104631,104591,104631,40
stepping,104660,104631,104660,29
walking,104674,104660,104674,14
sniffing,104682,104674,104682,8
left_turning,104728,104682,104728,46
climbing,104745,104728,104745,17
sniffing,104807,104745,104807,62
walking,104835,104807,104835,28
sniffing,104836,104835,104836,1
climbing,104870,104836,104870,34
sniffing,104887,104870,104887,17
rising,104888,104887,104888,1
hunching,104903,104888,104903,15
sniffing,104921,104903,104921,18
pausing,104922,104921,104922,1
sniffing,104942,104922,104942,20
pausing,104943,104942,104943,1
sniffing,105198,104943,105198,255
rising,105199,105198,105199,1
grooming,105261,105199,105261,62
climbing,105262,105261,105262,1
rising,105279,105262,105279,17
climbing,105360,105279,105360,81
rearing,105465,105360,105465,105
rising,105487,105465,105487,22
sniffing,105488,105487,105488,1
stepping,105516,105488,105516,28
sniffing,105686,105516,105686,170
left_turning,105770,105686,105770,84
sniffing,105852,105770,105852,82
rising,105895,105852,105895,43
hunching,105981,105895,105981,86
sniffing,105982,105981,105982,1
rising,106015,105982,106015,33
walking,106088,106015,106088,73
sniffing,106090,106088,106090,2
grooming,106103,106090,106103,13
sniffing,106233,106103,106233,130
grooming,106808,106233,106808,575
climbing,106809,106808,106809,1
sniffing,106810,106809,106810,1
rearing,106955,106810,106955,145
sniffing,107033,106955,107033,78
climbing,107056,107033,107056,23
walking,107065,107056,107065,9
sniffing,107100,107065,107100,35
grooming,107266,107100,107266,166
rising,107315,107266,107315,49
sniffing,107407,107315,107407,92
pausing,107408,107407,107408,1
sniffing,107611,107408,107611,203
stepping,107630,107611,107630,19
left_turning,107642,107630,107642,12
walking,107654,107642,107654,12
rising,107714,107654,107714,60
sniffing,107770,107714,107770,56
running,107771,107770,107771,1
rising,107772,107771,107772,1
sniffing,108000,107772,108000,228
