revised_movement_label,segBoundary,segBoundary_start,segBoundary_end,length
sniffing,6,0,6,6
rising,85,6,85,79
climbing,105,85,105,20
sniffing,119,105,119,14
walking,168,119,168,49
climbing,253,168,253,85
rising,349,253,349,96
climbing,370,349,370,21
sniffing,403,370,403,33
left_turning,414,403,414,11
running,445,414,445,31
walking,494,445,494,49
sniffing,563,494,563,69
rearing,699,563,699,136
left_turning,709,699,709,10
walking,769,709,769,60
left_turning,792,769,792,23
sniffing,793,792,793,1
rising,864,793,864,71
climbing,888,864,888,24
rising,889,888,889,1
hunching,956,889,956,67
climbing,1011,956,1011,55
sniffing,1079,1011,1079,68
climbing,1116,1079,1116,37
stepping,1160,1116,1160,44
sniffing,1234,1160,1234,74
right_turning,1247,1234,1247,13
trotting,1286,1247,1286,39
sniffing,1311,1286,1311,25
walking,1326,1311,1326,15
sniffing,1330,1326,1330,4
rising,1459,1330,1459,129
trotting,1460,1459,1460,1
walking,1469,1460,1469,9
sniffing,1473,1469,1473,4
trotting,1500,1473,1500,27
sniffing,1575,1500,1575,75
walking,1604,1575,1604,29
sniffing,1605,1604,1605,1
climbing,1642,1605,1642,37
walking,1660,1642,1660,18
running,1686,1660,1686,26
sniffing,1760,1686,1760,74
climbing,1787,1760,1787,27
trotting,1790,1787,1790,3
left_turning,1793,1790,1793,3
sniffing,1831,1793,1831,38
rising,1832,1831,1832,1
right_turning,1838,1832,1838,6
trotting,1843,1838,1843,5
walking,1887,1843,1887,44
sniffing,1984,1887,1984,97
trotting,1985,1984,1985,1
walking,2040,1985,2040,55
climbing,2107,2040,2107,67
sniffing,2142,2107,2142,35
climbing,2195,2142,2195,53
rising,2212,2195,2212,17
climbing,2288,2212,2288,76
sniffing,2317,2288,2317,29
walking,2341,2317,2341,24
left_turning,2360,2341,2360,19
rising,2361,2360,2361,1
walking,2400,2361,2400,39
sniffing,2524,2400,2524,124
climbing,2565,2524,2565,41
walking,2620,2565,2620,55
trotting,2650,2620,2650,30
sniffing,2651,2650,2651,1
climbing,2697,2651,2697,46
sniffing,2786,2697,2786,89
walking,2832,2786,2832,46
sniffing,2900,2832,2900,68
trotting,2909,2900,2909,9
left_turning,2936,2909,2936,27
walking,2958,2936,2958,22
sniffing,2982,2958,2982,24
climbing,3010,2982,3010,28
rising,3097,3010,3097,87
climbing,3146,3097,3146,49
walking,3172,3146,3172,26
sniffing,3173,3172,3173,1
walking,3217,3173,3217,44
hunching,3229,3217,3229,12
sniffing,3265,3229,3265,36
rising,3305,3265,3305,40
climbing,3350,3305,3350,45
sniffing,3352,3350,3352,2
left_turning,3378,3352,3378,26
sniffing,3480,3378,3480,102
rising,3579,3480,3579,99
walking,3617,3579,3617,38
stepping,3667,3617,3667,50
trotting,3722,3667,3722,55
right_turning,3729,3722,3729,7
walking,3730,3729,3730,1
rising,3839,3730,3839,109
climbing,3845,3839,3845,6
hunching,3973,3845,3973,128
climbing,4013,3973,4013,40
trotting,4051,4013,4051,38
sniffing,4052,4051,4052,1
running,4082,4052,4082,30
trotting,4109,4082,4109,27
sniffing,4171,4109,4171,62
climbing,4200,4171,4200,29
rearing,4201,4200,4201,1
climbing,4267,4201,4267,66
trotting,4273,4267,4273,6
right_turning,4303,4273,4303,30
trotting,4304,4303,4304,1
sniffing,4368,4304,4368,64
rising,4401,4368,4401,33
climbing,4413,4401,4413,12
grooming,4506,4413,4506,93
climbing,4572,4506,4572,66
sniffing,4621,4572,4621,49
trotting,4638,4621,4638,17
sniffing,4655,4638,4655,17
climbing,4665,4655,4665,10
rising,4707,4665,4707,42
trotting,4725,4707,4725,18
sniffing,4780,4725,4780,55
left_turning,4781,4780,4781,1
walking,4835,4781,4835,54
sniffing,4856,4835,4856,21
rising,4878,4856,4878,22
sniffing,5034,4878,5034,156
walking,5127,5034,5127,93
sniffing,5181,5127,5181,54
walking,5210,5181,5210,29
left_turning,5225,5210,5225,15
walking,5287,5225,5287,62
right_turning,5306,5287,5306,19
trotting,5352,5306,5352,46
sniffing,5394,5352,5394,42
rising,5447,5394,5447,53
sniffing,5608,5447,5608,161
right_turning,5635,5608,5635,27
walking,5685,5635,5685,50
rising,5686,5685,5686,1
hunching,5740,5686,5740,54
climbing,5796,5740,5796,56
right_turning,5803,5796,5803,7
sniffing,5818,5803,5818,15
walking,5878,5818,5878,60
sniffing,5887,5878,5887,9
walking,5924,5887,5924,37
stepping,5991,5924,5991,67
climbing,6052,5991,6052,61
walking,6053,6052,6053,1
climbing,6104,6053,6104,51
rising,6105,6104,6105,1
climbing,6152,6105,6152,47
sniffing,6200,6152,6200,48
rising,6226,6200,6226,26
climbing,6283,6226,6283,57
sniffing,6284,6283,6284,1
walking,6343,6284,6343,59
rising,6376,6343,6376,33
stepping,6392,6376,6392,16
trotting,6434,6392,6434,42
walking,6450,6434,6450,16
rising,6451,6450,6451,1
climbing,6495,6451,6495,44
sniffing,6496,6495,6496,1
walking,6528,6496,6528,32
hunching,6529,6528,6529,1
stepping,6537,6529,6537,8
trotting,6583,6537,6583,46
sniffing,6611,6583,6611,28
right_turning,6645,6611,6645,34
sniffing,6742,6645,6742,97
left_turning,6763,6742,6763,21
rising,6792,6763,6792,29
right_turning,6798,6792,6798,6
walking,6833,6798,6833,35
left_turning,6859,6833,6859,26
walking,6872,6859,6872,13
climbing,6921,6872,6921,49
walking,6947,6921,6947,26
climbing,6997,6947,6997,50
walking,7002,6997,7002,5
climbing,7054,7002,7054,52
stepping,7077,7054,7077,23
trotting,7081,7077,7081,4
sniffing,7085,7081,7085,4
right_turning,7099,7085,7099,14
stepping,7129,7099,7129,30
running,7159,7129,7159,30
sniffing,7196,7159,7196,37
stepping,7197,7196,7197,1
climbing,7243,7197,7243,46
rising,7316,7243,7316,73
left_turning,7344,7316,7344,28
sniffing,7399,7344,7399,55
trotting,7427,7399,7427,28
walking,7462,7427,7462,35
stepping,7476,7462,7476,14
climbing,7506,7476,7506,30
rising,7507,7506,7507,1
stepping,7522,7507,7522,15
left_turning,7534,7522,7534,12
walking,7535,7534,7535,1
left_turning,7586,7535,7586,51
stepping,7592,7586,7592,6
climbing,7640,7592,7640,48
walking,7641,7640,7641,1
rising,7724,7641,7724,83
trotting,7740,7724,7740,16
stepping,7755,7740,7755,15
right_turning,7763,7755,7763,8
trotting,7780,7763,7780,17
sniffing,7827,7780,7827,47
climbing,7856,7827,7856,29
rising,7875,7856,7875,19
climbing,7893,7875,7893,18
trotting,7929,7893,7929,36
sniffing,7930,7929,7930,1
left_turning,7943,7930,7943,13
sniffing,7985,7943,7985,42
walking,8020,7985,8020,35
sniffing,8031,8020,8031,11
rearing,8235,8031,8235,204
climbing,8287,8235,8287,52
right_turning,8288,8287,8288,1
trotting,8325,8288,8325,37
left_turning,8326,8325,8326,1
trotting,8338,8326,8338,12
sniffing,8373,8338,8373,35
walking,8417,8373,8417,44
sniffing,8443,8417,8443,26
rising,8493,8443,8493,50
left_turning,8502,8493,8502,9
walking,8544,8502,8544,42
stepping,8580,8544,8580,36
climbing,8625,8580,8625,45
walking,8640,8625,8640,15
rising,8647,8640,8647,7
climbing,8682,8647,8682,35
walking,8683,8682,8683,1
sniffing,8782,8683,8782,99
trotting,8826,8782,8826,44
left_turning,8875,8826,8875,49
rising,8876,8875,8876,1
climbing,8891,8876,8891,15
rising,8916,8891,8916,25
climbing,8976,8916,8976,60
sniffing,9134,8976,9134,158
left_turning,9147,9134,9147,13
trotting,9164,9147,9164,17
climbing,9202,9164,9202,38
sniffing,9264,9202,9264,62
rising,9305,9264,9305,41
rearing,9341,9305,9341,36
sniffing,9427,9341,9427,86
walking,9442,9427,9442,15
left_turning,9474,9442,9474,32
sniffing,9512,9474,9512,38
rising,9514,9512,9514,2
climbing,9536,9514,9536,22
sniffing,9537,9536,9537,1
climbing,9565,9537,9565,28
sniffing,9603,9565,9603,38
rising,9604,9603,9604,1
climbing,9605,9604,9605,1
sniffing,9642,9605,9642,37
right_turning,9683,9642,9683,41
left_turning,9709,9683,9709,26
sniffing,9788,9709,9788,79
climbing,9862,9788,9862,74
rising,9929,9862,9929,67
sniffing,9930,9929,9930,1
left_turning,9940,9930,9940,10
sniffing,9964,9940,9964,24
rising,9965,9964,9965,1
climbing,10034,9965,10034,69
sniffing,10048,10034,10048,14
climbing,10103,10048,10103,55
sniffing,10152,10103,10152,49
right_turning,10177,10152,10177,25
running,10203,10177,10203,26
sniffing,10204,10203,10204,1
rising,10205,10204,10205,1
sniffing,10243,10205,10243,38
stepping,10288,10243,10288,45
rising,10357,10288,10357,69
climbing,10398,10357,10398,41
rearing,10430,10398,10430,32
trotting,10486,10430,10486,56
sniffing,10487,10486,10487,1
left_turning,10501,10487,10501,14
sniffing,10631,10501,10631,130
climbing,10667,10631,10667,36
sniffing,10807,10667,10807,140
rising,10940,10807,10940,133
climbing,10960,10940,10960,20
left_turning,11002,10960,11002,42
walking,11003,11002,11003,1
stepping,11063,11003,11063,60
running,11090,11063,11090,27
walking,11145,11090,11145,55
left_turning,11158,11145,11158,13
sniffing,11202,11158,11202,44
walking,11203,11202,11203,1
sniffing,11210,11203,11210,7
rising,11211,11210,11211,1
sniffing,11265,11211,11265,54
walking,11307,11265,11307,42
rising,11308,11307,11308,1
left_turning,11350,11308,11350,42
sniffing,11351,11350,11351,1
walking,11404,11351,11404,53
left_turning,11471,11404,11471,67
trotting,11505,11471,11505,34
sniffing,11516,11505,11516,11
climbing,11579,11516,11579,63
sniffing,11604,11579,11604,25
rising,11655,11604,11655,51
climbing,11714,11655,11714,59
running,11745,11714,11745,31
trotting,11750,11745,11750,5
sniffing,11797,11750,11797,47
walking,11798,11797,11798,1
stepping,11799,11798,11799,1
trotting,11832,11799,11832,33
rising,11846,11832,11846,14
climbing,11869,11846,11869,23
trotting,11881,11869,11881,12
sniffing,11913,11881,11913,32
hunching,12001,11913,12001,88
right_turning,12027,12001,12027,26
walking,12028,12027,12028,1
running,12048,12028,12048,20
left_turning,12052,12048,12052,4
walking,12053,12052,12053,1
trotting,12079,12053,12079,26
walking,12158,12079,12158,79
rising,12172,12158,12172,14
sniffing,12173,12172,12173,1
climbing,12201,12173,12201,28
walking,12253,12201,12253,52
right_turning,12290,12253,12290,37
running,12314,12290,12314,24
walking,12315,12314,12315,1
sniffing,12329,12315,12329,14
stepping,12356,12329,12356,27
sniffing,12357,12356,12357,1
walking,12444,12357,12444,87
left_turning,12477,12444,12477,33
trotting,12521,12477,12521,44
walking,12538,12521,12538,17
sniffing,12539,12538,12539,1
walking,12595,12539,12595,56
rearing,12596,12595,12596,1
rising,12612,12596,12612,16
sniffing,12691,12612,12691,79
walking,12694,12691,12694,3
sniffing,12705,12694,12705,11
climbing,12738,12705,12738,33
trotting,12746,12738,12746,8
sniffing,12747,12746,12747,1
rising,12792,12747,12792,45
hunching,12795,12792,12795,3
sniffing,12796,12795,12796,1
walking,12804,12796,12804,8
sniffing,12829,12804,12829,25
walking,12830,12829,12830,1
left_turning,12866,12830,12866,36
walking,12871,12866,12871,5
sniffing,12979,12871,12979,108
climbing,13014,12979,13014,35
sniffing,13024,13014,13024,10
left_turning,13039,13024,13039,15
sniffing,13076,13039,13076,37
rising,13151,13076,13151,75
climbing,13180,13151,13180,29
rising,13197,13180,13197,17
sniffing,13234,13197,13234,37
climbing,13260,13234,13260,26
trotting,13298,13260,13298,38
sniffing,13333,13298,13333,35
right_turning,13334,13333,13334,1
trotting,13437,13334,13437,103
walking,13486,13437,13486,49
sniffing,13495,13486,13495,9
left_turning,13521,13495,13521,26
climbing,13581,13521,13581,60
right_turning,13616,13581,13616,35
hunching,13617,13616,13617,1
sniffing,13618,13617,13618,1
climbing,13665,13618,13665,47
walking,13666,13665,13666,1
sniffing,13772,13666,13772,106
rising,13825,13772,13825,53
sniffing,13859,13825,13859,34
walking,13911,13859,13911,52
sniffing,13954,13911,13954,43
walking,13955,13954,13955,1
rising,13965,13955,13965,10
rearing,14023,13965,14023,58
rising,14088,14023,14088,65
walking,14092,14088,14092,4
sniffing,14093,14092,14093,1
grooming,14094,14093,14094,1
sniffing,14146,14094,14146,52
rising,14147,14146,14147,1
sniffing,14208,14147,14208,61
stepping,14238,14208,14238,30
rising,14239,14238,14239,1
rearing,14376,14239,14376,137
rising,14377,14376,14377,1
climbing,14410,14377,14410,33
rising,14411,14410,14411,1
sniffing,14473,14411,14473,62
trotting,14506,14473,14506,33
sniffing,14542,14506,14542,36
rising,14543,14542,14543,1
climbing,14556,14543,14556,13
rising,14557,14556,14557,1
climbing,14594,14557,14594,37
left_turning,14610,14594,14610,16
sniffing,14696,14610,14696,86
left_turning,14711,14696,14711,15
sniffing,14740,14711,14740,29
left_turning,14754,14740,14754,14
sniffing,14785,14754,14785,31
right_turning,14803,14785,14803,18
walking,14824,14803,14824,21
sniffing,14874,14824,14874,50
trotting,14937,14874,14937,63
walking,14994,14937,14994,57
sniffing,15041,14994,15041,47
rising,15301,15041,15301,260
left_turning,15332,15301,15332,31
rearing,15382,15332,15382,50
grooming,15550,15382,15550,168
hunching,15641,15550,15641,91
grooming,15876,15641,15876,235
walking,15900,15876,15900,24
sniffing,15998,15900,15998,98
left_turning,16018,15998,16018,20
sniffing,16019,16018,16019,1
rising,16050,16019,16050,31
trotting,16072,16050,16072,22
walking,16103,16072,16103,31
climbing,16166,16103,16166,63
trotting,16169,16166,16169,3
sniffing,16175,16169,16175,6
walking,16219,16175,16219,44
climbing,16261,16219,16261,42
trotting,16299,16261,16299,38
stepping,16300,16299,16300,1
rearing,16373,16300,16373,73
rising,16393,16373,16393,20
left_turning,16396,16393,16396,3
sniffing,16490,16396,16490,94
rising,16600,16490,16600,110
sniffing,16615,16600,16615,15
walking,16641,16615,16641,26
right_turning,16661,16641,16661,20
running,16701,16661,16701,40
sniffing,16784,16701,16784,83
right_turning,16808,16784,16808,24
trotting,16878,16808,16878,70
sniffing,16916,16878,16916,38
rearing,16979,16916,16979,63
sniffing,16991,16979,16991,12
stepping,17034,16991,17034,43
walking,17083,17034,17083,49
sniffing,17110,17083,17110,27
right_turning,17135,17110,17135,25
walking,17160,17135,17160,25
sniffing,17274,17160,17274,114
walking,17275,17274,17275,1
sniffing,17276,17275,17276,1
rising,17277,17276,17277,1
climbing,17319,17277,17319,42
right_turning,17335,17319,17335,16
trotting,17379,17335,17379,44
sniffing,17449,17379,17449,70
left_turning,17467,17449,17467,18
sniffing,17491,17467,17491,24
rising,17683,17491,17683,192
sniffing,18018,17683,18018,335
right_turning,18061,18018,18061,43
trotting,18080,18061,18080,19
left_turning,18092,18080,18092,12
walking,18102,18092,18102,10
sniffing,18143,18102,18143,41
rising,18162,18143,18162,19
stepping,18199,18162,18199,37
sniffing,18259,18199,18259,60
trotting,18262,18259,18262,3
sniffing,18266,18262,18266,4
rising,18267,18266,18267,1
left_turning,18302,18267,18302,35
running,18316,18302,18316,14
rising,18322,18316,18322,6
sniffing,18324,18322,18324,2
climbing,18374,18324,18374,50
sniffing,18385,18374,18385,11
walking,18458,18385,18458,73
sniffing,18482,18458,18482,24
left_turning,18487,18482,18487,5
walking,18517,18487,18517,30
rearing,18561,18517,18561,44
rising,18599,18561,18599,38
sniffing,18762,18599,18762,163
climbing,18776,18762,18776,14
sniffing,18777,18776,18777,1
climbing,18789,18777,18789,12
grooming,18853,18789,18853,64
left_turning,18874,18853,18874,21
sniffing,18906,18874,18906,32
walking,18948,18906,18948,42
stepping,18979,18948,18979,31
walking,19014,18979,19014,35
climbing,19042,19014,19042,28
right_turning,19050,19042,19050,8
stepping,19084,19050,19084,34
sniffing,19085,19084,19085,1
stepping,19138,19085,19138,53
climbing,19180,19138,19180,42
rearing,19212,19180,19212,32
sniffing,19326,19212,19326,114
right_turning,19332,19326,19332,6
rising,19334,19332,19334,2
walking,19369,19334,19369,35
sniffing,19370,19369,19370,1
rearing,19449,19370,19449,79
left_turning,19495,19449,19495,46
sniffing,19536,19495,19536,41
walking,19553,19536,19553,17
sniffing,19561,19553,19561,8
walking,19572,19561,19572,11
sniffing,19595,19572,19595,23
running,19638,19595,19638,43
stepping,19664,19638,19664,26
sniffing,19760,19664,19760,96
climbing,19811,19760,19811,51
rising,19861,19811,19861,50
climbing,19949,19861,19949,88
rising,19978,19949,19978,29
sniffing,19979,19978,19979,1
climbing,20017,19979,20017,38
rising,20069,20017,20069,52
rearing,20084,20069,20084,15
walking,20104,20084,20104,20
right_turning,20114,20104,20114,10
sniffing,20227,20114,20227,113
left_turning,20280,20227,20280,53
walking,20328,20280,20328,48
stepping,20357,20328,20357,29
walking,20360,20357,20360,3
sniffing,20395,20360,20395,35
rising,20433,20395,20433,38
sniffing,20476,20433,20476,43
left_turning,20540,20476,20540,64
sniffing,20601,20540,20601,61
hunching,20671,20601,20671,70
rearing,20722,20671,20722,51
grooming,20877,20722,20877,155
left_turning,20913,20877,20913,36
sniffing,20914,20913,20914,1
trotting,20986,20914,20986,72
climbing,21038,20986,21038,52
walking,21071,21038,21071,33
left_turning,21077,21071,21077,6
walking,21092,21077,21092,15
rising,21114,21092,21114,22
climbing,21156,21114,21156,42
walking,21216,21156,21216,60
sniffing,21275,21216,21275,59
climbing,21304,21275,21304,29
sniffing,21421,21304,21421,117
walking,21463,21421,21463,42
sniffing,21464,21463,21464,1
rising,21500,21464,21500,36
left_turning,21544,21500,21544,44
running,21574,21544,21574,30
walking,21594,21574,21594,20
climbing,21664,21594,21664,70
rising,21671,21664,21671,7
hunching,21672,21671,21672,1
right_turning,21711,21672,21711,39
rising,21712,21711,21712,1
sniffing,21741,21712,21741,29
walking,21769,21741,21769,28
rising,21770,21769,21770,1
climbing,21899,21770,21899,129
rearing,21900,21899,21900,1
sniffing,21918,21900,21918,18
right_turning,21939,21918,21939,21
trotting,21956,21939,21956,17
sniffing,21977,21956,21977,21
rising,22002,21977,22002,25
sniffing,22035,22002,22035,33
hunching,22183,22035,22183,148
walking,22224,22183,22224,41
rising,22266,22224,22266,42
climbing,22276,22266,22276,10
rearing,22508,22276,22508,232
running,22529,22508,22529,21
left_turning,22591,22529,22591,62
trotting,22593,22591,22593,2
walking,22617,22593,22617,24
stepping,22618,22617,22618,1
walking,22619,22618,22619,1
rising,22699,22619,22699,80
rearing,22714,22699,22714,15
sniffing,22724,22714,22724,10
rising,22744,22724,22744,20
stepping,22802,22744,22802,58
walking,22818,22802,22818,16
rising,22819,22818,22819,1
walking,22840,22819,22840,21
sniffing,22915,22840,22915,75
hunching,23067,22915,23067,152
sniffing,23091,23067,23091,24
left_turning,23112,23091,23112,21
walking,23113,23112,23113,1
sniffing,23136,23113,23136,23
stepping,23150,23136,23150,14
sniffing,23186,23150,23186,36
stepping,23196,23186,23196,10
rising,23203,23196,23203,7
grooming,23204,23203,23204,1
rearing,23263,23204,23263,59
stepping,23275,23263,23275,12
walking,23276,23275,23276,1
rising,23304,23276,23304,28
climbing,23354,23304,23354,50
rising,23355,23354,23355,1
climbing,23385,23355,23385,30
stepping,23415,23385,23415,30
sniffing,23538,23415,23538,123
walking,23598,23538,23598,60
sniffing,23599,23598,23599,1
rearing,23662,23599,23662,63
sniffing,23698,23662,23698,36
right_turning,23717,23698,23717,19
walking,23729,23717,23729,12
sniffing,23787,23729,23787,58
left_turning,23837,23787,23837,50
walking,23838,23837,23838,1
trotting,23853,23838,23853,15
sniffing,23876,23853,23876,23
stepping,23877,23876,23877,1
left_turning,24004,23877,24004,127
sniffing,24072,24004,24072,68
rising,24078,24072,24078,6
sniffing,24096,24078,24096,18
left_turning,24108,24096,24108,12
stepping,24148,24108,24148,40
sniffing,24149,24148,24149,1
rearing,24150,24149,24150,1
grooming,24377,24150,24377,227
rearing,24378,24377,24378,1
sniffing,24379,24378,24379,1
left_turning,24399,24379,24399,20
sniffing,24413,24399,24413,14
climbing,24444,24413,24444,31
left_turning,24445,24444,24445,1
walking,24465,24445,24465,20
left_turning,24476,24465,24476,11
trotting,24512,24476,24512,36
sniffing,24513,24512,24513,1
walking,24549,24513,24549,36
left_turning,24589,24549,24589,40
sniffing,24605,24589,24605,16
rearing,24620,24605,24620,15
stepping,24682,24620,24682,62
walking,24683,24682,24683,1
climbing,24762,24683,24762,79
walking,24794,24762,24794,32
rearing,24933,24794,24933,139
sniffing,25015,24933,25015,82
rising,25150,25015,25150,135
climbing,25195,25150,25195,45
rearing,25196,25195,25196,1
sniffing,25285,25196,25285,89
walking,25328,25285,25328,43
right_turning,25354,25328,25354,26
walking,25396,25354,25396,42
sniffing,25397,25396,25397,1
rising,25414,25397,25414,17
left_turning,25450,25414,25450,36
walking,25491,25450,25491,41
sniffing,25515,25491,25515,24
stepping,25568,25515,25568,53
rising,25662,25568,25662,94
sniffing,25672,25662,25672,10
left_turning,25673,25672,25673,1
sniffing,25674,25673,25674,1
hunching,25770,25674,25770,96
sniffing,25800,25770,25800,30
climbing,25801,25800,25801,1
sniffing,25828,25801,25828,27
trotting,25860,25828,25860,32
sniffing,25917,25860,25917,57
walking,25950,25917,25950,33
stepping,25951,25950,25951,1
climbing,25988,25951,25988,37
rising,26041,25988,26041,53
climbing,26082,26041,26082,41
trotting,26097,26082,26097,15
rising,26228,26097,26228,131
sniffing,26249,26228,26249,21
climbing,26296,26249,26296,47
walking,26337,26296,26337,41
sniffing,26338,26337,26338,1
walking,26350,26338,26350,12
trotting,26363,26350,26363,13
sniffing,26501,26363,26501,138
rising,26536,26501,26536,35
climbing,26607,26536,26607,71
rearing,26608,26607,26608,1
right_turning,26609,26608,26609,1
climbing,26655,26609,26655,46
rising,26675,26655,26675,20
rearing,26676,26675,26676,1
right_turning,26688,26676,26688,12
left_turning,26724,26688,26724,36
walking,26738,26724,26738,14
sniffing,26739,26738,26739,1
rising,26818,26739,26818,79
left_turning,26868,26818,26868,50
running,26913,26868,26913,45
left_turning,26949,26913,26949,36
sniffing,26961,26949,26961,12
walking,26984,26961,26984,23
rising,27052,26984,27052,68
sniffing,27053,27052,27053,1
climbing,27067,27053,27067,14
rearing,27068,27067,27068,1
left_turning,27087,27068,27087,19
sniffing,27140,27087,27140,53
climbing,27222,27140,27222,82
running,27240,27222,27240,18
stepping,27241,27240,27241,1
walking,27264,27241,27264,23
sniffing,27342,27264,27342,78
trotting,27377,27342,27377,35
jumping,27439,27377,27439,62
left_turning,27440,27439,27440,1
sniffing,27441,27440,27441,1
rising,27459,27441,27459,18
sniffing,27460,27459,27460,1
rearing,27518,27460,27518,58
rising,27525,27518,27525,7
sniffing,27683,27525,27683,158
rising,27816,27683,27816,133
sniffing,27817,27816,27817,1
left_turning,27818,27817,27818,1
running,27843,27818,27843,25
trotting,27877,27843,27877,34
walking,27914,27877,27914,37
running,27927,27914,27927,13
walking,27960,27927,27960,33
trotting,27989,27960,27989,29
rising,28048,27989,28048,59
sniffing,28056,28048,28056,8
rising,28057,28056,28057,1
climbing,28073,28057,28073,16
sniffing,28133,28073,28133,60
left_turning,28134,28133,28134,1
walking,28145,28134,28145,11
rising,28192,28145,28192,47
sniffing,28193,28192,28193,1
left_turning,28204,28193,28204,11
walking,28254,28204,28254,50
stepping,28258,28254,28258,4
walking,28271,28258,28271,13
climbing,28299,28271,28299,28
walking,28316,28299,28316,17
left_turning,28317,28316,28317,1
stepping,28341,28317,28341,24
walking,28382,28341,28382,41
right_turning,28429,28382,28429,47
stepping,28498,28429,28498,69
rising,28696,28498,28696,198
walking,28705,28696,28705,9
sniffing,28855,28705,28855,150
walking,28893,28855,28893,38
rising,28979,28893,28979,86
hunching,29065,28979,29065,86
climbing,29096,29065,29096,31
rising,29146,29096,29146,50
sniffing,29147,29146,29147,1
walking,29179,29147,29179,32
trotting,29209,29179,29209,30
rising,29270,29209,29270,61
jumping,29324,29270,29324,54
hunching,29390,29324,29390,66
walking,29439,29390,29439,49
climbing,29504,29439,29504,65
sniffing,29551,29504,29551,47
rising,29621,29551,29621,70
climbing,29633,29621,29633,12
sniffing,29686,29633,29686,53
walking,29725,29686,29725,39
sniffing,29751,29725,29751,26
left_turning,29773,29751,29773,22
walking,29789,29773,29789,16
trotting,29815,29789,29815,26
walking,29843,29815,29843,28
rearing,29847,29843,29847,4
walking,29866,29847,29866,19
stepping,29912,29866,29912,46
sniffing,30082,29912,30082,170
grooming,30083,30082,30083,1
right_turning,30108,30083,30108,25
walking,30164,30108,30164,56
sniffing,30277,30164,30277,113
walking,30278,30277,30278,1
running,30291,30278,30291,13
trotting,30317,30291,30317,26
running,30321,30317,30321,4
rising,30322,30321,30322,1
right_turning,30323,30322,30323,1
climbing,30337,30323,30337,14
rising,30380,30337,30380,43
trotting,30398,30380,30398,18
left_turning,30399,30398,30399,1
running,30459,30399,30459,60
rising,30473,30459,30473,14
climbing,30478,30473,30478,5
right_turning,30519,30478,30519,41
stepping,30549,30519,30549,30
rising,30676,30549,30676,127
grooming,30948,30676,30948,272
rearing,30949,30948,30949,1
walking,30965,30949,30965,16
climbing,31048,30965,31048,83
walking,31053,31048,31053,5
climbing,31078,31053,31078,25
rearing,31111,31078,31111,33
climbing,31169,31111,31169,58
rising,31222,31169,31222,53
sniffing,31234,31222,31234,12
rising,31235,31234,31235,1
climbing,31263,31235,31263,28
left_turning,31293,31263,31293,30
sniffing,31337,31293,31337,44
left_turning,31378,31337,31378,41
sniffing,31459,31378,31459,81
pausing,31460,31459,31460,1
sniffing,31491,31460,31491,31
pausing,31492,31491,31492,1
sniffing,31523,31492,31523,31
rising,31529,31523,31529,6
grooming,31845,31529,31845,316
right_turning,31848,31845,31848,3
left_turning,31896,31848,31896,48
walking,31922,31896,31922,26
rising,31945,31922,31945,23
rearing,31946,31945,31946,1
right_turning,31987,31946,31987,41
left_turning,32086,31987,32086,99
walking,32163,32086,32163,77
trotting,32187,32163,32187,24
rising,32209,32187,32209,22
right_turning,32237,32209,32237,28
sniffing,32244,32237,32244,7
grooming,32486,32244,32486,242
sniffing,32487,32486,32487,1
left_turning,32528,32487,32528,41
walking,32536,32528,32536,8
left_turning,32537,32536,32537,1
walking,32543,32537,32543,6
running,32580,32543,32580,37
rising,32581,32580,32581,1
sniffing,32604,32581,32604,23
walking,32636,32604,32636,32
sniffing,32644,32636,32644,8
left_turning,32651,32644,32651,7
walking,32718,32651,32718,67
sniffing,32720,32718,32720,2
right_turning,32746,32720,32746,26
rising,32757,32746,32757,11
walking,32800,32757,32800,43
sniffing,32801,32800,32801,1
walking,32861,32801,32861,60
sniffing,32864,32861,32864,3
walking,32899,32864,32899,35
left_turning,32931,32899,32931,32
walking,32969,32931,32969,38
right_turning,33006,32969,33006,37
walking,33035,33006,33035,29
rising,33102,33035,33102,67
trotting,33135,33102,33135,33
walking,33190,33135,33190,55
sniffing,33288,33190,33288,98
walking,33335,33288,33335,47
jumping,33375,33335,33375,40
sniffing,33429,33375,33429,54
right_turning,33441,33429,33441,12
grooming,33442,33441,33442,1
right_turning,33443,33442,33443,1
walking,33452,33443,33452,9
rising,33549,33452,33549,97
climbing,33550,33549,33550,1
hunching,33564,33550,33564,14
left_turning,33594,33564,33594,30
sniffing,33595,33594,33595,1
left_turning,33639,33595,33639,44
sniffing,33640,33639,33640,1
left_turning,33685,33640,33685,45
walking,33699,33685,33699,14
sniffing,33700,33699,33700,1
hunching,33733,33700,33733,33
climbing,33734,33733,33734,1
rearing,33735,33734,33735,1
sniffing,33754,33735,33754,19
walking,33764,33754,33764,10
trotting,33827,33764,33827,63
rising,33869,33827,33869,42
stepping,33875,33869,33875,6
sniffing,33949,33875,33949,74
walking,33969,33949,33969,20
grooming,34134,33969,34134,165
sniffing,34195,34134,34195,61
rising,34305,34195,34305,110
climbing,34323,34305,34323,18
sniffing,34324,34323,34324,1
rising,34465,34324,34465,141
sniffing,34559,34465,34559,94
trotting,34579,34559,34579,20
sniffing,34580,34579,34580,1
left_turning,34669,34580,34669,89
sniffing,34731,34669,34731,62
walking,34794,34731,34794,63
sniffing,34795,34794,34795,1
climbing,34860,34795,34860,65
left_turning,34900,34860,34900,40
trotting,34945,34900,34945,45
sniffing,34986,34945,34986,41
walking,35027,34986,35027,41
climbing,35080,35027,35080,53
rearing,35093,35080,35093,13
climbing,35098,35093,35098,5
right_turning,35099,35098,35099,1
walking,35146,35099,35146,47
climbing,35184,35146,35184,38
rising,35190,35184,35190,6
climbing,35233,35190,35233,43
rising,35296,35233,35296,63
sniffing,35401,35296,35401,105
rising,35469,35401,35469,68
hunching,35495,35469,35495,26
rearing,35512,35495,35512,17
left_turning,35519,35512,35519,7
walking,35567,35519,35567,48
sniffing,35639,35567,35639,72
left_turning,35640,35639,35640,1
walking,35671,35640,35671,31
rising,35678,35671,35678,7
climbing,35744,35678,35744,66
trotting,35774,35744,35774,30
left_turning,35775,35774,35775,1
climbing,35797,35775,35797,22
sniffing,35844,35797,35844,47
rising,35871,35844,35871,27
climbing,35879,35871,35879,8
right_turning,35905,35879,35905,26
stepping,35939,35905,35939,34
sniffing,35953,35939,35953,14
right_turning,35999,35953,35999,46
trotting,36023,35999,36023,24
running,36061,36023,36061,38
left_turning,36079,36061,36079,18
rising,36170,36079,36170,91
sniffing,36171,36170,36171,1
walking,36208,36171,36208,37
left_turning,36230,36208,36230,22
sniffing,36266,36230,36266,36
left_turning,36300,36266,36300,34
sniffing,36396,36300,36396,96
left_turning,36397,36396,36397,1
sniffing,36512,36397,36512,115
rising,36556,36512,36556,44
walking,36594,36556,36594,38
sniffing,36595,36594,36595,1
right_turning,36618,36595,36618,23
trotting,36641,36618,36641,23
sniffing,36658,36641,36658,17
left_turning,36672,36658,36672,14
walking,36746,36672,36746,74
climbing,36802,36746,36802,56
sniffing,36832,36802,36832,30
rising,36833,36832,36833,1
climbing,36884,36833,36884,51
rearing,36983,36884,36983,99
walking,37013,36983,37013,30
rearing,37014,37013,37014,1
trotting,37057,37014,37057,43
walking,37071,37057,37071,14
sniffing,37072,37071,37072,1
walking,37073,37072,37073,1
climbing,37111,37073,37111,38
walking,37112,37111,37112,1
sniffing,37155,37112,37155,43
rising,37175,37155,37175,20
climbing,37214,37175,37214,39
trotting,37276,37214,37276,62
sniffing,37323,37276,37323,47
rising,37361,37323,37361,38
sniffing,37362,37361,37362,1
rising,37415,37362,37415,53
hunching,37531,37415,37531,116
climbing,37579,37531,37579,48
walking,37616,37579,37616,37
climbing,37683,37616,37683,67
grooming,37975,37683,37975,292
sniffing,37978,37975,37978,3
jumping,38059,37978,38059,81
right_turning,38075,38059,38075,16
climbing,38101,38075,38101,26
sniffing,38163,38101,38163,62
left_turning,38164,38163,38164,1
sniffing,38249,38164,38249,85
trotting,38292,38249,38292,43
rising,38293,38292,38293,1
climbing,38304,38293,38304,11
walking,38342,38304,38342,38
sniffing,38476,38342,38476,134
rearing,38548,38476,38548,72
climbing,38610,38548,38610,62
walking,38616,38610,38616,6
climbing,38688,38616,38688,72
walking,38721,38688,38721,33
left_turning,38775,38721,38775,54
sniffing,38798,38775,38798,23
rising,38805,38798,38805,7
sniffing,38831,38805,38831,26
rearing,38931,38831,38931,100
walking,38969,38931,38969,38
rising,39029,38969,39029,60
walking,39057,39029,39057,28
climbing,39100,39057,39100,43
walking,39135,39100,39135,35
left_turning,39141,39135,39141,6
sniffing,39197,39141,39197,56
stepping,39246,39197,39246,49
rising,39252,39246,39252,6
grooming,39423,39252,39423,171
rearing,39495,39423,39495,72
walking,39506,39495,39506,11
sniffing,39611,39506,39611,105
climbing,39631,39611,39631,20
sniffing,39704,39631,39704,73
walking,39748,39704,39748,44
stepping,39775,39748,39775,27
climbing,39800,39775,39800,25
rising,39822,39800,39822,22
walking,39834,39822,39834,12
rearing,39835,39834,39835,1
walking,39836,39835,39836,1
sniffing,39837,39836,39837,1
walking,39838,39837,39838,1
sniffing,39906,39838,39906,68
climbing,39907,39906,39907,1
walking,39948,39907,39948,41
sniffing,40031,39948,40031,83
running,40079,40031,40079,48
sniffing,40080,40079,40080,1
rising,40081,40080,40081,1
trotting,40108,40081,40108,27
walking,40119,40108,40119,11
stepping,40163,40119,40163,44
climbing,40212,40163,40212,49
trotting,40224,40212,40224,12
left_turning,40256,40224,40256,32
walking,40262,40256,40262,6
sniffing,40363,40262,40363,101
grooming,40558,40363,40558,195
sniffing,40639,40558,40639,81
rising,40640,40639,40640,1
jumping,40691,40640,40691,51
rising,40734,40691,40734,43
sniffing,40735,40734,40735,1
grooming,41547,40735,41547,812
hunching,41575,41547,41575,28
walking,41628,41575,41628,53
sniffing,41694,41628,41694,66
left_turning,41704,41694,41704,10
walking,41755,41704,41755,51
climbing,41777,41755,41777,22
sniffing,41788,41777,41788,11
climbing,41845,41788,41845,57
rearing,41868,41845,41868,23
sniffing,41913,41868,41913,45
left_turning,41925,41913,41925,12
sniffing,42023,41925,42023,98
grooming,42164,42023,42164,141
walking,42171,42164,42171,7
rising,42172,42171,42172,1
sniffing,42197,42172,42197,25
hunching,42198,42197,42198,1
sniffing,42199,42198,42199,1
rearing,42264,42199,42264,65
climbing,42322,42264,42322,58
sniffing,42323,42322,42323,1
left_turning,42359,42323,42359,36
sniffing,42442,42359,42442,83
walking,42460,42442,42460,18
stepping,42499,42460,42499,39
climbing,42509,42499,42509,10
sniffing,42510,42509,42510,1
climbing,42569,42510,42569,59
stepping,42604,42569,42604,35
sniffing,42625,42604,42625,21
rising,42663,42625,42663,38
sniffing,42748,42663,42748,85
climbing,42836,42748,42836,88
sniffing,42896,42836,42896,60
left_turning,42946,42896,42946,50
walking,42985,42946,42985,39
rising,42991,42985,42991,6
stepping,43015,42991,43015,24
sniffing,43102,43015,43102,87
left_turning,43155,43102,43155,53
sniffing,43170,43155,43170,15
rising,43244,43170,43244,74
rearing,43306,43244,43306,62
walking,43307,43306,43307,1
sniffing,43318,43307,43318,11
hunching,43418,43318,43418,100
rising,43422,43418,43422,4
climbing,43478,43422,43478,56
hunching,43691,43478,43691,213
jumping,43740,43691,43740,49
rearing,43741,43740,43741,1
rising,43742,43741,43742,1
trotting,43785,43742,43785,43
sniffing,43786,43785,43786,1
walking,43787,43786,43787,1
sniffing,43788,43787,43788,1
climbing,43789,43788,43789,1
rearing,43790,43789,43790,1
left_turning,43791,43790,43791,1
walking,43792,43791,43792,1
sniffing,43865,43792,43865,73
climbing,43916,43865,43916,51
right_turning,43947,43916,43947,31
sniffing,43948,43947,43948,1
walking,43991,43948,43991,43
climbing,44022,43991,44022,31
sniffing,44094,44022,44094,72
grooming,44220,44094,44220,126
rearing,44226,44220,44226,6
climbing,44241,44226,44241,15
right_turning,44257,44241,44257,16
rearing,44462,44257,44462,205
walking,44463,44462,44463,1
stepping,44495,44463,44495,32
right_turning,44496,44495,44496,1
rising,44503,44496,44503,7
sniffing,44504,44503,44504,1
left_turning,44539,44504,44539,35
sniffing,44553,44539,44553,14
stepping,44584,44553,44584,31
climbing,44625,44584,44625,41
right_turning,44630,44625,44630,5
walking,44652,44630,44652,22
left_turning,44674,44652,44674,22
sniffing,44725,44674,44725,51
rising,44785,44725,44785,60
climbing,44859,44785,44859,74
rising,44893,44859,44893,34
sniffing,44905,44893,44905,12
left_turning,44922,44905,44922,17
walking,44934,44922,44934,12
rising,44945,44934,44945,11
right_turning,44963,44945,44963,18
running,44989,44963,44989,26
walking,45034,44989,45034,45
sniffing,45175,45034,45175,141
climbing,45232,45175,45232,57
rearing,45233,45232,45233,1
grooming,45315,45233,45315,82
rearing,45373,45315,45373,58
sniffing,45468,45373,45468,95
trotting,45486,45468,45486,18
sniffing,45568,45486,45568,82
right_turning,45589,45568,45589,21
sniffing,45619,45589,45619,30
rising,45669,45619,45669,50
grooming,45670,45669,45670,1
left_turning,45671,45670,45671,1
sniffing,45750,45671,45750,79
trotting,45791,45750,45791,41
sniffing,45811,45791,45811,20
trotting,45845,45811,45845,34
walking,45870,45845,45870,25
rising,45879,45870,45879,9
sniffing,45887,45879,45887,8
left_turning,45888,45887,45888,1
stepping,45905,45888,45905,17
walking,45906,45905,45906,1
sniffing,45964,45906,45964,58
pausing,46228,45964,46228,264
sniffing,46280,46228,46280,52
rising,46302,46280,46302,22
rearing,46314,46302,46314,12
sniffing,46315,46314,46315,1
walking,46382,46315,46382,67
stepping,46430,46382,46430,48
hunching,46641,46430,46641,211
sniffing,46709,46641,46709,68
trotting,46727,46709,46727,18
sniffing,46755,46727,46755,28
rising,46823,46755,46823,68
sniffing,46824,46823,46824,1
right_turning,46843,46824,46843,19
sniffing,46890,46843,46890,47
rising,46891,46890,46891,1
sniffing,46975,46891,46975,84
climbing,47049,46975,47049,74
running,47050,47049,47050,1
climbing,47146,47050,47146,96
rising,47147,47146,47147,1
climbing,47183,47147,47183,36
running,47211,47183,47211,28
walking,47219,47211,47219,8
climbing,47236,47219,47236,17
rearing,47437,47236,47437,201
rising,47471,47437,47471,34
climbing,47474,47471,47474,3
walking,47490,47474,47490,16
stepping,47528,47490,47528,38
rising,47529,47528,47529,1
sniffing,47552,47529,47552,23
rising,47621,47552,47621,69
climbing,47666,47621,47666,45
sniffing,47728,47666,47728,62
right_turning,47751,47728,47751,23
left_turning,47803,47751,47803,52
stepping,47913,47803,47913,110
rising,47924,47913,47924,11
climbing,47974,47924,47974,50
left_turning,48021,47974,48021,47
sniffing,48116,48021,48116,95
trotting,48133,48116,48133,17
walking,48142,48133,48142,9
sniffing,48143,48142,48143,1
rearing,48144,48143,48144,1
rising,48196,48144,48196,52
climbing,48257,48196,48257,61
rearing,48258,48257,48258,1
grooming,48901,48258,48901,643
rearing,48902,48901,48902,1
sniffing,48947,48902,48947,45
rising,48982,48947,48982,35
climbing,49046,48982,49046,64
sniffing,49119,49046,49119,73
left_turning,49174,49119,49174,55
sniffing,49282,49174,49282,108
walking,49313,49282,49313,31
left_turning,49348,49313,49348,35
walking,49378,49348,49378,30
trotting,49407,49378,49407,29
sniffing,49459,49407,49459,52
stepping,49509,49459,49509,50
walking,49539,49509,49539,30
rising,49620,49539,49620,81
climbing,49635,49620,49635,15
rising,49664,49635,49664,29
sniffing,49689,49664,49689,25
climbing,49716,49689,49716,27
rising,49727,49716,49727,11
sniffing,49728,49727,49728,1
climbing,49751,49728,49751,23
rising,49776,49751,49776,25
climbing,49841,49776,49841,65
rearing,49907,49841,49907,66
hunching,49936,49907,49936,29
walking,50017,49936,50017,81
stepping,50049,50017,50049,32
running,50071,50049,50071,22
stepping,50117,50071,50117,46
sniffing,50118,50117,50118,1
walking,50150,50118,50150,32
left_turning,50183,50150,50183,33
sniffing,50243,50183,50243,60
rearing,50546,50243,50546,303
rising,50549,50546,50549,3
sniffing,50589,50549,50589,40
stepping,50600,50589,50600,11
walking,50627,50600,50627,27
rising,50695,50627,50695,68
sniffing,50795,50695,50795,100
right_turning,50848,50795,50848,53
walking,50888,50848,50888,40
sniffing,50975,50888,50975,87
walking,51002,50975,51002,27
climbing,51003,51002,51003,1
rearing,51044,51003,51044,41
stepping,51064,51044,51064,20
walking,51124,51064,51124,60
sniffing,51192,51124,51192,68
trotting,51236,51192,51236,44
sniffing,51237,51236,51237,1
walking,51240,51237,51240,3
sniffing,51346,51240,51346,106
trotting,51361,51346,51361,15
sniffing,51465,51361,51465,104
rising,51701,51465,51701,236
sniffing,51732,51701,51732,31
trotting,51764,51732,51764,32
sniffing,51994,51764,51994,230
trotting,52026,51994,52026,32
rising,52051,52026,52051,25
climbing,52083,52051,52083,32
walking,52108,52083,52108,25
sniffing,52109,52108,52109,1
walking,52139,52109,52139,30
sniffing,52347,52139,52347,208
grooming,52348,52347,52348,1
left_turning,52401,52348,52401,53
sniffing,52456,52401,52456,55
walking,52497,52456,52497,41
running,52525,52497,52525,28
rising,52612,52525,52612,87
climbing,52664,52612,52664,52
rising,52737,52664,52737,73
climbing,52747,52737,52747,10
running,52780,52747,52780,33
sniffing,52825,52780,52825,45
left_turning,52826,52825,52826,1
rising,52827,52826,52827,1
climbing,52866,52827,52866,39
right_turning,52892,52866,52892,26
climbing,52900,52892,52900,8
rising,52951,52900,52951,51
grooming,52952,52951,52952,1
sniffing,53083,52952,53083,131
walking,53094,53083,53094,11
sniffing,53120,53094,53120,26
pausing,53225,53120,53225,105
sniffing,53273,53225,53273,48
walking,53283,53273,53283,10
left_turning,53323,53283,53323,40
walking,53333,53323,53333,10
sniffing,53334,53333,53334,1
left_turning,53335,53334,53335,1
walking,53337,53335,53337,2
rearing,53338,53337,53338,1
climbing,53360,53338,53360,22
walking,53363,53360,53363,3
sniffing,53414,53363,53414,51
left_turning,53427,53414,53427,13
sniffing,53473,53427,53473,46
climbing,53564,53473,53564,91
sniffing,53592,53564,53592,28
walking,53633,53592,53633,41
sniffing,53650,53633,53650,17
left_turning,53656,53650,53656,6
walking,53658,53656,53658,2
trotting,53697,53658,53697,39
walking,53738,53697,53738,41
sniffing,53739,53738,53739,1
rearing,53754,53739,53754,15
sniffing,53775,53754,53775,21
rising,53776,53775,53776,1
sniffing,53863,53776,53863,87
running,53893,53863,53893,30
rising,53894,53893,53894,1
sniffing,53945,53894,53945,51
rising,53946,53945,53946,1
rearing,53978,53946,53978,32
climbing,54018,53978,54018,40
rising,54056,54018,54056,38
hunching,54156,54056,54156,100
rearing,54243,54156,54243,87
sniffing,54380,54243,54380,137
rearing,54432,54380,54432,52
stepping,54555,54432,54555,123
sniffing,54573,54555,54573,18
running,54611,54573,54611,38
rising,54617,54611,54617,6
climbing,54654,54617,54654,37
rearing,54938,54654,54938,284
climbing,54978,54938,54978,40
rising,55014,54978,55014,36
sniffing,55116,55014,55116,102
climbing,55158,55116,55158,42
walking,55269,55158,55269,111
rising,55305,55269,55305,36
climbing,55312,55305,55312,7
rearing,55372,55312,55372,60
rising,55411,55372,55411,39
climbing,55459,55411,55459,48
walking,55497,55459,55497,38
left_turning,55505,55497,55505,8
walking,55527,55505,55527,22
right_turning,55579,55527,55579,52
sniffing,55602,55579,55602,23
climbing,55628,55602,55628,26
sniffing,55629,55628,55629,1
climbing,55641,55629,55641,12
rising,55642,55641,55642,1
rearing,55740,55642,55740,98
climbing,55805,55740,55805,65
trotting,55827,55805,55827,22
sniffing,55830,55827,55830,3
pausing,55831,55830,55831,1
sniffing,55855,55831,55855,24
left_turning,55875,55855,55875,20
rising,55896,55875,55896,21
climbing,55929,55896,55929,33
walking,55930,55929,55930,1
sniffing,55981,55930,55981,51
walking,56027,55981,56027,46
sniffing,56084,56027,56084,57
rising,56110,56084,56110,26
left_turning,56150,56110,56150,40
sniffing,56205,56150,56205,55
rising,56206,56205,56206,1
climbing,56246,56206,56246,40
sniffing,56355,56246,56355,109
right_turning,56387,56355,56387,32
walking,56388,56387,56388,1
jumping,56616,56388,56616,228
trotting,56650,56616,56650,34
sniffing,56724,56650,56724,74
rising,56807,56724,56807,83
climbing,56818,56807,56818,11
sniffing,56819,56818,56819,1
left_turning,56964,56819,56964,145
sniffing,56971,56964,56971,7
left_turning,56991,56971,56991,20
sniffing,57035,56991,57035,44
right_turning,57049,57035,57049,14
walking,57079,57049,57079,30
left_turning,57123,57079,57123,44
sniffing,57220,57123,57220,97
rising,57292,57220,57292,72
sniffing,57345,57292,57345,53
climbing,57370,57345,57370,25
rising,57371,57370,57371,1
climbing,57378,57371,57378,7
rearing,57455,57378,57455,77
climbing,57488,57455,57488,33
walking,57556,57488,57556,68
left_turning,57557,57556,57557,1
trotting,57573,57557,57573,16
sniffing,57618,57573,57618,45
rising,57619,57618,57619,1
climbing,57642,57619,57642,23
hunching,57729,57642,57729,87
right_turning,57732,57729,57732,3
trotting,57753,57732,57753,21
sniffing,57817,57753,57817,64
stepping,57825,57817,57825,8
sniffing,57846,57825,57846,21
climbing,57862,57846,57862,16
left_turning,57901,57862,57901,39
sniffing,57909,57901,57909,8
rising,57924,57909,57924,15
rearing,58025,57924,58025,101
rising,58091,58025,58091,66
trotting,58132,58091,58132,41
sniffing,58184,58132,58184,52
pausing,58185,58184,58185,1
sniffing,58244,58185,58244,59
rising,58322,58244,58322,78
left_turning,58360,58322,58360,38
walking,58396,58360,58396,36
climbing,58473,58396,58473,77
sniffing,58587,58473,58587,114
walking,58634,58587,58634,47
sniffing,58635,58634,58635,1
climbing,58666,58635,58666,31
rearing,58667,58666,58667,1
grooming,58672,58667,58672,5
left_turning,58679,58672,58679,7
sniffing,58680,58679,58680,1
walking,58726,58680,58726,46
left_turning,58771,58726,58771,45
sniffing,58772,58771,58772,1
stepping,58789,58772,58789,17
rising,58790,58789,58790,1
sniffing,58791,58790,58791,1
hunching,58879,58791,58879,88
right_turning,58882,58879,58882,3
walking,58916,58882,58916,34
climbing,58943,58916,58943,27
rearing,58970,58943,58970,27
grooming,59250,58970,59250,280
rearing,59251,59250,59251,1
sniffing,59290,59251,59290,39
right_turning,59310,59290,59310,20
trotting,59369,59310,59369,59
stepping,59406,59369,59406,37
rising,59469,59406,59469,63
rearing,59533,59469,59533,64
hunching,59637,59533,59637,104
climbing,59686,59637,59686,49
rearing,59687,59686,59687,1
sniffing,59712,59687,59712,25
rearing,59753,59712,59753,41
grooming,59768,59753,59768,15
walking,59778,59768,59778,10
sniffing,59805,59778,59805,27
rearing,59866,59805,59866,61
rising,59867,59866,59867,1
climbing,59911,59867,59911,44
sniffing,59999,59911,59999,88
stepping,60022,59999,60022,23
rising,60023,60022,60023,1
walking,60085,60023,60085,62
sniffing,60097,60085,60097,12
jumping,60166,60097,60166,69
rearing,60186,60166,60186,20
grooming,60497,60186,60497,311
left_turning,60536,60497,60536,39
rising,60582,60536,60582,46
sniffing,60628,60582,60628,46
rising,60685,60628,60685,57
climbing,60756,60685,60756,71
sniffing,60757,60756,60757,1
walking,60781,60757,60781,24
rising,60821,60781,60821,40
sniffing,60893,60821,60893,72
walking,60901,60893,60901,8
climbing,60955,60901,60955,54
hunching,60974,60955,60974,19
sniffing,60975,60974,60975,1
walking,61000,60975,61000,25
right_turning,61001,61000,61001,1
sniffing,61002,61001,61002,1
climbing,61075,61002,61075,73
walking,61094,61075,61094,19
left_turning,61108,61094,61108,14
stepping,61120,61108,61120,12
walking,61126,61120,61126,6
sniffing,61127,61126,61127,1
walking,61128,61127,61128,1
sniffing,61178,61128,61178,50
rising,61199,61178,61199,21
walking,61208,61199,61208,9
sniffing,61268,61208,61268,60
rising,61430,61268,61430,162
hunching,61431,61430,61431,1
climbing,61489,61431,61489,58
walking,61490,61489,61490,1
sniffing,61509,61490,61509,19
grooming,61620,61509,61620,111
sniffing,61621,61620,61621,1
walking,61622,61621,61622,1
rising,61646,61622,61646,24
rearing,61708,61646,61708,62
climbing,61738,61708,61738,30
rearing,61739,61738,61739,1
sniffing,61817,61739,61817,78
climbing,61965,61817,61965,148
left_turning,61999,61965,61999,34
walking,62020,61999,62020,21
rising,62047,62020,62047,27
left_turning,62105,62047,62105,58
walking,62119,62105,62119,14
left_turning,62178,62119,62178,59
sniffing,62469,62178,62469,291
rising,62470,62469,62470,1
walking,62485,62470,62485,15
rising,62494,62485,62494,9
rearing,62495,62494,62495,1
sniffing,62599,62495,62599,104
climbing,62632,62599,62632,33
trotting,62657,62632,62657,25
sniffing,62741,62657,62741,84
walking,62780,62741,62780,39
sniffing,62836,62780,62836,56
left_turning,62877,62836,62877,41
sniffing,62938,62877,62938,61
rising,62962,62938,62962,24
running,63002,62962,63002,40
walking,63028,63002,63028,26
stepping,63058,63028,63058,30
walking,63059,63058,63059,1
sniffing,63180,63059,63180,121
rearing,63249,63180,63249,69
climbing,63289,63249,63289,40
sniffing,63310,63289,63310,21
grooming,63358,63310,63358,48
hunching,63359,63358,63359,1
sniffing,63451,63359,63451,92
left_turning,63462,63451,63462,11
walking,63489,63462,63489,27
sniffing,63521,63489,63521,32
grooming,63603,63521,63603,82
climbing,63716,63603,63716,113
walking,63751,63716,63751,35
sniffing,63799,63751,63799,48
walking,63826,63799,63826,27
sniffing,63908,63826,63908,82
climbing,63980,63908,63980,72
rearing,64104,63980,64104,124
rising,64110,64104,64110,6
grooming,64267,64110,64267,157
right_turning,64268,64267,64268,1
sniffing,64332,64268,64332,64
hunching,64416,64332,64416,84
grooming,64417,64416,64417,1
running,64418,64417,64418,1
sniffing,64459,64418,64459,41
left_turning,64516,64459,64516,57
rising,64568,64516,64568,52
climbing,64578,64568,64578,10
hunching,64580,64578,64580,2
right_turning,64600,64580,64600,20
stepping,64630,64600,64630,30
sniffing,64674,64630,64674,44
rearing,64787,64674,64787,113
sniffing,64805,64787,64805,18
climbing,64902,64805,64902,97
walking,64940,64902,64940,38
climbing,64955,64940,64955,15
walking,64969,64955,64969,14
sniffing,64990,64969,64990,21
rearing,65087,64990,65087,97
rising,65102,65087,65102,15
climbing,65121,65102,65121,19
rising,65224,65121,65224,103
climbing,65232,65224,65232,8
rising,65270,65232,65270,38
sniffing,65298,65270,65298,28
climbing,65320,65298,65320,22
rising,65355,65320,65355,35
climbing,65434,65355,65434,79
rising,65510,65434,65510,76
rearing,65511,65510,65511,1
climbing,65520,65511,65520,9
trotting,65570,65520,65570,50
right_turning,65577,65570,65577,7
sniffing,65652,65577,65652,75
rearing,65793,65652,65793,141
walking,65802,65793,65802,9
sniffing,65836,65802,65836,34
stepping,65893,65836,65893,57
grooming,65894,65893,65894,1
rearing,65946,65894,65946,52
climbing,65947,65946,65947,1
stepping,65974,65947,65974,27
climbing,66063,65974,66063,89
hunching,66099,66063,66099,36
grooming,66293,66099,66293,194
sniffing,66294,66293,66294,1
grooming,66399,66294,66399,105
sniffing,66581,66399,66581,182
rising,66591,66581,66591,10
sniffing,66622,66591,66622,31
climbing,66663,66622,66663,41
sniffing,66664,66663,66664,1
walking,66665,66664,66665,1
left_turning,66701,66665,66701,36
walking,66711,66701,66711,10
climbing,66740,66711,66740,29
left_turning,66758,66740,66758,18
rising,66772,66758,66772,14
climbing,66800,66772,66800,28
left_turning,66816,66800,66816,16
trotting,66824,66816,66824,8
walking,66929,66824,66929,105
left_turning,66948,66929,66948,19
sniffing,66976,66948,66976,28
climbing,67055,66976,67055,79
sniffing,67090,67055,67090,35
walking,67091,67090,67091,1
sniffing,67092,67091,67092,1
rising,67104,67092,67104,12
sniffing,67169,67104,67169,65
right_turning,67178,67169,67178,9
sniffing,67179,67178,67179,1
walking,67220,67179,67220,41
sniffing,67244,67220,67244,24
rising,67245,67244,67245,1
climbing,67289,67245,67289,44
rearing,67317,67289,67317,28
climbing,67372,67317,67372,55
sniffing,67447,67372,67447,75
left_turning,67485,67447,67485,38
grooming,67592,67485,67592,107
climbing,67636,67592,67636,44
rearing,67666,67636,67666,30
left_turning,67675,67666,67675,9
stepping,67698,67675,67698,23
sniffing,67703,67698,67703,5
rising,67740,67703,67740,37
right_turning,67747,67740,67747,7
walking,67780,67747,67780,33
stepping,67839,67780,67839,59
walking,67870,67839,67870,31
sniffing,67893,67870,67893,23
climbing,68010,67893,68010,117
sniffing,68303,68010,68303,293
walking,68351,68303,68351,48
sniffing,68420,68351,68420,69
grooming,68472,68420,68472,52
rearing,68589,68472,68589,117
rising,68663,68589,68663,74
stepping,68696,68663,68696,33
sniffing,68736,68696,68736,40
rising,68759,68736,68759,23
running,68789,68759,68789,30
climbing,68805,68789,68805,16
walking,68809,68805,68809,4
climbing,68844,68809,68844,35
walking,68877,68844,68877,33
sniffing,68918,68877,68918,41
right_turning,68919,68918,68919,1
running,68949,68919,68949,30
climbing,68998,68949,68998,49
hunching,69091,68998,69091,93
sniffing,69116,69091,69116,25
rising,69117,69116,69117,1
left_turning,69118,69117,69118,1
walking,69132,69118,69132,14
rearing,69262,69132,69262,130
rising,69319,69262,69319,57
climbing,69332,69319,69332,13
sniffing,69457,69332,69457,125
climbing,69531,69457,69531,74
right_turning,69543,69531,69543,12
trotting,69556,69543,69556,13
sniffing,69595,69556,69595,39
right_turning,69614,69595,69614,19
left_turning,69615,69614,69615,1
sniffing,69616,69615,69616,1
rearing,69679,69616,69679,63
sniffing,69692,69679,69692,13
left_turning,69694,69692,69694,2
sniffing,69704,69694,69704,10
walking,69714,69704,69714,10
rearing,69778,69714,69778,64
grooming,69779,69778,69779,1
sniffing,69780,69779,69780,1
walking,69824,69780,69824,44
climbing,69934,69824,69934,110
grooming,69935,69934,69935,1
hunching,69976,69935,69976,41
rising,70027,69976,70027,51
rearing,70117,70027,70117,90
hunching,70118,70117,70118,1
jumping,70218,70118,70218,100
right_turning,70269,70218,70269,51
trotting,70285,70269,70285,16
sniffing,70429,70285,70429,144
walking,70458,70429,70458,29
climbing,70580,70458,70580,122
hunching,70602,70580,70602,22
rising,70633,70602,70633,31
rearing,70728,70633,70728,95
walking,70729,70728,70729,1
sniffing,70730,70729,70730,1
climbing,70739,70730,70739,9
walking,70812,70739,70812,73
stepping,70873,70812,70873,61
sniffing,70981,70873,70981,108
left_turning,71027,70981,71027,46
sniffing,71040,71027,71040,13
rising,71095,71040,71095,55
climbing,71151,71095,71151,56
walking,71152,71151,71152,1
left_turning,71175,71152,71175,23
walking,71206,71175,71206,31
stepping,71261,71206,71261,55
left_turning,71305,71261,71305,44
walking,71306,71305,71306,1
sniffing,71344,71306,71344,38
rising,71351,71344,71351,7
climbing,71419,71351,71419,68
trotting,71462,71419,71462,43
sniffing,71520,71462,71520,58
walking,71532,71520,71532,12
rising,71568,71532,71568,36
hunching,71569,71568,71569,1
walking,71576,71569,71576,7
rising,71651,71576,71651,75
climbing,71708,71651,71708,57
rising,71740,71708,71740,32
climbing,71780,71740,71780,40
hunching,71806,71780,71806,26
climbing,71828,71806,71828,22
walking,71889,71828,71889,61
rising,72007,71889,72007,118
climbing,72038,72007,72038,31
rearing,72132,72038,72132,94
left_turning,72140,72132,72140,8
trotting,72159,72140,72159,19
rising,72181,72159,72181,22
climbing,72220,72181,72220,39
hunching,72244,72220,72244,24
rearing,72245,72244,72245,1
rising,72295,72245,72295,50
left_turning,72332,72295,72332,37
walking,72367,72332,72367,35
rising,72368,72367,72368,1
climbing,72411,72368,72411,43
hunching,72412,72411,72412,1
sniffing,72502,72412,72502,90
rising,72503,72502,72503,1
sniffing,72604,72503,72604,101
climbing,72651,72604,72651,47
trotting,72669,72651,72669,18
stepping,72670,72669,72670,1
rising,72676,72670,72676,6
sniffing,72747,72676,72747,71
left_turning,72786,72747,72786,39
sniffing,72850,72786,72850,64
rearing,72851,72850,72851,1
walking,72864,72851,72864,13
sniffing,72867,72864,72867,3
rising,72891,72867,72891,24
climbing,72961,72891,72961,70
sniffing,72968,72961,72968,7
stepping,72969,72968,72969,1
sniffing,72993,72969,72993,24
right_turning,73006,72993,73006,13
trotting,73022,73006,73022,16
walking,73029,73022,73029,7
rising,73096,73029,73096,67
sniffing,73107,73096,73107,11
climbing,73110,73107,73110,3
hunching,73211,73110,73211,101
climbing,73222,73211,73222,11
right_turning,73239,73222,73239,17
walking,73281,73239,73281,42
rising,73317,73281,73317,36
sniffing,73396,73317,73396,79
stepping,73411,73396,73411,15
left_turning,73412,73411,73412,1
sniffing,73562,73412,73562,150
climbing,73563,73562,73563,1
rising,73615,73563,73615,52
sniffing,73630,73615,73630,15
rising,73678,73630,73678,48
sniffing,73699,73678,73699,21
rising,73729,73699,73729,30
hunching,73821,73729,73821,92
sniffing,73856,73821,73856,35
walking,73899,73856,73899,43
climbing,73917,73899,73917,18
sniffing,73976,73917,73976,59
climbing,74078,73976,74078,102
trotting,74094,74078,74094,16
left_turning,74165,74094,74165,71
sniffing,74203,74165,74203,38
rising,74204,74203,74204,1
walking,74209,74204,74209,5
rising,74246,74209,74246,37
sniffing,74362,74246,74362,116
right_turning,74363,74362,74363,1
walking,74369,74363,74369,6
sniffing,74407,74369,74407,38
hunching,74408,74407,74408,1
rising,74431,74408,74431,23
sniffing,74474,74431,74474,43
rising,74475,74474,74475,1
climbing,74531,74475,74531,56
right_turning,74566,74531,74566,35
walking,74574,74566,74574,8
rearing,74635,74574,74635,61
left_turning,74636,74635,74636,1
walking,74665,74636,74665,29
sniffing,74744,74665,74744,79
stepping,74758,74744,74758,14
sniffing,74825,74758,74825,67
trotting,74842,74825,74842,17
sniffing,74885,74842,74885,43
climbing,74922,74885,74922,37
sniffing,74947,74922,74947,25
left_turning,75019,74947,75019,72
sniffing,75098,75019,75098,79
rearing,75192,75098,75192,94
sniffing,75260,75192,75260,68
walking,75264,75260,75264,4
trotting,75303,75264,75303,39
walking,75304,75303,75304,1
sniffing,75366,75304,75366,62
stepping,75368,75366,75368,2
walking,75369,75368,75369,1
sniffing,75370,75369,75370,1
climbing,75381,75370,75381,11
walking,75414,75381,75414,33
rising,75415,75414,75415,1
left_turning,75467,75415,75467,52
sniffing,75468,75467,75468,1
rising,75475,75468,75475,7
trotting,75476,75475,75476,1
stepping,75494,75476,75494,18
left_turning,75546,75494,75546,52
walking,75561,75546,75561,15
rising,75611,75561,75611,50
climbing,75658,75611,75658,47
sniffing,75659,75658,75659,1
walking,75683,75659,75683,24
sniffing,75696,75683,75696,13
hunching,75717,75696,75717,21
sniffing,75835,75717,75835,118
rising,75883,75835,75883,48
sniffing,75900,75883,75900,17
rearing,76015,75900,76015,115
sniffing,76120,76015,76120,105
right_turning,76148,76120,76148,28
trotting,76183,76148,76183,35
walking,76226,76183,76226,43
rising,76279,76226,76279,53
climbing,76319,76279,76319,40
right_turning,76351,76319,76351,32
walking,76352,76351,76352,1
sniffing,76353,76352,76353,1
rising,76359,76353,76359,6
sniffing,76413,76359,76413,54
rising,76460,76413,76460,47
sniffing,76566,76460,76566,106
hunching,76658,76566,76658,92
rearing,76693,76658,76693,35
walking,76753,76693,76753,60
rearing,76781,76753,76781,28
walking,76818,76781,76818,37
left_turning,76819,76818,76819,1
running,76838,76819,76838,19
rising,76849,76838,76849,11
hunching,76945,76849,76945,96
sniffing,77051,76945,77051,106
stepping,77079,77051,77079,28
walking,77144,77079,77144,65
climbing,77165,77144,77165,21
running,77183,77165,77183,18
sniffing,77221,77183,77221,38
rising,77241,77221,77241,20
climbing,77255,77241,77255,14
trotting,77258,77255,77258,3
stepping,77278,77258,77278,20
climbing,77302,77278,77302,24
walking,77324,77302,77324,22
trotting,77340,77324,77340,16
sniffing,77369,77340,77369,29
climbing,77385,77369,77385,16
left_turning,77386,77385,77386,1
running,77434,77386,77434,48
sniffing,77487,77434,77487,53
walking,77512,77487,77512,25
left_turning,77585,77512,77585,73
sniffing,77693,77585,77693,108
right_turning,77694,77693,77694,1
left_turning,77728,77694,77728,34
sniffing,77805,77728,77805,77
walking,77806,77805,77806,1
rearing,77943,77806,77943,137
rising,77987,77943,77987,44
climbing,78047,77987,78047,60
grooming,78381,78047,78381,334
left_turning,78414,78381,78414,33
stepping,78435,78414,78435,21
walking,78436,78435,78436,1
sniffing,78512,78436,78512,76
rising,78585,78512,78585,73
climbing,78603,78585,78603,18
walking,78629,78603,78629,26
sniffing,78630,78629,78630,1
left_turning,78636,78630,78636,6
walking,78641,78636,78641,5
climbing,78799,78641,78799,158
hunching,78886,78799,78886,87
sniffing,78896,78886,78896,10
walking,78947,78896,78947,51
sniffing,78948,78947,78948,1
rearing,79023,78948,79023,75
left_turning,79091,79023,79091,68
sniffing,79143,79091,79143,52
walking,79177,79143,79177,34
left_turning,79207,79177,79207,30
trotting,79238,79207,79238,31
sniffing,79317,79238,79317,79
walking,79352,79317,79352,35
sniffing,79443,79352,79443,91
walking,79469,79443,79469,26
sniffing,79564,79469,79564,95
rising,79576,79564,79576,12
left_turning,79577,79576,79577,1
trotting,79624,79577,79624,47
walking,79662,79624,79662,38
sniffing,79721,79662,79721,59
right_turning,79722,79721,79722,1
walking,79743,79722,79743,21
left_turning,79746,79743,79746,3
sniffing,79753,79746,79753,7
stepping,79754,79753,79754,1
sniffing,79767,79754,79767,13
climbing,79772,79767,79772,5
trotting,79777,79772,79777,5
rising,79814,79777,79814,37
walking,79857,79814,79857,43
stepping,79876,79857,79876,19
rearing,79948,79876,79948,72
climbing,79966,79948,79966,18
left_turning,80068,79966,80068,102
sniffing,80161,80068,80161,93
rising,80171,80161,80171,10
walking,80217,80171,80217,46
trotting,80261,80217,80261,44
walking,80292,80261,80292,31
sniffing,80338,80292,80338,46
left_turning,80389,80338,80389,51
sniffing,80423,80389,80423,34
left_turning,80458,80423,80458,35
sniffing,80475,80458,80475,17
rising,80500,80475,80500,25
climbing,80533,80500,80533,33
right_turning,80553,80533,80553,20
walking,80651,80553,80651,98
hunching,80740,80651,80740,89
right_turning,80775,80740,80775,35
running,80790,80775,80790,15
walking,80837,80790,80837,47
climbing,80881,80837,80881,44
sniffing,80902,80881,80902,21
trotting,80920,80902,80920,18
left_turning,80921,80920,80921,1
walking,80949,80921,80949,28
climbing,81006,80949,81006,57
left_turning,81030,81006,81030,24
walking,81031,81030,81031,1
sniffing,81088,81031,81088,57
climbing,81102,81088,81102,14
walking,81125,81102,81125,23
trotting,81157,81125,81157,32
stepping,81172,81157,81172,15
walking,81173,81172,81173,1
sniffing,81189,81173,81189,16
trotting,81228,81189,81228,39
rising,81276,81228,81276,48
climbing,81286,81276,81286,10
sniffing,81287,81286,81287,1
rising,81336,81287,81336,49
left_turning,81337,81336,81337,1
rising,81385,81337,81385,48
climbing,81403,81385,81403,18
grooming,81404,81403,81404,1
climbing,81454,81404,81454,50
sniffing,81564,81454,81564,110
rising,81565,81564,81565,1
right_turning,81587,81565,81587,22
walking,81630,81587,81630,43
rising,81631,81630,81631,1
climbing,81701,81631,81701,70
rearing,81702,81701,81702,1
hunching,81898,81702,81898,196
rising,81933,81898,81933,35
climbing,81992,81933,81992,59
rearing,81993,81992,81993,1
hunching,82060,81993,82060,67
sniffing,82185,82060,82185,125
walking,82205,82185,82205,20
sniffing,82358,82205,82358,153
walking,82359,82358,82359,1
sniffing,82430,82359,82430,71
rising,82501,82430,82501,71
rearing,82529,82501,82529,28
grooming,83070,82529,83070,541
hunching,83102,83070,83102,32
rearing,83165,83102,83165,63
right_turning,83171,83165,83171,6
walking,83202,83171,83202,31
sniffing,83335,83202,83335,133
left_turning,83365,83335,83365,30
sniffing,83438,83365,83438,73
right_turning,83465,83438,83465,27
sniffing,83541,83465,83541,76
stepping,83599,83541,83599,58
sniffing,83693,83599,83693,94
walking,83717,83693,83717,24
sniffing,83719,83717,83719,2
rising,83745,83719,83745,26
sniffing,83840,83745,83840,95
hunching,83916,83840,83916,76
climbing,83946,83916,83946,30
walking,83963,83946,83963,17
trotting,84006,83963,84006,43
sniffing,84042,84006,84042,36
climbing,84110,84042,84110,68
right_turning,84142,84110,84142,32
trotting,84156,84142,84156,14
stepping,84188,84156,84188,32
walking,84204,84188,84204,16
left_turning,84267,84204,84267,63
sniffing,84344,84267,84344,77
walking,84352,84344,84352,8
sniffing,84353,84352,84353,1
walking,84357,84353,84357,4
sniffing,84383,84357,84383,26
rising,84388,84383,84388,5
climbing,84390,84388,84390,2
rising,84582,84390,84582,192
rearing,84727,84582,84727,145
sniffing,84780,84727,84780,53
walking,84801,84780,84801,21
rising,84802,84801,84802,1
trotting,84822,84802,84822,20
sniffing,84823,84822,84823,1
walking,84847,84823,84847,24
sniffing,84875,84847,84875,28
climbing,84876,84875,84876,1
grooming,84884,84876,84884,8
walking,84910,84884,84910,26
sniffing,84966,84910,84966,56
rising,85003,84966,85003,37
sniffing,85013,85003,85013,10
walking,85024,85013,85024,11
sniffing,85025,85024,85025,1
left_turning,85061,85025,85061,36
sniffing,85062,85061,85062,1
left_turning,85102,85062,85102,40
trotting,85124,85102,85124,22
sniffing,85125,85124,85125,1
climbing,85176,85125,85176,51
left_turning,85230,85176,85230,54
sniffing,85250,85230,85250,20
climbing,85319,85250,85319,69
sniffing,85430,85319,85430,111
rising,85473,85430,85473,43
hunching,85522,85473,85522,49
rearing,85920,85522,85920,398
running,85960,85920,85960,40
walking,85977,85960,85977,17
stepping,85997,85977,85997,20
trotting,86038,85997,86038,41
sniffing,86053,86038,86053,15
right_turning,86091,86053,86091,38
walking,86104,86091,86104,13
sniffing,86157,86104,86157,53
right_turning,86193,86157,86193,36
stepping,86208,86193,86208,15
walking,86215,86208,86215,7
rising,86223,86215,86223,8
climbing,86290,86223,86290,67
rising,86354,86290,86354,64
sniffing,86383,86354,86383,29
left_turning,86384,86383,86384,1
sniffing,86385,86384,86385,1
left_turning,86413,86385,86413,28
running,86440,86413,86440,27
sniffing,86580,86440,86580,140
left_turning,86605,86580,86605,25
sniffing,86721,86605,86721,116
climbing,86762,86721,86762,41
grooming,86763,86762,86763,1
rearing,86862,86763,86862,99
grooming,86906,86862,86906,44
rearing,87103,86906,87103,197
rising,87268,87103,87268,165
climbing,87270,87268,87270,2
rising,87303,87270,87303,33
climbing,87378,87303,87378,75
rising,87391,87378,87391,13
climbing,87456,87391,87456,65
right_turning,87500,87456,87500,44
walking,87544,87500,87544,44
stepping,87569,87544,87569,25
right_turning,87588,87569,87588,19
rising,87635,87588,87635,47
sniffing,87687,87635,87687,52
left_turning,87697,87687,87697,10
sniffing,87698,87697,87698,1
right_turning,87739,87698,87739,41
running,87769,87739,87769,30
left_turning,87826,87769,87826,57
walking,87990,87826,87990,164
left_turning,88043,87990,88043,53
trotting,88065,88043,88065,22
walking,88066,88065,88066,1
sniffing,88077,88066,88077,11
right_turning,88091,88077,88091,14
stepping,88122,88091,88122,31
climbing,88168,88122,88168,46
left_turning,88219,88168,88219,51
hunching,88280,88219,88280,61
grooming,88320,88280,88320,40
rearing,88321,88320,88321,1
sniffing,88340,88321,88340,19
rearing,88341,88340,88341,1
grooming,88461,88341,88461,120
left_turning,88542,88461,88542,81
sniffing,88563,88542,88563,21
hunching,88694,88563,88694,131
climbing,88712,88694,88712,18
trotting,88748,88712,88748,36
rising,88783,88748,88783,35
grooming,88850,88783,88850,67
left_turning,88899,88850,88899,49
walking,88964,88899,88964,65
sniffing,89000,88964,89000,36
walking,89043,89000,89043,43
right_turning,89044,89043,89044,1
walking,89053,89044,89053,9
left_turning,89072,89053,89072,19
sniffing,89084,89072,89084,12
walking,89109,89084,89109,25
sniffing,89184,89109,89184,75
hunching,89287,89184,89287,103
right_turning,89294,89287,89294,7
rising,89325,89294,89325,31
climbing,89361,89325,89361,36
sniffing,89362,89361,89362,1
rising,89364,89362,89364,2
sniffing,89458,89364,89458,94
rearing,89459,89458,89459,1
sniffing,89573,89459,89573,114
walking,89649,89573,89649,76
left_turning,89679,89649,89679,30
trotting,89691,89679,89691,12
rising,89769,89691,89769,78
left_turning,89845,89769,89845,76
sniffing,89883,89845,89883,38
walking,89901,89883,89901,18
climbing,89907,89901,89907,6
rising,89984,89907,89984,77
sniffing,90019,89984,90019,35
right_turning,90027,90019,90027,8
sniffing,90116,90027,90116,89
walking,90161,90116,90161,45
rising,90162,90161,90162,1
climbing,90259,90162,90259,97
walking,90282,90259,90282,23
rising,90283,90282,90283,1
climbing,90341,90283,90341,58
sniffing,90381,90341,90381,40
walking,90422,90381,90422,41
climbing,90451,90422,90451,29
sniffing,90452,90451,90452,1
rising,90482,90452,90482,30
climbing,90540,90482,90540,58
rearing,90575,90540,90575,35
sniffing,90677,90575,90677,102
rearing,90678,90677,90678,1
left_turning,90763,90678,90763,85
stepping,90805,90763,90805,42
trotting,90844,90805,90844,39
stepping,90855,90844,90855,11
sniffing,90887,90855,90887,32
rising,90940,90887,90940,53
left_turning,90974,90940,90974,34
walking,91001,90974,91001,27
sniffing,91059,91001,91059,58
grooming,91222,91059,91222,163
rearing,91264,91222,91264,42
right_turning,91281,91264,91281,17
trotting,91325,91281,91325,44
sniffing,91398,91325,91398,73
left_turning,91418,91398,91418,20
sniffing,91419,91418,91419,1
rising,91430,91419,91430,11
walking,91455,91430,91455,25
rising,91481,91455,91481,26
sniffing,91535,91481,91535,54
right_turning,91536,91535,91536,1
walking,91573,91536,91573,37
rising,91594,91573,91594,21
walking,91619,91594,91619,25
rising,91643,91619,91643,24
walking,91679,91643,91679,36
rising,91716,91679,91716,37
sniffing,91717,91716,91717,1
walking,91753,91717,91753,36
sniffing,91818,91753,91818,65
walking,91832,91818,91832,14
sniffing,91833,91832,91833,1
stepping,91854,91833,91854,21
walking,91878,91854,91878,24
climbing,91908,91878,91908,30
left_turning,91932,91908,91932,24
walking,91949,91932,91949,17
rising,91987,91949,91987,38
stepping,92045,91987,92045,58
jumping,92046,92045,92046,1
rising,92089,92046,92089,43
sniffing,92098,92089,92098,9
stepping,92099,92098,92099,1
walking,92136,92099,92136,37
rising,92137,92136,92137,1
right_turning,92153,92137,92153,16
walking,92192,92153,92192,39
left_turning,92210,92192,92210,18
walking,92219,92210,92219,9
left_turning,92243,92219,92243,24
stepping,92244,92243,92244,1
right_turning,92265,92244,92265,21
walking,92290,92265,92290,25
left_turning,92313,92290,92313,23
sniffing,92327,92313,92327,14
rising,92359,92327,92359,32
walking,92380,92359,92380,21
climbing,92432,92380,92432,52
rearing,92508,92432,92508,76
rising,92606,92508,92606,98
climbing,92708,92606,92708,102
trotting,92737,92708,92737,29
left_turning,92751,92737,92751,14
rearing,92752,92751,92752,1
hunching,92792,92752,92792,40
sniffing,92882,92792,92882,90
stepping,92888,92882,92888,6
walking,92889,92888,92889,1
sniffing,92964,92889,92964,75
rising,93003,92964,93003,39
trotting,93026,93003,93026,23
sniffing,93066,93026,93066,40
left_turning,93157,93066,93157,91
running,93195,93157,93195,38
sniffing,93217,93195,93217,22
right_turning,93262,93217,93262,45
walking,93295,93262,93295,33
left_turning,93296,93295,93296,1
trotting,93352,93296,93352,56
sniffing,93453,93352,93453,101
right_turning,93468,93453,93468,15
rising,93475,93468,93475,7
sniffing,93541,93475,93541,66
pausing,93863,93541,93863,322
sniffing,93864,93863,93864,1
left_turning,93904,93864,93904,40
sniffing,93921,93904,93921,17
left_turning,93956,93921,93956,35
sniffing,93996,93956,93996,40
walking,94030,93996,94030,34
stepping,94031,94030,94031,1
rising,94037,94031,94037,6
climbing,94123,94037,94123,86
sniffing,94175,94123,94175,52
grooming,94209,94175,94209,34
stepping,94215,94209,94215,6
climbing,94272,94215,94272,57
sniffing,94273,94272,94273,1
rearing,94343,94273,94343,70
walking,94366,94343,94366,23
grooming,94367,94366,94367,1
walking,94389,94367,94389,22
left_turning,94390,94389,94390,1
trotting,94425,94390,94425,35
left_turning,94439,94425,94439,14
walking,94440,94439,94440,1
sniffing,94483,94440,94483,43
left_turning,94514,94483,94514,31
sniffing,94549,94514,94549,35
right_turning,94590,94549,94590,41
walking,94594,94590,94594,4
sniffing,94632,94594,94632,38
left_turning,94691,94632,94691,59
walking,94754,94691,94754,63
sniffing,94807,94754,94807,53
rearing,94808,94807,94808,1
rising,94849,94808,94849,41
climbing,94920,94849,94920,71
rising,94931,94920,94931,11
climbing,94988,94931,94988,57
grooming,95728,94988,95728,740
left_turning,95757,95728,95757,29
running,95789,95757,95789,32
walking,95790,95789,95790,1
left_turning,95850,95790,95850,60
climbing,95917,95850,95917,67
sniffing,96075,95917,96075,158
walking,96082,96075,96082,7
sniffing,96189,96082,96189,107
rising,96233,96189,96233,44
climbing,96258,96233,96258,25
rising,96291,96258,96291,33
right_turning,96306,96291,96306,15
grooming,96455,96306,96455,149
climbing,96457,96455,96457,2
rearing,96543,96457,96543,86
sniffing,96555,96543,96555,12
climbing,96618,96555,96618,63
rising,96621,96618,96621,3
climbing,96622,96621,96622,1
rising,96649,96622,96649,27
sniffing,96746,96649,96746,97
rising,96925,96746,96925,179
climbing,96946,96925,96946,21
rising,96977,96946,96977,31
sniffing,97006,96977,97006,29
walking,97009,97006,97009,3
climbing,97099,97009,97099,90
rearing,97253,97099,97253,154
sniffing,97292,97253,97292,39
rising,97319,97292,97319,27
sniffing,97324,97319,97324,5
rising,97342,97324,97342,18
sniffing,97486,97342,97486,144
rearing,97552,97486,97552,66
hunching,97572,97552,97572,20
sniffing,97585,97572,97585,13
rising,97594,97585,97594,9
climbing,97662,97594,97662,68
rising,97676,97662,97676,14
sniffing,97706,97676,97706,30
climbing,97776,97706,97776,70
trotting,97805,97776,97805,29
rising,97809,97805,97809,4
climbing,97880,97809,97880,71
sniffing,97912,97880,97912,32
grooming,97913,97912,97913,1
rearing,97989,97913,97989,76
rising,98011,97989,98011,22
rearing,98252,98011,98252,241
grooming,98272,98252,98272,20
sniffing,98386,98272,98386,114
climbing,98452,98386,98452,66
hunching,98565,98452,98565,113
trotting,98608,98565,98608,43
sniffing,98643,98608,98643,35
running,98648,98643,98648,5
left_turning,98649,98648,98649,1
stepping,98685,98649,98685,36
sniffing,98686,98685,98686,1
climbing,98728,98686,98728,42
rearing,98783,98728,98783,55
sniffing,98877,98783,98877,94
climbing,98916,98877,98916,39
walking,98934,98916,98934,18
jumping,99033,98934,99033,99
walking,99042,99033,99042,9
trotting,99072,99042,99072,30
rising,99118,99072,99118,46
climbing,99119,99118,99119,1
stepping,99161,99119,99161,42
sniffing,99258,99161,99258,97
rising,99272,99258,99272,14
walking,99277,99272,99277,5
left_turning,99315,99277,99315,38
sniffing,99398,99315,99398,83
walking,99458,99398,99458,60
climbing,99459,99458,99459,1
hunching,99460,99459,99460,1
sniffing,99539,99460,99539,79
walking,99567,99539,99567,28
sniffing,99660,99567,99660,93
grooming,99740,99660,99740,80
rearing,99830,99740,99830,90
climbing,99851,99830,99851,21
walking,99906,99851,99906,55
climbing,99990,99906,99990,84
rising,99991,99990,99991,1
stepping,100040,99991,100040,49
climbing,100056,100040,100056,16
rearing,100066,100056,100066,10
climbing,100067,100066,100067,1
rearing,100190,100067,100190,123
sniffing,100338,100190,100338,148
rising,100383,100338,100383,45
sniffing,100447,100383,100447,64
rearing,100481,100447,100481,34
climbing,100518,100481,100518,37
rearing,100543,100518,100543,25
sniffing,100635,100543,100635,92
left_turning,100718,100635,100718,83
walking,100722,100718,100722,4
sniffing,100855,100722,100855,133
rising,100856,100855,100856,1
walking,100890,100856,100890,34
sniffing,100941,100890,100941,51
walking,100966,100941,100966,25
grooming,102182,100966,102182,1216
trotting,102213,102182,102213,31
rising,102214,102213,102214,1
sniffing,102215,102214,102215,1
climbing,102251,102215,102251,36
rising,102264,102251,102264,13
rearing,102306,102264,102306,42
grooming,102389,102306,102389,83
sniffing,102449,102389,102449,60
pausing,102450,102449,102450,1
sniffing,102451,102450,102451,1
left_turning,102530,102451,102530,79
walking,102555,102530,102555,25
rising,102558,102555,102558,3
climbing,102559,102558,102559,1
grooming,102733,102559,102733,174
rearing,102775,102733,102775,42
left_turning,102818,102775,102818,43
trotting,102823,102818,102823,5
walking,102856,102823,102856,33
right_turning,102892,102856,102892,36
walking,102919,102892,102919,27
rising,102932,102919,102932,13
hunching,102933,102932,102933,1
grooming,103062,102933,103062,129
climbing,103122,103062,103122,60
sniffing,103205,103122,103205,83
walking,103224,103205,103224,19
left_turning,103268,103224,103268,44
sniffing,103340,103268,103340,72
rising,103499,103340,103499,159
climbing,103558,103499,103558,59
rising,103559,103558,103559,1
climbing,103560,103559,103560,1
rising,103596,103560,103596,36
sniffing,103688,103596,103688,92
pausing,103689,103688,103689,1
sniffing,103785,103689,103785,96
rising,103809,103785,103809,24
climbing,103875,103809,103875,66
right_turning,103892,103875,103892,17
left_turning,103893,103892,103893,1
rising,104039,103893,104039,146
rearing,104204,104039,104204,165
sniffing,104319,104204,104319,115
climbing,104388,104319,104388,69
rearing,104512,104388,104512,124
hunching,104590,104512,104590,78
walking,104591,104590,104591,1
sniffing,104683,104591,104683,92
rising,104684,104683,104684,1
rearing,104685,104684,104685,1
left_turning,104755,104685,104755,70
walking,104781,104755,104781,26
sniffing,104835,104781,104835,54
rising,104868,104835,104868,33
grooming,104953,104868,104953,85
sniffing,105011,104953,105011,58
left_turning,105096,105011,105096,85
sniffing,105134,105096,105134,38
rearing,105203,105134,105203,69
sniffing,105258,105203,105258,55
stepping,105370,105258,105370,112
sniffing,105410,105370,105410,40
left_turning,105462,105410,105462,52
walking,105465,105462,105465,3
sniffing,105521,105465,105521,56
hunching,105642,105521,105642,121
right_turning,105656,105642,105656,14
sniffing,105709,105656,105709,53
trotting,105727,105709,105727,18
sniffing,105776,105727,105776,49
grooming,105942,105776,105942,166
climbing,105943,105942,105943,1
right_turning,106004,105943,106004,61
walking,106006,106004,106006,2
rising,106096,106006,106096,90
sniffing,106097,106096,106097,1
rising,106106,106097,106106,9
climbing,106175,106106,106175,69
running,106204,106175,106204,29
walking,106245,106204,106245,41
sniffing,106385,106245,106385,140
grooming,106386,106385,106386,1
walking,106393,106386,106393,7
rising,106415,106393,106415,22
sniffing,106448,106415,106448,33
running,106473,106448,106473,25
climbing,106525,106473,106525,52
rearing,106597,106525,106597,72
grooming,106709,106597,106709,112
pausing,106710,106709,106710,1
sniffing,106745,106710,106745,35
walking,106780,106745,106780,35
left_turning,106784,106780,106784,4
running,106809,106784,106809,25
sniffing,106865,106809,106865,56
rising,106866,106865,106866,1
hunching,106950,106866,106950,84
rearing,107060,106950,107060,110
sniffing,107088,107060,107088,28
pausing,107089,107088,107089,1
sniffing,107199,107089,107199,110
rising,107232,107199,107232,33
sniffing,107267,107232,107267,35
rearing,107326,107267,107326,59
rising,107374,107326,107374,48
right_turning,107396,107374,107396,22
sniffing,107397,107396,107397,1
stepping,107473,107397,107473,76
sniffing,107540,107473,107540,67
rising,107616,107540,107616,76
hunching,107617,107616,107617,1
climbing,107649,107617,107649,32
sniffing,107650,107649,107650,1
grooming,108000,107650,108000,350
