revised_movement_label,segBoundary,segBoundary_start,segBoundary_end,length
trotting,59,0,59,59
walking,125,59,125,66
trotting,136,125,136,11
left_turning,157,136,157,21
sniffing,221,157,221,64
walking,267,221,267,46
left_turning,277,267,277,10
sniffing,320,277,320,43
rising,321,320,321,1
walking,339,321,339,18
climbing,394,339,394,55
sniffing,411,394,411,17
climbing,454,411,454,43
trotting,455,454,455,1
stepping,489,455,489,34
climbing,563,489,563,74
rising,592,563,592,29
stepping,654,592,654,62
sniffing,662,654,662,8
climbing,712,662,712,50
hunching,756,712,756,44
climbing,854,756,854,98
rising,884,854,884,30
stepping,899,884,899,15
sniffing,900,899,900,1
climbing,918,900,918,18
sniffing,936,918,936,18
right_turning,937,936,937,1
walking,938,937,938,1
climbing,976,938,976,38
trotting,985,976,985,9
sniffing,986,985,986,1
walking,1040,986,1040,54
rising,1123,1040,1123,83
climbing,1141,1123,1141,18
walking,1178,1141,1178,37
rising,1302,1178,1302,124
climbing,1336,1302,1336,34
rearing,1379,1336,1379,43
right_turning,1386,1379,1386,7
running,1387,1386,1387,1
sniffing,1388,1387,1388,1
rising,1398,1388,1398,10
climbing,1454,1398,1454,56
right_turning,1479,1454,1479,25
sniffing,1480,1479,1480,1
grooming,1481,1480,1481,1
sniffing,1509,1481,1509,28
rising,1573,1509,1573,64
hunching,1767,1573,1767,194
climbing,1810,1767,1810,43
trotting,1838,1810,1838,28
stepping,1868,1838,1868,30
walking,1886,1868,1886,18
trotting,1922,1886,1922,36
rising,1923,1922,1923,1
right_turning,1940,1923,1940,17
trotting,1963,1940,1963,23
rising,2033,1963,2033,70
climbing,2054,2033,2054,21
rising,2055,2054,2055,1
walking,2090,2055,2090,35
climbing,2145,2090,2145,55
left_turning,2246,2145,2246,101
sniffing,2368,2246,2368,122
walking,2462,2368,2462,94
left_turning,2507,2462,2507,45
sniffing,2508,2507,2508,1
walking,2560,2508,2560,52
sniffing,2624,2560,2624,64
pausing,2625,2624,2625,1
sniffing,2678,2625,2678,53
walking,2710,2678,2710,32
climbing,2811,2710,2811,101
walking,2823,2811,2823,12
sniffing,2885,2823,2885,62
left_turning,2912,2885,2912,27
rising,2913,2912,2913,1
walking,2947,2913,2947,34
sniffing,2962,2947,2962,15
walking,3024,2962,3024,62
sniffing,3089,3024,3089,65
hunching,3125,3089,3125,36
trotting,3150,3125,3150,25
walking,3156,3150,3156,6
rising,3175,3156,3175,19
stepping,3213,3175,3213,38
climbing,3235,3213,3235,22
sniffing,3284,3235,3284,49
left_turning,3324,3284,3324,40
walking,3347,3324,3347,23
sniffing,3381,3347,3381,34
walking,3427,3381,3427,46
sniffing,3508,3427,3508,81
climbing,3575,3508,3575,67
walking,3581,3575,3581,6
sniffing,3612,3581,3612,31
walking,3613,3612,3613,1
rising,3614,3613,3614,1
sniffing,3629,3614,3629,15
grooming,3630,3629,3630,1
sniffing,3633,3630,3633,3
rising,3702,3633,3702,69
rearing,4014,3702,4014,312
hunching,4096,4014,4096,82
rising,4097,4096,4097,1
walking,4114,4097,4114,17
climbing,4142,4114,4142,28
hunching,4334,4142,4334,192
sniffing,4335,4334,4335,1
rising,4336,4335,4336,1
grooming,4337,4336,4337,1
walking,4353,4337,4353,16
climbing,4359,4353,4359,6
sniffing,4423,4359,4423,64
left_turning,4424,4423,4424,1
trotting,4440,4424,4440,16
rising,4441,4440,4441,1
sniffing,4542,4441,4542,101
climbing,4603,4542,4603,61
rising,4610,4603,4610,7
left_turning,4611,4610,4611,1
trotting,4617,4611,4617,6
sniffing,4634,4617,4634,17
climbing,4693,4634,4693,59
sniffing,4694,4693,4694,1
left_turning,4695,4694,4695,1
sniffing,4823,4695,4823,128
rearing,4863,4823,4863,40
rising,4951,4863,4951,88
left_turning,4990,4951,4990,39
walking,4991,4990,4991,1
sniffing,5047,4991,5047,56
left_turning,5048,5047,5048,1
sniffing,5092,5048,5092,44
trotting,5110,5092,5110,18
stepping,5121,5110,5121,11
sniffing,5127,5121,5127,6
hunching,5160,5127,5160,33
climbing,5227,5160,5227,67
rising,5242,5227,5242,15
climbing,5311,5242,5311,69
sniffing,5312,5311,5312,1
walking,5402,5312,5402,90
left_turning,5448,5402,5448,46
climbing,5473,5448,5473,25
walking,5495,5473,5495,22
trotting,5530,5495,5530,35
climbing,5576,5530,5576,46
right_turning,5604,5576,5604,28
walking,5612,5604,5612,8
climbing,5660,5612,5660,48
rising,5661,5660,5661,1
climbing,5682,5661,5682,21
sniffing,5683,5682,5683,1
trotting,5724,5683,5724,41
left_turning,5725,5724,5725,1
walking,5748,5725,5748,23
sniffing,5783,5748,5783,35
climbing,5826,5783,5826,43
rearing,5933,5826,5933,107
climbing,5977,5933,5977,44
rising,6098,5977,6098,121
climbing,6122,6098,6122,24
sniffing,6258,6122,6258,136
walking,6329,6258,6329,71
trotting,6356,6329,6356,27
rising,6448,6356,6448,92
stepping,6449,6448,6449,1
trotting,6481,6449,6481,32
left_turning,6482,6481,6482,1
trotting,6504,6482,6504,22
rising,6505,6504,6505,1
sniffing,6621,6505,6621,116
left_turning,6625,6621,6625,4
trotting,6661,6625,6661,36
stepping,6721,6661,6721,60
rising,6774,6721,6774,53
sniffing,6847,6774,6847,73
rising,6884,6847,6884,37
left_turning,6905,6884,6905,21
stepping,6919,6905,6919,14
walking,6983,6919,6983,64
left_turning,7008,6983,7008,25
sniffing,7093,7008,7093,85
left_turning,7146,7093,7146,53
climbing,7188,7146,7188,42
sniffing,7216,7188,7216,28
rising,7217,7216,7217,1
climbing,7289,7217,7289,72
rearing,7320,7289,7320,31
left_turning,7321,7320,7321,1
climbing,7380,7321,7380,59
rising,7451,7380,7451,71
climbing,7480,7451,7480,29
sniffing,7543,7480,7543,63
walking,7577,7543,7577,34
left_turning,7596,7577,7596,19
sniffing,7638,7596,7638,42
left_turning,7671,7638,7671,33
walking,7689,7671,7689,18
rising,7734,7689,7734,45
sniffing,7735,7734,7735,1
hunching,7736,7735,7736,1
sniffing,7737,7736,7737,1
running,7757,7737,7757,20
trotting,7785,7757,7785,28
left_turning,7851,7785,7851,66
rising,7852,7851,7852,1
walking,7871,7852,7871,19
rising,7919,7871,7919,48
left_turning,7920,7919,7920,1
sniffing,7947,7920,7947,27
left_turning,8016,7947,8016,69
sniffing,8017,8016,8017,1
climbing,8061,8017,8061,44
rising,8079,8061,8079,18
left_turning,8099,8079,8099,20
sniffing,8100,8099,8100,1
walking,8101,8100,8101,1
climbing,8163,8101,8163,62
trotting,8188,8163,8188,25
walking,8273,8188,8273,85
climbing,8315,8273,8315,42
sniffing,8316,8315,8316,1
hunching,8317,8316,8317,1
sniffing,8422,8317,8422,105
climbing,8438,8422,8438,16
sniffing,8505,8438,8505,67
trotting,8537,8505,8537,32
walking,8580,8537,8580,43
rising,8619,8580,8619,39
climbing,8670,8619,8670,51
trotting,8717,8670,8717,47
walking,8752,8717,8752,35
hunching,8786,8752,8786,34
sniffing,8804,8786,8804,18
climbing,8853,8804,8853,49
trotting,8864,8853,8864,11
stepping,8872,8864,8872,8
sniffing,8924,8872,8924,52
rising,8950,8924,8950,26
right_turning,8971,8950,8971,21
walking,9049,8971,9049,78
hunching,9177,9049,9177,128
right_turning,9196,9177,9196,19
left_turning,9256,9196,9256,60
running,9299,9256,9299,43
walking,9361,9299,9361,62
right_turning,9364,9361,9364,3
walking,9365,9364,9365,1
sniffing,9366,9365,9366,1
rising,9455,9366,9455,89
sniffing,9475,9455,9475,20
trotting,9538,9475,9538,63
rising,9569,9538,9569,31
walking,9583,9569,9583,14
rising,9687,9583,9687,104
sniffing,9772,9687,9772,85
trotting,9790,9772,9790,18
sniffing,9791,9790,9791,1
climbing,9826,9791,9826,35
walking,9872,9826,9872,46
sniffing,9881,9872,9881,9
rising,10148,9881,10148,267
right_turning,10197,10148,10197,49
trotting,10235,10197,10235,38
walking,10273,10235,10273,38
sniffing,10335,10273,10335,62
walking,10425,10335,10425,90
trotting,10445,10425,10445,20
rising,10447,10445,10447,2
sniffing,10448,10447,10448,1
climbing,10522,10448,10522,74
stepping,10569,10522,10569,47
rising,10636,10569,10636,67
climbing,10659,10636,10659,23
walking,10755,10659,10755,96
rising,10827,10755,10827,72
walking,10847,10827,10847,20
stepping,10848,10847,10848,1
sniffing,10937,10848,10937,89
right_turning,10959,10937,10959,22
rising,11197,10959,11197,238
hunching,11198,11197,11198,1
sniffing,11274,11198,11274,76
walking,11301,11274,11301,27
left_turning,11337,11301,11337,36
climbing,11357,11337,11357,20
stepping,11385,11357,11385,28
climbing,11448,11385,11448,63
rearing,11644,11448,11644,196
left_turning,11657,11644,11657,13
walking,11666,11657,11666,9
sniffing,11667,11666,11667,1
walking,11691,11667,11691,24
stepping,11707,11691,11707,16
sniffing,11771,11707,11771,64
trotting,11791,11771,11791,20
walking,11806,11791,11806,15
climbing,11807,11806,11807,1
trotting,11831,11807,11831,24
rising,11846,11831,11846,15
walking,11879,11846,11879,33
trotting,11940,11879,11940,61
sniffing,12025,11940,12025,85
right_turning,12066,12025,12066,41
walking,12067,12066,12067,1
trotting,12094,12067,12094,27
sniffing,12121,12094,12121,27
left_turning,12134,12121,12134,13
rising,12175,12134,12175,41
hunching,12363,12175,12363,188
right_turning,12415,12363,12415,52
walking,12463,12415,12463,48
rising,12464,12463,12464,1
right_turning,12488,12464,12488,24
walking,12542,12488,12542,54
sniffing,12545,12542,12545,3
walking,12624,12545,12624,79
sniffing,12625,12624,12625,1
hunching,12626,12625,12626,1
sniffing,12706,12626,12706,80
walking,12735,12706,12735,29
left_turning,12783,12735,12783,48
walking,12800,12783,12800,17
sniffing,12818,12800,12818,18
rising,12864,12818,12864,46
right_turning,12898,12864,12898,34
sniffing,12899,12898,12899,1
walking,12933,12899,12933,34
sniffing,12947,12933,12947,14
rising,12948,12947,12948,1
sniffing,12970,12948,12970,22
trotting,13007,12970,13007,37
stepping,13055,13007,13055,48
walking,13065,13055,13065,10
sniffing,13086,13065,13086,21
rising,13150,13086,13150,64
climbing,13183,13150,13183,33
rising,13195,13183,13195,12
sniffing,13208,13195,13208,13
climbing,13251,13208,13251,43
sniffing,13324,13251,13324,73
walking,13347,13324,13347,23
sniffing,13364,13347,13364,17
trotting,13396,13364,13396,32
walking,13411,13396,13411,15
sniffing,13412,13411,13412,1
left_turning,13444,13412,13444,32
right_turning,13454,13444,13454,10
sniffing,13560,13454,13560,106
climbing,13608,13560,13608,48
rearing,13614,13608,13614,6
sniffing,13753,13614,13753,139
left_turning,13765,13753,13765,12
walking,13779,13765,13779,14
stepping,13780,13779,13780,1
sniffing,13813,13780,13813,33
rising,13814,13813,13814,1
walking,13861,13814,13861,47
climbing,13916,13861,13916,55
walking,13969,13916,13969,53
rising,14121,13969,14121,152
climbing,14132,14121,14132,11
sniffing,14134,14132,14134,2
left_turning,14176,14134,14176,42
sniffing,14210,14176,14210,34
right_turning,14238,14210,14238,28
sniffing,14266,14238,14266,28
walking,14269,14266,14269,3
sniffing,14270,14269,14270,1
running,14297,14270,14297,27
walking,14330,14297,14330,33
sniffing,14331,14330,14331,1
walking,14398,14331,14398,67
sniffing,14440,14398,14440,42
climbing,14480,14440,14480,40
rearing,14495,14480,14495,15
climbing,14527,14495,14527,32
left_turning,14560,14527,14560,33
walking,14612,14560,14612,52
sniffing,14613,14612,14613,1
hunching,14652,14613,14652,39
rearing,14666,14652,14666,14
grooming,14667,14666,14667,1
left_turning,14668,14667,14668,1
trotting,14674,14668,14674,6
walking,14695,14674,14695,21
sniffing,14862,14695,14862,167
stepping,14899,14862,14899,37
sniffing,14998,14899,14998,99
walking,15020,14998,15020,22
sniffing,15123,15020,15123,103
walking,15139,15123,15139,16
stepping,15204,15139,15204,65
walking,15233,15204,15233,29
sniffing,15331,15233,15331,98
walking,15337,15331,15337,6
sniffing,15359,15337,15359,22
climbing,15391,15359,15391,32
rising,15401,15391,15401,10
sniffing,15402,15401,15402,1
left_turning,15413,15402,15413,11
trotting,15447,15413,15447,34
sniffing,15515,15447,15515,68
walking,15589,15515,15589,74
sniffing,15591,15589,15591,2
walking,15624,15591,15624,33
sniffing,15625,15624,15625,1
left_turning,15632,15625,15632,7
rising,15696,15632,15696,64
climbing,15739,15696,15739,43
sniffing,15794,15739,15794,55
stepping,15818,15794,15818,24
walking,15895,15818,15895,77
left_turning,15924,15895,15924,29
sniffing,15983,15924,15983,59
rising,15993,15983,15993,10
trotting,15994,15993,15994,1
running,16000,15994,16000,6
sniffing,16015,16000,16015,15
rearing,16016,16015,16016,1
sniffing,16104,16016,16104,88
right_turning,16120,16104,16120,16
stepping,16139,16120,16139,19
left_turning,16140,16139,16140,1
running,16163,16140,16163,23
rising,16200,16163,16200,37
sniffing,16201,16200,16201,1
left_turning,16215,16201,16215,14
trotting,16257,16215,16257,42
right_turning,16280,16257,16280,23
running,16298,16280,16298,18
trotting,16332,16298,16332,34
walking,16383,16332,16383,51
left_turning,16406,16383,16406,23
walking,16458,16406,16458,52
stepping,16505,16458,16505,47
sniffing,16513,16505,16513,8
right_turning,16543,16513,16543,30
walking,16610,16543,16610,67
sniffing,16631,16610,16631,21
walking,16668,16631,16668,37
running,16697,16668,16697,29
stepping,16729,16697,16729,32
walking,16760,16729,16760,31
rising,16859,16760,16859,99
climbing,16902,16859,16902,43
sniffing,16913,16902,16913,11
rearing,16921,16913,16921,8
sniffing,17023,16921,17023,102
walking,17026,17023,17026,3
climbing,17039,17026,17039,13
rising,17098,17039,17098,59
climbing,17133,17098,17133,35
walking,17147,17133,17147,14
sniffing,17188,17147,17188,41
stepping,17205,17188,17205,17
walking,17242,17205,17242,37
rising,17361,17242,17361,119
climbing,17366,17361,17366,5
rising,17367,17366,17367,1
sniffing,17422,17367,17422,55
walking,17452,17422,17452,30
climbing,17500,17452,17500,48
rising,17549,17500,17549,49
climbing,17584,17549,17584,35
rearing,17585,17584,17585,1
sniffing,17586,17585,17586,1
climbing,17599,17586,17599,13
walking,17600,17599,17600,1
left_turning,17631,17600,17631,31
trotting,17676,17631,17676,45
stepping,17711,17676,17711,35
sniffing,17759,17711,17759,48
walking,17761,17759,17761,2
right_turning,17795,17761,17795,34
walking,17817,17795,17817,22
left_turning,17843,17817,17843,26
walking,17872,17843,17872,29
sniffing,17953,17872,17953,81
rising,17954,17953,17954,1
climbing,17955,17954,17955,1
rising,17971,17955,17971,16
walking,17990,17971,17990,19
sniffing,18026,17990,18026,36
rising,18035,18026,18035,9
sniffing,18047,18035,18047,12
climbing,18138,18047,18138,91
left_turning,18143,18138,18143,5
sniffing,18172,18143,18172,29
rising,18375,18172,18375,203
hunching,18402,18375,18402,27
rising,18428,18402,18428,26
climbing,18459,18428,18459,31
rearing,18540,18459,18540,81
trotting,18554,18540,18554,14
sniffing,18568,18554,18568,14
walking,18612,18568,18612,44
sniffing,18637,18612,18637,25
climbing,18683,18637,18683,46
rising,18712,18683,18712,29
sniffing,18756,18712,18756,44
climbing,18805,18756,18805,49
sniffing,18806,18805,18806,1
walking,18807,18806,18807,1
left_turning,18816,18807,18816,9
walking,18866,18816,18866,50
sniffing,18892,18866,18892,26
stepping,18897,18892,18897,5
sniffing,18934,18897,18934,37
walking,18983,18934,18983,49
rising,19053,18983,19053,70
climbing,19076,19053,19076,23
left_turning,19225,19076,19225,149
trotting,19293,19225,19293,68
sniffing,19359,19293,19359,66
hunching,19379,19359,19379,20
sniffing,19429,19379,19429,50
walking,19469,19429,19469,40
stepping,19496,19469,19496,27
walking,19544,19496,19544,48
left_turning,19577,19544,19577,33
sniffing,19578,19577,19578,1
rising,19633,19578,19633,55
sniffing,19697,19633,19697,64
climbing,19729,19697,19729,32
grooming,19995,19729,19995,266
sniffing,19996,19995,19996,1
rising,19997,19996,19997,1
climbing,20005,19997,20005,8
walking,20020,20005,20020,15
sniffing,20095,20020,20095,75
right_turning,20097,20095,20097,2
left_turning,20141,20097,20141,44
rising,20195,20141,20195,54
climbing,20262,20195,20262,67
rising,20313,20262,20313,51
sniffing,20405,20313,20405,92
walking,20423,20405,20423,18
climbing,20457,20423,20457,34
grooming,20741,20457,20741,284
rearing,20915,20741,20915,174
climbing,20932,20915,20932,17
rising,20945,20932,20945,13
sniffing,20946,20945,20946,1
climbing,20965,20946,20965,19
left_turning,21000,20965,21000,35
sniffing,21231,21000,21231,231
rising,21292,21231,21292,61
left_turning,21341,21292,21341,49
sniffing,21349,21341,21349,8
climbing,21388,21349,21388,39
rearing,21406,21388,21406,18
sniffing,21421,21406,21421,15
walking,21473,21421,21473,52
sniffing,21477,21473,21477,4
stepping,21489,21477,21489,12
climbing,21512,21489,21512,23
rearing,21513,21512,21513,1
rising,21556,21513,21556,43
rearing,21729,21556,21729,173
left_turning,21767,21729,21767,38
walking,21790,21767,21790,23
sniffing,21853,21790,21853,63
right_turning,21861,21853,21861,8
walking,21891,21861,21891,30
climbing,21958,21891,21958,67
left_turning,21959,21958,21959,1
climbing,22074,21959,22074,115
sniffing,22101,22074,22101,27
stepping,22131,22101,22131,30
rising,22186,22131,22186,55
climbing,22255,22186,22255,69
sniffing,22315,22255,22315,60
rising,22316,22315,22316,1
sniffing,22317,22316,22317,1
climbing,22330,22317,22330,13
running,22388,22330,22388,58
walking,22436,22388,22436,48
sniffing,22519,22436,22519,83
running,22546,22519,22546,27
sniffing,22562,22546,22562,16
trotting,22570,22562,22570,8
rising,22589,22570,22589,19
climbing,22675,22589,22675,86
trotting,22707,22675,22707,32
sniffing,22708,22707,22708,1
walking,22729,22708,22729,21
left_turning,22802,22729,22802,73
walking,22836,22802,22836,34
climbing,22902,22836,22902,66
left_turning,22925,22902,22925,23
walking,22939,22925,22939,14
sniffing,22940,22939,22940,1
left_turning,23044,22940,23044,104
walking,23081,23044,23081,37
climbing,23209,23081,23209,128
rising,23216,23209,23216,7
climbing,23279,23216,23279,63
walking,23284,23279,23284,5
sniffing,23409,23284,23409,125
walking,23434,23409,23434,25
sniffing,23478,23434,23478,44
running,23509,23478,23509,31
rising,23555,23509,23555,46
grooming,24064,23555,24064,509
left_turning,24076,24064,24076,12
sniffing,24161,24076,24161,85
left_turning,24162,24161,24162,1
rising,24166,24162,24166,4
climbing,24245,24166,24245,79
right_turning,24292,24245,24292,47
walking,24298,24292,24298,6
sniffing,24299,24298,24299,1
rising,24358,24299,24358,59
walking,24367,24358,24367,9
rising,24516,24367,24516,149
sniffing,24603,24516,24603,87
trotting,24645,24603,24645,42
walking,24661,24645,24661,16
climbing,24782,24661,24782,121
sniffing,24802,24782,24802,20
hunching,25153,24802,25153,351
climbing,25182,25153,25182,29
sniffing,25183,25182,25183,1
right_turning,25214,25183,25214,31
trotting,25260,25214,25260,46
left_turning,25265,25260,25265,5
walking,25279,25265,25279,14
rising,25549,25279,25549,270
left_turning,25553,25549,25553,4
sniffing,25674,25553,25674,121
walking,25687,25674,25687,13
climbing,25749,25687,25749,62
sniffing,25754,25749,25754,5
grooming,25755,25754,25755,1
sniffing,25774,25755,25774,19
right_turning,25804,25774,25804,30
walking,25817,25804,25817,13
rising,25944,25817,25944,127
climbing,25947,25944,25947,3
hunching,25983,25947,25983,36
right_turning,26008,25983,26008,25
walking,26027,26008,26027,19
stepping,26066,26027,26066,39
left_turning,26089,26066,26089,23
trotting,26111,26089,26111,22
sniffing,26112,26111,26112,1
right_turning,26130,26112,26130,18
walking,26209,26130,26209,79
sniffing,26210,26209,26210,1
hunching,26276,26210,26276,66
rearing,26320,26276,26320,44
left_turning,26321,26320,26321,1
sniffing,26341,26321,26341,20
walking,26360,26341,26360,19
climbing,26419,26360,26419,59
sniffing,26440,26419,26440,21
climbing,26482,26440,26482,42
hunching,26589,26482,26589,107
sniffing,26673,26589,26673,84
rising,26709,26673,26709,36
left_turning,26738,26709,26738,29
sniffing,26739,26738,26739,1
walking,26757,26739,26757,18
sniffing,26780,26757,26780,23
climbing,26830,26780,26830,50
sniffing,26843,26830,26843,13
climbing,26853,26843,26853,10
rising,26855,26853,26855,2
sniffing,26856,26855,26856,1
stepping,26863,26856,26863,7
sniffing,26951,26863,26951,88
rising,26967,26951,26967,16
sniffing,26995,26967,26995,28
climbing,27011,26995,27011,16
left_turning,27047,27011,27047,36
sniffing,27090,27047,27090,43
walking,27106,27090,27106,16
jumping,27172,27106,27172,66
left_turning,27208,27172,27208,36
walking,27235,27208,27235,27
climbing,27274,27235,27274,39
rising,27333,27274,27333,59
left_turning,27429,27333,27429,96
walking,27460,27429,27460,31
sniffing,27487,27460,27487,27
rising,27528,27487,27528,41
sniffing,27529,27528,27529,1
walking,27595,27529,27595,66
climbing,27657,27595,27657,62
sniffing,27658,27657,27658,1
stepping,27704,27658,27704,46
rising,27753,27704,27753,49
climbing,27773,27753,27773,20
walking,27778,27773,27778,5
sniffing,27856,27778,27856,78
trotting,27878,27856,27878,22
walking,27914,27878,27914,36
sniffing,27929,27914,27929,15
climbing,28025,27929,28025,96
walking,28052,28025,28052,27
stepping,28107,28052,28107,55
sniffing,28108,28107,28108,1
climbing,28167,28108,28167,59
rising,28209,28167,28209,42
climbing,28241,28209,28241,32
right_turning,28269,28241,28269,28
trotting,28292,28269,28292,23
sniffing,28324,28292,28324,32
walking,28332,28324,28332,8
sniffing,28333,28332,28333,1
climbing,28379,28333,28379,46
stepping,28452,28379,28452,73
sniffing,28462,28452,28462,10
walking,28489,28462,28489,27
sniffing,28592,28489,28592,103
left_turning,28635,28592,28635,43
trotting,28660,28635,28660,25
sniffing,28661,28660,28661,1
rising,28736,28661,28736,75
climbing,28803,28736,28803,67
sniffing,28804,28803,28804,1
climbing,28862,28804,28862,58
rising,28863,28862,28863,1
sniffing,28932,28863,28932,69
rising,28947,28932,28947,15
sniffing,28996,28947,28996,49
rising,28997,28996,28997,1
walking,29008,28997,29008,11
sniffing,29009,29008,29009,1
right_turning,29049,29009,29049,40
walking,29054,29049,29054,5
sniffing,29096,29054,29096,42
walking,29119,29096,29119,23
trotting,29120,29119,29120,1
sniffing,29170,29120,29170,50
rearing,29179,29170,29179,9
right_turning,29238,29179,29238,59
rising,29252,29238,29252,14
rearing,29442,29252,29442,190
sniffing,29443,29442,29443,1
left_turning,29499,29443,29499,56
sniffing,29589,29499,29589,90
left_turning,29669,29589,29669,80
walking,29720,29669,29720,51
rising,29733,29720,29733,13
walking,29758,29733,29758,25
stepping,29838,29758,29838,80
sniffing,29839,29838,29839,1
rising,29855,29839,29855,16
left_turning,29874,29855,29874,19
sniffing,29886,29874,29886,12
walking,29946,29886,29946,60
sniffing,30153,29946,30153,207
hunching,30203,30153,30203,50
rising,30204,30203,30204,1
climbing,30244,30204,30244,40
walking,30319,30244,30319,75
sniffing,30370,30319,30370,51
walking,30410,30370,30410,40
sniffing,30411,30410,30411,1
climbing,30446,30411,30446,35
left_turning,30447,30446,30447,1
sniffing,30448,30447,30448,1
stepping,30467,30448,30467,19
left_turning,30468,30467,30468,1
sniffing,30488,30468,30488,20
left_turning,30514,30488,30514,26
sniffing,30588,30514,30588,74
rising,30624,30588,30624,36
climbing,30696,30624,30696,72
rearing,30819,30696,30819,123
hunching,30969,30819,30969,150
climbing,30970,30969,30970,1
rearing,31183,30970,31183,213
rising,31192,31183,31192,9
climbing,31289,31192,31289,97
walking,31290,31289,31290,1
climbing,31354,31290,31354,64
grooming,31355,31354,31355,1
rising,31398,31355,31398,43
climbing,31450,31398,31450,52
walking,31471,31450,31471,21
sniffing,31522,31471,31522,51
left_turning,31523,31522,31523,1
rising,31530,31523,31530,7
climbing,31613,31530,31613,83
right_turning,31625,31613,31625,12
walking,31632,31625,31632,7
climbing,31742,31632,31742,110
walking,31760,31742,31760,18
sniffing,31781,31760,31781,21
rearing,31929,31781,31929,148
rising,31951,31929,31951,22
climbing,31993,31951,31993,42
sniffing,32041,31993,32041,48
right_turning,32044,32041,32044,3
trotting,32085,32044,32085,41
sniffing,32188,32085,32188,103
left_turning,32209,32188,32209,21
walking,32229,32209,32229,20
left_turning,32243,32229,32243,14
walking,32272,32243,32272,29
stepping,32317,32272,32317,45
rising,32391,32317,32391,74
walking,32415,32391,32415,24
left_turning,32416,32415,32416,1
walking,32453,32416,32453,37
sniffing,32484,32453,32484,31
grooming,32485,32484,32485,1
rearing,32764,32485,32764,279
rising,32806,32764,32806,42
left_turning,32825,32806,32825,19
running,32859,32825,32859,34
stepping,32863,32859,32863,4
walking,32884,32863,32884,21
rising,32950,32884,32950,66
stepping,32971,32950,32971,21
running,33000,32971,33000,29
sniffing,33012,33000,33012,12
walking,33079,33012,33079,67
trotting,33107,33079,33107,28
stepping,33175,33107,33175,68
hunching,33243,33175,33243,68
climbing,33298,33243,33298,55
rearing,33313,33298,33313,15
left_turning,33445,33313,33445,132
trotting,33499,33445,33499,54
sniffing,33510,33499,33510,11
left_turning,33514,33510,33514,4
running,33515,33514,33515,1
stepping,33538,33515,33538,23
rising,33588,33538,33588,50
sniffing,33653,33588,33653,65
left_turning,33684,33653,33684,31
walking,33685,33684,33685,1
sniffing,33866,33685,33866,181
left_turning,33900,33866,33900,34
trotting,33907,33900,33907,7
left_turning,33908,33907,33908,1
trotting,33940,33908,33940,32
sniffing,34000,33940,34000,60
left_turning,34013,34000,34013,13
sniffing,34034,34013,34034,21
right_turning,34055,34034,34055,21
left_turning,34116,34055,34116,61
running,34142,34116,34142,26
sniffing,34168,34142,34168,26
right_turning,34186,34168,34186,18
sniffing,34187,34186,34187,1
left_turning,34228,34187,34228,41
walking,34276,34228,34276,48
stepping,34298,34276,34298,22
walking,34334,34298,34334,36
sniffing,34408,34334,34408,74
rising,34469,34408,34469,61
right_turning,34481,34469,34481,12
walking,34518,34481,34518,37
sniffing,34519,34518,34519,1
climbing,34567,34519,34567,48
walking,34587,34567,34587,20
rearing,34604,34587,34604,17
left_turning,34605,34604,34605,1
walking,34614,34605,34614,9
climbing,34637,34614,34637,23
left_turning,34657,34637,34657,20
sniffing,34659,34657,34659,2
rising,34696,34659,34696,37
sniffing,34797,34696,34797,101
left_turning,34831,34797,34831,34
stepping,34969,34831,34969,138
sniffing,35010,34969,35010,41
rising,35145,35010,35145,135
sniffing,35191,35145,35191,46
rising,35192,35191,35192,1
left_turning,35252,35192,35252,60
walking,35283,35252,35283,31
sniffing,35385,35283,35385,102
stepping,35386,35385,35386,1
rising,35442,35386,35442,56
climbing,35487,35442,35487,45
sniffing,35559,35487,35559,72
rising,35632,35559,35632,73
climbing,35731,35632,35731,99
sniffing,35732,35731,35732,1
walking,35787,35732,35787,55
stepping,35849,35787,35849,62
rearing,35850,35849,35850,1
left_turning,35869,35850,35869,19
rearing,35870,35869,35870,1
right_turning,35871,35870,35871,1
sniffing,35872,35871,35872,1
left_turning,35875,35872,35875,3
sniffing,35914,35875,35914,39
rising,35920,35914,35920,6
climbing,35946,35920,35946,26
trotting,35962,35946,35962,16
stepping,35998,35962,35998,36
left_turning,36053,35998,36053,55
walking,36062,36053,36062,9
rising,36108,36062,36108,46
sniffing,36129,36108,36129,21
rising,36138,36129,36138,9
hunching,36208,36138,36208,70
grooming,36210,36208,36210,2
climbing,36317,36210,36317,107
walking,36343,36317,36343,26
sniffing,36404,36343,36404,61
left_turning,36411,36404,36411,7
walking,36421,36411,36421,10
trotting,36447,36421,36447,26
left_turning,36475,36447,36475,28
rising,36494,36475,36494,19
walking,36514,36494,36514,20
sniffing,36581,36514,36581,67
rearing,36641,36581,36641,60
grooming,36642,36641,36642,1
rising,36667,36642,36667,25
rearing,36687,36667,36687,20
walking,36756,36687,36756,69
sniffing,36810,36756,36810,54
rising,36827,36810,36827,17
sniffing,36839,36827,36839,12
rising,36847,36839,36847,8
climbing,36912,36847,36912,65
left_turning,36928,36912,36928,16
right_turning,36937,36928,36937,9
running,36943,36937,36943,6
rising,37063,36943,37063,120
climbing,37091,37063,37091,28
sniffing,37129,37091,37129,38
walking,37161,37129,37161,32
rising,37204,37161,37204,43
climbing,37276,37204,37276,72
rearing,37295,37276,37295,19
hunching,37359,37295,37359,64
rising,37416,37359,37416,57
rearing,37476,37416,37476,60
climbing,37538,37476,37538,62
walking,37539,37538,37539,1
rising,37549,37539,37549,10
walking,37550,37549,37550,1
sniffing,37603,37550,37603,53
grooming,37805,37603,37805,202
rearing,37922,37805,37922,117
grooming,37972,37922,37972,50
right_turning,37997,37972,37997,25
sniffing,38138,37997,38138,141
left_turning,38139,38138,38139,1
sniffing,38158,38139,38158,19
walking,38214,38158,38214,56
rising,38253,38214,38253,39
sniffing,38254,38253,38254,1
rearing,38282,38254,38282,28
grooming,38283,38282,38283,1
climbing,38312,38283,38312,29
hunching,38329,38312,38329,17
right_turning,38349,38329,38349,20
trotting,38361,38349,38361,12
sniffing,38374,38361,38374,13
left_turning,38415,38374,38415,41
climbing,38422,38415,38422,7
walking,38450,38422,38450,28
climbing,38501,38450,38501,51
rising,38527,38501,38527,26
right_turning,38528,38527,38528,1
sniffing,38529,38528,38529,1
rearing,38601,38529,38601,72
trotting,38635,38601,38635,34
left_turning,38715,38635,38715,80
rising,38775,38715,38775,60
climbing,38808,38775,38808,33
rising,38867,38808,38867,59
left_turning,38947,38867,38947,80
walking,39004,38947,39004,57
rising,39015,39004,39015,11
walking,39027,39015,39027,12
sniffing,39059,39027,39059,32
rising,39060,39059,39060,1
walking,39061,39060,39061,1
sniffing,39123,39061,39123,62
rising,39177,39123,39177,54
rearing,39179,39177,39179,2
climbing,39218,39179,39218,39
sniffing,39270,39218,39270,52
walking,39277,39270,39277,7
left_turning,39304,39277,39304,27
sniffing,39317,39304,39317,13
right_turning,39318,39317,39318,1
walking,39366,39318,39366,48
rising,39421,39366,39421,55
rearing,39422,39421,39422,1
hunching,39556,39422,39556,134
right_turning,39571,39556,39571,15
running,39572,39571,39572,1
sniffing,39573,39572,39573,1
rising,39627,39573,39627,54
sniffing,39628,39627,39628,1
hunching,39629,39628,39629,1
rearing,39653,39629,39653,24
sniffing,39686,39653,39686,33
grooming,39687,39686,39687,1
sniffing,39699,39687,39699,12
hunching,39731,39699,39731,32
rising,39755,39731,39755,24
sniffing,39758,39755,39758,3
hunching,39759,39758,39759,1
grooming,39921,39759,39921,162
sniffing,40016,39921,40016,95
left_turning,40072,40016,40072,56
walking,40078,40072,40078,6
stepping,40094,40078,40094,16
rearing,40303,40094,40303,209
grooming,40304,40303,40304,1
rearing,40340,40304,40340,36
grooming,40372,40340,40372,32
left_turning,40401,40372,40401,29
sniffing,40402,40401,40402,1
right_turning,40462,40402,40462,60
walking,40512,40462,40512,50
rising,40513,40512,40513,1
right_turning,40514,40513,40514,1
running,40522,40514,40522,8
sniffing,40587,40522,40587,65
walking,40601,40587,40601,14
sniffing,40610,40601,40610,9
rising,40663,40610,40663,53
sniffing,40745,40663,40745,82
left_turning,40748,40745,40748,3
sniffing,40749,40748,40749,1
left_turning,40769,40749,40769,20
trotting,40786,40769,40786,17
walking,40803,40786,40803,17
sniffing,40832,40803,40832,29
left_turning,40910,40832,40910,78
sniffing,40996,40910,40996,86
rising,41024,40996,41024,28
climbing,41042,41024,41042,18
sniffing,41044,41042,41044,2
rising,41093,41044,41093,49
right_turning,41129,41093,41129,36
walking,41152,41129,41152,23
sniffing,41173,41152,41173,21
left_turning,41181,41173,41181,8
sniffing,41187,41181,41187,6
walking,41188,41187,41188,1
sniffing,41228,41188,41228,40
climbing,41252,41228,41252,24
rearing,41301,41252,41301,49
hunching,41334,41301,41334,33
walking,41350,41334,41350,16
sniffing,41351,41350,41351,1
walking,41379,41351,41379,28
rising,41412,41379,41412,33
sniffing,41506,41412,41506,94
left_turning,41524,41506,41524,18
sniffing,41534,41524,41534,10
walking,41599,41534,41599,65
sniffing,41674,41599,41674,75
walking,41696,41674,41696,22
rising,41749,41696,41749,53
climbing,41817,41749,41817,68
left_turning,41840,41817,41840,23
sniffing,41860,41840,41860,20
right_turning,41861,41860,41861,1
sniffing,41903,41861,41903,42
trotting,41921,41903,41921,18
walking,41944,41921,41944,23
right_turning,41960,41944,41960,16
walking,42029,41960,42029,69
rising,42056,42029,42056,27
climbing,42161,42056,42161,105
running,42211,42161,42211,50
sniffing,42221,42211,42221,10
trotting,42253,42221,42253,32
walking,42313,42253,42313,60
right_turning,42346,42313,42346,33
running,42368,42346,42368,22
sniffing,42372,42368,42372,4
climbing,42395,42372,42395,23
sniffing,42429,42395,42429,34
rearing,42515,42429,42515,86
sniffing,42609,42515,42609,94
right_turning,42632,42609,42632,23
trotting,42633,42632,42633,1
sniffing,42697,42633,42697,64
walking,42709,42697,42709,12
left_turning,42754,42709,42754,45
sniffing,42805,42754,42805,51
rising,42829,42805,42829,24
sniffing,42968,42829,42968,139
climbing,43011,42968,43011,43
rising,43077,43011,43077,66
grooming,43835,43077,43835,758
left_turning,43853,43835,43853,18
sniffing,43876,43853,43876,23
rearing,43931,43876,43931,55
hunching,43932,43931,43932,1
walking,43960,43932,43960,28
sniffing,44045,43960,44045,85
rising,44073,44045,44073,28
sniffing,44124,44073,44124,51
walking,44164,44124,44164,40
left_turning,44177,44164,44177,13
walking,44260,44177,44260,83
sniffing,44336,44260,44336,76
rearing,44339,44336,44339,3
sniffing,44343,44339,44343,4
trotting,44368,44343,44368,25
stepping,44386,44368,44386,18
running,44408,44386,44408,22
sniffing,44452,44408,44452,44
walking,44462,44452,44462,10
stepping,44501,44462,44501,39
sniffing,44596,44501,44596,95
stepping,44636,44596,44636,40
rising,44656,44636,44656,20
climbing,44674,44656,44674,18
grooming,45092,44674,45092,418
rising,45120,45092,45120,28
walking,45165,45120,45165,45
sniffing,45226,45165,45226,61
left_turning,45229,45226,45229,3
stepping,45339,45229,45339,110
trotting,45375,45339,45375,36
rising,45464,45375,45464,89
sniffing,45465,45464,45465,1
rising,45466,45465,45466,1
climbing,45467,45466,45467,1
walking,45518,45467,45518,51
sniffing,45654,45518,45654,136
rising,45655,45654,45655,1
sniffing,45747,45655,45747,92
left_turning,45748,45747,45748,1
walking,45800,45748,45800,52
stepping,45864,45800,45864,64
sniffing,45953,45864,45953,89
right_turning,45970,45953,45970,17
walking,45986,45970,45986,16
climbing,45996,45986,45996,10
rearing,46000,45996,46000,4
rising,46073,46000,46073,73
sniffing,46133,46073,46133,60
walking,46175,46133,46175,42
left_turning,46236,46175,46236,61
trotting,46246,46236,46246,10
sniffing,46247,46246,46247,1
climbing,46296,46247,46296,49
sniffing,46342,46296,46342,46
grooming,46452,46342,46452,110
climbing,46453,46452,46453,1
grooming,46837,46453,46837,384
hunching,46842,46837,46842,5
climbing,46930,46842,46930,88
walking,46964,46930,46964,34
rising,46965,46964,46965,1
climbing,46994,46965,46994,29
trotting,47005,46994,47005,11
sniffing,47089,47005,47089,84
rising,47106,47089,47106,17
sniffing,47107,47106,47107,1
right_turning,47119,47107,47119,12
sniffing,47148,47119,47148,29
stepping,47149,47148,47149,1
sniffing,47150,47149,47150,1
rising,47152,47150,47152,2
grooming,47153,47152,47153,1
rearing,47154,47153,47154,1
sniffing,47220,47154,47220,66
hunching,47320,47220,47320,100
climbing,47362,47320,47362,42
running,47369,47362,47369,7
sniffing,47370,47369,47370,1
rising,47371,47370,47371,1
sniffing,47432,47371,47432,61
walking,47433,47432,47433,1
sniffing,47445,47433,47445,12
rising,47542,47445,47542,97
rearing,47629,47542,47629,87
rising,47673,47629,47673,44
climbing,47717,47673,47717,44
hunching,47771,47717,47771,54
grooming,47813,47771,47813,42
rearing,47848,47813,47848,35
sniffing,47933,47848,47933,85
rising,47992,47933,47992,59
walking,47993,47992,47993,1
jumping,48034,47993,48034,41
rising,48060,48034,48060,26
hunching,48061,48060,48061,1
sniffing,48133,48061,48133,72
rising,48134,48133,48134,1
left_turning,48180,48134,48180,46
sniffing,48223,48180,48223,43
pausing,48433,48223,48433,210
sniffing,48550,48433,48550,117
walking,48551,48550,48551,1
sniffing,48605,48551,48605,54
trotting,48654,48605,48654,49
stepping,48655,48654,48655,1
climbing,48683,48655,48683,28
rearing,48894,48683,48894,211
sniffing,48896,48894,48896,2
left_turning,48901,48896,48901,5
sniffing,48970,48901,48970,69
climbing,49020,48970,49020,50
left_turning,49033,49020,49033,13
walking,49038,49033,49038,5
sniffing,49056,49038,49056,18
rising,49096,49056,49096,40
climbing,49097,49096,49097,1
rising,49098,49097,49098,1
sniffing,49099,49098,49099,1
hunching,49143,49099,49143,44
grooming,49498,49143,49498,355
hunching,49603,49498,49603,105
grooming,49804,49603,49804,201
rearing,49805,49804,49805,1
grooming,50204,49805,50204,399
rearing,50241,50204,50241,37
sniffing,50277,50241,50277,36
rising,50278,50277,50278,1
climbing,50307,50278,50307,29
rearing,50349,50307,50349,42
rising,50350,50349,50350,1
sniffing,50458,50350,50458,108
rising,50502,50458,50502,44
sniffing,50503,50502,50503,1
rising,50504,50503,50504,1
walking,50532,50504,50532,28
sniffing,50553,50532,50553,21
pausing,50704,50553,50704,151
sniffing,50783,50704,50783,79
rising,50841,50783,50841,58
sniffing,50880,50841,50880,39
rising,50882,50880,50882,2
walking,50903,50882,50903,21
rising,50925,50903,50925,22
sniffing,50968,50925,50968,43
climbing,51010,50968,51010,42
trotting,51038,51010,51038,28
stepping,51105,51038,51105,67
rearing,51159,51105,51159,54
walking,51195,51159,51195,36
jumping,51283,51195,51283,88
rising,51295,51283,51295,12
right_turning,51303,51295,51303,8
sniffing,51354,51303,51354,51
walking,51371,51354,51371,17
rising,51413,51371,51413,42
climbing,51438,51413,51438,25
sniffing,51502,51438,51502,64
walking,51539,51502,51539,37
sniffing,51655,51539,51655,116
pausing,51790,51655,51790,135
sniffing,51818,51790,51818,28
left_turning,51867,51818,51867,49
rising,51925,51867,51925,58
sniffing,51969,51925,51969,44
walking,51977,51969,51977,8
climbing,52025,51977,52025,48
sniffing,52114,52025,52114,89
rearing,52195,52114,52195,81
rising,52232,52195,52232,37
left_turning,52242,52232,52242,10
rising,52250,52242,52250,8
sniffing,52329,52250,52329,79
rising,52362,52329,52362,33
climbing,52416,52362,52416,54
sniffing,52489,52416,52489,73
right_turning,52497,52489,52497,8
left_turning,52519,52497,52519,22
walking,52522,52519,52522,3
stepping,52563,52522,52563,41
rising,52564,52563,52564,1
left_turning,52588,52564,52588,24
sniffing,52650,52588,52650,62
walking,52651,52650,52651,1
climbing,52710,52651,52710,59
hunching,52711,52710,52711,1
grooming,52733,52711,52733,22
walking,52738,52733,52738,5
climbing,52744,52738,52744,6
rising,52764,52744,52764,20
climbing,52802,52764,52802,38
walking,52867,52802,52867,65
rearing,52874,52867,52874,7
climbing,52907,52874,52907,33
rearing,53035,52907,53035,128
grooming,53036,53035,53036,1
left_turning,53085,53036,53085,49
walking,53119,53085,53119,34
sniffing,53172,53119,53172,53
trotting,53178,53172,53178,6
climbing,53218,53178,53218,40
left_turning,53382,53218,53382,164
rising,53429,53382,53429,47
climbing,53500,53429,53500,71
left_turning,53501,53500,53501,1
sniffing,53567,53501,53567,66
pausing,53689,53567,53689,122
sniffing,53729,53689,53729,40
hunching,53805,53729,53805,76
right_turning,53806,53805,53806,1
sniffing,53990,53806,53990,184
trotting,54047,53990,54047,57
walking,54106,54047,54106,59
rising,54131,54106,54131,25
sniffing,54157,54131,54157,26
rising,54161,54157,54161,4
climbing,54169,54161,54169,8
rising,54221,54169,54221,52
sniffing,54271,54221,54271,50
walking,54309,54271,54309,38
rising,54375,54309,54375,66
climbing,54376,54375,54376,1
sniffing,54455,54376,54455,79
hunching,54483,54455,54483,28
sniffing,54534,54483,54534,51
walking,54535,54534,54535,1
rising,54642,54535,54642,107
climbing,54685,54642,54685,43
walking,54719,54685,54719,34
sniffing,54779,54719,54779,60
climbing,54842,54779,54842,63
right_turning,54854,54842,54854,12
grooming,55014,54854,55014,160
rearing,55020,55014,55020,6
sniffing,55062,55020,55062,42
walking,55100,55062,55100,38
sniffing,55102,55100,55102,2
right_turning,55116,55102,55116,14
walking,55130,55116,55130,14
rising,55132,55130,55132,2
hunching,55163,55132,55163,31
climbing,55176,55163,55176,13
right_turning,55191,55176,55191,15
walking,55233,55191,55233,42
running,55245,55233,55245,12
walking,55266,55245,55266,21
sniffing,55297,55266,55297,31
left_turning,55298,55297,55298,1
sniffing,55299,55298,55299,1
walking,55327,55299,55327,28
sniffing,55395,55327,55395,68
stepping,55471,55395,55471,76
rearing,55472,55471,55472,1
grooming,55756,55472,55756,284
sniffing,55785,55756,55785,29
hunching,55795,55785,55795,10
rearing,56013,55795,56013,218
grooming,56014,56013,56014,1
hunching,56015,56014,56015,1
climbing,56023,56015,56023,8
rearing,56024,56023,56024,1
grooming,56400,56024,56400,376
trotting,56437,56400,56437,37
sniffing,56482,56437,56482,45
running,56493,56482,56493,11
sniffing,56522,56493,56522,29
rising,56524,56522,56524,2
rearing,56557,56524,56557,33
walking,56558,56557,56558,1
climbing,56559,56558,56559,1
rising,56641,56559,56641,82
climbing,56658,56641,56658,17
rising,56662,56658,56662,4
left_turning,56754,56662,56754,92
sniffing,56848,56754,56848,94
stepping,56909,56848,56909,61
sniffing,56948,56909,56948,39
grooming,57022,56948,57022,74
walking,57065,57022,57065,43
left_turning,57119,57065,57119,54
trotting,57139,57119,57139,20
walking,57155,57139,57155,16
sniffing,57218,57155,57218,63
left_turning,57298,57218,57298,80
rearing,57299,57298,57299,1
grooming,57462,57299,57462,163
hunching,57505,57462,57505,43
sniffing,57606,57505,57606,101
right_turning,57625,57606,57625,19
trotting,57631,57625,57631,6
climbing,57672,57631,57672,41
walking,57700,57672,57700,28
sniffing,57705,57700,57705,5
pausing,57706,57705,57706,1
sniffing,57707,57706,57707,1
rising,57708,57707,57708,1
sniffing,57719,57708,57719,11
climbing,57759,57719,57759,40
rearing,57831,57759,57831,72
sniffing,57896,57831,57896,65
rising,57905,57896,57905,9
walking,57952,57905,57952,47
sniffing,58047,57952,58047,95
trotting,58093,58047,58093,46
rising,58094,58093,58094,1
climbing,58127,58094,58127,33
rearing,58217,58127,58217,90
sniffing,58279,58217,58279,62
walking,58326,58279,58326,47
sniffing,58386,58326,58386,60
left_turning,58388,58386,58388,2
stepping,58405,58388,58405,17
walking,58420,58405,58420,15
sniffing,58474,58420,58474,54
left_turning,58500,58474,58500,26
sniffing,58501,58500,58501,1
right_turning,58512,58501,58512,11
trotting,58527,58512,58527,15
sniffing,58528,58527,58528,1
walking,58559,58528,58559,31
sniffing,58642,58559,58642,83
rising,58643,58642,58643,1
sniffing,58644,58643,58644,1
hunching,58681,58644,58681,37
climbing,58710,58681,58710,29
rising,58805,58710,58805,95
sniffing,58806,58805,58806,1
walking,58832,58806,58832,26
sniffing,58887,58832,58887,55
trotting,58930,58887,58930,43
rising,58962,58930,58962,32
climbing,59024,58962,59024,62
walking,59043,59024,59043,19
trotting,59067,59043,59067,24
stepping,59083,59067,59083,16
sniffing,59144,59083,59144,61
left_turning,59169,59144,59169,25
sniffing,59234,59169,59234,65
left_turning,59258,59234,59258,24
sniffing,59355,59258,59355,97
walking,59413,59355,59413,58
sniffing,59474,59413,59474,61
rising,59578,59474,59578,104
walking,59601,59578,59601,23
hunching,59641,59601,59641,40
right_turning,59664,59641,59664,23
walking,59675,59664,59675,11
sniffing,59701,59675,59701,26
rising,59747,59701,59747,46
walking,59774,59747,59774,27
left_turning,59827,59774,59827,53
stepping,59843,59827,59843,16
walking,59896,59843,59896,53
sniffing,59929,59896,59929,33
walking,59964,59929,59964,35
climbing,60017,59964,60017,53
hunching,60147,60017,60147,130
rearing,60254,60147,60254,107
climbing,60304,60254,60304,50
walking,60305,60304,60305,1
sniffing,60306,60305,60306,1
rising,60347,60306,60347,41
climbing,60461,60347,60461,114
rising,60462,60461,60462,1
sniffing,60481,60462,60481,19
right_turning,60521,60481,60521,40
sniffing,60603,60521,60603,82
left_turning,60662,60603,60662,59
walking,60683,60662,60683,21
trotting,60714,60683,60714,31
stepping,60733,60714,60733,19
sniffing,60734,60733,60734,1
rising,60843,60734,60843,109
climbing,60900,60843,60900,57
hunching,60992,60900,60992,92
sniffing,60993,60992,60993,1
walking,61024,60993,61024,31
sniffing,61281,61024,61281,257
stepping,61282,61281,61282,1
sniffing,61355,61282,61355,73
left_turning,61356,61355,61356,1
walking,61367,61356,61367,11
rising,61368,61367,61368,1
climbing,61424,61368,61424,56
sniffing,61525,61424,61525,101
left_turning,61573,61525,61573,48
stepping,61600,61573,61600,27
walking,61624,61600,61624,24
climbing,61675,61624,61675,51
rising,61727,61675,61727,52
sniffing,61824,61727,61824,97
climbing,61868,61824,61868,44
rising,61884,61868,61884,16
climbing,61924,61884,61924,40
sniffing,61945,61924,61945,21
walking,61946,61945,61946,1
rising,61972,61946,61972,26
sniffing,61998,61972,61998,26
rising,62039,61998,62039,41
climbing,62054,62039,62054,15
rearing,62129,62054,62129,75
rising,62138,62129,62138,9
left_turning,62139,62138,62139,1
walking,62199,62139,62199,60
sniffing,62276,62199,62276,77
left_turning,62304,62276,62304,28
sniffing,62394,62304,62394,90
rising,62598,62394,62598,204
sniffing,62700,62598,62700,102
left_turning,62707,62700,62707,7
sniffing,62733,62707,62733,26
walking,62774,62733,62774,41
sniffing,62866,62774,62866,92
walking,62894,62866,62894,28
sniffing,62949,62894,62949,55
trotting,62981,62949,62981,32
walking,63023,62981,63023,42
left_turning,63075,63023,63075,52
sniffing,63180,63075,63180,105
rising,63237,63180,63237,57
climbing,63296,63237,63296,59
rising,63336,63296,63336,40
walking,63359,63336,63359,23
sniffing,63451,63359,63451,92
rearing,63577,63451,63577,126
sniffing,63686,63577,63686,109
trotting,63698,63686,63698,12
walking,63728,63698,63728,30
rearing,63852,63728,63852,124
sniffing,63917,63852,63917,65
rearing,63918,63917,63918,1
hunching,64039,63918,64039,121
sniffing,64100,64039,64100,61
climbing,64154,64100,64154,54
hunching,64333,64154,64333,179
right_turning,64336,64333,64336,3
hunching,64338,64336,64338,2
rearing,64364,64338,64364,26
rising,64383,64364,64383,19
climbing,64425,64383,64425,42
rising,64478,64425,64478,53
climbing,64496,64478,64496,18
hunching,64588,64496,64588,92
grooming,64589,64588,64589,1
sniffing,64619,64589,64619,30
left_turning,64650,64619,64650,31
sniffing,64651,64650,64651,1
left_turning,64671,64651,64671,20
trotting,64684,64671,64684,13
rising,64713,64684,64713,29
grooming,64905,64713,64905,192
sniffing,64906,64905,64906,1
rising,64913,64906,64913,7
sniffing,64931,64913,64931,18
climbing,64972,64931,64972,41
running,64977,64972,64977,5
trotting,65005,64977,65005,28
stepping,65052,65005,65052,47
sniffing,65090,65052,65090,38
left_turning,65137,65090,65137,47
sniffing,65182,65137,65182,45
walking,65210,65182,65210,28
trotting,65279,65210,65279,69
sniffing,65377,65279,65377,98
left_turning,65418,65377,65418,41
sniffing,65449,65418,65449,31
grooming,65707,65449,65707,258
rising,65708,65707,65708,1
stepping,65751,65708,65751,43
walking,65752,65751,65752,1
rising,65753,65752,65753,1
climbing,65798,65753,65798,45
trotting,65839,65798,65839,41
walking,65888,65839,65888,49
left_turning,65930,65888,65930,42
running,65966,65930,65966,36
rising,65976,65966,65976,10
climbing,66088,65976,66088,112
rising,66089,66088,66089,1
walking,66111,66089,66111,22
left_turning,66281,66111,66281,170
trotting,66292,66281,66292,11
rising,66365,66292,66365,73
sniffing,66443,66365,66443,78
right_turning,66455,66443,66455,12
walking,66482,66455,66482,27
sniffing,66610,66482,66610,128
rising,66663,66610,66663,53
sniffing,66746,66663,66746,83
stepping,66791,66746,66791,45
sniffing,66819,66791,66819,28
right_turning,66833,66819,66833,14
trotting,66849,66833,66849,16
walking,66882,66849,66882,33
sniffing,66883,66882,66883,1
rearing,66910,66883,66910,27
rising,66937,66910,66937,27
climbing,66980,66937,66980,43
rising,66981,66980,66981,1
sniffing,67020,66981,67020,39
rising,67021,67020,67021,1
climbing,67049,67021,67049,28
walking,67136,67049,67136,87
right_turning,67180,67136,67180,44
stepping,67181,67180,67181,1
rising,67195,67181,67195,14
climbing,67273,67195,67273,78
right_turning,67274,67273,67274,1
walking,67315,67274,67315,41
climbing,67369,67315,67369,54
sniffing,67434,67369,67434,65
right_turning,67453,67434,67453,19
sniffing,67503,67453,67503,50
stepping,67557,67503,67557,54
sniffing,67647,67557,67647,90
hunching,67714,67647,67714,67
climbing,67741,67714,67741,27
walking,67779,67741,67779,38
right_turning,67788,67779,67788,9
stepping,67789,67788,67789,1
rising,68014,67789,68014,225
climbing,68145,68014,68145,131
rising,68146,68145,68146,1
stepping,68158,68146,68158,12
sniffing,68172,68158,68172,14
right_turning,68200,68172,68200,28
sniffing,68285,68200,68285,85
stepping,68301,68285,68301,16
sniffing,68323,68301,68323,22
climbing,68371,68323,68371,48
rearing,68459,68371,68459,88
rising,68582,68459,68582,123
climbing,68610,68582,68610,28
trotting,68662,68610,68662,52
climbing,68663,68662,68663,1
right_turning,68688,68663,68688,25
sniffing,68706,68688,68706,18
rising,68722,68706,68722,16
sniffing,68723,68722,68723,1
hunching,68763,68723,68763,40
right_turning,68784,68763,68784,21
sniffing,68785,68784,68785,1
rising,68865,68785,68865,80
climbing,68927,68865,68927,62
rearing,68928,68927,68928,1
rising,68932,68928,68932,4
climbing,68972,68932,68972,40
rising,68987,68972,68987,15
rearing,69035,68987,69035,48
right_turning,69053,69035,69053,18
rising,69144,69053,69144,91
climbing,69145,69144,69145,1
trotting,69149,69145,69149,4
sniffing,69207,69149,69207,58
stepping,69281,69207,69281,74
sniffing,69310,69281,69310,29
rising,69346,69310,69346,36
sniffing,69444,69346,69444,98
rising,69494,69444,69494,50
walking,69514,69494,69514,20
sniffing,69529,69514,69529,15
walking,69547,69529,69547,18
sniffing,69728,69547,69728,181
hunching,69758,69728,69758,30
grooming,70122,69758,70122,364
rearing,70245,70122,70245,123
sniffing,70280,70245,70280,35
walking,70281,70280,70281,1
left_turning,70322,70281,70322,41
walking,70350,70322,70350,28
sniffing,70351,70350,70351,1
rising,70439,70351,70439,88
climbing,70479,70439,70479,40
sniffing,70509,70479,70509,30
rearing,70629,70509,70629,120
rising,70669,70629,70669,40
climbing,70754,70669,70754,85
sniffing,70777,70754,70777,23
trotting,70794,70777,70794,17
hunching,70833,70794,70833,39
rising,70891,70833,70891,58
sniffing,70945,70891,70945,54
walking,70978,70945,70978,33
right_turning,71017,70978,71017,39
sniffing,71056,71017,71056,39
rising,71060,71056,71060,4
walking,71070,71060,71070,10
climbing,71104,71070,71104,34
sniffing,71155,71104,71155,51
climbing,71156,71155,71156,1
right_turning,71163,71156,71163,7
walking,71164,71163,71164,1
stepping,71180,71164,71180,16
walking,71208,71180,71208,28
climbing,71288,71208,71288,80
sniffing,71299,71288,71299,11
walking,71301,71299,71301,2
rising,71349,71301,71349,48
left_turning,71395,71349,71395,46
stepping,71414,71395,71414,19
sniffing,71491,71414,71491,77
rearing,71519,71491,71519,28
sniffing,71520,71519,71520,1
rising,71521,71520,71521,1
stepping,71522,71521,71522,1
walking,71549,71522,71549,27
grooming,71894,71549,71894,345
sniffing,71895,71894,71895,1
rising,71896,71895,71896,1
jumping,71926,71896,71926,30
climbing,71933,71926,71933,7
trotting,71975,71933,71975,42
sniffing,72027,71975,72027,52
rising,72078,72027,72078,51
climbing,72125,72078,72125,47
left_turning,72135,72125,72135,10
walking,72152,72135,72152,17
trotting,72153,72152,72153,1
sniffing,72229,72153,72229,76
rising,72230,72229,72230,1
walking,72239,72230,72239,9
sniffing,72240,72239,72240,1
rising,72241,72240,72241,1
climbing,72288,72241,72288,47
sniffing,72458,72288,72458,170
rising,72459,72458,72459,1
climbing,72485,72459,72485,26
left_turning,72505,72485,72505,20
sniffing,72528,72505,72528,23
right_turning,72534,72528,72534,6
walking,72535,72534,72535,1
sniffing,72603,72535,72603,68
climbing,72649,72603,72649,46
grooming,72954,72649,72954,305
sniffing,72955,72954,72955,1
pausing,73104,72955,73104,149
sniffing,73173,73104,73173,69
left_turning,73199,73173,73199,26
sniffing,73228,73199,73228,29
right_turning,73248,73228,73248,20
stepping,73270,73248,73270,22
walking,73311,73270,73311,41
right_turning,73319,73311,73319,8
running,73354,73319,73354,35
stepping,73355,73354,73355,1
sniffing,73369,73355,73369,14
rising,73419,73369,73419,50
sniffing,73492,73419,73492,73
pausing,73642,73492,73642,150
sniffing,73677,73642,73677,35
walking,73678,73677,73678,1
right_turning,73704,73678,73704,26
climbing,73729,73704,73729,25
sniffing,73730,73729,73730,1
walking,73739,73730,73739,9
right_turning,73794,73739,73794,55
trotting,73821,73794,73821,27
sniffing,73936,73821,73936,115
rising,73989,73936,73989,53
walking,74037,73989,74037,48
sniffing,74075,74037,74075,38
rising,74120,74075,74120,45
sniffing,74192,74120,74192,72
right_turning,74200,74192,74200,8
trotting,74201,74200,74201,1
sniffing,74255,74201,74255,54
walking,74291,74255,74291,36
sniffing,74304,74291,74304,13
grooming,74305,74304,74305,1
running,74341,74305,74341,36
walking,74357,74341,74357,16
sniffing,74426,74357,74426,69
rearing,74427,74426,74427,1
rising,74461,74427,74461,34
stepping,74491,74461,74491,30
trotting,74534,74491,74534,43
left_turning,74573,74534,74573,39
stepping,74577,74573,74577,4
sniffing,74585,74577,74585,8
walking,74586,74585,74586,1
sniffing,74668,74586,74668,82
stepping,74672,74668,74672,4
right_turning,74692,74672,74692,20
walking,74693,74692,74693,1
sniffing,74782,74693,74782,89
left_turning,74839,74782,74839,57
walking,74849,74839,74849,10
sniffing,74918,74849,74918,69
hunching,74919,74918,74919,1
walking,74990,74919,74990,71
sniffing,75044,74990,75044,54
grooming,75260,75044,75260,216
rising,75294,75260,75294,34
sniffing,75326,75294,75326,32
stepping,75341,75326,75341,15
sniffing,75399,75341,75399,58
right_turning,75410,75399,75410,11
sniffing,75411,75410,75411,1
climbing,75426,75411,75426,15
hunching,75427,75426,75427,1
trotting,75435,75427,75435,8
sniffing,75436,75435,75436,1
climbing,75465,75436,75465,29
rising,75466,75465,75466,1
rearing,75504,75466,75504,38
walking,75552,75504,75552,48
sniffing,75614,75552,75614,62
trotting,75627,75614,75627,13
rising,75685,75627,75685,58
climbing,75701,75685,75701,16
walking,75761,75701,75761,60
sniffing,75801,75761,75801,40
left_turning,75825,75801,75825,24
walking,75844,75825,75844,19
sniffing,75878,75844,75878,34
climbing,75879,75878,75879,1
rising,75915,75879,75915,36
walking,75916,75915,75916,1
climbing,76024,75916,76024,108
left_turning,76025,76024,76025,1
walking,76097,76025,76097,72
sniffing,76114,76097,76114,17
trotting,76132,76114,76132,18
rising,76162,76132,76162,30
rearing,76275,76162,76275,113
climbing,76293,76275,76293,18
rearing,76294,76293,76294,1
left_turning,76344,76294,76344,50
sniffing,76378,76344,76378,34
rising,76379,76378,76379,1
climbing,76517,76379,76517,138
sniffing,76518,76517,76518,1
left_turning,76543,76518,76543,25
running,76544,76543,76544,1
walking,76618,76544,76618,74
climbing,76656,76618,76656,38
hunching,76769,76656,76769,113
sniffing,76843,76769,76843,74
climbing,76886,76843,76886,43
rearing,76887,76886,76887,1
rising,76888,76887,76888,1
sniffing,76903,76888,76903,15
rising,76904,76903,76904,1
climbing,76976,76904,76976,72
rising,77007,76976,77007,31
climbing,77012,77007,77012,5
sniffing,77097,77012,77097,85
trotting,77130,77097,77130,33
walking,77180,77130,77180,50
right_turning,77181,77180,77181,1
trotting,77225,77181,77225,44
rising,77282,77225,77282,57
sniffing,77351,77282,77351,69
climbing,77448,77351,77448,97
rearing,77547,77448,77547,99
stepping,77557,77547,77557,10
walking,77595,77557,77595,38
sniffing,77637,77595,77637,42
hunching,77661,77637,77661,24
climbing,77680,77661,77680,19
rising,77713,77680,77713,33
walking,77724,77713,77724,11
left_turning,77725,77724,77725,1
grooming,77775,77725,77775,50
rearing,77823,77775,77823,48
grooming,78903,77823,78903,1080
sniffing,78938,78903,78938,35
rearing,79012,78938,79012,74
hunching,79046,79012,79046,34
grooming,79047,79046,79047,1
rearing,79062,79047,79062,15
trotting,79111,79062,79111,49
sniffing,79188,79111,79188,77
walking,79248,79188,79248,60
sniffing,79249,79248,79249,1
trotting,79302,79249,79302,53
right_turning,79319,79302,79319,17
walking,79320,79319,79320,1
sniffing,79354,79320,79354,34
walking,79455,79354,79455,101
sniffing,79519,79455,79519,64
rising,79520,79519,79520,1
rearing,79558,79520,79558,38
sniffing,79559,79558,79559,1
trotting,79577,79559,79577,18
walking,79618,79577,79618,41
sniffing,79641,79618,79641,23
rising,79676,79641,79676,35
walking,79705,79676,79705,29
rising,79707,79705,79707,2
sniffing,79734,79707,79734,27
hunching,79891,79734,79891,157
trotting,79928,79891,79928,37
sniffing,79981,79928,79981,53
running,80001,79981,80001,20
sniffing,80046,80001,80046,45
climbing,80060,80046,80060,14
rising,80081,80060,80081,21
sniffing,80114,80081,80114,33
hunching,80145,80114,80145,31
rising,80160,80145,80160,15
sniffing,80265,80160,80265,105
left_turning,80303,80265,80303,38
walking,80317,80303,80317,14
sniffing,80357,80317,80357,40
rearing,80372,80357,80372,15
running,80383,80372,80383,11
rising,80400,80383,80400,17
hunching,80516,80400,80516,116
rearing,80523,80516,80523,7
sniffing,80524,80523,80524,1
right_turning,80558,80524,80558,34
sniffing,80633,80558,80633,75
left_turning,80637,80633,80637,4
walking,80648,80637,80648,11
sniffing,80680,80648,80680,32
stepping,80695,80680,80695,15
walking,80700,80695,80700,5
sniffing,80818,80700,80818,118
rising,80819,80818,80819,1
sniffing,80820,80819,80820,1
climbing,80833,80820,80833,13
trotting,80870,80833,80870,37
sniffing,80881,80870,80881,11
rising,80906,80881,80906,25
right_turning,80938,80906,80938,32
trotting,80944,80938,80944,6
sniffing,80947,80944,80947,3
rising,80948,80947,80948,1
sniffing,80949,80948,80949,1
pausing,81100,80949,81100,151
sniffing,81121,81100,81121,21
walking,81144,81121,81144,23
sniffing,81179,81144,81179,35
rising,81180,81179,81180,1
climbing,81225,81180,81225,45
rising,81247,81225,81247,22
grooming,81764,81247,81764,517
left_turning,81765,81764,81765,1
sniffing,81789,81765,81789,24
walking,81809,81789,81809,20
sniffing,81823,81809,81823,14
right_turning,81847,81823,81847,24
walking,81877,81847,81877,30
sniffing,81897,81877,81897,20
walking,81898,81897,81898,1
rising,81937,81898,81937,39
right_turning,81938,81937,81938,1
walking,82011,81938,82011,73
sniffing,82065,82011,82065,54
hunching,82086,82065,82086,21
climbing,82127,82086,82127,41
hunching,82138,82127,82138,11
sniffing,82227,82138,82227,89
walking,82244,82227,82244,17
rising,82254,82244,82254,10
sniffing,82296,82254,82296,42
rising,82357,82296,82357,61
climbing,82424,82357,82424,67
trotting,82464,82424,82464,40
rising,82496,82464,82496,32
climbing,82500,82496,82500,4
sniffing,82582,82500,82582,82
rising,82642,82582,82642,60
climbing,82701,82642,82701,59
rearing,82870,82701,82870,169
grooming,83011,82870,83011,141
rising,83012,83011,83012,1
sniffing,83013,83012,83013,1
hunching,83182,83013,83182,169
right_turning,83187,83182,83187,5
climbing,83354,83187,83354,167
hunching,83408,83354,83408,54
right_turning,83462,83408,83462,54
rising,83520,83462,83520,58
climbing,83555,83520,83555,35
running,83585,83555,83585,30
sniffing,83694,83585,83694,109
stepping,83698,83694,83698,4
sniffing,83720,83698,83720,22
rising,83725,83720,83725,5
left_turning,83792,83725,83792,67
walking,83793,83792,83793,1
left_turning,83794,83793,83794,1
trotting,83802,83794,83802,8
rising,83880,83802,83880,78
climbing,83881,83880,83881,1
rising,83933,83881,83933,52
hunching,83939,83933,83939,6
rising,83982,83939,83982,43
climbing,84060,83982,84060,78
rising,84061,84060,84061,1
sniffing,84137,84061,84137,76
walking,84179,84137,84179,42
rearing,84251,84179,84251,72
right_turning,84265,84251,84265,14
walking,84322,84265,84322,57
sniffing,84407,84322,84407,85
walking,84426,84407,84426,19
running,84457,84426,84457,31
trotting,84458,84457,84458,1
sniffing,84571,84458,84571,113
rearing,84774,84571,84774,203
rising,84831,84774,84831,57
hunching,84903,84831,84903,72
grooming,85152,84903,85152,249
climbing,85162,85152,85162,10
walking,85224,85162,85224,62
sniffing,85338,85224,85338,114
left_turning,85418,85338,85418,80
rising,85419,85418,85419,1
sniffing,85505,85419,85505,86
trotting,85543,85505,85543,38
left_turning,85596,85543,85596,53
sniffing,85759,85596,85759,163
right_turning,85792,85759,85792,33
sniffing,85860,85792,85860,68
hunching,85963,85860,85963,103
climbing,86017,85963,86017,54
sniffing,86092,86017,86092,75
rising,86095,86092,86095,3
climbing,86144,86095,86144,49
hunching,86188,86144,86188,44
climbing,86319,86188,86319,131
sniffing,86379,86319,86379,60
climbing,86420,86379,86420,41
walking,86462,86420,86462,42
stepping,86485,86462,86485,23
climbing,86531,86485,86531,46
walking,86671,86531,86671,140
rising,86684,86671,86684,13
walking,86685,86684,86685,1
stepping,86701,86685,86701,16
climbing,86725,86701,86725,24
sniffing,86729,86725,86729,4
right_turning,86730,86729,86730,1
running,86771,86730,86771,41
sniffing,86878,86771,86878,107
left_turning,86879,86878,86879,1
sniffing,86909,86879,86909,30
left_turning,86910,86909,86910,1
running,86950,86910,86950,40
rising,86951,86950,86951,1
sniffing,87030,86951,87030,79
rising,87072,87030,87072,42
trotting,87083,87072,87083,11
walking,87121,87083,87121,38
left_turning,87122,87121,87122,1
sniffing,87159,87122,87159,37
climbing,87212,87159,87212,53
walking,87235,87212,87235,23
rising,87300,87235,87300,65
grooming,87417,87300,87417,117
rearing,87456,87417,87456,39
grooming,87457,87456,87457,1
climbing,87462,87457,87462,5
rising,87518,87462,87518,56
climbing,87558,87518,87558,40
grooming,87664,87558,87664,106
sniffing,87747,87664,87747,83
stepping,87802,87747,87802,55
rising,87834,87802,87834,32
climbing,87871,87834,87871,37
hunching,87872,87871,87872,1
sniffing,87873,87872,87873,1
right_turning,87907,87873,87907,34
running,87939,87907,87939,32
trotting,87974,87939,87974,35
left_turning,88219,87974,88219,245
trotting,88236,88219,88236,17
rising,88250,88236,88250,14
right_turning,88286,88250,88286,36
walking,88301,88286,88301,15
sniffing,88323,88301,88323,22
left_turning,88414,88323,88414,91
walking,88466,88414,88466,52
sniffing,88480,88466,88480,14
rising,88481,88480,88481,1
right_turning,88505,88481,88505,24
climbing,88551,88505,88551,46
rearing,88577,88551,88577,26
rising,88602,88577,88602,25
climbing,88685,88602,88685,83
grooming,88686,88685,88686,1
rearing,88688,88686,88688,2
grooming,89008,88688,89008,320
rearing,89022,89008,89022,14
sniffing,89277,89022,89277,255
hunching,89279,89277,89279,2
climbing,89326,89279,89326,47
walking,89367,89326,89367,41
stepping,89381,89367,89381,14
sniffing,89442,89381,89442,61
rising,89501,89442,89501,59
sniffing,89502,89501,89502,1
walking,89562,89502,89562,60
sniffing,89588,89562,89588,26
stepping,89609,89588,89609,21
walking,89636,89609,89636,27
sniffing,89678,89636,89678,42
stepping,89704,89678,89704,26
running,89711,89704,89711,7
sniffing,89769,89711,89769,58
rising,89834,89769,89834,65
right_turning,89854,89834,89854,20
walking,89889,89854,89889,35
rising,89906,89889,89906,17
running,89921,89906,89921,15
rising,89949,89921,89949,28
right_turning,89957,89949,89957,8
rearing,90069,89957,90069,112
sniffing,90070,90069,90070,1
walking,90078,90070,90078,8
sniffing,90114,90078,90114,36
walking,90162,90114,90162,48
sniffing,90163,90162,90163,1
grooming,90377,90163,90377,214
hunching,90378,90377,90378,1
grooming,90379,90378,90379,1
climbing,90394,90379,90394,15
rising,90395,90394,90395,1
hunching,90499,90395,90499,104
grooming,90678,90499,90678,179
hunching,90679,90678,90679,1
rearing,90740,90679,90740,61
stepping,90764,90740,90764,24
walking,90820,90764,90820,56
right_turning,90831,90820,90831,11
sniffing,90892,90831,90892,61
left_turning,90955,90892,90955,63
walking,90991,90955,90991,36
sniffing,90997,90991,90997,6
trotting,91019,90997,91019,22
rising,91087,91019,91087,68
climbing,91110,91087,91110,23
rising,91164,91110,91164,54
sniffing,91194,91164,91194,30
rising,91195,91194,91195,1
sniffing,91196,91195,91196,1
running,91219,91196,91219,23
sniffing,91275,91219,91275,56
left_turning,91286,91275,91286,11
climbing,91287,91286,91287,1
walking,91290,91287,91290,3
sniffing,91381,91290,91381,91
rising,91382,91381,91382,1
climbing,91419,91382,91419,37
rearing,91500,91419,91500,81
sniffing,91569,91500,91569,69
grooming,91570,91569,91570,1
rearing,91608,91570,91608,38
climbing,91661,91608,91661,53
hunching,91791,91661,91791,130
climbing,91875,91791,91875,84
rising,91913,91875,91913,38
left_turning,91917,91913,91917,4
sniffing,91918,91917,91918,1
left_turning,91947,91918,91947,29
sniffing,91987,91947,91987,40
climbing,92047,91987,92047,60
running,92084,92047,92084,37
walking,92109,92084,92109,25
sniffing,92110,92109,92110,1
rising,92117,92110,92117,7
climbing,92179,92117,92179,62
sniffing,92180,92179,92180,1
rising,92216,92180,92216,36
climbing,92238,92216,92238,22
sniffing,92310,92238,92310,72
walking,92311,92310,92311,1
sniffing,92316,92311,92316,5
walking,92323,92316,92323,7
left_turning,92324,92323,92324,1
climbing,92325,92324,92325,1
right_turning,92340,92325,92340,15
climbing,92403,92340,92403,63
rising,92458,92403,92458,55
right_turning,92521,92458,92521,63
walking,92582,92521,92582,61
rising,92604,92582,92604,22
right_turning,92633,92604,92633,29
trotting,92653,92633,92653,20
left_turning,92692,92653,92692,39
stepping,92741,92692,92741,49
rising,92792,92741,92792,51
sniffing,92804,92792,92804,12
climbing,92839,92804,92839,35
right_turning,92872,92839,92872,33
walking,92897,92872,92897,25
sniffing,92898,92897,92898,1
pausing,93094,92898,93094,196
sniffing,93140,93094,93140,46
right_turning,93158,93140,93158,18
walking,93198,93158,93198,40
sniffing,93199,93198,93199,1
rising,93215,93199,93215,16
rearing,93380,93215,93380,165
rising,93414,93380,93414,34
climbing,93417,93414,93417,3
sniffing,93418,93417,93418,1
left_turning,93500,93418,93500,82
sniffing,93501,93500,93501,1
pausing,93517,93501,93517,16
sniffing,93594,93517,93594,77
right_turning,93627,93594,93627,33
walking,93645,93627,93645,18
sniffing,93714,93645,93714,69
trotting,93739,93714,93739,25
running,93765,93739,93765,26
left_turning,93766,93765,93766,1
running,93800,93766,93800,34
left_turning,93838,93800,93838,38
walking,93839,93838,93839,1
sniffing,93854,93839,93854,15
walking,93904,93854,93904,50
sniffing,93905,93904,93905,1
rising,93920,93905,93920,15
climbing,93921,93920,93921,1
walking,93966,93921,93966,45
sniffing,93984,93966,93984,18
climbing,94019,93984,94019,35
rising,94028,94019,94028,9
rearing,94032,94028,94032,4
rising,94069,94032,94069,37
climbing,94120,94069,94120,51
left_turning,94150,94120,94150,30
stepping,94191,94150,94191,41
sniffing,94285,94191,94285,94
left_turning,94342,94285,94342,57
sniffing,94379,94342,94379,37
rearing,94448,94379,94448,69
climbing,94476,94448,94476,28
rising,94508,94476,94508,32
climbing,94516,94508,94516,8
sniffing,94531,94516,94531,15
rising,94542,94531,94542,11
stepping,94595,94542,94595,53
climbing,94651,94595,94651,56
walking,94710,94651,94710,59
left_turning,94726,94710,94726,16
walking,94727,94726,94727,1
sniffing,94754,94727,94754,27
left_turning,94799,94754,94799,45
stepping,94827,94799,94827,28
climbing,94883,94827,94883,56
sniffing,94936,94883,94936,53
stepping,94941,94936,94941,5
sniffing,94942,94941,94942,1
rising,95003,94942,95003,61
sniffing,95023,95003,95023,20
rising,95080,95023,95080,57
walking,95103,95080,95103,23
climbing,95203,95103,95203,100
sniffing,95305,95203,95305,102
right_turning,95306,95305,95306,1
walking,95354,95306,95354,48
rising,95355,95354,95355,1
rearing,95437,95355,95437,82
climbing,95450,95437,95450,13
rearing,95467,95450,95467,17
rising,95470,95467,95470,3
sniffing,95471,95470,95471,1
left_turning,95472,95471,95472,1
sniffing,95473,95472,95473,1
rearing,95474,95473,95474,1
sniffing,95525,95474,95525,51
walking,95526,95525,95526,1
sniffing,95628,95526,95628,102
stepping,95635,95628,95635,7
walking,95641,95635,95641,6
climbing,95654,95641,95654,13
sniffing,95659,95654,95659,5
climbing,95680,95659,95680,21
grooming,95681,95680,95681,1
hunching,95747,95681,95747,66
climbing,95792,95747,95792,45
rising,95810,95792,95810,18
climbing,95853,95810,95853,43
running,95859,95853,95859,6
sniffing,95875,95859,95875,16
rising,95919,95875,95919,44
climbing,96010,95919,96010,91
grooming,96120,96010,96120,110
sniffing,96135,96120,96135,15
walking,96157,96135,96157,22
rising,96176,96157,96176,19
sniffing,96177,96176,96177,1
rising,96199,96177,96199,22
rearing,96200,96199,96200,1
hunching,96206,96200,96206,6
rising,96207,96206,96207,1
hunching,96208,96207,96208,1
climbing,96272,96208,96272,64
rising,96287,96272,96287,15
sniffing,96298,96287,96298,11
left_turning,96336,96298,96336,38
walking,96395,96336,96395,59
grooming,96396,96395,96396,1
sniffing,96458,96396,96458,62
climbing,96468,96458,96468,10
rearing,96506,96468,96506,38
hunching,96522,96506,96522,16
grooming,96523,96522,96523,1
rearing,96600,96523,96600,77
sniffing,96601,96600,96601,1
left_turning,96644,96601,96644,43
sniffing,96645,96644,96645,1
walking,96646,96645,96646,1
left_turning,96692,96646,96692,46
sniffing,96788,96692,96788,96
hunching,97025,96788,97025,237
trotting,97077,97025,97077,52
climbing,97104,97077,97104,27
rising,97178,97104,97178,74
right_turning,97188,97178,97188,10
left_turning,97194,97188,97194,6
sniffing,97244,97194,97244,50
trotting,97262,97244,97262,18
rising,97322,97262,97322,60
sniffing,97388,97322,97388,66
rising,97394,97388,97394,6
climbing,97457,97394,97457,63
sniffing,97510,97457,97510,53
rising,97545,97510,97545,35
trotting,97561,97545,97561,16
sniffing,97606,97561,97606,45
rising,97607,97606,97607,1
climbing,97655,97607,97655,48
rising,97722,97655,97722,67
climbing,97760,97722,97760,38
trotting,97768,97760,97768,8
rising,97778,97768,97778,10
sniffing,97779,97778,97779,1
left_turning,97829,97779,97829,50
sniffing,97863,97829,97863,34
hunching,97864,97863,97864,1
grooming,97865,97864,97865,1
rearing,97989,97865,97989,124
sniffing,98049,97989,98049,60
right_turning,98073,98049,98073,24
walking,98098,98073,98098,25
running,98099,98098,98099,1
sniffing,98101,98099,98101,2
left_turning,98114,98101,98114,13
rearing,98198,98114,98198,84
sniffing,98245,98198,98245,47
climbing,98269,98245,98269,24
rising,98307,98269,98307,38
rearing,98371,98307,98371,64
running,98388,98371,98388,17
left_turning,98503,98388,98503,115
trotting,98507,98503,98507,4
rising,98556,98507,98556,49
climbing,98634,98556,98634,78
rearing,98688,98634,98688,54
grooming,98689,98688,98689,1
sniffing,98690,98689,98690,1
rising,98707,98690,98707,17
climbing,98761,98707,98761,54
walking,98769,98761,98769,8
left_turning,98800,98769,98800,31
sniffing,98951,98800,98951,151
left_turning,98995,98951,98995,44
trotting,99005,98995,99005,10
walking,99026,99005,99026,21
rising,99033,99026,99033,7
sniffing,99171,99033,99171,138
walking,99188,99171,99188,17
sniffing,99264,99188,99264,76
walking,99307,99264,99307,43
sniffing,99383,99307,99383,76
rising,99460,99383,99460,77
climbing,99509,99460,99509,49
rising,99510,99509,99510,1
climbing,99511,99510,99511,1
hunching,99520,99511,99520,9
grooming,99521,99520,99521,1
climbing,99522,99521,99522,1
right_turning,99526,99522,99526,4
sniffing,99527,99526,99527,1
trotting,99531,99527,99531,4
sniffing,99569,99531,99569,38
right_turning,99581,99569,99581,12
sniffing,99633,99581,99633,52
rising,99634,99633,99634,1
walking,99677,99634,99677,43
sniffing,99699,99677,99699,22
rearing,99779,99699,99779,80
sniffing,99829,99779,99829,50
left_turning,99844,99829,99844,15
walking,99869,99844,99869,25
sniffing,99900,99869,99900,31
rising,99901,99900,99901,1
sniffing,99938,99901,99938,37
walking,99972,99938,99972,34
sniffing,100017,99972,100017,45
walking,100054,100017,100054,37
sniffing,100109,100054,100109,55
walking,100205,100109,100205,96
sniffing,100298,100205,100298,93
left_turning,100366,100298,100366,68
walking,100380,100366,100380,14
sniffing,100455,100380,100455,75
rising,100462,100455,100462,7
climbing,100549,100462,100549,87
walking,100599,100549,100599,50
sniffing,100641,100599,100641,42
left_turning,100652,100641,100652,11
sniffing,100744,100652,100744,92
pausing,100745,100744,100745,1
sniffing,100837,100745,100837,92
rising,100841,100837,100841,4
sniffing,100842,100841,100842,1
right_turning,100843,100842,100843,1
sniffing,100888,100843,100888,45
hunching,100948,100888,100948,60
grooming,101273,100948,101273,325
right_turning,101290,101273,101290,17
walking,101335,101290,101335,45
running,101359,101335,101359,24
sniffing,101367,101359,101367,8
walking,101368,101367,101368,1
rising,101399,101368,101399,31
trotting,101417,101399,101417,18
left_turning,101499,101417,101499,82
climbing,101622,101499,101622,123
rising,101682,101622,101682,60
climbing,101685,101682,101685,3
rearing,101686,101685,101686,1
sniffing,101788,101686,101788,102
rearing,101823,101788,101823,35
sniffing,101896,101823,101896,73
grooming,101988,101896,101988,92
climbing,102023,101988,102023,35
rearing,102157,102023,102157,134
sniffing,102193,102157,102193,36
rising,102241,102193,102241,48
sniffing,102255,102241,102255,14
walking,102309,102255,102309,54
sniffing,102310,102309,102310,1
rearing,102429,102310,102429,119
walking,102491,102429,102491,62
sniffing,102492,102491,102492,1
left_turning,102550,102492,102550,58
sniffing,102605,102550,102605,55
trotting,102636,102605,102636,31
walking,102637,102636,102637,1
sniffing,102739,102637,102739,102
walking,102771,102739,102771,32
rearing,102865,102771,102865,94
walking,102881,102865,102881,16
rearing,103024,102881,103024,143
sniffing,103099,103024,103099,75
walking,103182,103099,103182,83
sniffing,103334,103182,103334,152
left_turning,103394,103334,103394,60
trotting,103440,103394,103440,46
sniffing,103514,103440,103514,74
left_turning,103609,103514,103609,95
sniffing,103678,103609,103678,69
rising,103679,103678,103679,1
climbing,103731,103679,103731,52
walking,103765,103731,103765,34
rising,103828,103765,103828,63
sniffing,103985,103828,103985,157
left_turning,103986,103985,103986,1
walking,104007,103986,104007,21
rising,104081,104007,104081,74
left_turning,104139,104081,104139,58
sniffing,104303,104139,104303,164
rising,104409,104303,104409,106
climbing,104410,104409,104410,1
sniffing,104491,104410,104491,81
grooming,104630,104491,104630,139
climbing,104703,104630,104703,73
rising,104704,104703,104704,1
climbing,104778,104704,104778,74
sniffing,104807,104778,104807,29
climbing,104823,104807,104823,16
walking,104869,104823,104869,46
sniffing,105018,104869,105018,149
climbing,105048,105018,105048,30
walking,105103,105048,105103,55
stepping,105148,105103,105148,45
walking,105198,105148,105198,50
sniffing,105234,105198,105234,36
pausing,105235,105234,105235,1
sniffing,105271,105235,105271,36
climbing,105331,105271,105331,60
sniffing,105388,105331,105388,57
climbing,105510,105388,105510,122
sniffing,105594,105510,105594,84
climbing,105595,105594,105595,1
grooming,105596,105595,105596,1
sniffing,105653,105596,105653,57
climbing,105662,105653,105662,9
hunching,105774,105662,105774,112
sniffing,105782,105774,105782,8
pausing,105783,105782,105783,1
sniffing,105846,105783,105846,63
stepping,105865,105846,105865,19
sniffing,105963,105865,105963,98
stepping,105964,105963,105964,1
left_turning,106032,105964,106032,68
walking,106084,106032,106084,52
sniffing,106158,106084,106158,74
climbing,106159,106158,106159,1
rearing,106229,106159,106229,70
walking,106253,106229,106253,24
sniffing,106282,106253,106282,29
rising,106374,106282,106374,92
climbing,106448,106374,106448,74
rearing,106449,106448,106449,1
rising,106470,106449,106470,21
climbing,106503,106470,106503,33
right_turning,106517,106503,106517,14
walking,106559,106517,106559,42
climbing,106648,106559,106648,89
rising,106649,106648,106649,1
sniffing,106719,106649,106719,70
climbing,106730,106719,106730,11
hunching,106827,106730,106827,97
right_turning,106870,106827,106870,43
walking,106903,106870,106903,33
rising,106904,106903,106904,1
climbing,106905,106904,106905,1
rising,106954,106905,106954,49
climbing,107066,106954,107066,112
grooming,107273,107066,107273,207
climbing,107325,107273,107325,52
sniffing,107329,107325,107329,4
stepping,107361,107329,107361,32
sniffing,107362,107361,107362,1
grooming,107642,107362,107642,280
sniffing,107643,107642,107643,1
climbing,107760,107643,107760,117
rising,107783,107760,107783,23
rearing,107792,107783,107792,9
grooming,107793,107792,107793,1
sniffing,107997,107793,107997,204
pausing,107998,107997,107998,1
sniffing,108000,107998,108000,2
