revised_movement_label,segBoundary,segBoundary_start,segBoundary_end,length
walking,44,0,44,44
sniffing,54,44,54,10
walking,97,54,97,43
sniffing,98,97,98,1
right_turning,117,98,117,19
walking,124,117,124,7
sniffing,125,124,125,1
walking,175,125,175,50
left_turning,240,175,240,65
right_turning,241,240,241,1
left_turning,269,241,269,28
trotting,272,269,272,3
left_turning,312,272,312,40
sniffing,342,312,342,30
climbing,373,342,373,31
left_turning,423,373,423,50
sniffing,424,423,424,1
climbing,451,424,451,27
trotting,506,451,506,55
rearing,507,506,507,1
sniffing,583,507,583,76
climbing,615,583,615,32
sniffing,659,615,659,44
climbing,699,659,699,40
sniffing,711,699,711,12
trotting,734,711,734,23
rising,741,734,741,7
walking,789,741,789,48
right_turning,806,789,806,17
stepping,827,806,827,21
sniffing,900,827,900,73
walking,927,900,927,27
climbing,966,927,966,39
left_turning,1006,966,1006,40
climbing,1036,1006,1036,30
walking,1038,1036,1038,2
rising,1060,1038,1060,22
sniffing,1095,1060,1095,35
walking,1117,1095,1117,22
stepping,1138,1117,1138,21
walking,1238,1138,1238,100
sniffing,1305,1238,1305,67
rising,1367,1305,1367,62
stepping,1368,1367,1368,1
walking,1431,1368,1431,63
climbing,1461,1431,1461,30
sniffing,1534,1461,1534,73
left_turning,1559,1534,1559,25
running,1595,1559,1595,36
sniffing,1596,1595,1596,1
trotting,1631,1596,1631,35
sniffing,1725,1631,1725,94
walking,1762,1725,1762,37
sniffing,1814,1762,1814,52
rising,1815,1814,1815,1
stepping,1836,1815,1836,21
walking,1890,1836,1890,54
rising,1891,1890,1891,1
sniffing,1984,1891,1984,93
rising,1990,1984,1990,6
sniffing,1991,1990,1991,1
hunching,2033,1991,2033,42
climbing,2050,2033,2050,17
sniffing,2120,2050,2120,70
rising,2121,2120,2121,1
trotting,2169,2121,2169,48
sniffing,2170,2169,2170,1
rising,2177,2170,2177,7
walking,2194,2177,2194,17
sniffing,2253,2194,2253,59
climbing,2293,2253,2293,40
rising,2335,2293,2335,42
sniffing,2336,2335,2336,1
running,2365,2336,2365,29
rising,2551,2365,2551,186
rearing,2680,2551,2680,129
stepping,2691,2680,2691,11
walking,2805,2691,2805,114
sniffing,2813,2805,2813,8
walking,2829,2813,2829,16
running,2851,2829,2851,22
sniffing,2949,2851,2949,98
rising,2989,2949,2989,40
sniffing,3037,2989,3037,48
trotting,3067,3037,3067,30
sniffing,3068,3067,3068,1
right_turning,3102,3068,3102,34
stepping,3136,3102,3136,34
sniffing,3182,3136,3182,46
climbing,3207,3182,3207,25
sniffing,3310,3207,3310,103
left_turning,3332,3310,3332,22
walking,3348,3332,3348,16
sniffing,3386,3348,3386,38
rising,3432,3386,3432,46
rearing,3478,3432,3478,46
sniffing,3534,3478,3534,56
climbing,3564,3534,3564,30
sniffing,3580,3564,3580,16
rising,3627,3580,3627,47
stepping,3738,3627,3738,111
trotting,3752,3738,3752,14
walking,3771,3752,3771,19
trotting,3801,3771,3801,30
sniffing,3802,3801,3802,1
left_turning,3811,3802,3811,9
walking,3812,3811,3812,1
sniffing,3838,3812,3838,26
left_turning,3855,3838,3855,17
rising,3923,3855,3923,68
sniffing,3924,3923,3924,1
trotting,3925,3924,3925,1
running,3928,3925,3928,3
trotting,3945,3928,3945,17
sniffing,3946,3945,3946,1
trotting,3965,3946,3965,19
sniffing,4093,3965,4093,128
walking,4111,4093,4111,18
sniffing,4136,4111,4136,25
right_turning,4146,4136,4146,10
sniffing,4147,4146,4147,1
walking,4148,4147,4148,1
rising,4237,4148,4237,89
climbing,4279,4237,4279,42
sniffing,4280,4279,4280,1
rising,4344,4280,4344,64
right_turning,4383,4344,4383,39
trotting,4416,4383,4416,33
left_turning,4433,4416,4433,17
sniffing,4456,4433,4456,23
walking,4506,4456,4506,50
stepping,4542,4506,4542,36
walking,4551,4542,4551,9
stepping,4582,4551,4582,31
rising,4583,4582,4583,1
climbing,4624,4583,4624,41
sniffing,4645,4624,4645,21
rising,4666,4645,4666,21
rearing,4667,4666,4667,1
rising,4668,4667,4668,1
climbing,4739,4668,4739,71
sniffing,4828,4739,4828,89
climbing,4870,4828,4870,42
sniffing,4895,4870,4895,25
walking,4921,4895,4921,26
stepping,4922,4921,4922,1
walking,4962,4922,4962,40
trotting,4963,4962,4963,1
walking,4987,4963,4987,24
sniffing,5019,4987,5019,32
stepping,5022,5019,5022,3
rising,5063,5022,5063,41
running,5096,5063,5096,33
walking,5150,5096,5150,54
climbing,5181,5150,5181,31
right_turning,5206,5181,5206,25
rising,5207,5206,5207,1
climbing,5264,5207,5264,57
left_turning,5271,5264,5271,7
sniffing,5342,5271,5342,71
rising,5434,5342,5434,92
climbing,5486,5434,5486,52
rising,5487,5486,5487,1
grooming,5488,5487,5488,1
hunching,5752,5488,5752,264
right_turning,5842,5752,5842,90
running,5873,5842,5873,31
walking,5915,5873,5915,42
sniffing,5954,5915,5954,39
walking,6005,5954,6005,51
climbing,6037,6005,6037,32
walking,6096,6037,6096,59
hunching,6135,6096,6135,39
sniffing,6173,6135,6173,38
walking,6235,6173,6235,62
sniffing,6363,6235,6363,128
climbing,6408,6363,6408,45
sniffing,6444,6408,6444,36
left_turning,6445,6444,6445,1
sniffing,6525,6445,6525,80
rising,6526,6525,6526,1
walking,6567,6526,6567,41
sniffing,6568,6567,6568,1
rising,6618,6568,6618,50
climbing,6632,6618,6632,14
walking,6668,6632,6668,36
trotting,6697,6668,6697,29
rising,6705,6697,6705,8
walking,6706,6705,6706,1
left_turning,6740,6706,6740,34
climbing,6773,6740,6773,33
grooming,6883,6773,6883,110
climbing,6915,6883,6915,32
sniffing,6951,6915,6951,36
walking,6975,6951,6975,24
sniffing,6976,6975,6976,1
climbing,7007,6976,7007,31
sniffing,7022,7007,7022,15
rising,7023,7022,7023,1
sniffing,7107,7023,7107,84
right_turning,7125,7107,7125,18
walking,7140,7125,7140,15
sniffing,7145,7140,7145,5
left_turning,7179,7145,7179,34
walking,7260,7179,7260,81
rising,7291,7260,7291,31
sniffing,7292,7291,7292,1
rising,7369,7292,7369,77
climbing,7383,7369,7383,14
sniffing,7469,7383,7469,86
left_turning,7478,7469,7478,9
stepping,7483,7478,7483,5
walking,7489,7483,7489,6
climbing,7522,7489,7522,33
sniffing,7596,7522,7596,74
left_turning,7610,7596,7610,14
walking,7640,7610,7640,30
rising,7661,7640,7661,21
walking,7664,7661,7664,3
sniffing,7665,7664,7665,1
right_turning,7719,7665,7719,54
sniffing,7736,7719,7736,17
rearing,7843,7736,7843,107
climbing,7897,7843,7897,54
left_turning,7910,7897,7910,13
climbing,7944,7910,7944,34
sniffing,8023,7944,8023,79
climbing,8048,8023,8048,25
sniffing,8098,8048,8098,50
left_turning,8145,8098,8145,47
sniffing,8195,8145,8195,50
left_turning,8232,8195,8232,37
sniffing,8258,8232,8258,26
rising,8302,8258,8302,44
walking,8321,8302,8321,19
sniffing,8336,8321,8336,15
climbing,8366,8336,8366,30
right_turning,8394,8366,8394,28
trotting,8420,8394,8420,26
walking,8451,8420,8451,31
sniffing,8552,8451,8552,101
grooming,8575,8552,8575,23
left_turning,8594,8575,8594,19
running,8625,8594,8625,31
sniffing,8778,8625,8778,153
running,8813,8778,8813,35
sniffing,8845,8813,8845,32
walking,8881,8845,8881,36
rising,8931,8881,8931,50
trotting,8945,8931,8945,14
left_turning,8946,8945,8946,1
sniffing,8947,8946,8947,1
rising,9013,8947,9013,66
walking,9072,9013,9072,59
sniffing,9111,9072,9111,39
climbing,9184,9111,9184,73
rising,9246,9184,9246,62
trotting,9253,9246,9253,7
walking,9254,9253,9254,1
stepping,9261,9254,9261,7
sniffing,9262,9261,9262,1
rising,9406,9262,9406,144
walking,9454,9406,9454,48
rising,9550,9454,9550,96
climbing,9604,9550,9604,54
walking,9661,9604,9661,57
left_turning,9686,9661,9686,25
sniffing,9731,9686,9731,45
left_turning,9764,9731,9764,33
sniffing,9809,9764,9809,45
rising,9924,9809,9924,115
right_turning,9925,9924,9925,1
walking,9941,9925,9941,16
rising,9991,9941,9991,50
running,10031,9991,10031,40
trotting,10068,10031,10068,37
walking,10103,10068,10103,35
sniffing,10158,10103,10158,55
stepping,10207,10158,10207,49
sniffing,10208,10207,10208,1
rising,10476,10208,10476,268
climbing,10515,10476,10515,39
sniffing,10562,10515,10562,47
rearing,10732,10562,10732,170
rising,10791,10732,10791,59
left_turning,10828,10791,10828,37
walking,10868,10828,10868,40
sniffing,10925,10868,10925,57
trotting,10957,10925,10957,32
rising,11206,10957,11206,249
climbing,11240,11206,11240,34
rearing,11375,11240,11375,135
rising,11432,11375,11432,57
sniffing,11504,11432,11504,72
climbing,11522,11504,11522,18
walking,11523,11522,11523,1
left_turning,11531,11523,11531,8
walking,11542,11531,11542,11
climbing,11594,11542,11594,52
right_turning,11628,11594,11628,34
sniffing,11657,11628,11657,29
climbing,11728,11657,11728,71
trotting,11729,11728,11729,1
sniffing,11747,11729,11747,18
stepping,11787,11747,11787,40
sniffing,11788,11787,11788,1
walking,11806,11788,11806,18
rising,11807,11806,11807,1
trotting,11818,11807,11818,11
sniffing,11978,11818,11978,160
rearing,11998,11978,11998,20
sniffing,12106,11998,12106,108
rising,12155,12106,12155,49
left_turning,12193,12155,12193,38
walking,12207,12193,12207,14
sniffing,12266,12207,12266,59
left_turning,12280,12266,12280,14
walking,12360,12280,12360,80
sniffing,12430,12360,12430,70
rising,12521,12430,12521,91
walking,12572,12521,12572,51
stepping,12605,12572,12605,33
climbing,12634,12605,12634,29
rising,12640,12634,12640,6
hunching,12641,12640,12641,1
right_turning,12663,12641,12663,22
stepping,12727,12663,12727,64
walking,12731,12727,12731,4
climbing,12732,12731,12732,1
trotting,12761,12732,12761,29
sniffing,12799,12761,12799,38
running,12820,12799,12820,21
rising,12821,12820,12821,1
left_turning,12831,12821,12831,10
trotting,12857,12831,12857,26
sniffing,12911,12857,12911,54
walking,12966,12911,12966,55
left_turning,12986,12966,12986,20
rising,13122,12986,13122,136
climbing,13182,13122,13182,60
right_turning,13209,13182,13209,27
walking,13243,13209,13243,34
sniffing,13262,13243,13262,19
trotting,13284,13262,13284,22
sniffing,13367,13284,13367,83
rising,13395,13367,13395,28
climbing,13440,13395,13440,45
rearing,13510,13440,13510,70
rising,13575,13510,13575,65
left_turning,13576,13575,13576,1
sniffing,13620,13576,13620,44
walking,13654,13620,13654,34
rising,13752,13654,13752,98
left_turning,13783,13752,13783,31
sniffing,13786,13783,13786,3
climbing,13870,13786,13870,84
running,13871,13870,13871,1
walking,13887,13871,13887,16
sniffing,13941,13887,13941,54
walking,13956,13941,13956,15
left_turning,13957,13956,13957,1
walking,14034,13957,14034,77
left_turning,14075,14034,14075,41
sniffing,14113,14075,14113,38
stepping,14126,14113,14126,13
sniffing,14168,14126,14168,42
climbing,14208,14168,14208,40
sniffing,14220,14208,14220,12
rising,14281,14220,14281,61
sniffing,14300,14281,14300,19
left_turning,14315,14300,14315,15
running,14341,14315,14341,26
right_turning,14348,14341,14348,7
walking,14375,14348,14375,27
sniffing,14713,14375,14713,338
rearing,14724,14713,14724,11
grooming,15563,14724,15563,839
sniffing,15681,15563,15681,118
rising,15682,15681,15682,1
walking,15694,15682,15694,12
sniffing,15737,15694,15737,43
rising,15806,15737,15806,69
sniffing,15839,15806,15839,33
rising,15888,15839,15888,49
hunching,15889,15888,15889,1
rearing,15929,15889,15929,40
sniffing,15930,15929,15930,1
walking,15937,15930,15937,7
rising,15985,15937,15985,48
sniffing,16058,15985,16058,73
walking,16091,16058,16091,33
sniffing,16092,16091,16092,1
walking,16104,16092,16104,12
hunching,16177,16104,16177,73
right_turning,16196,16177,16196,19
stepping,16271,16196,16271,75
sniffing,16304,16271,16304,33
running,16329,16304,16329,25
walking,16362,16329,16362,33
running,16417,16362,16417,55
walking,16446,16417,16446,29
rising,16447,16446,16447,1
sniffing,16463,16447,16463,16
rising,16478,16463,16478,15
climbing,16549,16478,16549,71
walking,16626,16549,16626,77
climbing,16659,16626,16659,33
sniffing,16789,16659,16789,130
walking,16862,16789,16862,73
rising,16924,16862,16924,62
climbing,16939,16924,16939,15
hunching,17143,16939,17143,204
right_turning,17157,17143,17157,14
walking,17170,17157,17170,13
sniffing,17325,17170,17325,155
stepping,17326,17325,17326,1
rising,17327,17326,17327,1
hunching,17342,17327,17342,15
right_turning,17352,17342,17352,10
sniffing,17368,17352,17368,16
walking,17423,17368,17423,55
sniffing,17440,17423,17440,17
rising,17463,17440,17463,23
sniffing,17512,17463,17512,49
walking,17513,17512,17513,1
climbing,17583,17513,17583,70
left_turning,17600,17583,17600,17
walking,17642,17600,17642,42
trotting,17672,17642,17672,30
stepping,17706,17672,17706,34
rearing,17858,17706,17858,152
trotting,17894,17858,17894,36
left_turning,17912,17894,17912,18
walking,17954,17912,17954,42
stepping,17988,17954,17988,34
walking,17989,17988,17989,1
left_turning,18051,17989,18051,62
sniffing,18093,18051,18093,42
rising,18094,18093,18094,1
left_turning,18117,18094,18117,23
sniffing,18118,18117,18118,1
rising,18145,18118,18145,27
rearing,18195,18145,18195,50
rising,18256,18195,18256,61
grooming,18307,18256,18307,51
right_turning,18345,18307,18345,38
walking,18397,18345,18397,52
trotting,18428,18397,18428,31
sniffing,18532,18428,18532,104
climbing,18575,18532,18575,43
left_turning,18576,18575,18576,1
sniffing,18603,18576,18603,27
left_turning,18681,18603,18681,78
climbing,18773,18681,18773,92
rising,18776,18773,18776,3
rearing,18834,18776,18834,58
sniffing,18839,18834,18839,5
walking,18892,18839,18892,53
rising,18893,18892,18893,1
climbing,18930,18893,18930,37
rising,19050,18930,19050,120
rearing,19263,19050,19263,213
right_turning,19310,19263,19310,47
climbing,19346,19310,19346,36
rising,19426,19346,19426,80
climbing,19458,19426,19458,32
right_turning,19490,19458,19490,32
walking,19494,19490,19494,4
stepping,19509,19494,19509,15
sniffing,19530,19509,19530,21
trotting,19546,19530,19546,16
rising,19573,19546,19573,27
sniffing,19585,19573,19585,12
right_turning,19603,19585,19603,18
walking,19651,19603,19651,48
sniffing,19652,19651,19652,1
rising,19672,19652,19672,20
climbing,19724,19672,19724,52
right_turning,19741,19724,19741,17
running,19760,19741,19760,19
sniffing,19827,19760,19827,67
walking,19852,19827,19852,25
sniffing,19897,19852,19897,45
climbing,19912,19897,19912,15
right_turning,19940,19912,19940,28
walking,19941,19940,19941,1
stepping,19988,19941,19988,47
trotting,20020,19988,20020,32
sniffing,20024,20020,20024,4
trotting,20037,20024,20037,13
sniffing,20116,20037,20116,79
climbing,20169,20116,20169,53
rising,20170,20169,20170,1
climbing,20184,20170,20184,14
rearing,20185,20184,20185,1
climbing,20228,20185,20228,43
walking,20239,20228,20239,11
right_turning,20295,20239,20295,56
stepping,20322,20295,20322,27
left_turning,20354,20322,20354,32
rising,20361,20354,20361,7
left_turning,20387,20361,20387,26
walking,20417,20387,20417,30
sniffing,20523,20417,20523,106
rising,20524,20523,20524,1
climbing,20555,20524,20555,31
walking,20563,20555,20563,8
sniffing,20622,20563,20622,59
climbing,20650,20622,20650,28
rising,20662,20650,20662,12
climbing,20706,20662,20706,44
rising,20733,20706,20733,27
climbing,20779,20733,20779,46
trotting,20858,20779,20858,79
sniffing,20905,20858,20905,47
walking,20920,20905,20920,15
climbing,20985,20920,20985,65
sniffing,21034,20985,21034,49
climbing,21041,21034,21041,7
right_turning,21066,21041,21066,25
walking,21089,21066,21089,23
sniffing,21161,21089,21161,72
trotting,21179,21161,21179,18
walking,21214,21179,21214,35
climbing,21278,21214,21278,64
walking,21317,21278,21317,39
sniffing,21346,21317,21346,29
left_turning,21392,21346,21392,46
walking,21424,21392,21424,32
rising,21442,21424,21442,18
climbing,21502,21442,21502,60
walking,21549,21502,21549,47
climbing,21596,21549,21596,47
rearing,21962,21596,21962,366
hunching,21963,21962,21963,1
rearing,21983,21963,21983,20
walking,21993,21983,21993,10
sniffing,22060,21993,22060,67
climbing,22085,22060,22085,25
rising,22142,22085,22142,57
sniffing,22191,22142,22191,49
rising,22192,22191,22192,1
climbing,22240,22192,22240,48
rearing,22439,22240,22439,199
hunching,22500,22439,22500,61
walking,22608,22500,22608,108
stepping,22671,22608,22671,63
trotting,22707,22671,22707,36
sniffing,22765,22707,22765,58
walking,22856,22765,22856,91
sniffing,22877,22856,22877,21
rising,22878,22877,22878,1
climbing,22932,22878,22932,54
left_turning,22957,22932,22957,25
sniffing,22999,22957,22999,42
rising,23018,22999,23018,19
walking,23043,23018,23043,25
trotting,23089,23043,23089,46
walking,23112,23089,23112,23
rising,23153,23112,23153,41
trotting,23167,23153,23167,14
rising,23168,23167,23168,1
walking,23178,23168,23178,10
sniffing,23258,23178,23258,80
trotting,23266,23258,23266,8
walking,23278,23266,23278,12
sniffing,23279,23278,23279,1
climbing,23280,23279,23280,1
rearing,23399,23280,23399,119
sniffing,23471,23399,23471,72
rearing,23594,23471,23594,123
grooming,23603,23594,23603,9
rearing,23604,23603,23604,1
hunching,23863,23604,23863,259
rearing,23916,23863,23916,53
walking,23976,23916,23976,60
rising,24001,23976,24001,25
climbing,24062,24001,24062,61
right_turning,24077,24062,24077,15
climbing,24121,24077,24121,44
sniffing,24122,24121,24122,1
rising,24137,24122,24137,15
sniffing,24213,24137,24213,76
rising,24283,24213,24283,70
sniffing,24312,24283,24312,29
hunching,24358,24312,24358,46
sniffing,24389,24358,24389,31
rearing,24450,24389,24450,61
sniffing,24520,24450,24520,70
walking,24560,24520,24560,40
sniffing,24588,24560,24588,28
running,24593,24588,24593,5
sniffing,24598,24593,24598,5
rising,24633,24598,24633,35
sniffing,24715,24633,24715,82
rising,24796,24715,24796,81
climbing,24852,24796,24852,56
rising,24901,24852,24901,49
sniffing,24997,24901,24997,96
left_turning,25023,24997,25023,26
walking,25110,25023,25110,87
rising,25111,25110,25111,1
sniffing,25112,25111,25112,1
rising,25198,25112,25198,86
climbing,25230,25198,25230,32
rearing,25231,25230,25231,1
sniffing,25297,25231,25297,66
trotting,25364,25297,25364,67
rising,25365,25364,25365,1
left_turning,25403,25365,25403,38
walking,25426,25403,25426,23
climbing,25472,25426,25472,46
rising,25647,25472,25647,175
sniffing,25655,25647,25655,8
rising,25656,25655,25656,1
hunching,25687,25656,25687,31
right_turning,25726,25687,25726,39
walking,25774,25726,25774,48
sniffing,25783,25774,25783,9
running,25799,25783,25799,16
stepping,25807,25799,25807,8
climbing,25872,25807,25872,65
sniffing,25917,25872,25917,45
rising,25966,25917,25966,49
climbing,26009,25966,26009,43
walking,26022,26009,26022,13
sniffing,26032,26022,26032,10
stepping,26042,26032,26042,10
sniffing,26110,26042,26110,68
stepping,26163,26110,26163,53
trotting,26203,26163,26203,40
sniffing,26246,26203,26246,43
rising,26318,26246,26318,72
sniffing,26433,26318,26433,115
rising,26489,26433,26489,56
right_turning,26534,26489,26534,45
trotting,26543,26534,26543,9
sniffing,26585,26543,26585,42
walking,26586,26585,26586,1
left_turning,26587,26586,26587,1
running,26608,26587,26608,21
walking,26628,26608,26628,20
stepping,26644,26628,26644,16
sniffing,26713,26644,26713,69
climbing,26744,26713,26744,31
trotting,26761,26744,26761,17
stepping,26801,26761,26801,40
climbing,26839,26801,26839,38
sniffing,26840,26839,26840,1
trotting,26852,26840,26852,12
left_turning,26912,26852,26912,60
running,26941,26912,26941,29
right_turning,26952,26941,26952,11
walking,26971,26952,26971,19
sniffing,27036,26971,27036,65
right_turning,27074,27036,27074,38
left_turning,27092,27074,27092,18
sniffing,27120,27092,27120,28
walking,27185,27120,27185,65
rising,27207,27185,27207,22
climbing,27223,27207,27223,16
sniffing,27224,27223,27224,1
walking,27259,27224,27259,35
climbing,27323,27259,27323,64
hunching,27443,27323,27443,120
sniffing,27517,27443,27517,74
walking,27529,27517,27529,12
climbing,27581,27529,27581,52
right_turning,27606,27581,27606,25
walking,27607,27606,27607,1
trotting,27608,27607,27608,1
right_turning,27618,27608,27618,10
trotting,27639,27618,27639,21
sniffing,27729,27639,27729,90
rising,27807,27729,27807,78
climbing,27822,27807,27822,15
walking,27860,27822,27860,38
trotting,27886,27860,27886,26
rising,27902,27886,27902,16
climbing,27919,27902,27919,17
sniffing,27951,27919,27951,32
climbing,27980,27951,27980,29
walking,27996,27980,27996,16
left_turning,28017,27996,28017,21
trotting,28059,28017,28059,42
sniffing,28060,28059,28060,1
climbing,28099,28060,28099,39
sniffing,28114,28099,28114,15
walking,28150,28114,28150,36
stepping,28214,28150,28214,64
trotting,28215,28214,28215,1
left_turning,28255,28215,28255,40
walking,28295,28255,28295,40
climbing,28341,28295,28341,46
hunching,28342,28341,28342,1
climbing,28370,28342,28370,28
walking,28371,28370,28371,1
rising,28385,28371,28385,14
sniffing,28410,28385,28410,25
trotting,28449,28410,28449,39
sniffing,28473,28449,28473,24
climbing,28546,28473,28546,73
sniffing,28579,28546,28579,33
climbing,28610,28579,28610,31
rearing,28611,28610,28611,1
sniffing,28639,28611,28639,28
trotting,28640,28639,28640,1
sniffing,28683,28640,28683,43
walking,28700,28683,28700,17
stepping,28706,28700,28706,6
sniffing,28734,28706,28734,28
rising,28735,28734,28735,1
sniffing,28736,28735,28736,1
left_turning,28766,28736,28766,30
sniffing,28855,28766,28855,89
stepping,28868,28855,28868,13
sniffing,28869,28868,28869,1
climbing,28870,28869,28870,1
sniffing,28883,28870,28883,13
rising,28911,28883,28911,28
climbing,28956,28911,28956,45
trotting,28991,28956,28991,35
walking,29015,28991,29015,24
right_turning,29055,29015,29055,40
walking,29056,29055,29056,1
climbing,29071,29056,29071,15
sniffing,29136,29071,29136,65
rising,29187,29136,29187,51
sniffing,29244,29187,29244,57
rising,29246,29244,29246,2
sniffing,29275,29246,29275,29
running,29304,29275,29304,29
sniffing,29340,29304,29340,36
trotting,29364,29340,29364,24
sniffing,29371,29364,29371,7
stepping,29372,29371,29372,1
sniffing,29390,29372,29390,18
walking,29414,29390,29414,24
sniffing,29493,29414,29493,79
left_turning,29565,29493,29565,72
trotting,29567,29565,29567,2
stepping,29610,29567,29610,43
walking,29611,29610,29611,1
sniffing,29861,29611,29861,250
climbing,29978,29861,29978,117
stepping,30085,29978,30085,107
sniffing,30144,30085,30144,59
rising,30222,30144,30222,78
climbing,30371,30222,30371,149
rising,30380,30371,30380,9
climbing,30483,30380,30483,103
trotting,30521,30483,30521,38
sniffing,30551,30521,30551,30
left_turning,30575,30551,30575,24
sniffing,30576,30575,30576,1
climbing,30610,30576,30610,34
hunching,30643,30610,30643,33
sniffing,30673,30643,30673,30
left_turning,30698,30673,30698,25
sniffing,30744,30698,30744,46
rising,30760,30744,30760,16
left_turning,30761,30760,30761,1
running,30792,30761,30792,31
walking,30838,30792,30838,46
left_turning,30853,30838,30853,15
rising,30862,30853,30862,9
sniffing,30962,30862,30962,100
left_turning,30963,30962,30963,1
rising,31013,30963,31013,50
sniffing,31014,31013,31014,1
rising,31064,31014,31064,50
trotting,31097,31064,31097,33
rising,31098,31097,31098,1
left_turning,31120,31098,31120,22
sniffing,31189,31120,31189,69
hunching,31190,31189,31190,1
right_turning,31230,31190,31230,40
walking,31247,31230,31247,17
sniffing,31313,31247,31313,66
grooming,31402,31313,31402,89
rearing,31403,31402,31403,1
walking,31463,31403,31463,60
rising,31465,31463,31465,2
climbing,31585,31465,31585,120
sniffing,31586,31585,31586,1
rising,31604,31586,31604,18
walking,31643,31604,31643,39
sniffing,31695,31643,31695,52
grooming,31869,31695,31869,174
left_turning,31870,31869,31870,1
sniffing,31915,31870,31915,45
walking,31963,31915,31963,48
rising,32042,31963,32042,79
sniffing,32046,32042,32046,4
left_turning,32075,32046,32075,29
sniffing,32216,32075,32216,141
right_turning,32238,32216,32238,22
trotting,32239,32238,32239,1
sniffing,32287,32239,32287,48
right_turning,32301,32287,32301,14
walking,32321,32301,32321,20
sniffing,32327,32321,32327,6
walking,32373,32327,32373,46
running,32417,32373,32417,44
left_turning,32427,32417,32427,10
walking,32447,32427,32447,20
left_turning,32469,32447,32469,22
running,32494,32469,32494,25
walking,32529,32494,32529,35
sniffing,32613,32529,32613,84
climbing,32674,32613,32674,61
sniffing,32734,32674,32734,60
left_turning,32762,32734,32762,28
sniffing,32812,32762,32812,50
right_turning,32816,32812,32816,4
walking,32840,32816,32840,24
rising,32901,32840,32901,61
trotting,32947,32901,32947,46
sniffing,32981,32947,32981,34
trotting,32983,32981,32983,2
running,33021,32983,33021,38
trotting,33032,33021,33032,11
left_turning,33068,33032,33068,36
rising,33099,33068,33099,31
grooming,33323,33099,33323,224
sniffing,33413,33323,33413,90
left_turning,33480,33413,33480,67
walking,33530,33480,33530,50
grooming,34122,33530,34122,592
rearing,34246,34122,34246,124
walking,34307,34246,34307,61
stepping,34377,34307,34377,70
sniffing,34455,34377,34455,78
walking,34522,34455,34522,67
sniffing,34565,34522,34565,43
left_turning,34623,34565,34623,58
sniffing,34673,34623,34673,50
rising,34752,34673,34752,79
climbing,34854,34752,34854,102
rising,34863,34854,34863,9
climbing,34895,34863,34895,32
rearing,34896,34895,34896,1
walking,34897,34896,34897,1
sniffing,34916,34897,34916,19
left_turning,34939,34916,34939,23
sniffing,34984,34939,34984,45
right_turning,34994,34984,34994,10
walking,34995,34994,34995,1
left_turning,35002,34995,35002,7
sniffing,35032,35002,35032,30
rising,35033,35032,35033,1
right_turning,35048,35033,35048,15
stepping,35076,35048,35076,28
rising,35077,35076,35077,1
walking,35148,35077,35148,71
stepping,35199,35148,35199,51
sniffing,35249,35199,35249,50
stepping,35307,35249,35307,58
walking,35310,35307,35310,3
rising,35329,35310,35329,19
rearing,35346,35329,35346,17
grooming,35465,35346,35465,119
hunching,35466,35465,35466,1
grooming,35673,35466,35673,207
right_turning,35694,35673,35694,21
trotting,35726,35694,35726,32
hunching,35860,35726,35860,134
sniffing,35861,35860,35861,1
trotting,35884,35861,35884,23
rising,35897,35884,35897,13
grooming,35898,35897,35898,1
sniffing,36191,35898,36191,293
hunching,36257,36191,36257,66
rising,36281,36257,36281,24
rearing,36340,36281,36340,59
rising,36379,36340,36379,39
walking,36418,36379,36418,39
sniffing,36419,36418,36419,1
left_turning,36451,36419,36451,32
trotting,36465,36451,36465,14
sniffing,36489,36465,36489,24
climbing,36533,36489,36533,44
hunching,36647,36533,36647,114
climbing,36686,36647,36686,39
rising,36744,36686,36744,58
climbing,36745,36744,36745,1
sniffing,36746,36745,36746,1
right_turning,36794,36746,36794,48
running,36831,36794,36831,37
trotting,36867,36831,36867,36
right_turning,36875,36867,36875,8
stepping,36876,36875,36876,1
sniffing,36947,36876,36947,71
left_turning,36949,36947,36949,2
walking,36973,36949,36973,24
rising,37048,36973,37048,75
climbing,37096,37048,37096,48
rising,37111,37096,37111,15
climbing,37156,37111,37156,45
walking,37179,37156,37179,23
rearing,37218,37179,37218,39
rising,37221,37218,37221,3
sniffing,37246,37221,37246,25
rising,37287,37246,37287,41
sniffing,37428,37287,37428,141
rising,37429,37428,37429,1
rearing,37438,37429,37438,9
grooming,37641,37438,37641,203
sniffing,37675,37641,37675,34
stepping,37694,37675,37694,19
sniffing,37794,37694,37794,100
walking,37851,37794,37851,57
climbing,37906,37851,37906,55
rising,37944,37906,37944,38
hunching,37945,37944,37945,1
climbing,38021,37945,38021,76
grooming,38022,38021,38022,1
sniffing,38089,38022,38089,67
rising,38090,38089,38090,1
rearing,38120,38090,38120,30
hunching,38121,38120,38121,1
walking,38177,38121,38177,56
stepping,38188,38177,38188,11
sniffing,38189,38188,38189,1
walking,38256,38189,38256,67
sniffing,38310,38256,38310,54
grooming,38528,38310,38528,218
climbing,38596,38528,38596,68
sniffing,38624,38596,38624,28
rising,38625,38624,38625,1
climbing,38678,38625,38678,53
sniffing,38679,38678,38679,1
rising,38701,38679,38701,22
rearing,38708,38701,38708,7
sniffing,38729,38708,38729,21
rising,38847,38729,38847,118
climbing,38926,38847,38926,79
sniffing,38975,38926,38975,49
right_turning,38999,38975,38999,24
trotting,39025,38999,39025,26
walking,39026,39025,39026,1
sniffing,39059,39026,39059,33
trotting,39101,39059,39101,42
sniffing,39143,39101,39143,42
rising,39144,39143,39144,1
trotting,39213,39144,39213,69
running,39228,39213,39228,15
walking,39242,39228,39242,14
climbing,39243,39242,39243,1
running,39280,39243,39280,37
sniffing,39337,39280,39337,57
left_turning,39338,39337,39338,1
walking,39339,39338,39339,1
sniffing,39392,39339,39392,53
rising,39393,39392,39393,1
climbing,39405,39393,39405,12
rising,39406,39405,39406,1
climbing,39436,39406,39436,30
rising,39439,39436,39439,3
climbing,39469,39439,39469,30
rising,39515,39469,39515,46
sniffing,39553,39515,39553,38
rising,39585,39553,39585,32
sniffing,39655,39585,39655,70
left_turning,39662,39655,39662,7
walking,39703,39662,39703,41
climbing,39778,39703,39778,75
grooming,39798,39778,39798,20
hunching,39940,39798,39940,142
rising,40037,39940,40037,97
sniffing,40083,40037,40083,46
walking,40111,40083,40111,28
rising,40151,40111,40151,40
climbing,40169,40151,40169,18
rising,40190,40169,40190,21
rearing,40191,40190,40191,1
running,40219,40191,40219,28
rising,40273,40219,40273,54
sniffing,40331,40273,40331,58
stepping,40368,40331,40368,37
sniffing,40379,40368,40379,11
rearing,40456,40379,40456,77
left_turning,40479,40456,40479,23
sniffing,40500,40479,40500,21
left_turning,40523,40500,40523,23
trotting,40541,40523,40541,18
rising,40542,40541,40542,1
climbing,40566,40542,40566,24
left_turning,40571,40566,40571,5
sniffing,40620,40571,40620,49
rising,40707,40620,40707,87
climbing,40812,40707,40812,105
right_turning,40816,40812,40816,4
sniffing,40892,40816,40892,76
rearing,40923,40892,40923,31
walking,40924,40923,40924,1
sniffing,40967,40924,40967,43
trotting,40991,40967,40991,24
stepping,41018,40991,41018,27
hunching,41097,41018,41097,79
rising,41164,41097,41164,67
sniffing,41167,41164,41167,3
walking,41190,41167,41190,23
sniffing,41221,41190,41221,31
walking,41222,41221,41222,1
climbing,41310,41222,41310,88
rising,41379,41310,41379,69
climbing,41403,41379,41403,24
sniffing,41473,41403,41473,70
left_turning,41490,41473,41490,17
walking,41499,41490,41499,9
grooming,41757,41499,41757,258
climbing,41792,41757,41792,35
sniffing,41837,41792,41837,45
hunching,41966,41837,41966,129
sniffing,42024,41966,42024,58
walking,42047,42024,42047,23
left_turning,42061,42047,42061,14
rising,42085,42061,42085,24
walking,42114,42085,42114,29
sniffing,42115,42114,42115,1
rising,42162,42115,42162,47
right_turning,42181,42162,42181,19
walking,42182,42181,42182,1
left_turning,42183,42182,42183,1
stepping,42235,42183,42235,52
sniffing,42312,42235,42312,77
rearing,42342,42312,42342,30
trotting,42378,42342,42378,36
sniffing,42386,42378,42386,8
left_turning,42387,42386,42387,1
sniffing,42422,42387,42422,35
walking,42454,42422,42454,32
sniffing,42508,42454,42508,54
right_turning,42527,42508,42527,19
trotting,42549,42527,42549,22
left_turning,42570,42549,42570,21
walking,42639,42570,42639,69
sniffing,42765,42639,42765,126
rearing,42766,42765,42766,1
rising,42786,42766,42786,20
sniffing,42847,42786,42847,61
left_turning,42848,42847,42848,1
rising,42870,42848,42870,22
climbing,42960,42870,42960,90
right_turning,42968,42960,42968,8
stepping,42981,42968,42981,13
hunching,43282,42981,43282,301
sniffing,43337,43282,43337,55
rising,43371,43337,43371,34
climbing,43381,43371,43381,10
rearing,43561,43381,43561,180
climbing,43610,43561,43610,49
rising,43623,43610,43623,13
sniffing,43802,43623,43802,179
rearing,43858,43802,43858,56
walking,43870,43858,43870,12
stepping,43926,43870,43926,56
sniffing,43927,43926,43927,1
climbing,43959,43927,43959,32
rearing,44037,43959,44037,78
grooming,44200,44037,44200,163
sniffing,44202,44200,44202,2
climbing,44286,44202,44286,84
walking,44288,44286,44288,2
stepping,44360,44288,44360,72
walking,44376,44360,44376,16
sniffing,44409,44376,44409,33
rising,44450,44409,44450,41
rearing,44489,44450,44489,39
running,44532,44489,44532,43
trotting,44578,44532,44578,46
stepping,44590,44578,44590,12
rising,44608,44590,44608,18
stepping,44620,44608,44620,12
walking,44621,44620,44621,1
trotting,44648,44621,44648,27
rising,44752,44648,44752,104
rearing,44833,44752,44833,81
sniffing,44834,44833,44834,1
stepping,44861,44834,44861,27
hunching,44923,44861,44923,62
climbing,44928,44923,44928,5
walking,44929,44928,44929,1
climbing,44961,44929,44961,32
sniffing,44977,44961,44977,16
rising,45048,44977,45048,71
climbing,45085,45048,45085,37
walking,45113,45085,45113,28
stepping,45126,45113,45126,13
walking,45198,45126,45198,72
sniffing,45324,45198,45324,126
walking,45353,45324,45353,29
trotting,45391,45353,45391,38
sniffing,45484,45391,45484,93
walking,45485,45484,45485,1
left_turning,45486,45485,45486,1
sniffing,45514,45486,45514,28
grooming,45671,45514,45671,157
trotting,45741,45671,45741,70
walking,45761,45741,45761,20
sniffing,45832,45761,45832,71
rearing,45926,45832,45926,94
climbing,45987,45926,45987,61
trotting,46001,45987,46001,14
left_turning,46002,46001,46002,1
rising,46038,46002,46038,36
sniffing,46117,46038,46117,79
rising,46125,46117,46125,8
left_turning,46190,46125,46190,65
walking,46213,46190,46213,23
sniffing,46345,46213,46345,132
rising,46409,46345,46409,64
climbing,46428,46409,46428,19
walking,46456,46428,46456,28
climbing,46517,46456,46517,61
running,46528,46517,46528,11
walking,46529,46528,46529,1
trotting,46543,46529,46543,14
rising,46581,46543,46581,38
climbing,46585,46581,46585,4
trotting,46614,46585,46614,29
walking,46668,46614,46668,54
sniffing,46669,46668,46669,1
walking,46725,46669,46725,56
right_turning,46734,46725,46734,9
sniffing,46735,46734,46735,1
stepping,46831,46735,46831,96
climbing,46890,46831,46890,59
running,46909,46890,46909,19
sniffing,46984,46909,46984,75
left_turning,47015,46984,47015,31
sniffing,47085,47015,47085,70
stepping,47125,47085,47125,40
sniffing,47159,47125,47159,34
climbing,47209,47159,47209,50
rearing,47210,47209,47210,1
rising,47221,47210,47221,11
climbing,47292,47221,47292,71
rearing,47338,47292,47338,46
climbing,47376,47338,47376,38
rearing,47454,47376,47454,78
rising,47455,47454,47455,1
sniffing,47459,47455,47459,4
rising,47460,47459,47460,1
climbing,47560,47460,47560,100
sniffing,47581,47560,47581,21
walking,47590,47581,47590,9
sniffing,47650,47590,47650,60
trotting,47697,47650,47697,47
sniffing,47722,47697,47722,25
rising,47728,47722,47728,6
climbing,47786,47728,47786,58
trotting,47806,47786,47806,20
stepping,47830,47806,47830,24
sniffing,47936,47830,47936,106
right_turning,47969,47936,47969,33
walking,48006,47969,48006,37
stepping,48050,48006,48050,44
walking,48051,48050,48051,1
rising,48068,48051,48068,17
climbing,48100,48068,48100,32
running,48129,48100,48129,29
stepping,48143,48129,48143,14
walking,48144,48143,48144,1
sniffing,48240,48144,48240,96
rearing,48316,48240,48316,76
hunching,48543,48316,48543,227
climbing,48599,48543,48599,56
rising,48601,48599,48601,2
trotting,48636,48601,48636,35
sniffing,48637,48636,48637,1
rising,48665,48637,48665,28
sniffing,48724,48665,48724,59
left_turning,48725,48724,48725,1
rising,48769,48725,48769,44
right_turning,48788,48769,48788,19
sniffing,48802,48788,48802,14
rearing,48883,48802,48883,81
right_turning,48915,48883,48915,32
walking,48941,48915,48941,26
climbing,49012,48941,49012,71
sniffing,49035,49012,49035,23
pausing,49318,49035,49318,283
hunching,49337,49318,49337,19
grooming,49732,49337,49732,395
walking,49797,49732,49797,65
sniffing,49849,49797,49849,52
rearing,49871,49849,49871,22
grooming,50229,49871,50229,358
rearing,50237,50229,50237,8
sniffing,50354,50237,50354,117
trotting,50355,50354,50355,1
stepping,50372,50355,50372,17
climbing,50428,50372,50428,56
left_turning,50445,50428,50445,17
sniffing,50446,50445,50446,1
left_turning,50513,50446,50513,67
walking,50571,50513,50571,58
sniffing,50584,50571,50584,13
rising,50652,50584,50652,68
sniffing,50707,50652,50707,55
rising,50739,50707,50739,32
climbing,50782,50739,50782,43
rising,50800,50782,50800,18
right_turning,50815,50800,50815,15
stepping,50816,50815,50816,1
walking,50839,50816,50839,23
stepping,50879,50839,50879,40
sniffing,50907,50879,50907,28
walking,50926,50907,50926,19
left_turning,50980,50926,50980,54
sniffing,51044,50980,51044,64
rising,51048,51044,51048,4
sniffing,51049,51048,51049,1
rising,51090,51049,51090,41
climbing,51138,51090,51138,48
hunching,51139,51138,51139,1
climbing,51183,51139,51183,44
walking,51198,51183,51198,15
sniffing,51235,51198,51235,37
right_turning,51263,51235,51263,28
left_turning,51291,51263,51291,28
rising,51292,51291,51292,1
hunching,51440,51292,51440,148
sniffing,51487,51440,51487,47
walking,51548,51487,51548,61
rising,51570,51548,51570,22
climbing,51600,51570,51600,30
walking,51611,51600,51611,11
sniffing,51676,51611,51676,65
climbing,51746,51676,51746,70
rising,51763,51746,51763,17
climbing,51764,51763,51764,1
walking,51782,51764,51782,18
sniffing,51783,51782,51783,1
running,51815,51783,51815,32
trotting,51827,51815,51827,12
sniffing,51828,51827,51828,1
rearing,51829,51828,51829,1
grooming,52074,51829,52074,245
sniffing,52102,52074,52102,28
right_turning,52126,52102,52126,24
left_turning,52127,52126,52127,1
sniffing,52221,52127,52221,94
rising,52267,52221,52267,46
sniffing,52312,52267,52312,45
rising,52313,52312,52313,1
rearing,52333,52313,52333,20
sniffing,52399,52333,52399,66
rising,52400,52399,52400,1
climbing,52431,52400,52431,31
rising,52642,52431,52642,211
climbing,52690,52642,52690,48
walking,52763,52690,52763,73
left_turning,52804,52763,52804,41
stepping,52830,52804,52830,26
walking,52848,52830,52848,18
climbing,52942,52848,52942,94
rising,52986,52942,52986,44
trotting,53005,52986,53005,19
rising,53149,53005,53149,144
walking,53150,53149,53150,1
climbing,53233,53150,53233,83
walking,53289,53233,53289,56
trotting,53316,53289,53316,27
rising,53332,53316,53332,16
rearing,53386,53332,53386,54
sniffing,53401,53386,53401,15
right_turning,53411,53401,53411,10
running,53431,53411,53431,20
sniffing,53513,53431,53513,82
walking,53526,53513,53526,13
trotting,53556,53526,53556,30
left_turning,53588,53556,53588,32
walking,53606,53588,53606,18
sniffing,53641,53606,53641,35
walking,53647,53641,53647,6
running,53661,53647,53661,14
left_turning,53688,53661,53688,27
right_turning,53723,53688,53723,35
walking,53759,53723,53759,36
sniffing,53902,53759,53902,143
trotting,53939,53902,53939,37
walking,53942,53939,53942,3
rearing,53943,53942,53943,1
sniffing,53958,53943,53958,15
trotting,53963,53958,53963,5
rising,53964,53963,53964,1
trotting,53965,53964,53965,1
rising,53991,53965,53991,26
sniffing,54027,53991,54027,36
walking,54031,54027,54031,4
rising,54059,54031,54059,28
sniffing,54249,54059,54249,190
walking,54286,54249,54286,37
sniffing,54337,54286,54337,51
rising,54352,54337,54352,15
sniffing,54354,54352,54354,2
stepping,54356,54354,54356,2
sniffing,54429,54356,54429,73
rising,54478,54429,54478,49
walking,54495,54478,54495,17
right_turning,54529,54495,54529,34
running,54579,54529,54579,50
sniffing,54605,54579,54605,26
walking,54613,54605,54613,8
sniffing,54614,54613,54614,1
rising,54675,54614,54675,61
grooming,54676,54675,54676,1
rearing,54677,54676,54677,1
sniffing,54713,54677,54713,36
rising,54773,54713,54773,60
climbing,54811,54773,54811,38
hunching,54812,54811,54812,1
sniffing,54813,54812,54813,1
walking,54831,54813,54831,18
climbing,54854,54831,54854,23
rearing,54855,54854,54855,1
climbing,54894,54855,54894,39
right_turning,54897,54894,54897,3
walking,54910,54897,54910,13
sniffing,55008,54910,55008,98
left_turning,55037,55008,55037,29
walking,55060,55037,55060,23
rising,55070,55060,55070,10
sniffing,55144,55070,55144,74
right_turning,55174,55144,55174,30
running,55222,55174,55222,48
rising,55255,55222,55255,33
jumping,55341,55255,55341,86
rising,55342,55341,55342,1
left_turning,55343,55342,55343,1
walking,55344,55343,55344,1
sniffing,55424,55344,55424,80
rising,55538,55424,55538,114
left_turning,55560,55538,55560,22
sniffing,55561,55560,55561,1
rising,55574,55561,55574,13
walking,55636,55574,55636,62
left_turning,55646,55636,55646,10
climbing,55698,55646,55698,52
rearing,55753,55698,55753,55
rising,55754,55753,55754,1
running,55764,55754,55764,10
rearing,55765,55764,55765,1
sniffing,55774,55765,55774,9
right_turning,55791,55774,55791,17
running,55800,55791,55800,9
walking,55834,55800,55834,34
sniffing,55908,55834,55908,74
right_turning,55909,55908,55909,1
walking,55932,55909,55932,23
rising,55952,55932,55952,20
sniffing,55998,55952,55998,46
hunching,56182,55998,56182,184
sniffing,56183,56182,56183,1
left_turning,56184,56183,56184,1
trotting,56227,56184,56227,43
rising,56228,56227,56228,1
climbing,56257,56228,56257,29
right_turning,56268,56257,56268,11
walking,56298,56268,56298,30
sniffing,56357,56298,56357,59
climbing,56405,56357,56405,48
sniffing,56418,56405,56418,13
rising,56481,56418,56481,63
climbing,56540,56481,56540,59
trotting,56555,56540,56555,15
sniffing,56599,56555,56599,44
rising,56600,56599,56600,1
climbing,56713,56600,56713,113
right_turning,56727,56713,56727,14
running,56750,56727,56750,23
trotting,56793,56750,56793,43
rearing,56804,56793,56804,11
grooming,56807,56804,56807,3
sniffing,56819,56807,56819,12
right_turning,56823,56819,56823,4
left_turning,56824,56823,56824,1
walking,56837,56824,56837,13
sniffing,56949,56837,56949,112
climbing,56997,56949,56997,48
hunching,56998,56997,56998,1
sniffing,56999,56998,56999,1
pausing,57000,56999,57000,1
rising,57031,57000,57031,31
right_turning,57040,57031,57040,9
left_turning,57077,57040,57077,37
sniffing,57136,57077,57136,59
rising,57137,57136,57137,1
running,57152,57137,57152,15
stepping,57192,57152,57192,40
sniffing,57270,57192,57270,78
stepping,57274,57270,57274,4
walking,57303,57274,57303,29
climbing,57330,57303,57330,27
walking,57366,57330,57366,36
jumping,57443,57366,57443,77
right_turning,57461,57443,57461,18
left_turning,57462,57461,57462,1
rising,57463,57462,57463,1
pausing,57464,57463,57464,1
sniffing,57552,57464,57552,88
trotting,57569,57552,57569,17
sniffing,57636,57569,57636,67
rearing,57747,57636,57747,111
sniffing,57781,57747,57781,34
left_turning,57794,57781,57794,13
running,57816,57794,57816,22
walking,57850,57816,57850,34
rising,58022,57850,58022,172
rearing,58118,58022,58118,96
rising,58174,58118,58174,56
climbing,58186,58174,58186,12
trotting,58190,58186,58190,4
walking,58218,58190,58218,28
climbing,58249,58218,58249,31
rising,58276,58249,58276,27
climbing,58316,58276,58316,40
sniffing,58439,58316,58439,123
climbing,58512,58439,58512,73
rearing,58561,58512,58561,49
climbing,58600,58561,58600,39
sniffing,58606,58600,58606,6
pausing,58607,58606,58607,1
sniffing,58724,58607,58724,117
left_turning,58725,58724,58725,1
walking,58736,58725,58736,11
left_turning,58813,58736,58813,77
sniffing,58885,58813,58885,72
rising,58913,58885,58913,28
rearing,58992,58913,58992,79
walking,59025,58992,59025,33
sniffing,59027,59025,59027,2
rearing,59028,59027,59028,1
hunching,59067,59028,59067,39
right_turning,59079,59067,59079,12
stepping,59126,59079,59126,47
rising,59139,59126,59139,13
climbing,59143,59139,59143,4
rearing,59144,59143,59144,1
grooming,59384,59144,59384,240
sniffing,59485,59384,59485,101
rising,59490,59485,59490,5
right_turning,59491,59490,59491,1
climbing,59522,59491,59522,31
hunching,59618,59522,59618,96
climbing,59646,59618,59646,28
walking,59666,59646,59666,20
sniffing,59749,59666,59749,83
rising,59772,59749,59772,23
rearing,59787,59772,59787,15
walking,59812,59787,59812,25
rising,59850,59812,59850,38
sniffing,59978,59850,59978,128
pausing,59979,59978,59979,1
sniffing,60004,59979,60004,25
rising,60062,60004,60062,58
climbing,60121,60062,60121,59
sniffing,60177,60121,60177,56
climbing,60182,60177,60182,5
sniffing,60239,60182,60239,57
rising,60240,60239,60240,1
right_turning,60273,60240,60273,33
walking,60280,60273,60280,7
rearing,60281,60280,60281,1
climbing,60341,60281,60341,60
rising,60342,60341,60342,1
rearing,60343,60342,60343,1
climbing,60394,60343,60394,51
right_turning,60406,60394,60406,12
walking,60415,60406,60415,9
sniffing,60546,60415,60546,131
grooming,60547,60546,60547,1
running,60570,60547,60570,23
trotting,60591,60570,60591,21
left_turning,60645,60591,60645,54
walking,60709,60645,60709,64
rising,60756,60709,60756,47
climbing,60814,60756,60814,58
left_turning,60819,60814,60819,5
trotting,60846,60819,60846,27
sniffing,60862,60846,60862,16
walking,60865,60862,60865,3
sniffing,60959,60865,60959,94
right_turning,61000,60959,61000,41
trotting,61027,61000,61027,27
rising,61109,61027,61109,82
climbing,61170,61109,61170,61
rising,61280,61170,61280,110
sniffing,61301,61280,61301,21
walking,61421,61301,61421,120
sniffing,61460,61421,61460,39
left_turning,61516,61460,61516,56
trotting,61552,61516,61552,36
left_turning,61556,61552,61556,4
sniffing,61557,61556,61557,1
climbing,61631,61557,61631,74
grooming,62128,61631,62128,497
rearing,62185,62128,62185,57
sniffing,62239,62185,62239,54
stepping,62281,62239,62281,42
climbing,62432,62281,62432,151
grooming,62700,62432,62700,268
sniffing,62789,62700,62789,89
pausing,62790,62789,62790,1
sniffing,62887,62790,62887,97
climbing,62968,62887,62968,81
hunching,63080,62968,63080,112
sniffing,63110,63080,63110,30
walking,63138,63110,63138,28
sniffing,63282,63138,63282,144
left_turning,63324,63282,63324,42
sniffing,63325,63324,63325,1
trotting,63350,63325,63350,25
walking,63373,63350,63373,23
rising,63374,63373,63374,1
sniffing,63453,63374,63453,79
left_turning,63511,63453,63511,58
walking,63566,63511,63566,55
rising,63567,63566,63567,1
rearing,63627,63567,63627,60
rising,63674,63627,63674,47
right_turning,63684,63674,63684,10
stepping,63704,63684,63704,20
walking,63722,63704,63722,18
rising,63771,63722,63771,49
hunching,63811,63771,63811,40
jumping,63867,63811,63867,56
rising,63868,63867,63868,1
climbing,63882,63868,63882,14
grooming,63883,63882,63883,1
rearing,63940,63883,63940,57
walking,63948,63940,63948,8
stepping,63961,63948,63961,13
left_turning,63962,63961,63962,1
walking,63963,63962,63963,1
running,63971,63963,63971,8
stepping,63976,63971,63976,5
rising,64051,63976,64051,75
rearing,64052,64051,64052,1
rising,64053,64052,64053,1
sniffing,64066,64053,64066,13
climbing,64067,64066,64067,1
rising,64089,64067,64089,22
left_turning,64137,64089,64137,48
rising,64168,64137,64168,31
grooming,64352,64168,64352,184
rearing,64377,64352,64377,25
grooming,64378,64377,64378,1
sniffing,64492,64378,64492,114
walking,64522,64492,64522,30
sniffing,64549,64522,64549,27
left_turning,64593,64549,64593,44
walking,64617,64593,64617,24
left_turning,64624,64617,64624,7
sniffing,64644,64624,64644,20
grooming,64897,64644,64897,253
left_turning,64936,64897,64936,39
sniffing,65094,64936,65094,158
right_turning,65138,65094,65138,44
left_turning,65166,65138,65166,28
sniffing,65197,65166,65197,31
right_turning,65235,65197,65235,38
trotting,65240,65235,65240,5
rising,65241,65240,65241,1
climbing,65303,65241,65303,62
rising,65326,65303,65326,23
climbing,65352,65326,65352,26
sniffing,65368,65352,65368,16
left_turning,65406,65368,65406,38
rising,65486,65406,65486,80
rearing,65565,65486,65565,79
left_turning,65616,65565,65616,51
walking,65651,65616,65651,35
sniffing,65662,65651,65662,11
walking,65671,65662,65671,9
left_turning,65714,65671,65714,43
stepping,65725,65714,65725,11
sniffing,65785,65725,65785,60
rising,65843,65785,65843,58
walking,65844,65843,65844,1
sniffing,65873,65844,65873,29
walking,65921,65873,65921,48
left_turning,65922,65921,65922,1
walking,65960,65922,65960,38
left_turning,66022,65960,66022,62
trotting,66031,66022,66031,9
climbing,66038,66031,66038,7
walking,66048,66038,66048,10
climbing,66092,66048,66092,44
sniffing,66093,66092,66093,1
climbing,66094,66093,66094,1
rising,66117,66094,66117,23
sniffing,66235,66117,66235,118
rising,66293,66235,66293,58
climbing,66306,66293,66306,13
sniffing,66338,66306,66338,32
rising,66412,66338,66412,74
climbing,66430,66412,66430,18
right_turning,66438,66430,66438,8
running,66482,66438,66482,44
sniffing,66483,66482,66483,1
rising,66516,66483,66516,33
stepping,66521,66516,66521,5
sniffing,66539,66521,66539,18
hunching,66552,66539,66552,13
rearing,66573,66552,66573,21
rising,66631,66573,66631,58
climbing,66635,66631,66635,4
rearing,66636,66635,66636,1
rising,66637,66636,66637,1
climbing,66686,66637,66686,49
rearing,66739,66686,66739,53
sniffing,66770,66739,66770,31
right_turning,66782,66770,66782,12
left_turning,66802,66782,66802,20
trotting,66816,66802,66816,14
walking,66837,66816,66837,21
climbing,66851,66837,66851,14
left_turning,66875,66851,66875,24
sniffing,66916,66875,66916,41
walking,66945,66916,66945,29
stepping,66962,66945,66962,17
rising,66965,66962,66965,3
climbing,67086,66965,67086,121
walking,67170,67086,67170,84
sniffing,67205,67170,67205,35
walking,67234,67205,67234,29
hunching,67458,67234,67458,224
walking,67505,67458,67505,47
rising,67506,67505,67506,1
climbing,67507,67506,67507,1
walking,67547,67507,67547,40
rising,67548,67547,67548,1
sniffing,67584,67548,67584,36
left_turning,67624,67584,67624,40
trotting,67672,67624,67672,48
rising,67700,67672,67700,28
sniffing,67711,67700,67711,11
walking,67743,67711,67743,32
climbing,67744,67743,67744,1
running,67795,67744,67795,51
walking,67843,67795,67843,48
left_turning,67899,67843,67899,56
walking,67908,67899,67908,9
rearing,67965,67908,67965,57
hunching,68069,67965,68069,104
running,68104,68069,68104,35
sniffing,68141,68104,68141,37
rising,68162,68141,68162,21
climbing,68217,68162,68217,55
sniffing,68282,68217,68282,65
hunching,68288,68282,68288,6
climbing,68350,68288,68350,62
rearing,68535,68350,68535,185
sniffing,68536,68535,68536,1
trotting,68557,68536,68557,21
hunching,68571,68557,68571,14
right_turning,68586,68571,68586,15
running,68603,68586,68603,17
right_turning,68627,68603,68627,24
walking,68628,68627,68628,1
sniffing,68740,68628,68740,112
hunching,68814,68740,68814,74
sniffing,68891,68814,68891,77
right_turning,68892,68891,68892,1
stepping,68934,68892,68934,42
sniffing,68935,68934,68935,1
walking,68936,68935,68936,1
left_turning,68951,68936,68951,15
running,68976,68951,68976,25
sniffing,69107,68976,69107,131
rising,69108,69107,69108,1
climbing,69139,69108,69139,31
rearing,69176,69139,69176,37
left_turning,69213,69176,69213,37
sniffing,69214,69213,69214,1
rising,69233,69214,69233,19
sniffing,69321,69233,69321,88
rising,69729,69321,69729,408
sniffing,69885,69729,69885,156
rising,69886,69885,69886,1
climbing,69887,69886,69887,1
right_turning,69925,69887,69925,38
trotting,69961,69925,69961,36
stepping,69982,69961,69982,21
left_turning,70012,69982,70012,30
sniffing,70053,70012,70053,41
stepping,70190,70053,70190,137
left_turning,70218,70190,70218,28
walking,70254,70218,70254,36
sniffing,70382,70254,70382,128
rearing,70449,70382,70449,67
climbing,70498,70449,70498,49
rearing,70593,70498,70593,95
climbing,70625,70593,70625,32
rearing,70759,70625,70759,134
rising,70760,70759,70760,1
climbing,70849,70760,70849,89
right_turning,70877,70849,70877,28
trotting,70887,70877,70887,10
sniffing,70981,70887,70981,94
rising,70998,70981,70998,17
rearing,71110,70998,71110,112
hunching,71153,71110,71153,43
rising,71222,71153,71222,69
left_turning,71223,71222,71223,1
sniffing,71224,71223,71224,1
rising,71258,71224,71258,34
jumping,71353,71258,71353,95
walking,71379,71353,71379,26
right_turning,71400,71379,71400,21
walking,71401,71400,71401,1
left_turning,71436,71401,71436,35
running,71458,71436,71458,22
trotting,71484,71458,71484,26
sniffing,71532,71484,71532,48
rising,71566,71532,71566,34
climbing,71567,71566,71567,1
walking,71613,71567,71613,46
right_turning,71614,71613,71614,1
stepping,71660,71614,71660,46
climbing,71673,71660,71673,13
walking,71677,71673,71677,4
sniffing,71685,71677,71685,8
left_turning,71761,71685,71761,76
sniffing,71762,71761,71762,1
left_turning,71802,71762,71802,40
walking,71821,71802,71821,19
left_turning,71854,71821,71854,33
trotting,71871,71854,71871,17
sniffing,71872,71871,71872,1
rearing,71955,71872,71955,83
rising,71988,71955,71988,33
sniffing,72033,71988,72033,45
rising,72111,72033,72111,78
rearing,72112,72111,72112,1
grooming,72256,72112,72256,144
trotting,72264,72256,72264,8
walking,72303,72264,72303,39
climbing,72338,72303,72338,35
rising,72382,72338,72382,44
hunching,72402,72382,72402,20
grooming,72673,72402,72673,271
rearing,72872,72673,72872,199
climbing,72946,72872,72946,74
sniffing,72962,72946,72962,16
climbing,72967,72962,72967,5
sniffing,72975,72967,72975,8
rearing,73004,72975,73004,29
grooming,73005,73004,73005,1
rearing,73088,73005,73088,83
rising,73146,73088,73146,58
sniffing,73175,73146,73175,29
right_turning,73182,73175,73182,7
walking,73223,73182,73223,41
sniffing,73232,73223,73232,9
walking,73278,73232,73278,46
climbing,73327,73278,73327,49
sniffing,73364,73327,73364,37
rising,73365,73364,73365,1
rearing,73416,73365,73416,51
walking,73429,73416,73429,13
rearing,73504,73429,73504,75
grooming,73547,73504,73547,43
rearing,73548,73547,73548,1
rising,73549,73548,73549,1
right_turning,73593,73549,73593,44
walking,73624,73593,73624,31
climbing,73679,73624,73679,55
trotting,73693,73679,73693,14
climbing,73700,73693,73700,7
running,73739,73700,73739,39
walking,73787,73739,73787,48
right_turning,73801,73787,73801,14
walking,73874,73801,73874,73
sniffing,73928,73874,73928,54
rising,73951,73928,73951,23
climbing,74020,73951,74020,69
rearing,74097,74020,74097,77
right_turning,74111,74097,74111,14
walking,74117,74111,74117,6
sniffing,74198,74117,74198,81
rearing,74336,74198,74336,138
sniffing,74479,74336,74479,143
rising,74497,74479,74497,18
climbing,74547,74497,74547,50
walking,74576,74547,74576,29
sniffing,74629,74576,74629,53
stepping,74654,74629,74654,25
trotting,74655,74654,74655,1
sniffing,74660,74655,74660,5
climbing,74707,74660,74707,47
sniffing,74708,74707,74708,1
rising,74731,74708,74731,23
climbing,74732,74731,74732,1
right_turning,74747,74732,74747,15
walking,74775,74747,74775,28
trotting,74791,74775,74791,16
sniffing,74802,74791,74802,11
climbing,74860,74802,74860,58
rearing,74976,74860,74976,116
walking,75025,74976,75025,49
sniffing,75055,75025,75055,30
stepping,75106,75055,75106,51
rearing,75243,75106,75243,137
climbing,75260,75243,75260,17
sniffing,75261,75260,75261,1
walking,75281,75261,75281,20
rising,75353,75281,75353,72
climbing,75423,75353,75423,70
rearing,75481,75423,75481,58
climbing,75503,75481,75503,22
rising,75512,75503,75512,9
walking,75596,75512,75596,84
sniffing,75597,75596,75597,1
left_turning,75648,75597,75648,51
sniffing,75649,75648,75649,1
left_turning,75675,75649,75675,26
sniffing,75729,75675,75729,54
left_turning,75749,75729,75749,20
sniffing,75801,75749,75801,52
rising,75813,75801,75813,12
hunching,75823,75813,75823,10
climbing,75831,75823,75831,8
trotting,75841,75831,75841,10
sniffing,75896,75841,75896,55
rising,75897,75896,75897,1
climbing,75901,75897,75901,4
sniffing,75916,75901,75916,15
walking,75960,75916,75960,44
sniffing,75976,75960,75976,16
climbing,76033,75976,76033,57
sniffing,76063,76033,76063,30
walking,76077,76063,76077,14
stepping,76084,76077,76084,7
sniffing,76085,76084,76085,1
rearing,76141,76085,76141,56
sniffing,76181,76141,76181,40
rising,76182,76181,76182,1
walking,76183,76182,76183,1
sniffing,76360,76183,76360,177
left_turning,76374,76360,76374,14
sniffing,76452,76374,76452,78
right_turning,76453,76452,76453,1
walking,76457,76453,76457,4
sniffing,76572,76457,76572,115
left_turning,76616,76572,76616,44
walking,76635,76616,76635,19
climbing,76678,76635,76678,43
sniffing,76796,76678,76796,118
climbing,76849,76796,76849,53
left_turning,76850,76849,76850,1
walking,76897,76850,76897,47
stepping,76903,76897,76903,6
walking,76939,76903,76939,36
stepping,76940,76939,76940,1
rising,76955,76940,76955,15
sniffing,77022,76955,77022,67
left_turning,77036,77022,77036,14
trotting,77052,77036,77052,16
left_turning,77079,77052,77079,27
sniffing,77081,77079,77081,2
climbing,77087,77081,77087,6
sniffing,77088,77087,77088,1
climbing,77089,77088,77089,1
walking,77112,77089,77112,23
climbing,77130,77112,77130,18
walking,77161,77130,77161,31
rising,77193,77161,77193,32
left_turning,77315,77193,77315,122
right_turning,77359,77315,77359,44
climbing,77436,77359,77436,77
rearing,77529,77436,77529,93
climbing,77530,77529,77530,1
sniffing,77531,77530,77531,1
walking,77544,77531,77544,13
sniffing,77560,77544,77560,16
right_turning,77578,77560,77578,18
walking,77595,77578,77595,17
trotting,77635,77595,77635,40
sniffing,77636,77635,77636,1
left_turning,77637,77636,77637,1
rising,77705,77637,77705,68
climbing,77780,77705,77780,75
grooming,77781,77780,77781,1
left_turning,77836,77781,77836,55
walking,77837,77836,77837,1
stepping,77880,77837,77880,43
walking,77958,77880,77958,78
rising,78037,77958,78037,79
grooming,78038,78037,78038,1
rising,78044,78038,78044,6
rearing,78045,78044,78045,1
climbing,78156,78045,78156,111
walking,78157,78156,78157,1
stepping,78158,78157,78158,1
rising,78179,78158,78179,21
climbing,78196,78179,78196,17
rising,78197,78196,78197,1
sniffing,78246,78197,78246,49
grooming,78479,78246,78479,233
sniffing,78532,78479,78532,53
walking,78552,78532,78552,20
sniffing,78575,78552,78575,23
rising,78601,78575,78601,26
sniffing,78659,78601,78659,58
left_turning,78660,78659,78660,1
walking,78665,78660,78665,5
sniffing,78855,78665,78855,190
left_turning,78866,78855,78866,11
right_turning,78892,78866,78892,26
sniffing,78931,78892,78931,39
walking,78962,78931,78962,31
rising,78970,78962,78970,8
rearing,79051,78970,79051,81
walking,79081,79051,79081,30
sniffing,79133,79081,79133,52
rising,79134,79133,79134,1
grooming,79135,79134,79135,1
rising,79137,79135,79137,2
rearing,79138,79137,79138,1
hunching,79252,79138,79252,114
sniffing,79253,79252,79253,1
hunching,79349,79253,79349,96
rearing,79350,79349,79350,1
left_turning,79389,79350,79389,39
walking,79406,79389,79406,17
sniffing,79407,79406,79407,1
left_turning,79412,79407,79412,5
walking,79433,79412,79433,21
sniffing,79434,79433,79434,1
rearing,79465,79434,79465,31
rising,79506,79465,79506,41
stepping,79517,79506,79517,11
rising,79552,79517,79552,35
sniffing,79581,79552,79581,29
rising,79640,79581,79640,59
sniffing,79707,79640,79707,67
trotting,79741,79707,79741,34
climbing,79742,79741,79742,1
rising,79793,79742,79793,51
right_turning,79794,79793,79794,1
trotting,79800,79794,79800,6
hunching,79814,79800,79814,14
sniffing,79815,79814,79815,1
grooming,80209,79815,80209,394
walking,80210,80209,80210,1
sniffing,80307,80210,80307,97
climbing,80332,80307,80332,25
walking,80375,80332,80375,43
sniffing,80376,80375,80376,1
walking,80411,80376,80411,35
sniffing,80412,80411,80412,1
climbing,80425,80412,80425,13
rising,80426,80425,80426,1
walking,80451,80426,80451,25
rising,80486,80451,80486,35
sniffing,80487,80486,80487,1
trotting,80488,80487,80488,1
walking,80489,80488,80489,1
sniffing,80521,80489,80521,32
rising,80540,80521,80540,19
climbing,80582,80540,80582,42
walking,80658,80582,80658,76
sniffing,80722,80658,80722,64
climbing,80777,80722,80777,55
rising,80778,80777,80778,1
right_turning,80821,80778,80821,43
walking,80861,80821,80861,40
sniffing,80948,80861,80948,87
climbing,80960,80948,80960,12
sniffing,81052,80960,81052,92
climbing,81114,81052,81114,62
sniffing,81153,81114,81153,39
walking,81176,81153,81176,23
rising,81338,81176,81338,162
sniffing,81352,81338,81352,14
walking,81374,81352,81374,22
stepping,81412,81374,81412,38
rearing,81429,81412,81429,17
right_turning,81490,81429,81490,61
walking,81554,81490,81554,64
trotting,81568,81554,81568,14
walking,81580,81568,81580,12
climbing,81613,81580,81613,33
grooming,81614,81613,81614,1
rearing,81627,81614,81627,13
hunching,81628,81627,81628,1
grooming,81736,81628,81736,108
trotting,81767,81736,81767,31
sniffing,81779,81767,81779,12
running,81799,81779,81799,20
sniffing,81829,81799,81829,30
rising,81841,81829,81841,12
climbing,81896,81841,81896,55
rising,81897,81896,81897,1
climbing,81947,81897,81947,50
walking,81948,81947,81948,1
sniffing,81955,81948,81955,7
climbing,81956,81955,81956,1
sniffing,81957,81956,81957,1
trotting,81994,81957,81994,37
sniffing,81995,81994,81995,1
left_turning,81996,81995,81996,1
sniffing,82041,81996,82041,45
running,82072,82041,82072,31
left_turning,82341,82072,82341,269
sniffing,82427,82341,82427,86
rising,82532,82427,82532,105
sniffing,82545,82532,82545,13
climbing,82656,82545,82656,111
rising,82669,82656,82669,13
stepping,82709,82669,82709,40
walking,82727,82709,82727,18
sniffing,82728,82727,82728,1
left_turning,82779,82728,82779,51
sniffing,82896,82779,82896,117
pausing,82905,82896,82905,9
sniffing,82914,82905,82914,9
running,82918,82914,82918,4
rearing,82943,82918,82943,25
sniffing,82944,82943,82944,1
climbing,82948,82944,82948,4
hunching,83049,82948,83049,101
grooming,83203,83049,83203,154
sniffing,83259,83203,83259,56
climbing,83264,83259,83264,5
left_turning,83327,83264,83327,63
sniffing,83417,83327,83417,90
rising,83458,83417,83458,41
sniffing,83467,83458,83467,9
rising,83468,83467,83468,1
pausing,83828,83468,83828,360
sniffing,83829,83828,83829,1
left_turning,83830,83829,83830,1
walking,83870,83830,83870,40
sniffing,83871,83870,83871,1
left_turning,83872,83871,83872,1
sniffing,83884,83872,83884,12
rising,83885,83884,83885,1
stepping,83890,83885,83890,5
climbing,83896,83890,83896,6
rising,83911,83896,83911,15
sniffing,83925,83911,83925,14
rearing,83926,83925,83926,1
hunching,83984,83926,83984,58
right_turning,83985,83984,83985,1
rising,83994,83985,83994,9
sniffing,84026,83994,84026,32
walking,84076,84026,84076,50
sniffing,84147,84076,84147,71
walking,84148,84147,84148,1
right_turning,84150,84148,84150,2
trotting,84176,84150,84176,26
walking,84183,84176,84183,7
climbing,84288,84183,84288,105
right_turning,84305,84288,84305,17
running,84336,84305,84336,31
walking,84396,84336,84396,60
climbing,84424,84396,84424,28
trotting,84454,84424,84454,30
sniffing,84464,84454,84464,10
climbing,84470,84464,84470,6
sniffing,84471,84470,84471,1
right_turning,84491,84471,84491,20
rising,84512,84491,84512,21
sniffing,84532,84512,84532,20
walking,84587,84532,84587,55
rearing,84752,84587,84752,165
trotting,84756,84752,84756,4
sniffing,84757,84756,84757,1
stepping,84793,84757,84793,36
rising,84799,84793,84799,6
sniffing,84824,84799,84824,25
hunching,84975,84824,84975,151
sniffing,84976,84975,84976,1
walking,85010,84976,85010,34
sniffing,85020,85010,85020,10
rising,85071,85020,85071,51
sniffing,85094,85071,85094,23
rising,85130,85094,85130,36
rearing,85181,85130,85181,51
climbing,85214,85181,85214,33
trotting,85245,85214,85245,31
sniffing,85246,85245,85246,1
trotting,85247,85246,85247,1
walking,85286,85247,85286,39
sniffing,85345,85286,85345,59
rising,85363,85345,85363,18
sniffing,85496,85363,85496,133
stepping,85543,85496,85543,47
walking,85544,85543,85544,1
rising,85573,85544,85573,29
sniffing,85581,85573,85581,8
rising,85582,85581,85582,1
right_turning,85616,85582,85616,34
running,85652,85616,85652,36
sniffing,85678,85652,85678,26
right_turning,85718,85678,85718,40
walking,85739,85718,85739,21
rising,85740,85739,85740,1
sniffing,85797,85740,85797,57
left_turning,85877,85797,85877,80
walking,85928,85877,85928,51
left_turning,85962,85928,85962,34
sniffing,86035,85962,86035,73
right_turning,86036,86035,86036,1
left_turning,86056,86036,86056,20
sniffing,86057,86056,86057,1
stepping,86101,86057,86101,44
sniffing,86156,86101,86156,55
rising,86157,86156,86157,1
rearing,86240,86157,86240,83
walking,86241,86240,86241,1
left_turning,86297,86241,86297,56
sniffing,86353,86297,86353,56
rising,86541,86353,86541,188
left_turning,86584,86541,86584,43
stepping,86585,86584,86585,1
sniffing,86634,86585,86634,49
left_turning,86746,86634,86746,112
walking,86747,86746,86747,1
climbing,86784,86747,86784,37
grooming,86785,86784,86785,1
sniffing,86806,86785,86806,21
left_turning,86849,86806,86849,43
sniffing,86896,86849,86896,47
rising,86975,86896,86975,79
right_turning,86981,86975,86981,6
running,87002,86981,87002,21
rising,87017,87002,87017,15
rearing,87064,87017,87064,47
left_turning,87065,87064,87065,1
stepping,87068,87065,87068,3
sniffing,87157,87068,87157,89
left_turning,87158,87157,87158,1
sniffing,87228,87158,87228,70
climbing,87261,87228,87261,33
left_turning,87273,87261,87273,12
walking,87274,87273,87274,1
climbing,87275,87274,87275,1
walking,87295,87275,87295,20
sniffing,87366,87295,87366,71
rising,87369,87366,87369,3
right_turning,87377,87369,87377,8
trotting,87405,87377,87405,28
stepping,87438,87405,87438,33
walking,87463,87438,87463,25
rising,87470,87463,87470,7
sniffing,87546,87470,87546,76
walking,87572,87546,87572,26
sniffing,87840,87572,87840,268
left_turning,87903,87840,87903,63
sniffing,87962,87903,87962,59
left_turning,87978,87962,87978,16
sniffing,88022,87978,88022,44
walking,88051,88022,88051,29
rising,88064,88051,88064,13
trotting,88071,88064,88071,7
sniffing,88143,88071,88143,72
pausing,88270,88143,88270,127
sniffing,88282,88270,88282,12
climbing,88439,88282,88439,157
rearing,88472,88439,88472,33
climbing,88527,88472,88527,55
rearing,88625,88527,88625,98
grooming,88861,88625,88861,236
sniffing,88943,88861,88943,82
pausing,89189,88943,89189,246
sniffing,89327,89189,89327,138
left_turning,89433,89327,89433,106
rising,89442,89433,89442,9
right_turning,89474,89442,89474,32
left_turning,89481,89474,89481,7
trotting,89498,89481,89498,17
sniffing,89517,89498,89517,19
left_turning,89530,89517,89530,13
sniffing,89606,89530,89606,76
right_turning,89646,89606,89646,40
trotting,89691,89646,89691,45
sniffing,89692,89691,89692,1
walking,89749,89692,89749,57
running,89750,89749,89750,1
left_turning,89789,89750,89789,39
hunching,89829,89789,89829,40
right_turning,89833,89829,89833,4
climbing,89837,89833,89837,4
running,89842,89837,89842,5
walking,89851,89842,89851,9
sniffing,89878,89851,89878,27
rising,89903,89878,89903,25
climbing,89980,89903,89980,77
hunching,90092,89980,90092,112
rising,90115,90092,90115,23
sniffing,90212,90115,90212,97
rising,90248,90212,90248,36
rearing,90310,90248,90310,62
rising,90360,90310,90360,50
rearing,90393,90360,90393,33
left_turning,90409,90393,90409,16
walking,90428,90409,90428,19
sniffing,90429,90428,90429,1
left_turning,90481,90429,90481,52
walking,90541,90481,90541,60
left_turning,90557,90541,90557,16
walking,90589,90557,90589,32
climbing,90680,90589,90680,91
sniffing,90681,90680,90681,1
walking,90696,90681,90696,15
climbing,90730,90696,90730,34
sniffing,90781,90730,90781,51
walking,90793,90781,90793,12
rising,90819,90793,90819,26
climbing,90849,90819,90849,30
walking,90895,90849,90895,46
rearing,90959,90895,90959,64
rising,90987,90959,90987,28
rearing,91051,90987,91051,64
climbing,91080,91051,91080,29
sniffing,91153,91080,91153,73
rising,91188,91153,91188,35
climbing,91293,91188,91293,105
grooming,91346,91293,91346,53
rearing,91348,91346,91348,2
climbing,91349,91348,91349,1
right_turning,91395,91349,91395,46
climbing,91440,91395,91440,45
sniffing,91513,91440,91513,73
trotting,91543,91513,91543,30
sniffing,91623,91543,91623,80
grooming,91652,91623,91652,29
sniffing,91747,91652,91747,95
left_turning,91754,91747,91754,7
walking,91775,91754,91775,21
sniffing,91776,91775,91776,1
rising,91796,91776,91796,20
sniffing,91835,91796,91835,39
walking,91892,91835,91892,57
sniffing,91939,91892,91939,47
walking,92029,91939,92029,90
sniffing,92030,92029,92030,1
climbing,92091,92030,92091,61
rearing,92202,92091,92202,111
grooming,92595,92202,92595,393
rising,92612,92595,92612,17
climbing,92649,92612,92649,37
sniffing,92819,92649,92819,170
pausing,92984,92819,92984,165
sniffing,93059,92984,93059,75
walking,93060,93059,93060,1
climbing,93070,93060,93070,10
sniffing,93076,93070,93076,6
rising,93179,93076,93179,103
climbing,93180,93179,93180,1
grooming,93181,93180,93181,1
hunching,93312,93181,93312,131
grooming,93372,93312,93372,60
rising,93398,93372,93398,26
climbing,93419,93398,93419,21
hunching,93655,93419,93655,236
rising,93658,93655,93658,3
grooming,93756,93658,93756,98
climbing,93826,93756,93826,70
sniffing,93834,93826,93834,8
walking,93868,93834,93868,34
sniffing,93887,93868,93887,19
stepping,93906,93887,93906,19
rising,93945,93906,93945,39
rearing,93961,93945,93961,16
walking,93974,93961,93974,13
sniffing,94033,93974,94033,59
rearing,94062,94033,94062,29
walking,94076,94062,94076,14
sniffing,94077,94076,94077,1
right_turning,94106,94077,94106,29
climbing,94145,94106,94145,39
rearing,94168,94145,94168,23
grooming,94207,94168,94207,39
sniffing,94264,94207,94264,57
stepping,94304,94264,94304,40
sniffing,94305,94304,94305,1
rearing,94306,94305,94306,1
walking,94329,94306,94329,23
right_turning,94374,94329,94374,45
trotting,94379,94374,94379,5
walking,94429,94379,94429,50
hunching,94433,94429,94433,4
walking,94471,94433,94471,38
sniffing,94472,94471,94472,1
climbing,94473,94472,94473,1
sniffing,94542,94473,94542,69
stepping,94545,94542,94545,3
left_turning,94592,94545,94592,47
sniffing,94593,94592,94593,1
rearing,94619,94593,94619,26
climbing,94711,94619,94711,92
running,94733,94711,94733,22
sniffing,94798,94733,94798,65
rearing,94860,94798,94860,62
rising,94905,94860,94905,45
climbing,94942,94905,94942,37
trotting,94982,94942,94982,40
walking,95021,94982,95021,39
climbing,95082,95021,95082,61
rearing,95083,95082,95083,1
hunching,95134,95083,95134,51
left_turning,95144,95134,95144,10
stepping,95145,95144,95145,1
walking,95194,95145,95194,49
sniffing,95227,95194,95227,33
climbing,95236,95227,95236,9
trotting,95252,95236,95252,16
right_turning,95280,95252,95280,28
walking,95307,95280,95307,27
right_turning,95332,95307,95332,25
left_turning,95344,95332,95344,12
sniffing,95345,95344,95345,1
stepping,95346,95345,95346,1
right_turning,95363,95346,95363,17
sniffing,95364,95363,95364,1
climbing,95400,95364,95400,36
rising,95401,95400,95401,1
rearing,95403,95401,95403,2
sniffing,95404,95403,95404,1
rising,95418,95404,95418,14
left_turning,95443,95418,95443,25
walking,95455,95443,95455,12
hunching,95509,95455,95509,54
sniffing,95558,95509,95558,49
climbing,95645,95558,95645,87
rearing,95666,95645,95666,21
climbing,95692,95666,95692,26
rearing,95723,95692,95723,31
right_turning,95734,95723,95734,11
left_turning,95796,95734,95796,62
trotting,95848,95796,95848,52
sniffing,95851,95848,95851,3
walking,95918,95851,95918,67
rising,95954,95918,95954,36
walking,95955,95954,95955,1
sniffing,96012,95955,96012,57
rearing,96116,96012,96116,104
sniffing,96215,96116,96215,99
rising,96264,96215,96264,49
left_turning,96265,96264,96265,1
walking,96316,96265,96316,51
sniffing,96317,96316,96317,1
left_turning,96318,96317,96318,1
walking,96342,96318,96342,24
left_turning,96403,96342,96403,61
walking,96478,96403,96478,75
climbing,96513,96478,96513,35
rising,96514,96513,96514,1
climbing,96515,96514,96515,1
grooming,96516,96515,96516,1
rising,96589,96516,96589,73
climbing,96625,96589,96625,36
running,96641,96625,96641,16
stepping,96668,96641,96668,27
rising,96709,96668,96709,41
rearing,96710,96709,96710,1
climbing,96743,96710,96743,33
grooming,96763,96743,96763,20
climbing,96844,96763,96844,81
rearing,96886,96844,96886,42
sniffing,96902,96886,96902,16
rising,96917,96902,96917,15
sniffing,96966,96917,96966,49
rising,97008,96966,97008,42
sniffing,97235,97008,97235,227
running,97252,97235,97252,17
walking,97279,97252,97279,27
climbing,97291,97279,97291,12
rearing,97292,97291,97292,1
sniffing,97376,97292,97376,84
left_turning,97399,97376,97399,23
rising,97400,97399,97400,1
climbing,97448,97400,97448,48
running,97497,97448,97497,49
sniffing,97560,97497,97560,63
walking,97569,97560,97569,9
sniffing,97570,97569,97570,1
climbing,97597,97570,97597,27
sniffing,97623,97597,97623,26
walking,97632,97623,97632,9
left_turning,97633,97632,97633,1
sniffing,97634,97633,97634,1
walking,97670,97634,97670,36
sniffing,97677,97670,97677,7
left_turning,97678,97677,97678,1
sniffing,97801,97678,97801,123
walking,97811,97801,97811,10
climbing,97837,97811,97837,26
sniffing,97942,97837,97942,105
right_turning,97984,97942,97984,42
walking,98020,97984,98020,36
left_turning,98063,98020,98063,43
stepping,98077,98063,98077,14
rising,98108,98077,98108,31
left_turning,98165,98108,98165,57
stepping,98185,98165,98185,20
rising,98234,98185,98234,49
climbing,98285,98234,98285,51
walking,98287,98285,98287,2
rising,98338,98287,98338,51
climbing,98396,98338,98396,58
sniffing,98489,98396,98489,93
rearing,98496,98489,98496,7
climbing,98576,98496,98576,80
sniffing,98596,98576,98596,20
left_turning,98632,98596,98632,36
trotting,98653,98632,98653,21
sniffing,98654,98653,98654,1
jumping,98702,98654,98702,48
walking,98718,98702,98718,16
rising,98722,98718,98722,4
stepping,98814,98722,98814,92
rising,98815,98814,98815,1
left_turning,98889,98815,98889,74
walking,98946,98889,98946,57
climbing,99017,98946,99017,71
sniffing,99082,99017,99082,65
walking,99127,99082,99127,45
sniffing,99128,99127,99128,1
right_turning,99167,99128,99167,39
trotting,99170,99167,99170,3
running,99202,99170,99202,32
walking,99244,99202,99244,42
rising,99264,99244,99264,20
climbing,99315,99264,99315,51
sniffing,99380,99315,99380,65
rising,99431,99380,99431,51
climbing,99432,99431,99432,1
walking,99469,99432,99469,37
stepping,99486,99469,99486,17
sniffing,99530,99486,99530,44
walking,99596,99530,99596,66
stepping,99631,99596,99631,35
sniffing,99664,99631,99664,33
rising,99665,99664,99665,1
rearing,99721,99665,99721,56
sniffing,99722,99721,99722,1
climbing,99753,99722,99753,31
rearing,99902,99753,99902,149
sniffing,99903,99902,99903,1
pausing,99904,99903,99904,1
sniffing,99942,99904,99942,38
walking,99970,99942,99970,28
sniffing,99994,99970,99994,24
rearing,100228,99994,100228,234
sniffing,100380,100228,100380,152
walking,100381,100380,100381,1
rising,100501,100381,100501,120
rearing,100524,100501,100524,23
grooming,100868,100524,100868,344
left_turning,100938,100868,100938,70
sniffing,100999,100938,100999,61
rearing,101093,100999,101093,94
walking,101105,101093,101105,12
sniffing,101178,101105,101178,73
walking,101241,101178,101241,63
sniffing,101366,101241,101366,125
climbing,101375,101366,101375,9
grooming,101583,101375,101583,208
rearing,101613,101583,101613,30
sniffing,101651,101613,101651,38
rising,101734,101651,101734,83
sniffing,101788,101734,101788,54
left_turning,101795,101788,101795,7
walking,101804,101795,101804,9
stepping,101813,101804,101813,9
walking,101827,101813,101827,14
sniffing,101946,101827,101946,119
rising,101960,101946,101960,14
hunching,101963,101960,101963,3
sniffing,102034,101963,102034,71
climbing,102053,102034,102053,19
sniffing,102232,102053,102232,179
rising,102268,102232,102268,36
grooming,102269,102268,102269,1
rearing,102322,102269,102322,53
hunching,102372,102322,102372,50
sniffing,102407,102372,102407,35
left_turning,102438,102407,102438,31
walking,102508,102438,102508,70
left_turning,102528,102508,102528,20
running,102556,102528,102556,28
trotting,102594,102556,102594,38
rising,102595,102594,102595,1
stepping,102626,102595,102626,31
rising,102628,102626,102628,2
climbing,102631,102628,102631,3
sniffing,102632,102631,102632,1
pausing,102633,102632,102633,1
sniffing,102697,102633,102697,64
left_turning,102698,102697,102698,1
sniffing,102740,102698,102740,42
rearing,102816,102740,102816,76
climbing,102835,102816,102835,19
rising,102870,102835,102870,35
sniffing,102956,102870,102956,86
stepping,102957,102956,102957,1
sniffing,102991,102957,102991,34
right_turning,103003,102991,103003,12
walking,103004,103003,103004,1
sniffing,103034,103004,103034,30
climbing,103080,103034,103080,46
running,103085,103080,103085,5
trotting,103106,103085,103106,21
sniffing,103189,103106,103189,83
rising,103254,103189,103254,65
climbing,103289,103254,103289,35
sniffing,103360,103289,103360,71
grooming,103382,103360,103382,22
hunching,103510,103382,103510,128
sniffing,103511,103510,103511,1
rising,103546,103511,103546,35
stepping,103547,103546,103547,1
sniffing,103577,103547,103577,30
rising,103578,103577,103578,1
grooming,103712,103578,103712,134
sniffing,103884,103712,103884,172
right_turning,103943,103884,103943,59
rising,104015,103943,104015,72
sniffing,104033,104015,104033,18
left_turning,104057,104033,104057,24
sniffing,104058,104057,104058,1
rearing,104065,104058,104065,7
grooming,104259,104065,104259,194
sniffing,104260,104259,104260,1
rearing,104261,104260,104261,1
rising,104357,104261,104357,96
climbing,104358,104357,104358,1
rearing,104459,104358,104459,101
hunching,104541,104459,104541,82
grooming,104910,104541,104910,369
left_turning,104911,104910,104911,1
sniffing,104912,104911,104912,1
climbing,104913,104912,104913,1
rearing,105026,104913,105026,113
walking,105062,105026,105062,36
sniffing,105100,105062,105100,38
rising,105136,105100,105136,36
sniffing,105164,105136,105164,28
climbing,105247,105164,105247,83
sniffing,105291,105247,105291,44
rising,105335,105291,105335,44
climbing,105375,105335,105375,40
stepping,105376,105375,105376,1
sniffing,105449,105376,105449,73
walking,105499,105449,105499,50
rearing,105585,105499,105585,86
walking,105632,105585,105632,47
rising,105731,105632,105731,99
running,105756,105731,105756,25
left_turning,105779,105756,105779,23
sniffing,105883,105779,105883,104
rising,105895,105883,105895,12
sniffing,105896,105895,105896,1
rising,105914,105896,105914,18
right_turning,105943,105914,105943,29
sniffing,105951,105943,105951,8
pausing,105952,105951,105952,1
sniffing,106020,105952,106020,68
climbing,106085,106020,106085,65
hunching,106086,106085,106086,1
sniffing,106149,106086,106149,63
left_turning,106160,106149,106160,11
trotting,106177,106160,106177,17
walking,106208,106177,106208,31
rearing,106247,106208,106247,39
grooming,106248,106247,106248,1
sniffing,106360,106248,106360,112
left_turning,106405,106360,106405,45
trotting,106409,106405,106409,4
stepping,106410,106409,106410,1
sniffing,106500,106410,106500,90
pausing,106501,106500,106501,1
sniffing,106588,106501,106588,87
hunching,106595,106588,106595,7
grooming,106596,106595,106596,1
rearing,106699,106596,106699,103
walking,106781,106699,106781,82
sniffing,106830,106781,106830,49
trotting,106836,106830,106836,6
sniffing,106889,106836,106889,53
rising,106890,106889,106890,1
hunching,106937,106890,106937,47
rising,107018,106937,107018,81
stepping,107071,107018,107071,53
hunching,107101,107071,107101,30
climbing,107200,107101,107200,99
rising,107231,107200,107231,31
sniffing,107292,107231,107292,61
climbing,107372,107292,107372,80
sniffing,107387,107372,107387,15
walking,107459,107387,107459,72
sniffing,107509,107459,107509,50
trotting,107510,107509,107510,1
rising,107583,107510,107583,73
grooming,108000,107583,108000,417
