revised_movement_label,segBoundary,segBoundary_start,segBoundary_end,length
rising,1,0,1,1
sniffing,21,1,21,20
running,50,21,50,29
walking,51,50,51,1
sniffing,60,51,60,9
walking,165,60,165,105
sniffing,223,165,223,58
rising,262,223,262,39
rearing,263,262,263,1
climbing,272,263,272,9
sniffing,344,272,344,72
climbing,389,344,389,45
rearing,412,389,412,23
sniffing,413,412,413,1
rearing,414,413,414,1
hunching,415,414,415,1
climbing,461,415,461,46
trotting,469,461,469,8
sniffing,541,469,541,72
climbing,556,541,556,15
sniffing,643,556,643,87
left_turning,653,643,653,10
walking,660,653,660,7
sniffing,693,660,693,33
trotting,732,693,732,39
sniffing,783,732,783,51
trotting,810,783,810,27
sniffing,836,810,836,26
rising,892,836,892,56
sniffing,970,892,970,78
climbing,1006,970,1006,36
rearing,1172,1006,1172,166
sniffing,1173,1172,1173,1
rising,1259,1173,1259,86
walking,1283,1259,1283,24
sniffing,1284,1283,1284,1
stepping,1325,1284,1325,41
sniffing,1326,1325,1326,1
left_turning,1419,1326,1419,93
sniffing,1513,1419,1513,94
climbing,1571,1513,1571,58
rising,1688,1571,1688,117
stepping,1715,1688,1715,27
sniffing,1717,1715,1717,2
left_turning,1747,1717,1747,30
sniffing,1796,1747,1796,49
walking,1803,1796,1803,7
climbing,1929,1803,1929,126
walking,1930,1929,1930,1
climbing,1943,1930,1943,13
rising,1944,1943,1944,1
trotting,1952,1944,1952,8
rising,2033,1952,2033,81
walking,2069,2033,2069,36
left_turning,2135,2069,2135,66
stepping,2190,2135,2190,55
walking,2228,2190,2228,38
left_turning,2283,2228,2283,55
walking,2322,2283,2322,39
left_turning,2374,2322,2374,52
trotting,2375,2374,2375,1
stepping,2449,2375,2449,74
left_turning,2504,2449,2504,55
rising,2644,2504,2644,140
climbing,2682,2644,2682,38
sniffing,2683,2682,2683,1
walking,2705,2683,2705,22
trotting,2706,2705,2706,1
walking,2763,2706,2763,57
rising,2830,2763,2830,67
climbing,2833,2830,2833,3
left_turning,2871,2833,2871,38
sniffing,2918,2871,2918,47
walking,2919,2918,2919,1
stepping,2932,2919,2932,13
climbing,2981,2932,2981,49
hunching,2982,2981,2982,1
grooming,2983,2982,2983,1
hunching,3017,2983,3017,34
sniffing,3059,3017,3059,42
walking,3060,3059,3060,1
rising,3125,3060,3125,65
climbing,3147,3125,3147,22
sniffing,3219,3147,3219,72
climbing,3348,3219,3348,129
walking,3360,3348,3360,12
rising,3508,3360,3508,148
sniffing,3555,3508,3555,47
left_turning,3568,3555,3568,13
rising,3569,3568,3569,1
climbing,3639,3569,3639,70
trotting,3688,3639,3688,49
left_turning,3689,3688,3689,1
sniffing,3734,3689,3734,45
walking,3735,3734,3735,1
climbing,3763,3735,3763,28
grooming,3764,3763,3764,1
right_turning,3780,3764,3780,16
walking,3838,3780,3838,58
running,3880,3838,3880,42
rising,3964,3880,3964,84
left_turning,3965,3964,3965,1
walking,4015,3965,4015,50
sniffing,4037,4015,4037,22
walking,4061,4037,4061,24
left_turning,4084,4061,4084,23
trotting,4111,4084,4111,27
walking,4112,4111,4112,1
left_turning,4121,4112,4121,9
trotting,4151,4121,4151,30
left_turning,4180,4151,4180,29
rising,4248,4180,4248,68
rearing,4450,4248,4450,202
left_turning,4500,4450,4500,50
trotting,4521,4500,4521,21
rising,4541,4521,4541,20
sniffing,4578,4541,4578,37
climbing,4594,4578,4594,16
sniffing,4611,4594,4611,17
climbing,4665,4611,4665,54
trotting,4673,4665,4673,8
stepping,4674,4673,4674,1
walking,4716,4674,4716,42
sniffing,4722,4716,4722,6
walking,4777,4722,4777,55
right_turning,4782,4777,4782,5
walking,4798,4782,4798,16
sniffing,4809,4798,4809,11
climbing,4875,4809,4875,66
sniffing,4876,4875,4876,1
left_turning,4889,4876,4889,13
climbing,4935,4889,4935,46
sniffing,5006,4935,5006,71
left_turning,5035,5006,5035,29
sniffing,5083,5035,5083,48
climbing,5131,5083,5131,48
rising,5132,5131,5132,1
sniffing,5178,5132,5178,46
rising,5212,5178,5212,34
walking,5249,5212,5249,37
sniffing,5250,5249,5250,1
climbing,5324,5250,5324,74
trotting,5327,5324,5327,3
rising,5328,5327,5328,1
walking,5339,5328,5339,11
right_turning,5351,5339,5351,12
running,5378,5351,5378,27
walking,5399,5378,5399,21
sniffing,5484,5399,5484,85
walking,5490,5484,5490,6
climbing,5520,5490,5520,30
rising,5521,5520,5521,1
sniffing,5551,5521,5551,30
walking,5605,5551,5605,54
left_turning,5629,5605,5629,24
climbing,5637,5629,5637,8
rising,5662,5637,5662,25
climbing,5743,5662,5743,81
stepping,5789,5743,5789,46
rising,5833,5789,5833,44
walking,5884,5833,5884,51
sniffing,5922,5884,5922,38
rising,5923,5922,5923,1
climbing,5931,5923,5931,8
trotting,5945,5931,5945,14
right_turning,5973,5945,5973,28
trotting,5982,5973,5982,9
walking,6025,5982,6025,43
climbing,6075,6025,6075,50
walking,6076,6075,6076,1
sniffing,6150,6076,6150,74
left_turning,6206,6150,6206,56
sniffing,6216,6206,6216,10
trotting,6241,6216,6241,25
sniffing,6259,6241,6259,18
rising,6260,6259,6260,1
sniffing,6284,6260,6284,24
rising,6285,6284,6285,1
climbing,6318,6285,6318,33
rearing,6408,6318,6408,90
left_turning,6436,6408,6436,28
running,6453,6436,6453,17
rising,6497,6453,6497,44
climbing,6534,6497,6534,37
sniffing,6574,6534,6574,40
left_turning,6630,6574,6630,56
sniffing,6683,6630,6683,53
rising,6744,6683,6744,61
walking,6791,6744,6791,47
sniffing,6847,6791,6847,56
rising,6848,6847,6848,1
walking,6849,6848,6849,1
rising,6850,6849,6850,1
hunching,6959,6850,6959,109
sniffing,6960,6959,6960,1
rising,7027,6960,7027,67
walking,7083,7027,7083,56
sniffing,7259,7083,7259,176
walking,7302,7259,7302,43
climbing,7330,7302,7330,28
walking,7370,7330,7370,40
rising,7416,7370,7416,46
sniffing,7417,7416,7417,1
stepping,7477,7417,7477,60
walking,7550,7477,7550,73
sniffing,7608,7550,7608,58
climbing,7633,7608,7633,25
hunching,7700,7633,7700,67
stepping,7739,7700,7739,39
rising,7740,7739,7740,1
left_turning,7750,7740,7750,10
walking,7784,7750,7784,34
left_turning,7785,7784,7785,1
sniffing,7807,7785,7807,22
rising,7822,7807,7822,15
climbing,7881,7822,7881,59
right_turning,7882,7881,7882,1
rising,7948,7882,7948,66
sniffing,7972,7948,7972,24
trotting,8003,7972,8003,31
walking,8008,8003,8008,5
hunching,8009,8008,8009,1
climbing,8056,8009,8056,47
sniffing,8057,8056,8057,1
walking,8062,8057,8062,5
sniffing,8099,8062,8099,37
left_turning,8100,8099,8100,1
stepping,8158,8100,8158,58
sniffing,8176,8158,8176,18
left_turning,8208,8176,8208,32
walking,8224,8208,8224,16
climbing,8256,8224,8256,32
rising,8465,8256,8465,209
trotting,8469,8465,8469,4
walking,8538,8469,8538,69
sniffing,8539,8538,8539,1
grooming,8790,8539,8790,251
rearing,8872,8790,8872,82
sniffing,8912,8872,8912,40
rising,9015,8912,9015,103
sniffing,9016,9015,9016,1
rising,9017,9016,9017,1
left_turning,9065,9017,9065,48
walking,9070,9065,9070,5
sniffing,9134,9070,9134,64
climbing,9177,9134,9177,43
rising,9201,9177,9201,24
sniffing,9256,9201,9256,55
climbing,9298,9256,9298,42
sniffing,9342,9298,9342,44
trotting,9385,9342,9385,43
sniffing,9456,9385,9456,71
walking,9516,9456,9516,60
rising,9536,9516,9536,20
sniffing,9575,9536,9575,39
hunching,9576,9575,9576,1
sniffing,9651,9576,9651,75
walking,9659,9651,9659,8
stepping,9670,9659,9670,11
walking,9671,9670,9671,1
rearing,9686,9671,9686,15
left_turning,9718,9686,9718,32
rising,9719,9718,9719,1
climbing,9756,9719,9756,37
trotting,9772,9756,9772,16
sniffing,9773,9772,9773,1
walking,9813,9773,9813,40
stepping,9862,9813,9862,49
sniffing,9913,9862,9913,51
trotting,9942,9913,9942,29
left_turning,9990,9942,9990,48
trotting,10031,9990,10031,41
sniffing,10156,10031,10156,125
climbing,10217,10156,10217,61
rising,10288,10217,10288,71
walking,10330,10288,10330,42
sniffing,10350,10330,10350,20
climbing,10355,10350,10355,5
rising,10383,10355,10383,28
climbing,10435,10383,10435,52
sniffing,10436,10435,10436,1
left_turning,10444,10436,10444,8
stepping,10451,10444,10451,7
walking,10452,10451,10452,1
right_turning,10474,10452,10474,22
left_turning,10520,10474,10520,46
running,10564,10520,10564,44
walking,10575,10564,10575,11
rising,10576,10575,10576,1
walking,10609,10576,10609,33
sniffing,10610,10609,10610,1
climbing,10633,10610,10633,23
sniffing,10650,10633,10650,17
running,10668,10650,10668,18
trotting,10732,10668,10732,64
walking,10739,10732,10739,7
right_turning,10744,10739,10744,5
climbing,10795,10744,10795,51
left_turning,10838,10795,10838,43
sniffing,10950,10838,10950,112
trotting,10961,10950,10961,11
sniffing,11005,10961,11005,44
stepping,11055,11005,11055,50
trotting,11075,11055,11075,20
rising,11076,11075,11076,1
walking,11153,11076,11153,77
rising,11173,11153,11173,20
climbing,11182,11173,11182,9
rising,11304,11182,11304,122
walking,11339,11304,11339,35
climbing,11340,11339,11340,1
sniffing,11449,11340,11449,109
climbing,11504,11449,11504,55
rising,11505,11504,11505,1
sniffing,11507,11505,11507,2
rising,11668,11507,11668,161
climbing,11724,11668,11724,56
sniffing,11790,11724,11790,66
left_turning,11811,11790,11811,21
sniffing,11864,11811,11864,53
climbing,11890,11864,11890,26
grooming,12254,11890,12254,364
hunching,12286,12254,12286,32
walking,12309,12286,12309,23
left_turning,12310,12309,12310,1
trotting,12336,12310,12336,26
rising,12393,12336,12393,57
climbing,12452,12393,12452,59
rearing,12530,12452,12530,78
grooming,12931,12530,12931,401
rising,12932,12931,12932,1
sniffing,12978,12932,12978,46
stepping,13013,12978,13013,35
walking,13063,13013,13063,50
sniffing,13200,13063,13200,137
climbing,13224,13200,13224,24
walking,13256,13224,13256,32
stepping,13275,13256,13275,19
sniffing,13334,13275,13334,59
left_turning,13376,13334,13376,42
walking,13441,13376,13441,65
rising,13498,13441,13498,57
stepping,13561,13498,13561,63
walking,13574,13561,13574,13
left_turning,13626,13574,13626,52
trotting,13667,13626,13667,41
walking,13698,13667,13698,31
sniffing,13699,13698,13699,1
rising,13743,13699,13743,44
right_turning,13754,13743,13754,11
climbing,13781,13754,13781,27
rearing,13848,13781,13848,67
rising,13873,13848,13873,25
hunching,13990,13873,13990,117
right_turning,14017,13990,14017,27
walking,14059,14017,14059,42
climbing,14153,14059,14153,94
rising,14364,14153,14364,211
walking,14447,14364,14447,83
rising,14489,14447,14489,42
climbing,14540,14489,14540,51
sniffing,14541,14540,14541,1
rising,14582,14541,14582,41
climbing,14627,14582,14627,45
right_turning,14645,14627,14645,18
walking,14646,14645,14646,1
sniffing,14702,14646,14702,56
stepping,14712,14702,14712,10
trotting,14746,14712,14746,34
stepping,14788,14746,14788,42
rising,14809,14788,14809,21
hunching,14872,14809,14872,63
sniffing,14888,14872,14888,16
walking,14893,14888,14893,5
sniffing,14958,14893,14958,65
rising,14973,14958,14973,15
right_turning,14992,14973,14992,19
walking,14993,14992,14993,1
left_turning,15070,14993,15070,77
sniffing,15113,15070,15113,43
climbing,15192,15113,15192,79
stepping,15237,15192,15237,45
walking,15287,15237,15287,50
sniffing,15288,15287,15288,1
rising,15438,15288,15438,150
sniffing,15452,15438,15452,14
walking,15474,15452,15474,22
climbing,15487,15474,15487,13
left_turning,15502,15487,15502,15
walking,15550,15502,15550,48
grooming,15551,15550,15551,1
climbing,15595,15551,15595,44
rising,15650,15595,15650,55
sniffing,15773,15650,15773,123
stepping,15789,15773,15789,16
sniffing,15840,15789,15840,51
rising,15859,15840,15859,19
walking,15884,15859,15884,25
trotting,15913,15884,15913,29
running,15943,15913,15943,30
walking,16002,15943,16002,59
left_turning,16026,16002,16026,24
sniffing,16052,16026,16052,26
left_turning,16067,16052,16067,15
sniffing,16111,16067,16111,44
hunching,16112,16111,16112,1
rising,16187,16112,16187,75
rearing,16188,16187,16188,1
walking,16229,16188,16229,41
climbing,16264,16229,16264,35
walking,16322,16264,16322,58
right_turning,16365,16322,16365,43
sniffing,16377,16365,16377,12
climbing,16444,16377,16444,67
rising,16445,16444,16445,1
stepping,16489,16445,16489,44
trotting,16526,16489,16526,37
walking,16551,16526,16551,25
rising,16638,16551,16638,87
sniffing,16639,16638,16639,1
rising,16640,16639,16640,1
climbing,16643,16640,16643,3
walking,16650,16643,16650,7
sniffing,16715,16650,16715,65
climbing,16766,16715,16766,51
sniffing,16767,16766,16767,1
climbing,16790,16767,16790,23
sniffing,16791,16790,16791,1
walking,16810,16791,16810,19
right_turning,16873,16810,16873,63
walking,16893,16873,16893,20
sniffing,16992,16893,16992,99
stepping,17005,16992,17005,13
walking,17051,17005,17051,46
sniffing,17110,17051,17110,59
climbing,17159,17110,17159,49
rearing,17160,17159,17160,1
rising,17161,17160,17161,1
climbing,17201,17161,17201,40
hunching,17230,17201,17230,29
sniffing,17263,17230,17263,33
walking,17264,17263,17264,1
trotting,17293,17264,17293,29
right_turning,17297,17293,17297,4
stepping,17331,17297,17331,34
rising,17341,17331,17341,10
walking,17349,17341,17349,8
climbing,17352,17349,17352,3
sniffing,17421,17352,17421,69
rising,17564,17421,17564,143
walking,17601,17564,17601,37
rising,17602,17601,17602,1
sniffing,17627,17602,17627,25
walking,17654,17627,17654,27
sniffing,17684,17654,17684,30
climbing,17711,17684,17711,27
left_turning,17732,17711,17732,21
sniffing,17811,17732,17811,79
rising,17812,17811,17812,1
climbing,17852,17812,17852,40
sniffing,17857,17852,17857,5
walking,17911,17857,17911,54
sniffing,17964,17911,17964,53
stepping,17994,17964,17994,30
right_turning,18013,17994,18013,19
rising,18025,18013,18025,12
sniffing,18064,18025,18064,39
stepping,18089,18064,18089,25
sniffing,18169,18089,18169,80
walking,18170,18169,18170,1
rising,18189,18170,18189,19
right_turning,18200,18189,18200,11
walking,18232,18200,18232,32
climbing,18268,18232,18268,36
right_turning,18314,18268,18314,46
walking,18318,18314,18318,4
sniffing,18388,18318,18388,70
rising,18443,18388,18443,55
sniffing,18542,18443,18542,99
left_turning,18602,18542,18602,60
rising,18668,18602,18668,66
sniffing,18685,18668,18685,17
rising,18709,18685,18709,24
walking,18759,18709,18759,50
sniffing,18790,18759,18790,31
rising,18864,18790,18864,74
sniffing,18943,18864,18943,79
walking,18959,18943,18959,16
rising,18986,18959,18986,27
walking,19070,18986,19070,84
rising,19071,19070,19071,1
climbing,19153,19071,19153,82
grooming,19154,19153,19154,1
rearing,19155,19154,19155,1
walking,19184,19155,19184,29
sniffing,19251,19184,19251,67
rising,19252,19251,19252,1
sniffing,19253,19252,19253,1
rising,19303,19253,19303,50
rearing,19372,19303,19372,69
grooming,20067,19372,20067,695
trotting,20072,20067,20072,5
left_turning,20111,20072,20111,39
sniffing,20142,20111,20142,31
right_turning,20145,20142,20145,3
sniffing,20146,20145,20146,1
left_turning,20178,20146,20178,32
walking,20265,20178,20265,87
left_turning,20292,20265,20292,27
sniffing,20447,20292,20447,155
left_turning,20498,20447,20498,51
walking,20525,20498,20525,27
trotting,20594,20525,20594,69
sniffing,20690,20594,20690,96
walking,20721,20690,20721,31
climbing,20735,20721,20735,14
sniffing,20736,20735,20736,1
walking,20779,20736,20779,43
sniffing,20823,20779,20823,44
left_turning,20824,20823,20824,1
sniffing,20825,20824,20825,1
left_turning,20852,20825,20852,27
trotting,20853,20852,20853,1
sniffing,20858,20853,20858,5
left_turning,20894,20858,20894,36
walking,20905,20894,20905,11
hunching,20906,20905,20906,1
sniffing,21031,20906,21031,125
left_turning,21111,21031,21111,80
walking,21140,21111,21140,29
sniffing,21144,21140,21144,4
left_turning,21161,21144,21161,17
rearing,21175,21161,21175,14
rising,21188,21175,21188,13
hunching,21189,21188,21189,1
sniffing,21212,21189,21212,23
walking,21249,21212,21249,37
sniffing,21250,21249,21250,1
climbing,21295,21250,21295,45
walking,21342,21295,21342,47
sniffing,21375,21342,21375,33
rearing,21441,21375,21441,66
sniffing,21480,21441,21480,39
climbing,21526,21480,21526,46
hunching,21550,21526,21550,24
right_turning,21573,21550,21573,23
trotting,21574,21573,21574,1
sniffing,21713,21574,21713,139
stepping,21730,21713,21730,17
left_turning,21732,21730,21732,2
walking,21758,21732,21758,26
sniffing,21801,21758,21801,43
rising,21833,21801,21833,32
rearing,21990,21833,21990,157
sniffing,22033,21990,22033,43
left_turning,22038,22033,22038,5
walking,22073,22038,22073,35
sniffing,22104,22073,22104,31
walking,22112,22104,22112,8
sniffing,22146,22112,22146,34
climbing,22183,22146,22183,37
walking,22221,22183,22221,38
rising,22294,22221,22294,73
rearing,22321,22294,22321,27
walking,22338,22321,22338,17
rising,22366,22338,22366,28
left_turning,22370,22366,22370,4
sniffing,22433,22370,22433,63
right_turning,22445,22433,22445,12
sniffing,22515,22445,22515,70
right_turning,22538,22515,22538,23
hunching,22846,22538,22846,308
sniffing,22849,22846,22849,3
climbing,22935,22849,22935,86
rising,22943,22935,22943,8
stepping,22956,22943,22956,13
sniffing,22957,22956,22957,1
climbing,23006,22957,23006,49
rearing,23092,23006,23092,86
climbing,23157,23092,23157,65
rearing,23370,23157,23370,213
climbing,23422,23370,23422,52
sniffing,23482,23422,23482,60
right_turning,23528,23482,23528,46
walking,23587,23528,23587,59
sniffing,23688,23587,23688,101
rising,23689,23688,23689,1
climbing,23707,23689,23707,18
right_turning,23727,23707,23727,20
left_turning,23753,23727,23753,26
trotting,23772,23753,23772,19
stepping,23773,23772,23773,1
sniffing,23864,23773,23864,91
walking,23877,23864,23877,13
sniffing,23923,23877,23923,46
grooming,24035,23923,24035,112
hunching,24083,24035,24083,48
rising,24130,24083,24130,47
sniffing,24199,24130,24199,69
rising,24424,24199,24424,225
grooming,24425,24424,24425,1
trotting,24446,24425,24446,21
sniffing,24460,24446,24460,14
trotting,24468,24460,24468,8
walking,24562,24468,24562,94
sniffing,24602,24562,24602,40
walking,24660,24602,24660,58
climbing,24674,24660,24674,14
rising,24736,24674,24736,62
grooming,24853,24736,24853,117
hunching,24902,24853,24902,49
walking,24912,24902,24912,10
sniffing,24932,24912,24932,20
walking,24948,24932,24948,16
climbing,24989,24948,24989,41
rising,25016,24989,25016,27
climbing,25047,25016,25047,31
sniffing,25084,25047,25084,37
trotting,25122,25084,25122,38
left_turning,25157,25122,25157,35
walking,25162,25157,25162,5
left_turning,25172,25162,25172,10
sniffing,25235,25172,25235,63
left_turning,25285,25235,25285,50
walking,25325,25285,25325,40
left_turning,25380,25325,25380,55
sniffing,25422,25380,25422,42
right_turning,25432,25422,25432,10
climbing,25441,25432,25441,9
rising,25442,25441,25442,1
walking,25468,25442,25468,26
sniffing,25469,25468,25469,1
rising,25568,25469,25568,99
stepping,25611,25568,25611,43
sniffing,25614,25611,25614,3
walking,25638,25614,25638,24
grooming,25690,25638,25690,52
rising,25838,25690,25838,148
walking,25839,25838,25839,1
left_turning,25881,25839,25881,42
sniffing,25920,25881,25920,39
climbing,25965,25920,25965,45
rearing,26119,25965,26119,154
sniffing,26142,26119,26142,23
rising,26173,26142,26173,31
rearing,26174,26173,26174,1
grooming,26304,26174,26304,130
rising,26305,26304,26305,1
grooming,26465,26305,26465,160
rearing,26617,26465,26617,152
right_turning,26637,26617,26637,20
climbing,26714,26637,26714,77
rising,26725,26714,26725,11
climbing,26799,26725,26799,74
trotting,26816,26799,26816,17
left_turning,26817,26816,26817,1
sniffing,26874,26817,26874,57
left_turning,26926,26874,26926,52
walking,26954,26926,26954,28
stepping,26956,26954,26956,2
sniffing,26989,26956,26989,33
climbing,27047,26989,27047,58
rising,27086,27047,27086,39
walking,27089,27086,27089,3
trotting,27109,27089,27109,20
running,27118,27109,27118,9
climbing,27158,27118,27158,40
sniffing,27159,27158,27159,1
walking,27168,27159,27168,9
sniffing,27169,27168,27169,1
walking,27199,27169,27199,30
sniffing,27244,27199,27244,45
rising,27299,27244,27299,55
sniffing,27322,27299,27322,23
climbing,27323,27322,27323,1
walking,27334,27323,27334,11
stepping,27336,27334,27336,2
left_turning,27361,27336,27361,25
rising,27406,27361,27406,45
right_turning,27425,27406,27425,19
walking,27475,27425,27475,50
climbing,27520,27475,27520,45
grooming,27796,27520,27796,276
sniffing,27907,27796,27907,111
hunching,27961,27907,27961,54
walking,28002,27961,28002,41
sniffing,28003,28002,28003,1
right_turning,28023,28003,28023,20
walking,28041,28023,28041,18
hunching,28144,28041,28144,103
sniffing,28210,28144,28210,66
grooming,28235,28210,28235,25
hunching,28433,28235,28433,198
sniffing,28447,28433,28447,14
stepping,28529,28447,28529,82
climbing,28543,28529,28543,14
trotting,28581,28543,28581,38
walking,28597,28581,28597,16
sniffing,28660,28597,28660,63
grooming,28661,28660,28661,1
rising,28707,28661,28707,46
walking,28742,28707,28742,35
sniffing,28780,28742,28780,38
right_turning,28782,28780,28782,2
left_turning,28808,28782,28808,26
trotting,28818,28808,28818,10
sniffing,28819,28818,28819,1
walking,28866,28819,28866,47
stepping,28875,28866,28875,9
walking,28910,28875,28910,35
climbing,28937,28910,28937,27
right_turning,28958,28937,28958,21
walking,29015,28958,29015,57
sniffing,29035,29015,29035,20
climbing,29091,29035,29091,56
sniffing,29126,29091,29126,35
right_turning,29138,29126,29138,12
sniffing,29180,29138,29180,42
walking,29197,29180,29197,17
sniffing,29238,29197,29238,41
walking,29298,29238,29298,60
left_turning,29335,29298,29335,37
sniffing,29421,29335,29421,86
rising,29422,29421,29422,1
sniffing,29484,29422,29484,62
rising,29485,29484,29485,1
walking,29489,29485,29489,4
sniffing,29665,29489,29665,176
rising,29698,29665,29698,33
climbing,29768,29698,29768,70
rising,29769,29768,29769,1
rearing,29925,29769,29925,156
sniffing,29926,29925,29926,1
rising,29935,29926,29935,9
climbing,30019,29935,30019,84
hunching,30020,30019,30020,1
rising,30045,30020,30045,25
sniffing,30075,30045,30075,30
climbing,30124,30075,30124,49
hunching,30148,30124,30148,24
rising,30193,30148,30193,45
trotting,30194,30193,30194,1
sniffing,30277,30194,30277,83
rising,30289,30277,30289,12
rearing,30290,30289,30290,1
sniffing,30339,30290,30339,49
stepping,30375,30339,30375,36
rising,30376,30375,30376,1
climbing,30377,30376,30377,1
rearing,30378,30377,30378,1
sniffing,30414,30378,30414,36
walking,30430,30414,30430,16
hunching,30431,30430,30431,1
sniffing,30432,30431,30432,1
climbing,30458,30432,30458,26
rising,30501,30458,30501,43
trotting,30547,30501,30547,46
left_turning,30583,30547,30583,36
sniffing,30755,30583,30755,172
rising,30799,30755,30799,44
sniffing,30800,30799,30800,1
trotting,30832,30800,30832,32
walking,30891,30832,30891,59
hunching,31043,30891,31043,152
climbing,31105,31043,31105,62
right_turning,31127,31105,31127,22
walking,31146,31127,31146,19
left_turning,31190,31146,31190,44
trotting,31206,31190,31206,16
sniffing,31207,31206,31207,1
climbing,31253,31207,31253,46
hunching,31332,31253,31332,79
right_turning,31364,31332,31364,32
stepping,31423,31364,31423,59
sniffing,31424,31423,31424,1
climbing,31457,31424,31457,33
sniffing,31485,31457,31485,28
walking,31508,31485,31508,23
sniffing,31539,31508,31539,31
climbing,31676,31539,31676,137
rising,31692,31676,31692,16
walking,31696,31692,31696,4
trotting,31723,31696,31723,27
walking,31738,31723,31738,15
left_turning,31789,31738,31789,51
walking,31824,31789,31824,35
sniffing,31952,31824,31952,128
hunching,31953,31952,31953,1
grooming,31954,31953,31954,1
left_turning,32005,31954,32005,51
sniffing,32007,32005,32007,2
walking,32038,32007,32038,31
sniffing,32039,32038,32039,1
walking,32052,32039,32052,13
stepping,32062,32052,32062,10
rising,32107,32062,32107,45
rearing,32212,32107,32212,105
sniffing,32332,32212,32332,120
left_turning,32372,32332,32372,40
walking,32403,32372,32403,31
left_turning,32418,32403,32418,15
walking,32462,32418,32462,44
sniffing,32552,32462,32552,90
rising,32639,32552,32639,87
climbing,32693,32639,32693,54
stepping,32694,32693,32694,1
climbing,32698,32694,32698,4
rising,32735,32698,32735,37
rearing,32736,32735,32736,1
climbing,32822,32736,32822,86
sniffing,32904,32822,32904,82
left_turning,32954,32904,32954,50
climbing,32988,32954,32988,34
walking,32991,32988,32991,3
climbing,33053,32991,33053,62
left_turning,33158,33053,33158,105
sniffing,33159,33158,33159,1
rising,33218,33159,33218,59
climbing,33259,33218,33259,41
hunching,33385,33259,33385,126
rearing,33565,33385,33565,180
sniffing,33682,33565,33682,117
rising,33683,33682,33683,1
sniffing,33706,33683,33706,23
trotting,33743,33706,33743,37
sniffing,33744,33743,33744,1
climbing,33807,33744,33807,63
sniffing,33808,33807,33808,1
walking,33854,33808,33854,46
right_turning,33865,33854,33865,11
sniffing,33873,33865,33873,8
rising,33881,33873,33881,8
climbing,33935,33881,33935,54
walking,33948,33935,33948,13
sniffing,33949,33948,33949,1
walking,33978,33949,33978,29
climbing,34012,33978,34012,34
walking,34050,34012,34050,38
sniffing,34076,34050,34076,26
left_turning,34077,34076,34077,1
hunching,34211,34077,34211,134
sniffing,34236,34211,34236,25
climbing,34304,34236,34304,68
walking,34338,34304,34338,34
rising,34388,34338,34388,50
sniffing,34471,34388,34471,83
grooming,34472,34471,34472,1
rising,34473,34472,34473,1
sniffing,34484,34473,34484,11
left_turning,34510,34484,34510,26
sniffing,34550,34510,34550,40
rising,34606,34550,34606,56
rearing,34650,34606,34650,44
hunching,34730,34650,34730,80
right_turning,34751,34730,34751,21
sniffing,34952,34751,34952,201
walking,34977,34952,34977,25
left_turning,35012,34977,35012,35
walking,35035,35012,35035,23
trotting,35044,35035,35044,9
walking,35089,35044,35089,45
sniffing,35133,35089,35133,44
left_turning,35197,35133,35197,64
sniffing,35474,35197,35474,277
climbing,35507,35474,35507,33
walking,35508,35507,35508,1
sniffing,35509,35508,35509,1
left_turning,35540,35509,35540,31
climbing,35598,35540,35598,58
sniffing,35599,35598,35599,1
grooming,35818,35599,35818,219
rearing,36051,35818,36051,233
walking,36052,36051,36052,1
right_turning,36058,36052,36058,6
stepping,36072,36058,36072,14
sniffing,36138,36072,36138,66
climbing,36170,36138,36170,32
sniffing,36256,36170,36256,86
rising,36289,36256,36289,33
grooming,36354,36289,36354,65
rearing,36355,36354,36355,1
climbing,36398,36355,36398,43
left_turning,36399,36398,36399,1
sniffing,36422,36399,36422,23
walking,36434,36422,36434,12
rising,36438,36434,36438,4
climbing,36477,36438,36477,39
grooming,36478,36477,36478,1
rearing,36527,36478,36527,49
walking,36556,36527,36556,29
rising,36557,36556,36557,1
rearing,36579,36557,36579,22
grooming,36708,36579,36708,129
hunching,36841,36708,36841,133
rearing,36934,36841,36934,93
climbing,36977,36934,36977,43
rising,37015,36977,37015,38
climbing,37074,37015,37074,59
left_turning,37098,37074,37098,24
rising,37099,37098,37099,1
climbing,37123,37099,37123,24
rising,37167,37123,37167,44
left_turning,37168,37167,37168,1
walking,37172,37168,37172,4
left_turning,37180,37172,37180,8
rising,37204,37180,37204,24
climbing,37205,37204,37205,1
sniffing,37328,37205,37328,123
walking,37348,37328,37348,20
sniffing,37349,37348,37349,1
climbing,37364,37349,37364,15
right_turning,37385,37364,37385,21
walking,37401,37385,37401,16
sniffing,37414,37401,37414,13
walking,37429,37414,37429,15
rising,37492,37429,37492,63
climbing,37568,37492,37568,76
sniffing,37598,37568,37598,30
climbing,37625,37598,37625,27
sniffing,37658,37625,37658,33
hunching,37659,37658,37659,1
grooming,37929,37659,37929,270
rising,37930,37929,37930,1
rearing,38005,37930,38005,75
climbing,38058,38005,38058,53
walking,38134,38058,38134,76
trotting,38168,38134,38168,34
walking,38197,38168,38197,29
rising,38198,38197,38198,1
climbing,38227,38198,38227,29
sniffing,38267,38227,38267,40
walking,38291,38267,38291,24
climbing,38314,38291,38314,23
sniffing,38357,38314,38357,43
climbing,38376,38357,38376,19
walking,38407,38376,38407,31
sniffing,38454,38407,38454,47
rising,38455,38454,38455,1
left_turning,38476,38455,38476,21
walking,38477,38476,38477,1
sniffing,38562,38477,38562,85
right_turning,38581,38562,38581,19
stepping,38583,38581,38583,2
climbing,38622,38583,38622,39
trotting,38654,38622,38654,32
walking,38655,38654,38655,1
sniffing,38690,38655,38690,35
stepping,38727,38690,38727,37
climbing,38740,38727,38740,13
left_turning,38764,38740,38764,24
walking,38765,38764,38765,1
sniffing,38793,38765,38793,28
climbing,38853,38793,38853,60
hunching,38854,38853,38854,1
left_turning,38857,38854,38857,3
trotting,38889,38857,38889,32
climbing,38936,38889,38936,47
walking,38973,38936,38973,37
trotting,38985,38973,38985,12
sniffing,39068,38985,39068,83
running,39077,39068,39077,9
walking,39154,39077,39154,77
rearing,39253,39154,39253,99
rising,39355,39253,39355,102
rearing,39367,39355,39367,12
hunching,39368,39367,39368,1
grooming,39533,39368,39533,165
sniffing,39582,39533,39582,49
walking,39583,39582,39583,1
rearing,39687,39583,39687,104
rising,39688,39687,39688,1
climbing,39748,39688,39748,60
right_turning,39749,39748,39749,1
trotting,39784,39749,39784,35
walking,39808,39784,39808,24
rising,39850,39808,39850,42
climbing,39884,39850,39884,34
rearing,39885,39884,39885,1
left_turning,39957,39885,39957,72
walking,39969,39957,39969,12
sniffing,39983,39969,39983,14
pausing,40134,39983,40134,151
sniffing,40183,40134,40183,49
rising,40219,40183,40219,36
climbing,40262,40219,40262,43
walking,40263,40262,40263,1
climbing,40294,40263,40294,31
rising,40295,40294,40295,1
climbing,40417,40295,40417,122
walking,40439,40417,40439,22
rising,40449,40439,40449,10
sniffing,40496,40449,40496,47
climbing,40540,40496,40540,44
trotting,40566,40540,40566,26
stepping,40613,40566,40613,47
sniffing,40631,40613,40631,18
rising,40632,40631,40632,1
climbing,40674,40632,40674,42
trotting,40726,40674,40726,52
left_turning,40759,40726,40759,33
trotting,40774,40759,40774,15
stepping,40775,40774,40775,1
rising,40843,40775,40843,68
walking,40844,40843,40844,1
climbing,40912,40844,40912,68
right_turning,40920,40912,40920,8
stepping,40935,40920,40935,15
climbing,40996,40935,40996,61
trotting,41012,40996,41012,16
left_turning,41052,41012,41052,40
walking,41071,41052,41071,19
left_turning,41077,41071,41077,6
walking,41078,41077,41078,1
stepping,41122,41078,41122,44
walking,41158,41122,41158,36
climbing,41213,41158,41213,55
trotting,41244,41213,41244,31
rising,41253,41244,41253,9
hunching,41335,41253,41335,82
rising,41336,41335,41336,1
rearing,41395,41336,41395,59
walking,41438,41395,41438,43
sniffing,41508,41438,41508,70
walking,41552,41508,41552,44
sniffing,41656,41552,41656,104
rising,41683,41656,41683,27
sniffing,41719,41683,41719,36
grooming,41905,41719,41905,186
rearing,41949,41905,41949,44
running,41969,41949,41969,20
walking,42018,41969,42018,49
climbing,42055,42018,42055,37
sniffing,42109,42055,42109,54
climbing,42150,42109,42150,41
running,42178,42150,42178,28
rising,42227,42178,42227,49
climbing,42285,42227,42285,58
left_turning,42402,42285,42402,117
walking,42427,42402,42427,25
sniffing,42457,42427,42457,30
left_turning,42487,42457,42487,30
walking,42524,42487,42524,37
left_turning,42544,42524,42544,20
trotting,42566,42544,42566,22
climbing,42614,42566,42614,48
left_turning,42619,42614,42619,5
sniffing,42656,42619,42656,37
rising,42687,42656,42687,31
sniffing,42737,42687,42737,50
left_turning,42771,42737,42771,34
rising,42772,42771,42772,1
sniffing,42802,42772,42802,30
climbing,42857,42802,42857,55
rising,42866,42857,42866,9
climbing,42892,42866,42892,26
right_turning,42899,42892,42899,7
sniffing,42900,42899,42900,1
walking,42901,42900,42901,1
sniffing,42945,42901,42945,44
rearing,42946,42945,42946,1
climbing,43006,42946,43006,60
running,43030,43006,43030,24
trotting,43044,43030,43044,14
walking,43066,43044,43066,22
sniffing,43067,43066,43067,1
rising,43096,43067,43096,29
sniffing,43132,43096,43132,36
rising,43142,43132,43142,10
climbing,43230,43142,43230,88
hunching,43269,43230,43269,39
jumping,43347,43269,43347,78
rising,43384,43347,43384,37
sniffing,43394,43384,43394,10
hunching,43431,43394,43431,37
sniffing,43432,43431,43432,1
grooming,43433,43432,43433,1
sniffing,43509,43433,43509,76
climbing,43545,43509,43545,36
sniffing,43555,43545,43555,10
walking,43588,43555,43588,33
left_turning,43621,43588,43621,33
walking,43622,43621,43622,1
right_turning,43650,43622,43650,28
trotting,43654,43650,43654,4
stepping,43668,43654,43668,14
walking,43676,43668,43676,8
sniffing,43731,43676,43731,55
rising,43762,43731,43762,31
right_turning,43779,43762,43779,17
rising,43780,43779,43780,1
sniffing,43829,43780,43829,49
left_turning,43862,43829,43862,33
walking,43863,43862,43863,1
sniffing,43864,43863,43864,1
walking,43873,43864,43873,9
sniffing,43898,43873,43898,25
climbing,43922,43898,43922,24
rearing,43923,43922,43923,1
grooming,44004,43923,44004,81
rearing,44046,44004,44046,42
jumping,44065,44046,44065,19
running,44084,44065,44084,19
sniffing,44102,44084,44102,18
climbing,44171,44102,44171,69
right_turning,44197,44171,44197,26
rising,44315,44197,44315,118
rearing,44318,44315,44318,3
walking,44343,44318,44343,25
climbing,44379,44343,44379,36
rearing,44425,44379,44425,46
hunching,44453,44425,44453,28
sniffing,44477,44453,44477,24
trotting,44510,44477,44510,33
left_turning,44511,44510,44511,1
sniffing,44592,44511,44592,81
walking,44593,44592,44593,1
left_turning,44615,44593,44615,22
trotting,44650,44615,44650,35
walking,44673,44650,44673,23
climbing,44713,44673,44713,40
sniffing,44729,44713,44729,16
climbing,44785,44729,44785,56
walking,44792,44785,44792,7
rearing,44901,44792,44901,109
climbing,44945,44901,44945,44
right_turning,44968,44945,44968,23
walking,45046,44968,45046,78
rising,45049,45046,45049,3
trotting,45069,45049,45069,20
rising,45070,45069,45070,1
climbing,45140,45070,45140,70
rearing,45254,45140,45254,114
sniffing,45304,45254,45304,50
trotting,45328,45304,45328,24
left_turning,45329,45328,45329,1
sniffing,45330,45329,45330,1
right_turning,45331,45330,45331,1
climbing,45350,45331,45350,19
grooming,45528,45350,45528,178
hunching,45881,45528,45881,353
rising,45941,45881,45941,60
sniffing,46014,45941,46014,73
rising,46027,46014,46027,13
climbing,46034,46027,46034,7
rearing,46043,46034,46043,9
walking,46060,46043,46060,17
hunching,46093,46060,46093,33
climbing,46138,46093,46138,45
walking,46193,46138,46193,55
trotting,46214,46193,46214,21
sniffing,46248,46214,46248,34
climbing,46288,46248,46288,40
left_turning,46289,46288,46289,1
sniffing,46290,46289,46290,1
trotting,46331,46290,46331,41
sniffing,46353,46331,46353,22
walking,46364,46353,46364,11
climbing,46383,46364,46383,19
sniffing,46455,46383,46455,72
right_turning,46461,46455,46461,6
walking,46462,46461,46462,1
hunching,46463,46462,46463,1
sniffing,46545,46463,46545,82
rising,46577,46545,46577,32
climbing,46620,46577,46620,43
right_turning,46623,46620,46623,3
trotting,46675,46623,46675,52
walking,46762,46675,46762,87
sniffing,46774,46762,46774,12
rising,46775,46774,46775,1
climbing,46812,46775,46812,37
sniffing,46824,46812,46824,12
rearing,46860,46824,46860,36
left_turning,46881,46860,46881,21
sniffing,46945,46881,46945,64
grooming,47157,46945,47157,212
left_turning,47165,47157,47165,8
walking,47168,47165,47168,3
sniffing,47245,47168,47245,77
climbing,47288,47245,47288,43
rising,47296,47288,47296,8
climbing,47369,47296,47369,73
stepping,47379,47369,47379,10
rising,47491,47379,47491,112
walking,47527,47491,47527,36
sniffing,47805,47527,47805,278
climbing,47806,47805,47806,1
sniffing,47807,47806,47807,1
climbing,47846,47807,47846,39
rising,47876,47846,47876,30
walking,47877,47876,47877,1
sniffing,47878,47877,47878,1
rising,47879,47878,47879,1
walking,47894,47879,47894,15
climbing,47920,47894,47920,26
rearing,47921,47920,47921,1
rising,47963,47921,47963,42
right_turning,47973,47963,47973,10
trotting,48014,47973,48014,41
walking,48052,48014,48052,38
trotting,48075,48052,48075,23
stepping,48192,48075,48192,117
hunching,48231,48192,48231,39
climbing,48244,48231,48244,13
walking,48259,48244,48259,15
rearing,48260,48259,48260,1
climbing,48285,48260,48285,25
sniffing,48286,48285,48286,1
rising,48321,48286,48321,35
walking,48392,48321,48392,71
sniffing,48458,48392,48458,66
rearing,48459,48458,48459,1
sniffing,48460,48459,48460,1
right_turning,48467,48460,48467,7
walking,48468,48467,48468,1
sniffing,48542,48468,48542,74
walking,48563,48542,48563,21
sniffing,48616,48563,48616,53
climbing,48684,48616,48684,68
hunching,48717,48684,48717,33
grooming,48800,48717,48800,83
left_turning,48886,48800,48886,86
sniffing,48887,48886,48887,1
rising,48893,48887,48893,6
climbing,48958,48893,48958,65
hunching,49008,48958,49008,50
rising,49266,49008,49266,258
sniffing,49344,49266,49344,78
hunching,49474,49344,49474,130
right_turning,49502,49474,49502,28
sniffing,49509,49502,49509,7
walking,49532,49509,49532,23
left_turning,49533,49532,49533,1
rising,49567,49533,49567,34
climbing,49682,49567,49682,115
walking,49702,49682,49702,20
climbing,49728,49702,49728,26
sniffing,49729,49728,49729,1
right_turning,49741,49729,49741,12
trotting,49768,49741,49768,27
stepping,49786,49768,49786,18
climbing,49836,49786,49836,50
right_turning,49837,49836,49837,1
walking,49896,49837,49896,59
sniffing,50013,49896,50013,117
rising,50017,50013,50017,4
climbing,50065,50017,50065,48
sniffing,50112,50065,50112,47
walking,50113,50112,50113,1
right_turning,50115,50113,50115,2
rising,50206,50115,50206,91
climbing,50270,50206,50270,64
sniffing,50303,50270,50303,33
walking,50339,50303,50339,36
sniffing,50376,50339,50376,37
climbing,50388,50376,50388,12
trotting,50389,50388,50389,1
walking,50421,50389,50421,32
trotting,50434,50421,50434,13
sniffing,50479,50434,50479,45
walking,50487,50479,50487,8
left_turning,50489,50487,50489,2
walking,50536,50489,50536,47
sniffing,50563,50536,50563,27
rearing,50627,50563,50627,64
climbing,50670,50627,50670,43
running,50676,50670,50676,6
sniffing,50704,50676,50704,28
stepping,50718,50704,50718,14
walking,50774,50718,50774,56
left_turning,50775,50774,50775,1
sniffing,50820,50775,50820,45
rising,50836,50820,50836,16
sniffing,50865,50836,50865,29
walking,50883,50865,50883,18
sniffing,50951,50883,50951,68
left_turning,50993,50951,50993,42
running,51013,50993,51013,20
stepping,51033,51013,51033,20
left_turning,51077,51033,51077,44
sniffing,51141,51077,51141,64
pausing,51480,51141,51480,339
sniffing,51518,51480,51518,38
walking,51536,51518,51536,18
sniffing,51606,51536,51606,70
rising,51607,51606,51607,1
sniffing,51696,51607,51696,89
left_turning,51902,51696,51902,206
walking,51941,51902,51941,39
climbing,51956,51941,51956,15
rearing,52041,51956,52041,85
sniffing,52078,52041,52078,37
grooming,52079,52078,52079,1
hunching,52080,52079,52080,1
sniffing,52084,52080,52084,4
climbing,52157,52084,52157,73
grooming,52158,52157,52158,1
climbing,52248,52158,52248,90
trotting,52278,52248,52278,30
sniffing,52279,52278,52279,1
walking,52314,52279,52314,35
sniffing,52498,52314,52498,184
hunching,52499,52498,52499,1
rising,52753,52499,52753,254
walking,52785,52753,52785,32
left_turning,52786,52785,52786,1
sniffing,52787,52786,52787,1
rising,52862,52787,52862,75
climbing,52907,52862,52907,45
sniffing,52940,52907,52940,33
climbing,53001,52940,53001,61
rearing,53062,53001,53062,61
climbing,53077,53062,53077,15
right_turning,53089,53077,53089,12
trotting,53118,53089,53118,29
sniffing,53248,53118,53248,130
hunching,53293,53248,53293,45
sniffing,53393,53293,53393,100
rising,53436,53393,53436,43
climbing,53510,53436,53510,74
walking,53511,53510,53511,1
climbing,53573,53511,53573,62
walking,53587,53573,53587,14
running,53625,53587,53625,38
left_turning,53701,53625,53701,76
walking,53721,53701,53721,20
sniffing,53773,53721,53773,52
walking,53807,53773,53807,34
sniffing,53808,53807,53808,1
walking,53809,53808,53809,1
sniffing,53812,53809,53812,3
climbing,53871,53812,53871,59
rising,53877,53871,53877,6
sniffing,53971,53877,53971,94
rising,53996,53971,53996,25
walking,54023,53996,54023,27
sniffing,54025,54023,54025,2
left_turning,54068,54025,54068,43
sniffing,54069,54068,54069,1
walking,54084,54069,54084,15
rising,54085,54084,54085,1
grooming,54165,54085,54165,80
sniffing,54166,54165,54166,1
walking,54226,54166,54226,60
rising,54227,54226,54227,1
sniffing,54228,54227,54228,1
running,54249,54228,54249,21
sniffing,54270,54249,54270,21
walking,54358,54270,54358,88
rising,54480,54358,54480,122
climbing,54538,54480,54538,58
rising,54556,54538,54556,18
climbing,54580,54556,54580,24
rearing,54622,54580,54622,42
running,54656,54622,54656,34
sniffing,54683,54656,54683,27
hunching,54741,54683,54741,58
rising,54742,54741,54742,1
climbing,54798,54742,54798,56
grooming,55186,54798,55186,388
rearing,55201,55186,55201,15
sniffing,55263,55201,55263,62
left_turning,55276,55263,55276,13
stepping,55283,55276,55283,7
trotting,55318,55283,55318,35
walking,55367,55318,55367,49
rearing,55409,55367,55409,42
climbing,55419,55409,55419,10
rising,55486,55419,55486,67
climbing,55519,55486,55519,33
walking,55570,55519,55570,51
rising,55600,55570,55600,30
walking,55625,55600,55625,25
climbing,55698,55625,55698,73
rising,55726,55698,55726,28
climbing,55744,55726,55744,18
rising,55765,55744,55765,21
climbing,55810,55765,55810,45
walking,55847,55810,55847,37
rearing,55965,55847,55965,118
sniffing,56011,55965,56011,46
stepping,56067,56011,56067,56
running,56096,56067,56096,29
rising,56109,56096,56109,13
climbing,56153,56109,56153,44
rising,56157,56153,56157,4
climbing,56190,56157,56190,33
sniffing,56271,56190,56271,81
rising,56322,56271,56322,51
left_turning,56325,56322,56325,3
walking,56347,56325,56347,22
left_turning,56348,56347,56348,1
sniffing,56361,56348,56361,13
walking,56370,56361,56370,9
climbing,56411,56370,56411,41
sniffing,56488,56411,56488,77
left_turning,56541,56488,56541,53
sniffing,56560,56541,56560,19
rising,56675,56560,56675,115
rearing,56724,56675,56724,49
grooming,56841,56724,56841,117
sniffing,56942,56841,56942,101
rising,56943,56942,56943,1
hunching,57000,56943,57000,57
right_turning,57013,57000,57013,13
trotting,57035,57013,57035,22
stepping,57036,57035,57036,1
left_turning,57066,57036,57066,30
walking,57070,57066,57070,4
climbing,57088,57070,57088,18
rising,57089,57088,57089,1
sniffing,57151,57089,57151,62
climbing,57160,57151,57160,9
trotting,57188,57160,57188,28
sniffing,57189,57188,57189,1
walking,57196,57189,57196,7
trotting,57217,57196,57217,21
rising,57243,57217,57243,26
climbing,57276,57243,57276,33
rearing,57289,57276,57289,13
left_turning,57290,57289,57290,1
trotting,57321,57290,57321,31
rising,57333,57321,57333,12
climbing,57367,57333,57367,34
sniffing,57375,57367,57375,8
climbing,57400,57375,57400,25
walking,57443,57400,57443,43
sniffing,57475,57443,57475,32
right_turning,57521,57475,57521,46
walking,57539,57521,57539,18
left_turning,57540,57539,57540,1
rising,57541,57540,57541,1
right_turning,57543,57541,57543,2
trotting,57571,57543,57571,28
rising,57572,57571,57572,1
jumping,57662,57572,57662,90
right_turning,57665,57662,57665,3
sniffing,57713,57665,57713,48
left_turning,57739,57713,57739,26
stepping,57782,57739,57782,43
walking,57832,57782,57832,50
right_turning,57867,57832,57867,35
walking,57876,57867,57876,9
climbing,57909,57876,57909,33
walking,57951,57909,57951,42
left_turning,57983,57951,57983,32
walking,58005,57983,58005,22
left_turning,58085,58005,58085,80
walking,58094,58085,58094,9
sniffing,58227,58094,58227,133
rising,58228,58227,58228,1
climbing,58281,58228,58281,53
right_turning,58302,58281,58302,21
trotting,58314,58302,58314,12
walking,58355,58314,58355,41
left_turning,58388,58355,58388,33
walking,58389,58388,58389,1
rising,58495,58389,58495,106
rearing,58496,58495,58496,1
rising,58556,58496,58556,60
rearing,58680,58556,58680,124
sniffing,58729,58680,58729,49
pausing,58730,58729,58730,1
sniffing,58745,58730,58745,15
rearing,58791,58745,58791,46
rising,58826,58791,58826,35
climbing,58870,58826,58870,44
trotting,58875,58870,58875,5
sniffing,58912,58875,58912,37
walking,58930,58912,58930,18
sniffing,59012,58930,59012,82
left_turning,59062,59012,59062,50
rising,59088,59062,59088,26
climbing,59128,59088,59128,40
grooming,59129,59128,59129,1
hunching,59278,59129,59278,149
sniffing,59339,59278,59339,61
rising,59387,59339,59387,48
sniffing,59612,59387,59612,225
right_turning,59625,59612,59625,13
sniffing,59626,59625,59626,1
walking,59634,59626,59634,8
sniffing,59758,59634,59758,124
walking,59789,59758,59789,31
stepping,59809,59789,59809,20
rearing,59815,59809,59815,6
sniffing,59816,59815,59816,1
trotting,59838,59816,59838,22
stepping,59890,59838,59890,52
walking,59920,59890,59920,30
sniffing,59951,59920,59951,31
right_turning,59980,59951,59980,29
walking,59981,59980,59981,1
right_turning,60044,59981,60044,63
sniffing,60066,60044,60066,22
hunching,60099,60066,60099,33
sniffing,60160,60099,60160,61
walking,60197,60160,60197,37
hunching,60236,60197,60236,39
right_turning,60258,60236,60258,22
trotting,60291,60258,60291,33
left_turning,60322,60291,60322,31
rising,60323,60322,60323,1
climbing,60384,60323,60384,61
trotting,60412,60384,60412,28
climbing,60470,60412,60470,58
rearing,60511,60470,60511,41
rising,60588,60511,60588,77
hunching,60608,60588,60608,20
sniffing,60645,60608,60645,37
rearing,60850,60645,60850,205
sniffing,60871,60850,60871,21
rising,60880,60871,60880,9
trotting,60918,60880,60918,38
sniffing,60919,60918,60919,1
rising,60985,60919,60985,66
climbing,61018,60985,61018,33
walking,61023,61018,61023,5
rearing,61032,61023,61032,9
climbing,61052,61032,61052,20
walking,61053,61052,61053,1
sniffing,61057,61053,61057,4
trotting,61091,61057,61091,34
walking,61115,61091,61115,24
rising,61120,61115,61120,5
walking,61121,61120,61121,1
rising,61197,61121,61197,76
sniffing,61198,61197,61198,1
climbing,61246,61198,61246,48
left_turning,61262,61246,61262,16
sniffing,61269,61262,61269,7
climbing,61318,61269,61318,49
left_turning,61325,61318,61325,7
stepping,61376,61325,61376,51
sniffing,61467,61376,61467,91
rearing,61507,61467,61507,40
sniffing,61557,61507,61557,50
rearing,61660,61557,61660,103
climbing,61685,61660,61685,25
sniffing,61716,61685,61716,31
left_turning,61751,61716,61751,35
running,61779,61751,61779,28
rising,61797,61779,61797,18
right_turning,61810,61797,61810,13
sniffing,61811,61810,61811,1
left_turning,61812,61811,61812,1
sniffing,61898,61812,61898,86
stepping,61913,61898,61913,15
rearing,61976,61913,61976,63
rising,61977,61976,61977,1
climbing,62023,61977,62023,46
left_turning,62078,62023,62078,55
trotting,62094,62078,62094,16
sniffing,62180,62094,62180,86
stepping,62236,62180,62236,56
walking,62242,62236,62242,6
right_turning,62268,62242,62268,26
stepping,62311,62268,62311,43
sniffing,62312,62311,62312,1
grooming,62402,62312,62402,90
right_turning,62448,62402,62448,46
sniffing,62693,62448,62693,245
rising,62729,62693,62729,36
trotting,62765,62729,62765,36
walking,62786,62765,62786,21
right_turning,62794,62786,62794,8
sniffing,62795,62794,62795,1
climbing,62822,62795,62822,27
rising,62823,62822,62823,1
climbing,62868,62823,62868,45
left_turning,62869,62868,62869,1
trotting,62891,62869,62891,22
walking,62898,62891,62898,7
sniffing,62899,62898,62899,1
rising,62904,62899,62904,5
walking,62958,62904,62958,54
left_turning,63051,62958,63051,93
rising,63055,63051,63055,4
sniffing,63143,63055,63143,88
pausing,63292,63143,63292,149
sniffing,63368,63292,63368,76
rising,63435,63368,63435,67
grooming,63556,63435,63556,121
rearing,63597,63556,63597,41
sniffing,63624,63597,63624,27
left_turning,63650,63624,63650,26
sniffing,63688,63650,63688,38
stepping,63715,63688,63715,27
sniffing,63796,63715,63796,81
left_turning,63838,63796,63838,42
walking,63839,63838,63839,1
rising,63840,63839,63840,1
climbing,63886,63840,63886,46
sniffing,63978,63886,63978,92
left_turning,64020,63978,64020,42
sniffing,64071,64020,64071,51
left_turning,64107,64071,64107,36
sniffing,64161,64107,64161,54
left_turning,64173,64161,64173,12
sniffing,64270,64173,64270,97
grooming,64271,64270,64271,1
rising,64351,64271,64351,80
climbing,64428,64351,64428,77
walking,64452,64428,64452,24
climbing,64501,64452,64501,49
right_turning,64533,64501,64533,32
stepping,64576,64533,64576,43
sniffing,64577,64576,64577,1
right_turning,64591,64577,64591,14
walking,64595,64591,64595,4
sniffing,64596,64595,64596,1
rising,64604,64596,64604,8
sniffing,64643,64604,64643,39
rising,64644,64643,64644,1
sniffing,64869,64644,64869,225
rising,64921,64869,64921,52
sniffing,64992,64921,64992,71
rising,64993,64992,64993,1
left_turning,65029,64993,65029,36
walking,65043,65029,65043,14
rearing,65052,65043,65052,9
climbing,65069,65052,65069,17
hunching,65098,65069,65098,29
grooming,65260,65098,65260,162
rearing,65305,65260,65305,45
rising,65383,65305,65383,78
rearing,65519,65383,65519,136
rising,65623,65519,65623,104
trotting,65672,65623,65672,49
sniffing,65673,65672,65673,1
hunching,65692,65673,65692,19
rearing,65792,65692,65792,100
walking,65821,65792,65821,29
climbing,65853,65821,65853,32
walking,65912,65853,65912,59
sniffing,65913,65912,65913,1
stepping,65951,65913,65951,38
rising,66036,65951,66036,85
hunching,66048,66036,66048,12
climbing,66112,66048,66112,64
hunching,66223,66112,66223,111
sniffing,66356,66223,66356,133
left_turning,66418,66356,66418,62
rising,66479,66418,66479,61
climbing,66525,66479,66525,46
sniffing,66629,66525,66629,104
rising,66685,66629,66685,56
left_turning,66707,66685,66707,22
sniffing,66708,66707,66708,1
rising,66716,66708,66716,8
sniffing,66722,66716,66722,6
climbing,66820,66722,66820,98
walking,66873,66820,66873,53
grooming,67004,66873,67004,131
sniffing,67076,67004,67076,72
pausing,67226,67076,67226,150
sniffing,67304,67226,67304,78
grooming,67373,67304,67373,69
rearing,67418,67373,67418,45
hunching,67438,67418,67438,20
climbing,67474,67438,67474,36
rising,67475,67474,67475,1
running,67491,67475,67491,16
right_turning,67498,67491,67498,7
stepping,67506,67498,67506,8
walking,67564,67506,67564,58
stepping,67582,67564,67582,18
rising,67583,67582,67583,1
walking,67584,67583,67584,1
stepping,67608,67584,67608,24
sniffing,67693,67608,67693,85
right_turning,67694,67693,67694,1
stepping,67695,67694,67695,1
sniffing,67777,67695,67777,82
left_turning,67807,67777,67807,30
walking,67847,67807,67847,40
sniffing,67880,67847,67880,33
climbing,67939,67880,67939,59
rising,67972,67939,67972,33
sniffing,67996,67972,67996,24
rising,68205,67996,68205,209
sniffing,68206,68205,68206,1
trotting,68222,68206,68222,16
left_turning,68237,68222,68237,15
sniffing,68282,68237,68282,45
climbing,68286,68282,68286,4
sniffing,68355,68286,68355,69
walking,68422,68355,68422,67
sniffing,68463,68422,68463,41
left_turning,68518,68463,68518,55
trotting,68531,68518,68531,13
rearing,68583,68531,68583,52
rising,68601,68583,68601,18
walking,68637,68601,68637,36
stepping,68662,68637,68662,25
sniffing,68671,68662,68671,9
left_turning,68672,68671,68672,1
walking,68702,68672,68702,30
sniffing,68762,68702,68762,60
grooming,69054,68762,69054,292
left_turning,69069,69054,69069,15
sniffing,69143,69069,69143,74
rising,69217,69143,69217,74
climbing,69451,69217,69451,234
rearing,69473,69451,69473,22
sniffing,69585,69473,69585,112
rising,69688,69585,69688,103
sniffing,69783,69688,69783,95
rearing,69784,69783,69784,1
sniffing,69820,69784,69820,36
rearing,69999,69820,69999,179
climbing,70030,69999,70030,31
walking,70031,70030,70031,1
stepping,70075,70031,70075,44
left_turning,70125,70075,70125,50
walking,70126,70125,70126,1
left_turning,70127,70126,70127,1
sniffing,70169,70127,70169,42
left_turning,70261,70169,70261,92
walking,70290,70261,70290,29
stepping,70344,70290,70344,54
sniffing,70417,70344,70417,73
hunching,70430,70417,70430,13
sniffing,70433,70430,70433,3
rising,70491,70433,70491,58
rearing,70508,70491,70508,17
sniffing,70530,70508,70530,22
rising,70531,70530,70531,1
climbing,70601,70531,70601,70
rearing,70666,70601,70666,65
sniffing,70704,70666,70704,38
rising,70708,70704,70708,4
climbing,70759,70708,70759,51
sniffing,70865,70759,70865,106
left_turning,70943,70865,70943,78
walking,70998,70943,70998,55
sniffing,71047,70998,71047,49
running,71070,71047,71070,23
climbing,71132,71070,71132,62
walking,71157,71132,71157,25
sniffing,71183,71157,71183,26
stepping,71213,71183,71213,30
rising,71214,71213,71214,1
walking,71248,71214,71248,34
sniffing,71277,71248,71277,29
rising,71284,71277,71284,7
climbing,71296,71284,71296,12
walking,71327,71296,71327,31
sniffing,71359,71327,71359,32
climbing,71403,71359,71403,44
sniffing,71491,71403,71491,88
right_turning,71504,71491,71504,13
left_turning,71532,71504,71532,28
sniffing,71575,71532,71575,43
walking,71615,71575,71615,40
climbing,71666,71615,71666,51
right_turning,71681,71666,71681,15
walking,71693,71681,71693,12
left_turning,71728,71693,71728,35
walking,71742,71728,71742,14
climbing,71755,71742,71755,13
sniffing,71756,71755,71756,1
climbing,71798,71756,71798,42
walking,71845,71798,71845,47
left_turning,71873,71845,71873,28
walking,71875,71873,71875,2
sniffing,71880,71875,71880,5
walking,71925,71880,71925,45
sniffing,71977,71925,71977,52
left_turning,72010,71977,72010,33
sniffing,72021,72010,72021,11
hunching,72223,72021,72223,202
sniffing,72284,72223,72284,61
walking,72301,72284,72301,17
sniffing,72302,72301,72302,1
grooming,72303,72302,72303,1
climbing,72331,72303,72331,28
sniffing,72373,72331,72373,42
walking,72393,72373,72393,20
rising,72518,72393,72518,125
grooming,72611,72518,72611,93
rearing,72626,72611,72626,15
walking,72634,72626,72634,8
climbing,72672,72634,72672,38
hunching,72726,72672,72726,54
left_turning,72768,72726,72768,42
walking,72819,72768,72819,51
sniffing,72881,72819,72881,62
walking,72890,72881,72890,9
climbing,72934,72890,72934,44
rising,72975,72934,72975,41
climbing,73055,72975,73055,80
grooming,73093,73055,73093,38
rearing,73160,73093,73160,67
climbing,73205,73160,73205,45
hunching,73253,73205,73253,48
walking,73284,73253,73284,31
rising,73302,73284,73302,18
climbing,73303,73302,73303,1
left_turning,73359,73303,73359,56
sniffing,73380,73359,73380,21
climbing,73447,73380,73447,67
grooming,73448,73447,73448,1
left_turning,73547,73448,73547,99
walking,73582,73547,73582,35
rising,73597,73582,73597,15
sniffing,73636,73597,73636,39
grooming,73637,73636,73637,1
rearing,73706,73637,73706,69
climbing,73718,73706,73718,12
rising,73719,73718,73719,1
climbing,73755,73719,73755,36
sniffing,73819,73755,73819,64
left_turning,73887,73819,73887,68
stepping,73901,73887,73901,14
sniffing,73955,73901,73955,54
walking,74000,73955,74000,45
right_turning,74063,74000,74063,63
running,74083,74063,74083,20
trotting,74130,74083,74130,47
sniffing,74321,74130,74321,191
climbing,74397,74321,74397,76
sniffing,74497,74397,74497,100
rising,74498,74497,74498,1
climbing,74580,74498,74580,82
walking,74585,74580,74585,5
sniffing,74586,74585,74586,1
trotting,74587,74586,74587,1
left_turning,74588,74587,74588,1
sniffing,74653,74588,74653,65
rearing,74700,74653,74700,47
sniffing,74758,74700,74758,58
stepping,74811,74758,74811,53
sniffing,74851,74811,74851,40
hunching,74852,74851,74852,1
climbing,74942,74852,74942,90
hunching,74976,74942,74976,34
climbing,75065,74976,75065,89
hunching,75076,75065,75076,11
sniffing,75077,75076,75077,1
left_turning,75090,75077,75090,13
sniffing,75180,75090,75180,90
rising,75181,75180,75181,1
sniffing,75182,75181,75182,1
climbing,75269,75182,75269,87
rising,75277,75269,75277,8
right_turning,75278,75277,75278,1
walking,75305,75278,75305,27
rising,75306,75305,75306,1
climbing,75392,75306,75392,86
trotting,75422,75392,75422,30
rising,75448,75422,75448,26
left_turning,75449,75448,75449,1
sniffing,75538,75449,75538,89
climbing,75586,75538,75586,48
rearing,75587,75586,75587,1
sniffing,75736,75587,75736,149
climbing,75774,75736,75774,38
sniffing,75793,75774,75793,19
hunching,75817,75793,75817,24
left_turning,75837,75817,75837,20
sniffing,75943,75837,75943,106
running,75972,75943,75972,29
sniffing,75973,75972,75973,1
walking,76000,75973,76000,27
sniffing,76088,76000,76088,88
walking,76092,76088,76092,4
sniffing,76153,76092,76153,61
walking,76180,76153,76180,27
climbing,76246,76180,76246,66
rising,76282,76246,76282,36
sniffing,76338,76282,76338,56
rising,76373,76338,76373,35
climbing,76427,76373,76427,54
sniffing,76572,76427,76572,145
rising,76602,76572,76602,30
sniffing,76700,76602,76700,98
right_turning,76772,76700,76772,72
walking,76773,76772,76773,1
sniffing,76878,76773,76878,105
grooming,76989,76878,76989,111
sniffing,76990,76989,76990,1
left_turning,77000,76990,77000,10
sniffing,77243,77000,77243,243
left_turning,77244,77243,77244,1
climbing,77282,77244,77282,38
sniffing,77283,77282,77283,1
rising,77284,77283,77284,1
sniffing,77289,77284,77289,5
stepping,77299,77289,77299,10
sniffing,77300,77299,77300,1
rearing,77337,77300,77337,37
walking,77358,77337,77358,21
stepping,77385,77358,77385,27
rearing,77407,77385,77407,22
grooming,77430,77407,77430,23
right_turning,77431,77430,77431,1
trotting,77440,77431,77440,9
sniffing,77480,77440,77480,40
climbing,77518,77480,77518,38
sniffing,77534,77518,77534,16
climbing,77603,77534,77603,69
rising,77637,77603,77637,34
climbing,77668,77637,77668,31
sniffing,77719,77668,77719,51
walking,77722,77719,77722,3
trotting,77747,77722,77747,25
rising,77748,77747,77748,1
walking,77805,77748,77805,57
sniffing,77806,77805,77806,1
rearing,77918,77806,77918,112
grooming,78188,77918,78188,270
trotting,78210,78188,78210,22
stepping,78212,78210,78212,2
sniffing,78213,78212,78213,1
walking,78255,78213,78255,42
sniffing,78296,78255,78296,41
trotting,78297,78296,78297,1
rising,78315,78297,78315,18
sniffing,78316,78315,78316,1
grooming,78342,78316,78342,26
rearing,78412,78342,78412,70
rising,78413,78412,78413,1
sniffing,78522,78413,78522,109
hunching,78552,78522,78552,30
rising,78561,78552,78561,9
sniffing,78633,78561,78633,72
rising,78661,78633,78661,28
right_turning,78688,78661,78688,27
sniffing,78831,78688,78831,143
rising,78832,78831,78832,1
climbing,78864,78832,78864,32
rearing,78930,78864,78930,66
climbing,78994,78930,78994,64
trotting,79043,78994,79043,49
walking,79095,79043,79095,52
right_turning,79119,79095,79119,24
sniffing,79120,79119,79120,1
pausing,79270,79120,79270,150
sniffing,79325,79270,79325,55
rearing,79563,79325,79563,238
sniffing,79564,79563,79564,1
hunching,79565,79564,79565,1
climbing,79581,79565,79581,16
hunching,79700,79581,79700,119
right_turning,79729,79700,79729,29
left_turning,79768,79729,79768,39
sniffing,79883,79768,79883,115
rising,79884,79883,79884,1
climbing,79917,79884,79917,33
walking,79968,79917,79968,51
sniffing,79982,79968,79982,14
rising,80007,79982,80007,25
walking,80019,80007,80019,12
left_turning,80020,80019,80020,1
rising,80095,80020,80095,75
left_turning,80181,80095,80181,86
sniffing,80258,80181,80258,77
climbing,80292,80258,80292,34
running,80307,80292,80307,15
sniffing,80437,80307,80437,130
rising,80446,80437,80446,9
sniffing,80447,80446,80447,1
walking,80477,80447,80477,30
rising,80513,80477,80513,36
climbing,80562,80513,80562,49
hunching,80581,80562,80581,19
sniffing,80618,80581,80618,37
climbing,80650,80618,80650,32
running,80682,80650,80682,32
sniffing,80776,80682,80776,94
walking,80777,80776,80777,1
sniffing,80866,80777,80866,89
stepping,80867,80866,80867,1
rising,80897,80867,80897,30
walking,80903,80897,80903,6
sniffing,80943,80903,80943,40
walking,80944,80943,80944,1
sniffing,81016,80944,81016,72
rising,81057,81016,81057,41
climbing,81119,81057,81119,62
rearing,81343,81119,81343,224
climbing,81394,81343,81394,51
grooming,81395,81394,81395,1
climbing,81399,81395,81399,4
rising,81400,81399,81400,1
climbing,81424,81400,81424,24
rising,81425,81424,81425,1
walking,81436,81425,81436,11
left_turning,81443,81436,81443,7
walking,81454,81443,81454,11
left_turning,81515,81454,81515,61
sniffing,81549,81515,81549,34
rearing,81621,81549,81621,72
sniffing,81648,81621,81648,27
climbing,81754,81648,81754,106
rising,81783,81754,81783,29
climbing,81807,81783,81807,24
rising,81808,81807,81808,1
climbing,81879,81808,81879,71
walking,81905,81879,81905,26
sniffing,81906,81905,81906,1
hunching,81907,81906,81907,1
rising,81930,81907,81930,23
sniffing,81931,81930,81931,1
rising,81977,81931,81977,46
rearing,82031,81977,82031,54
rising,82092,82031,82092,61
climbing,82093,82092,82093,1
right_turning,82122,82093,82122,29
trotting,82156,82122,82156,34
sniffing,82219,82156,82219,63
rising,82293,82219,82293,74
sniffing,82316,82293,82316,23
rising,82330,82316,82330,14
walking,82331,82330,82331,1
sniffing,82395,82331,82395,64
rising,82447,82395,82447,52
rearing,82518,82447,82518,71
grooming,82554,82518,82554,36
right_turning,82576,82554,82576,22
left_turning,82634,82576,82634,58
sniffing,82698,82634,82698,64
rising,82701,82698,82701,3
sniffing,82702,82701,82702,1
rising,82755,82702,82755,53
trotting,82774,82755,82774,19
walking,82795,82774,82795,21
trotting,82813,82795,82813,18
walking,82814,82813,82814,1
sniffing,82857,82814,82857,43
walking,82870,82857,82870,13
sniffing,83122,82870,83122,252
climbing,83192,83122,83192,70
rearing,83316,83192,83316,124
grooming,83614,83316,83614,298
rearing,83705,83614,83705,91
walking,83738,83705,83738,33
climbing,83761,83738,83761,23
walking,83816,83761,83816,55
sniffing,83823,83816,83823,7
walking,83871,83823,83871,48
sniffing,83887,83871,83887,16
left_turning,83888,83887,83888,1
walking,83930,83888,83930,42
sniffing,83931,83930,83931,1
rising,83985,83931,83985,54
sniffing,83992,83985,83992,7
walking,84049,83992,84049,57
sniffing,84050,84049,84050,1
rising,84089,84050,84089,39
grooming,84453,84089,84453,364
rearing,84491,84453,84491,38
left_turning,84548,84491,84548,57
walking,84555,84548,84555,7
rising,84575,84555,84575,20
climbing,84594,84575,84594,19
rising,84672,84594,84672,78
grooming,84767,84672,84767,95
sniffing,84768,84767,84768,1
rising,84829,84768,84829,61
climbing,84871,84829,84871,42
rising,84916,84871,84916,45
right_turning,84971,84916,84971,55
left_turning,85017,84971,85017,46
rising,85030,85017,85030,13
climbing,85049,85030,85049,19
left_turning,85106,85049,85106,57
climbing,85163,85106,85163,57
hunching,85169,85163,85169,6
grooming,85170,85169,85170,1
hunching,85299,85170,85299,129
rising,85350,85299,85350,51
climbing,85352,85350,85352,2
rising,85353,85352,85353,1
climbing,85374,85353,85374,21
rearing,85476,85374,85476,102
left_turning,85497,85476,85497,21
walking,85533,85497,85533,36
sniffing,85643,85533,85643,110
hunching,85703,85643,85703,60
rising,85773,85703,85773,70
hunching,85860,85773,85860,87
rearing,85979,85860,85979,119
running,86000,85979,86000,21
sniffing,86034,86000,86034,34
left_turning,86042,86034,86042,8
trotting,86062,86042,86062,20
rearing,86188,86062,86188,126
climbing,86276,86188,86276,88
sniffing,86277,86276,86277,1
left_turning,86446,86277,86446,169
sniffing,86573,86446,86573,127
rearing,86639,86573,86639,66
climbing,86700,86639,86700,61
sniffing,86725,86700,86725,25
running,86738,86725,86738,13
walking,86766,86738,86766,28
climbing,86874,86766,86874,108
sniffing,86876,86874,86876,2
left_turning,86877,86876,86877,1
trotting,86899,86877,86899,22
walking,86928,86899,86928,29
sniffing,86988,86928,86988,60
walking,86989,86988,86989,1
sniffing,86990,86989,86990,1
rearing,86991,86990,86991,1
hunching,86992,86991,86992,1
climbing,87166,86992,87166,174
rearing,87392,87166,87392,226
walking,87447,87392,87447,55
sniffing,87495,87447,87495,48
left_turning,87550,87495,87550,55
sniffing,87551,87550,87551,1
right_turning,87599,87551,87599,48
left_turning,87630,87599,87630,31
trotting,87631,87630,87631,1
left_turning,87708,87631,87708,77
stepping,87710,87708,87710,2
rising,87723,87710,87723,13
walking,87759,87723,87759,36
rising,87776,87759,87776,17
climbing,87818,87776,87818,42
walking,87869,87818,87869,51
stepping,87894,87869,87894,25
sniffing,87960,87894,87960,66
walking,87970,87960,87970,10
sniffing,88038,87970,88038,68
right_turning,88039,88038,88039,1
walking,88040,88039,88040,1
climbing,88093,88040,88093,53
grooming,88618,88093,88618,525
rising,88619,88618,88619,1
sniffing,88631,88619,88631,12
rearing,88674,88631,88674,43
left_turning,88682,88674,88682,8
rising,88838,88682,88838,156
climbing,88891,88838,88891,53
sniffing,88892,88891,88892,1
rising,88895,88892,88895,3
climbing,88941,88895,88941,46
rising,88942,88941,88942,1
climbing,88948,88942,88948,6
rearing,88979,88948,88979,31
grooming,88980,88979,88980,1
climbing,89039,88980,89039,59
sniffing,89095,89039,89095,56
left_turning,89161,89095,89161,66
sniffing,89216,89161,89216,55
walking,89224,89216,89224,8
rising,89225,89224,89225,1
climbing,89281,89225,89281,56
rearing,89317,89281,89317,36
grooming,89486,89317,89486,169
rearing,89487,89486,89487,1
climbing,89521,89487,89521,34
rising,89522,89521,89522,1
climbing,89559,89522,89559,37
sniffing,89622,89559,89622,63
walking,89678,89622,89678,56
stepping,89717,89678,89717,39
trotting,89729,89717,89729,12
rearing,89819,89729,89819,90
walking,89897,89819,89897,78
sniffing,89928,89897,89928,31
rising,89976,89928,89976,48
sniffing,90100,89976,90100,124
rising,90115,90100,90115,15
climbing,90157,90115,90157,42
sniffing,90158,90157,90158,1
walking,90175,90158,90175,17
left_turning,90176,90175,90176,1
sniffing,90219,90176,90219,43
right_turning,90227,90219,90227,8
trotting,90247,90227,90247,20
rising,90248,90247,90248,1
climbing,90312,90248,90312,64
sniffing,90322,90312,90322,10
left_turning,90323,90322,90323,1
walking,90375,90323,90375,52
sniffing,90395,90375,90395,20
grooming,90396,90395,90396,1
left_turning,90397,90396,90397,1
sniffing,90437,90397,90437,40
right_turning,90458,90437,90458,21
left_turning,90464,90458,90464,6
stepping,90480,90464,90480,16
sniffing,90601,90480,90601,121
right_turning,90602,90601,90602,1
trotting,90629,90602,90629,27
sniffing,90721,90629,90721,92
climbing,90756,90721,90756,35
rearing,90807,90756,90807,51
climbing,90808,90807,90808,1
trotting,90835,90808,90835,27
rising,90855,90835,90855,20
climbing,90856,90855,90856,1
hunching,90942,90856,90942,86
climbing,91004,90942,91004,62
rearing,91072,91004,91072,68
sniffing,91148,91072,91148,76
climbing,91178,91148,91178,30
right_turning,91209,91178,91209,31
left_turning,91210,91209,91210,1
sniffing,91291,91210,91291,81
rising,91292,91291,91292,1
rearing,91364,91292,91364,72
climbing,91433,91364,91433,69
rearing,91456,91433,91456,23
sniffing,91558,91456,91558,102
rising,91561,91558,91561,3
climbing,91616,91561,91616,55
rising,91636,91616,91636,20
walking,91662,91636,91662,26
rising,91681,91662,91681,19
left_turning,91690,91681,91690,9
stepping,91691,91690,91691,1
climbing,91752,91691,91752,61
sniffing,91753,91752,91753,1
grooming,91754,91753,91754,1
sniffing,91789,91754,91789,35
left_turning,91834,91789,91834,45
walking,91893,91834,91893,59
climbing,91894,91893,91894,1
sniffing,91958,91894,91958,64
walking,91959,91958,91959,1
rising,91985,91959,91985,26
left_turning,92004,91985,92004,19
stepping,92031,92004,92031,27
left_turning,92075,92031,92075,44
walking,92108,92075,92108,33
sniffing,92156,92108,92156,48
left_turning,92182,92156,92182,26
stepping,92191,92182,92191,9
walking,92192,92191,92192,1
running,92222,92192,92222,30
rearing,92223,92222,92223,1
rising,92224,92223,92224,1
climbing,92343,92224,92343,119
sniffing,92383,92343,92383,40
right_turning,92416,92383,92416,33
sniffing,92525,92416,92525,109
rising,92537,92525,92537,12
sniffing,92616,92537,92616,79
rising,92631,92616,92631,15
rearing,92632,92631,92632,1
sniffing,92655,92632,92655,23
rearing,92656,92655,92656,1
climbing,92685,92656,92685,29
sniffing,92697,92685,92697,12
walking,92735,92697,92735,38
left_turning,92754,92735,92754,19
sniffing,92855,92754,92855,101
rising,92901,92855,92901,46
climbing,92914,92901,92914,13
rising,92926,92914,92926,12
climbing,92952,92926,92952,26
rising,92990,92952,92990,38
climbing,92991,92990,92991,1
walking,93011,92991,93011,20
sniffing,93058,93011,93058,47
walking,93079,93058,93079,21
sniffing,93112,93079,93112,33
rising,93118,93112,93118,6
left_turning,93168,93118,93168,50
walking,93169,93168,93169,1
climbing,93207,93169,93207,38
rising,93230,93207,93230,23
rearing,93267,93230,93267,37
grooming,93292,93267,93292,25
rearing,93293,93292,93293,1
climbing,93302,93293,93302,9
rearing,93310,93302,93310,8
walking,93371,93310,93371,61
rising,93387,93371,93387,16
sniffing,93418,93387,93418,31
rising,93428,93418,93428,10
walking,93469,93428,93469,41
sniffing,93518,93469,93518,49
climbing,93547,93518,93547,29
walking,93549,93547,93549,2
sniffing,93713,93549,93713,164
right_turning,93716,93713,93716,3
trotting,93735,93716,93735,19
rising,93770,93735,93770,35
climbing,93791,93770,93791,21
hunching,93809,93791,93809,18
climbing,93853,93809,93853,44
walking,93883,93853,93883,30
trotting,93915,93883,93915,32
walking,93936,93915,93936,21
trotting,93962,93936,93962,26
walking,94005,93962,94005,43
trotting,94015,94005,94015,10
walking,94077,94015,94077,62
sniffing,94078,94077,94078,1
walking,94101,94078,94101,23
stepping,94115,94101,94115,14
hunching,94140,94115,94140,25
sniffing,94168,94140,94168,28
left_turning,94211,94168,94211,43
sniffing,94249,94211,94249,38
rising,94278,94249,94278,29
stepping,94327,94278,94327,49
climbing,94347,94327,94347,20
rearing,94352,94347,94352,5
sniffing,94367,94352,94367,15
left_turning,94403,94367,94403,36
sniffing,94438,94403,94438,35
pausing,94678,94438,94678,240
right_turning,94679,94678,94679,1
rising,94734,94679,94734,55
climbing,94816,94734,94816,82
rising,94832,94816,94832,16
climbing,94929,94832,94929,97
rising,94957,94929,94957,28
stepping,94986,94957,94986,29
climbing,95000,94986,95000,14
rising,95024,95000,95024,24
climbing,95025,95024,95025,1
trotting,95052,95025,95052,27
sniffing,95149,95052,95149,97
rising,95166,95149,95166,17
trotting,95171,95166,95171,5
sniffing,95249,95171,95249,78
climbing,95277,95249,95277,28
stepping,95284,95277,95284,7
walking,95345,95284,95345,61
left_turning,95373,95345,95373,28
sniffing,95393,95373,95393,20
trotting,95425,95393,95425,32
sniffing,95494,95425,95494,69
running,95507,95494,95507,13
walking,95534,95507,95534,27
sniffing,95542,95534,95542,8
rising,95653,95542,95653,111
right_turning,95654,95653,95654,1
left_turning,95677,95654,95677,23
right_turning,95683,95677,95683,6
walking,95684,95683,95684,1
climbing,95745,95684,95745,61
rising,95766,95745,95766,21
walking,95782,95766,95782,16
hunching,95844,95782,95844,62
stepping,95888,95844,95888,44
walking,95928,95888,95928,40
climbing,95951,95928,95951,23
rearing,95952,95951,95952,1
grooming,96082,95952,96082,130
climbing,96102,96082,96102,20
hunching,96168,96102,96168,66
sniffing,96179,96168,96179,11
climbing,96194,96179,96194,15
sniffing,96256,96194,96256,62
rising,96264,96256,96264,8
rearing,96306,96264,96306,42
stepping,96307,96306,96307,1
climbing,96327,96307,96327,20
right_turning,96338,96327,96338,11
walking,96386,96338,96386,48
climbing,96417,96386,96417,31
trotting,96455,96417,96455,38
rising,96479,96455,96479,24
sniffing,96481,96479,96481,2
climbing,96500,96481,96500,19
walking,96558,96500,96558,58
sniffing,96585,96558,96585,27
rising,96619,96585,96619,34
sniffing,96620,96619,96620,1
rising,96627,96620,96627,7
climbing,96678,96627,96678,51
rising,96679,96678,96679,1
climbing,96747,96679,96747,68
walking,96748,96747,96748,1
left_turning,96749,96748,96749,1
walking,96805,96749,96805,56
jumping,96873,96805,96873,68
trotting,96888,96873,96888,15
walking,96904,96888,96904,16
sniffing,96913,96904,96913,9
trotting,96920,96913,96920,7
walking,96958,96920,96958,38
sniffing,97019,96958,97019,61
pausing,97218,97019,97218,199
sniffing,97232,97218,97232,14
climbing,97250,97232,97250,18
rising,97251,97250,97251,1
sniffing,97288,97251,97288,37
left_turning,97330,97288,97330,42
sniffing,97428,97330,97428,98
left_turning,97429,97428,97429,1
walking,97473,97429,97473,44
sniffing,97502,97473,97502,29
grooming,97503,97502,97503,1
climbing,97555,97503,97555,52
walking,97580,97555,97580,25
left_turning,97622,97580,97622,42
sniffing,97691,97622,97691,69
climbing,97738,97691,97738,47
running,97780,97738,97780,42
rearing,97928,97780,97928,148
grooming,97955,97928,97955,27
sniffing,97956,97955,97956,1
walking,97993,97956,97993,37
rising,98032,97993,98032,39
walking,98042,98032,98042,10
sniffing,98219,98042,98219,177
rearing,98264,98219,98264,45
hunching,98306,98264,98306,42
grooming,98307,98306,98307,1
rearing,98309,98307,98309,2
climbing,98315,98309,98315,6
sniffing,98359,98315,98359,44
pausing,98544,98359,98544,185
sniffing,98562,98544,98562,18
climbing,98576,98562,98576,14
sniffing,98583,98576,98583,7
walking,98657,98583,98657,74
trotting,98692,98657,98692,35
rising,98693,98692,98693,1
climbing,98725,98693,98725,32
sniffing,98816,98725,98816,91
rearing,98928,98816,98928,112
rising,98941,98928,98941,13
climbing,98945,98941,98945,4
hunching,99050,98945,99050,105
sniffing,99074,99050,99074,24
climbing,99110,99074,99110,36
hunching,99185,99110,99185,75
right_turning,99231,99185,99231,46
sniffing,99266,99231,99266,35
climbing,99352,99266,99352,86
sniffing,99429,99352,99429,77
walking,99438,99429,99438,9
trotting,99494,99438,99494,56
stepping,99516,99494,99516,22
walking,99563,99516,99563,47
left_turning,99574,99563,99574,11
sniffing,99667,99574,99667,93
climbing,99724,99667,99724,57
sniffing,99725,99724,99725,1
walking,99748,99725,99748,23
sniffing,99765,99748,99765,17
walking,99805,99765,99805,40
climbing,99806,99805,99806,1
right_turning,99850,99806,99850,44
left_turning,99851,99850,99851,1
trotting,99877,99851,99877,26
sniffing,99882,99877,99882,5
rising,99941,99882,99941,59
climbing,99942,99941,99942,1
sniffing,99980,99942,99980,38
left_turning,100038,99980,100038,58
walking,100096,100038,100096,58
sniffing,100245,100096,100245,149
rearing,100306,100245,100306,61
climbing,100311,100306,100311,5
sniffing,100312,100311,100312,1
walking,100356,100312,100356,44
rising,100409,100356,100409,53
left_turning,100458,100409,100458,49
trotting,100500,100458,100500,42
walking,100515,100500,100515,15
right_turning,100523,100515,100523,8
sniffing,100614,100523,100614,91
right_turning,100632,100614,100632,18
walking,100657,100632,100657,25
sniffing,100729,100657,100729,72
rising,100770,100729,100770,41
sniffing,100856,100770,100856,86
rising,100857,100856,100857,1
right_turning,100888,100857,100888,31
walking,100904,100888,100904,16
sniffing,100927,100904,100927,23
grooming,101156,100927,101156,229
sniffing,101195,101156,101195,39
left_turning,101196,101195,101196,1
sniffing,101308,101196,101308,112
rising,101309,101308,101309,1
climbing,101343,101309,101343,34
walking,101376,101343,101376,33
hunching,101411,101376,101411,35
sniffing,101412,101411,101412,1
left_turning,101472,101412,101472,60
sniffing,101505,101472,101505,33
rising,101506,101505,101506,1
sniffing,101507,101506,101507,1
rising,101508,101507,101508,1
sniffing,101615,101508,101615,107
rising,101735,101615,101735,120
climbing,101772,101735,101772,37
sniffing,101788,101772,101788,16
climbing,101808,101788,101808,20
rearing,101941,101808,101941,133
grooming,102221,101941,102221,280
left_turning,102235,102221,102235,14
sniffing,102236,102235,102236,1
stepping,102248,102236,102248,12
walking,102293,102248,102293,45
sniffing,102474,102293,102474,181
walking,102507,102474,102507,33
sniffing,102512,102507,102512,5
rising,102529,102512,102529,17
sniffing,102599,102529,102599,70
rearing,102628,102599,102628,29
climbing,102748,102628,102748,120
sniffing,102765,102748,102765,17
climbing,102766,102765,102766,1
sniffing,102874,102766,102874,108
trotting,102914,102874,102914,40
jumping,102995,102914,102995,81
rising,102996,102995,102996,1
rearing,103184,102996,103184,188
climbing,103246,103184,103246,62
grooming,103785,103246,103785,539
rearing,104083,103785,104083,298
walking,104092,104083,104092,9
sniffing,104093,104092,104093,1
right_turning,104103,104093,104103,10
walking,104104,104103,104104,1
left_turning,104113,104104,104113,9
running,104117,104113,104117,4
left_turning,104125,104117,104125,8
trotting,104159,104125,104159,34
sniffing,104267,104159,104267,108
grooming,104379,104267,104379,112
sniffing,104380,104379,104380,1
stepping,104408,104380,104408,28
walking,104447,104408,104447,39
left_turning,104483,104447,104483,36
right_turning,104486,104483,104486,3
running,104500,104486,104500,14
sniffing,104575,104500,104575,75
right_turning,104576,104575,104576,1
walking,104584,104576,104584,8
sniffing,104716,104584,104716,132
climbing,104717,104716,104717,1
grooming,104718,104717,104718,1
left_turning,104806,104718,104806,88
running,104830,104806,104830,24
sniffing,104865,104830,104865,35
rising,104866,104865,104866,1
sniffing,104993,104866,104993,127
climbing,104994,104993,104994,1
left_turning,105030,104994,105030,36
climbing,105048,105030,105048,18
rearing,105094,105048,105094,46
climbing,105115,105094,105115,21
hunching,105203,105115,105203,88
right_turning,105206,105203,105206,3
walking,105239,105206,105239,33
rearing,105332,105239,105332,93
hunching,105416,105332,105416,84
grooming,105774,105416,105774,358
climbing,105849,105774,105849,75
sniffing,105901,105849,105901,52
right_turning,105916,105901,105916,15
sniffing,105986,105916,105986,70
rising,106049,105986,106049,63
stepping,106119,106049,106119,70
sniffing,106190,106119,106190,71
trotting,106200,106190,106200,10
stepping,106265,106200,106265,65
left_turning,106284,106265,106284,19
sniffing,106352,106284,106352,68
right_turning,106364,106352,106364,12
rising,106365,106364,106365,1
climbing,106397,106365,106397,32
walking,106418,106397,106418,21
left_turning,106507,106418,106507,89
walking,106575,106507,106575,68
rising,106623,106575,106623,48
climbing,106669,106623,106669,46
right_turning,106691,106669,106691,22
climbing,106719,106691,106719,28
rising,106720,106719,106720,1
climbing,106802,106720,106802,82
grooming,106835,106802,106835,33
sniffing,106962,106835,106962,127
pausing,106963,106962,106963,1
sniffing,106974,106963,106974,11
trotting,107014,106974,107014,40
sniffing,107015,107014,107015,1
rising,107079,107015,107079,64
climbing,107115,107079,107115,36
rearing,107116,107115,107116,1
sniffing,107187,107116,107187,71
climbing,107237,107187,107237,50
rearing,107337,107237,107337,100
sniffing,107442,107337,107442,105
rising,107458,107442,107458,16
climbing,107520,107458,107520,62
rearing,107607,107520,107607,87
sniffing,107608,107607,107608,1
climbing,107639,107608,107639,31
running,107665,107639,107665,26
trotting,107667,107665,107667,2
rearing,107708,107667,107708,41
left_turning,107732,107708,107732,24
walking,107749,107732,107749,17
sniffing,107817,107749,107817,68
right_turning,107841,107817,107841,24
sniffing,107842,107841,107842,1
rising,107898,107842,107898,56
sniffing,107997,107898,107997,99
rising,108000,107997,108000,3
