revised_movement_label,segBoundary,segBoundary_start,segBoundary_end,length
sniffing,25,0,25,25
rising,49,25,49,24
left_turning,63,49,63,14
sniffing,119,63,119,56
walking,127,119,127,8
climbing,184,127,184,57
walking,196,184,196,12
sniffing,197,196,197,1
running,232,197,232,35
walking,302,232,302,70
left_turning,310,302,310,8
sniffing,427,310,427,117
walking,487,427,487,60
right_turning,510,487,510,23
sniffing,623,510,623,113
walking,644,623,644,21
sniffing,667,644,667,23
walking,723,667,723,56
hunching,724,723,724,1
climbing,787,724,787,63
trotting,833,787,833,46
sniffing,876,833,876,43
walking,976,876,976,100
climbing,1034,976,1034,58
trotting,1040,1034,1040,6
running,1057,1040,1057,17
left_turning,1101,1057,1101,44
sniffing,1126,1101,1126,25
walking,1156,1126,1156,30
sniffing,1245,1156,1245,89
left_turning,1246,1245,1246,1
running,1256,1246,1256,10
rearing,1277,1256,1277,21
climbing,1303,1277,1303,26
rising,1304,1303,1304,1
sniffing,1338,1304,1338,34
trotting,1339,1338,1339,1
rising,1346,1339,1346,7
stepping,1394,1346,1394,48
sniffing,1395,1394,1395,1
rising,1550,1395,1550,155
stepping,1551,1550,1551,1
walking,1563,1551,1563,12
rising,1572,1563,1572,9
grooming,1585,1572,1585,13
climbing,1614,1585,1614,29
walking,1673,1614,1673,59
stepping,1701,1673,1701,28
sniffing,1806,1701,1806,105
climbing,1846,1806,1846,40
rising,1904,1846,1904,58
sniffing,1905,1904,1905,1
trotting,1906,1905,1906,1
walking,1912,1906,1912,6
trotting,1913,1912,1913,1
rising,2085,1913,2085,172
climbing,2119,2085,2119,34
sniffing,2135,2119,2135,16
stepping,2154,2135,2154,19
walking,2174,2154,2174,20
sniffing,2252,2174,2252,78
climbing,2325,2252,2325,73
walking,2326,2325,2326,1
left_turning,2330,2326,2330,4
sniffing,2349,2330,2349,19
walking,2421,2349,2421,72
sniffing,2422,2421,2422,1
climbing,2447,2422,2447,25
sniffing,2476,2447,2476,29
right_turning,2486,2476,2486,10
walking,2504,2486,2504,18
sniffing,2515,2504,2515,11
walking,2516,2515,2516,1
rising,2547,2516,2547,31
climbing,2601,2547,2601,54
rising,2792,2601,2792,191
trotting,2793,2792,2793,1
sniffing,2794,2793,2794,1
trotting,2815,2794,2815,21
sniffing,2816,2815,2816,1
climbing,2858,2816,2858,42
walking,2921,2858,2921,63
rising,2949,2921,2949,28
sniffing,3041,2949,3041,92
walking,3064,3041,3064,23
climbing,3085,3064,3085,21
left_turning,3132,3085,3132,47
trotting,3171,3132,3171,39
walking,3172,3171,3172,1
climbing,3232,3172,3232,60
stepping,3272,3232,3272,40
climbing,3283,3272,3283,11
rising,3305,3283,3305,22
sniffing,3372,3305,3372,67
left_turning,3453,3372,3453,81
right_turning,3485,3453,3485,32
sniffing,3499,3485,3499,14
right_turning,3532,3499,3532,33
walking,3570,3532,3570,38
climbing,3637,3570,3637,67
rising,3676,3637,3676,39
sniffing,3754,3676,3754,78
walking,3759,3754,3759,5
climbing,3807,3759,3807,48
sniffing,3808,3807,3808,1
climbing,3857,3808,3857,49
left_turning,3897,3857,3897,40
running,3907,3897,3907,10
walking,3927,3907,3927,20
sniffing,3931,3927,3931,4
rising,3959,3931,3959,28
grooming,4071,3959,4071,112
rearing,4108,4071,4108,37
sniffing,4151,4108,4151,43
climbing,4191,4151,4191,40
sniffing,4209,4191,4209,18
climbing,4306,4209,4306,97
sniffing,4335,4306,4335,29
rising,4358,4335,4358,23
sniffing,4387,4358,4387,29
trotting,4398,4387,4398,11
sniffing,4399,4398,4399,1
trotting,4430,4399,4430,31
walking,4468,4430,4468,38
sniffing,4499,4468,4499,31
running,4500,4499,4500,1
sniffing,4665,4500,4665,165
rising,4728,4665,4728,63
left_turning,4729,4728,4729,1
walking,4776,4729,4776,47
sniffing,4781,4776,4781,5
rising,4861,4781,4861,80
sniffing,4862,4861,4862,1
trotting,4892,4862,4892,30
walking,4893,4892,4893,1
rising,4991,4893,4991,98
walking,5020,4991,5020,29
sniffing,5021,5020,5021,1
climbing,5071,5021,5071,50
sniffing,5112,5071,5112,41
pausing,5113,5112,5113,1
sniffing,5182,5113,5182,69
left_turning,5216,5182,5216,34
trotting,5263,5216,5263,47
sniffing,5264,5263,5264,1
rising,5265,5264,5265,1
walking,5300,5265,5300,35
climbing,5378,5300,5378,78
sniffing,5379,5378,5379,1
left_turning,5380,5379,5380,1
walking,5422,5380,5422,42
sniffing,5474,5422,5474,52
walking,5484,5474,5484,10
sniffing,5513,5484,5513,29
climbing,5531,5513,5531,18
sniffing,5586,5531,5586,55
walking,5639,5586,5639,53
climbing,5674,5639,5674,35
sniffing,5757,5674,5757,83
climbing,5866,5757,5866,109
sniffing,5867,5866,5867,1
left_turning,5925,5867,5925,58
sniffing,5975,5925,5975,50
walking,5999,5975,5999,24
sniffing,6000,5999,6000,1
walking,6026,6000,6026,26
trotting,6047,6026,6047,21
sniffing,6114,6047,6114,67
walking,6149,6114,6149,35
climbing,6180,6149,6180,31
sniffing,6209,6180,6209,29
rising,6307,6209,6307,98
sniffing,6335,6307,6335,28
rising,6387,6335,6387,52
sniffing,6421,6387,6421,34
grooming,6847,6421,6847,426
left_turning,6848,6847,6848,1
sniffing,6925,6848,6925,77
walking,6926,6925,6926,1
sniffing,6962,6926,6962,36
grooming,7102,6962,7102,140
sniffing,7126,7102,7126,24
walking,7138,7126,7138,12
sniffing,7148,7138,7148,10
rising,7419,7148,7419,271
climbing,7455,7419,7455,36
right_turning,7479,7455,7479,24
rising,7480,7479,7480,1
sniffing,7508,7480,7508,28
climbing,7556,7508,7556,48
right_turning,7562,7556,7562,6
sniffing,7671,7562,7671,109
climbing,7695,7671,7695,24
running,7721,7695,7721,26
sniffing,7768,7721,7768,47
rising,7814,7768,7814,46
walking,7858,7814,7858,44
sniffing,7896,7858,7896,38
walking,7937,7896,7937,41
trotting,7962,7937,7962,25
climbing,7986,7962,7986,24
walking,8002,7986,8002,16
sniffing,8003,8002,8003,1
hunching,8023,8003,8023,20
grooming,8024,8023,8024,1
rising,8025,8024,8025,1
sniffing,8026,8025,8026,1
climbing,8083,8026,8083,57
trotting,8095,8083,8095,12
running,8119,8095,8119,24
rising,8144,8119,8144,25
walking,8152,8144,8152,8
rising,8211,8152,8211,59
climbing,8256,8211,8256,45
right_turning,8270,8256,8270,14
walking,8271,8270,8271,1
right_turning,8299,8271,8299,28
walking,8346,8299,8346,47
rising,8413,8346,8413,67
climbing,8442,8413,8442,29
hunching,8499,8442,8499,57
rising,8526,8499,8526,27
sniffing,8627,8526,8627,101
rising,8628,8627,8628,1
climbing,8668,8628,8668,40
sniffing,8669,8668,8669,1
rising,8704,8669,8704,35
climbing,8747,8704,8747,43
walking,8779,8747,8779,32
sniffing,8888,8779,8888,109
hunching,8889,8888,8889,1
rearing,8917,8889,8917,28
rising,8957,8917,8957,40
stepping,8985,8957,8985,28
walking,9006,8985,9006,21
sniffing,9073,9006,9073,67
trotting,9074,9073,9074,1
sniffing,9082,9074,9082,8
climbing,9130,9082,9130,48
stepping,9131,9130,9131,1
sniffing,9183,9131,9183,52
rising,9184,9183,9184,1
sniffing,9185,9184,9185,1
left_turning,9201,9185,9201,16
stepping,9209,9201,9209,8
sniffing,9210,9209,9210,1
left_turning,9224,9210,9224,14
sniffing,9268,9224,9268,44
rising,9320,9268,9320,52
left_turning,9342,9320,9342,22
climbing,9395,9342,9395,53
trotting,9421,9395,9421,26
running,9455,9421,9455,34
walking,9496,9455,9496,41
left_turning,9497,9496,9497,1
sniffing,9512,9497,9512,15
rising,9527,9512,9527,15
sniffing,9595,9527,9595,68
walking,9651,9595,9651,56
trotting,9696,9651,9696,45
walking,9722,9696,9722,26
sniffing,9867,9722,9867,145
walking,9909,9867,9909,42
sniffing,9936,9909,9936,27
climbing,9971,9936,9971,35
rising,9972,9971,9972,1
left_turning,9973,9972,9973,1
walking,9975,9973,9975,2
climbing,9990,9975,9990,15
sniffing,10103,9990,10103,113
walking,10172,10103,10172,69
climbing,10226,10172,10226,54
rising,10261,10226,10261,35
sniffing,10345,10261,10345,84
left_turning,10393,10345,10393,48
sniffing,10394,10393,10394,1
right_turning,10395,10394,10395,1
walking,10431,10395,10431,36
sniffing,10433,10431,10433,2
rising,10476,10433,10476,43
climbing,10519,10476,10519,43
walking,10542,10519,10542,23
sniffing,10629,10542,10629,87
rising,10630,10629,10630,1
walking,10672,10630,10672,42
sniffing,10708,10672,10708,36
rising,10754,10708,10754,46
climbing,10794,10754,10794,40
walking,10820,10794,10820,26
climbing,10889,10820,10889,69
sniffing,10961,10889,10961,72
rising,11015,10961,11015,54
rearing,11236,11015,11236,221
grooming,11363,11236,11363,127
hunching,11364,11363,11364,1
sniffing,11365,11364,11365,1
rearing,11366,11365,11366,1
sniffing,11367,11366,11367,1
climbing,11399,11367,11399,32
stepping,11400,11399,11400,1
climbing,11401,11400,11401,1
rearing,11510,11401,11510,109
climbing,11511,11510,11511,1
sniffing,11554,11511,11554,43
right_turning,11590,11554,11590,36
climbing,11635,11590,11635,45
rising,11692,11635,11692,57
climbing,11724,11692,11724,32
rearing,11725,11724,11725,1
right_turning,11726,11725,11726,1
walking,11756,11726,11756,30
sniffing,11867,11756,11867,111
rising,11868,11867,11868,1
climbing,11901,11868,11901,33
walking,11960,11901,11960,59
climbing,11992,11960,11992,32
sniffing,12019,11992,12019,27
climbing,12020,12019,12020,1
right_turning,12047,12020,12047,27
running,12066,12047,12066,19
sniffing,12075,12066,12075,9
left_turning,12116,12075,12116,41
trotting,12169,12116,12169,53
walking,12186,12169,12186,17
rising,12263,12186,12263,77
climbing,12308,12263,12308,45
walking,12376,12308,12376,68
trotting,12395,12376,12395,19
rearing,12396,12395,12396,1
sniffing,12444,12396,12444,48
climbing,12477,12444,12477,33
walking,12520,12477,12520,43
left_turning,12541,12520,12541,21
walking,12566,12541,12566,25
sniffing,12567,12566,12567,1
rising,12568,12567,12568,1
walking,12628,12568,12628,60
rising,12668,12628,12668,40
climbing,12705,12668,12705,37
trotting,12706,12705,12706,1
sniffing,12730,12706,12730,24
walking,12772,12730,12772,42
sniffing,13038,12772,13038,266
grooming,13039,13038,13039,1
hunching,13184,13039,13184,145
grooming,13185,13184,13185,1
rearing,13279,13185,13279,94
walking,13323,13279,13323,44
stepping,13353,13323,13353,30
walking,13402,13353,13402,49
sniffing,13448,13402,13448,46
rising,13503,13448,13503,55
walking,13536,13503,13536,33
grooming,13775,13536,13775,239
walking,13795,13775,13795,20
climbing,13808,13795,13808,13
rearing,13809,13808,13809,1
left_turning,13818,13809,13818,9
sniffing,13836,13818,13836,18
climbing,13899,13836,13899,63
rising,13927,13899,13927,28
sniffing,13952,13927,13952,25
climbing,13959,13952,13959,7
rising,14035,13959,14035,76
sniffing,14057,14035,14057,22
left_turning,14098,14057,14098,41
walking,14127,14098,14127,29
sniffing,14128,14127,14128,1
trotting,14166,14128,14166,38
sniffing,14331,14166,14331,165
rearing,14341,14331,14341,10
trotting,14343,14341,14343,2
sniffing,14344,14343,14344,1
walking,14362,14344,14362,18
rising,14363,14362,14363,1
hunching,14479,14363,14479,116
walking,14485,14479,14485,6
rising,14522,14485,14522,37
sniffing,14600,14522,14600,78
trotting,14620,14600,14620,20
walking,14626,14620,14626,6
climbing,14691,14626,14691,65
walking,14701,14691,14701,10
climbing,14743,14701,14743,42
right_turning,14754,14743,14754,11
trotting,14777,14754,14777,23
walking,14792,14777,14792,15
climbing,14821,14792,14821,29
sniffing,14842,14821,14842,21
climbing,14850,14842,14850,8
trotting,14871,14850,14871,21
sniffing,14908,14871,14908,37
walking,14910,14908,14910,2
rising,14980,14910,14980,70
rearing,15058,14980,15058,78
trotting,15083,15058,15083,25
sniffing,15152,15083,15152,69
walking,15178,15152,15178,26
trotting,15227,15178,15227,49
left_turning,15276,15227,15276,49
rising,15318,15276,15318,42
sniffing,15319,15318,15319,1
rising,15563,15319,15563,244
climbing,15607,15563,15607,44
rearing,15715,15607,15715,108
climbing,15716,15715,15716,1
right_turning,15739,15716,15739,23
climbing,15808,15739,15808,69
sniffing,15895,15808,15895,87
stepping,15944,15895,15944,49
left_turning,15995,15944,15995,51
sniffing,16008,15995,16008,13
climbing,16049,16008,16049,41
left_turning,16056,16049,16056,7
right_turning,16074,16056,16074,18
trotting,16090,16074,16090,16
walking,16091,16090,16091,1
rising,16133,16091,16133,42
climbing,16178,16133,16178,45
rearing,16350,16178,16350,172
grooming,16379,16350,16379,29
sniffing,16380,16379,16380,1
rising,16393,16380,16393,13
sniffing,16438,16393,16438,45
trotting,16503,16438,16503,65
sniffing,16517,16503,16517,14
trotting,16539,16517,16539,22
sniffing,16546,16539,16546,7
left_turning,16595,16546,16595,49
sniffing,16673,16595,16673,78
rising,16740,16673,16740,67
right_turning,16796,16740,16796,56
trotting,16799,16796,16799,3
walking,16854,16799,16854,55
left_turning,16868,16854,16868,14
right_turning,16898,16868,16898,30
sniffing,16899,16898,16899,1
right_turning,16915,16899,16915,16
sniffing,16916,16915,16916,1
left_turning,16920,16916,16920,4
rising,16950,16920,16950,30
sniffing,17013,16950,17013,63
left_turning,17051,17013,17051,38
rising,17052,17051,17052,1
sniffing,17053,17052,17053,1
climbing,17072,17053,17072,19
walking,17074,17072,17074,2
stepping,17091,17074,17091,17
climbing,17115,17091,17115,24
sniffing,17179,17115,17179,64
walking,17192,17179,17192,13
sniffing,17254,17192,17254,62
stepping,17290,17254,17290,36
sniffing,17350,17290,17350,60
right_turning,17376,17350,17376,26
walking,17398,17376,17398,22
sniffing,17410,17398,17410,12
rising,17519,17410,17519,109
walking,17543,17519,17543,24
trotting,17544,17543,17544,1
left_turning,17587,17544,17587,43
walking,17588,17587,17588,1
sniffing,17742,17588,17742,154
rearing,17743,17742,17743,1
rising,17760,17743,17760,17
climbing,17761,17760,17761,1
sniffing,17823,17761,17823,62
climbing,17827,17823,17827,4
sniffing,17865,17827,17865,38
rising,17949,17865,17949,84
climbing,17970,17949,17970,21
right_turning,17994,17970,17994,24
running,17999,17994,17999,5
right_turning,18008,17999,18008,9
trotting,18045,18008,18045,37
walking,18046,18045,18046,1
trotting,18062,18046,18062,16
walking,18119,18062,18119,57
left_turning,18179,18119,18179,60
trotting,18218,18179,18218,39
walking,18219,18218,18219,1
sniffing,18220,18219,18220,1
left_turning,18255,18220,18255,35
rising,18256,18255,18256,1
climbing,18296,18256,18296,40
rising,18385,18296,18385,89
climbing,18412,18385,18412,27
sniffing,18508,18412,18508,96
climbing,18542,18508,18542,34
rising,18580,18542,18580,38
sniffing,18598,18580,18598,18
rising,18631,18598,18631,33
walking,18632,18631,18632,1
sniffing,18707,18632,18707,75
trotting,18746,18707,18746,39
climbing,18820,18746,18820,74
rising,18877,18820,18877,57
sniffing,18988,18877,18988,111
trotting,18998,18988,18998,10
sniffing,19034,18998,19034,36
walking,19088,19034,19088,54
left_turning,19117,19088,19117,29
rising,19118,19117,19118,1
sniffing,19122,19118,19122,4
left_turning,19133,19122,19133,11
stepping,19160,19133,19160,27
sniffing,19211,19160,19211,51
walking,19252,19211,19252,41
left_turning,19269,19252,19269,17
sniffing,19301,19269,19301,32
walking,19337,19301,19337,36
stepping,19366,19337,19366,29
climbing,19398,19366,19398,32
hunching,19399,19398,19399,1
rising,19461,19399,19461,62
climbing,19498,19461,19498,37
trotting,19505,19498,19505,7
sniffing,19525,19505,19525,20
climbing,19585,19525,19585,60
left_turning,19626,19585,19626,41
sniffing,19730,19626,19730,104
trotting,19735,19730,19735,5
right_turning,19811,19735,19811,76
sniffing,19943,19811,19943,132
walking,19944,19943,19944,1
left_turning,19951,19944,19951,7
trotting,19972,19951,19972,21
stepping,19990,19972,19990,18
rising,20007,19990,20007,17
sniffing,20024,20007,20024,17
walking,20059,20024,20059,35
sniffing,20067,20059,20067,8
walking,20081,20067,20081,14
climbing,20161,20081,20161,80
sniffing,20218,20161,20218,57
climbing,20269,20218,20269,51
left_turning,20270,20269,20270,1
walking,20307,20270,20307,37
sniffing,20393,20307,20393,86
walking,20394,20393,20394,1
trotting,20404,20394,20404,10
right_turning,20431,20404,20431,27
trotting,20437,20431,20437,6
walking,20451,20437,20451,14
sniffing,20494,20451,20494,43
walking,20495,20494,20495,1
sniffing,20496,20495,20496,1
rising,20506,20496,20506,10
trotting,20516,20506,20516,10
walking,20585,20516,20585,69
rising,20609,20585,20609,24
sniffing,20653,20609,20653,44
left_turning,20664,20653,20664,11
trotting,20742,20664,20742,78
left_turning,20788,20742,20788,46
walking,20800,20788,20800,12
sniffing,20823,20800,20823,23
walking,20862,20823,20862,39
sniffing,20944,20862,20944,82
rising,20965,20944,20965,21
right_turning,21001,20965,21001,36
trotting,21002,21001,21002,1
sniffing,21139,21002,21139,137
walking,21165,21139,21165,26
right_turning,21243,21165,21243,78
trotting,21248,21243,21248,5
sniffing,21304,21248,21304,56
left_turning,21317,21304,21317,13
sniffing,21384,21317,21384,67
rearing,21385,21384,21385,1
sniffing,21386,21385,21386,1
trotting,21412,21386,21412,26
sniffing,21413,21412,21413,1
left_turning,21416,21413,21416,3
walking,21435,21416,21435,19
sniffing,21505,21435,21505,70
walking,21553,21505,21553,48
left_turning,21584,21553,21584,31
walking,21707,21584,21707,123
hunching,21708,21707,21708,1
sniffing,21787,21708,21787,79
climbing,21849,21787,21849,62
rearing,21925,21849,21925,76
grooming,21926,21925,21926,1
hunching,21955,21926,21955,29
walking,21963,21955,21963,8
sniffing,22009,21963,22009,46
left_turning,22054,22009,22054,45
rising,22095,22054,22095,41
climbing,22130,22095,22130,35
rising,22183,22130,22183,53
rearing,22242,22183,22242,59
rising,22247,22242,22247,5
sniffing,22284,22247,22284,37
walking,22342,22284,22342,58
sniffing,22365,22342,22365,23
rising,22563,22365,22563,198
sniffing,22633,22563,22633,70
walking,22661,22633,22661,28
sniffing,22699,22661,22699,38
left_turning,22729,22699,22729,30
walking,22781,22729,22781,52
trotting,22817,22781,22817,36
stepping,22825,22817,22825,8
sniffing,22921,22825,22921,96
walking,22972,22921,22972,51
sniffing,23105,22972,23105,133
rising,23182,23105,23182,77
climbing,23256,23182,23256,74
rearing,23257,23256,23257,1
hunching,23258,23257,23258,1
walking,23270,23258,23270,12
sniffing,23284,23270,23284,14
stepping,23296,23284,23296,12
rising,23322,23296,23322,26
rearing,23382,23322,23382,60
left_turning,23383,23382,23383,1
sniffing,23529,23383,23529,146
grooming,23916,23529,23916,387
climbing,24003,23916,24003,87
right_turning,24018,24003,24018,15
sniffing,24041,24018,24041,23
rearing,24127,24041,24127,86
walking,24137,24127,24137,10
stepping,24196,24137,24196,59
walking,24209,24196,24209,13
sniffing,24279,24209,24279,70
rising,24280,24279,24280,1
sniffing,24332,24280,24332,52
climbing,24370,24332,24370,38
rearing,24470,24370,24470,100
climbing,24519,24470,24519,49
walking,24536,24519,24536,17
left_turning,24559,24536,24559,23
sniffing,24570,24559,24570,11
hunching,24571,24570,24571,1
sniffing,24572,24571,24572,1
rising,24611,24572,24611,39
sniffing,24644,24611,24644,33
walking,24645,24644,24645,1
sniffing,24694,24645,24694,49
climbing,24737,24694,24737,43
rearing,24932,24737,24932,195
climbing,24999,24932,24999,67
sniffing,25000,24999,25000,1
hunching,25134,25000,25134,134
rising,25144,25134,25144,10
left_turning,25187,25144,25187,43
walking,25217,25187,25217,30
sniffing,25389,25217,25389,172
climbing,25468,25389,25468,79
walking,25469,25468,25469,1
stepping,25498,25469,25498,29
sniffing,25538,25498,25538,40
climbing,25585,25538,25585,47
rising,25603,25585,25603,18
climbing,25639,25603,25639,36
rising,25673,25639,25673,34
hunching,25818,25673,25818,145
rising,25855,25818,25855,37
hunching,25879,25855,25879,24
climbing,25920,25879,25920,41
sniffing,25949,25920,25949,29
rising,25953,25949,25953,4
grooming,25954,25953,25954,1
sniffing,26012,25954,26012,58
walking,26033,26012,26033,21
sniffing,26084,26033,26084,51
walking,26128,26084,26128,44
rising,26173,26128,26173,45
climbing,26222,26173,26222,49
running,26233,26222,26233,11
walking,26234,26233,26234,1
jumping,26235,26234,26235,1
walking,26274,26235,26274,39
climbing,26358,26274,26358,84
rising,26469,26358,26469,111
climbing,26496,26469,26496,27
rearing,26587,26496,26587,91
sniffing,26596,26587,26596,9
rising,26627,26596,26627,31
climbing,26680,26627,26680,53
sniffing,26711,26680,26711,31
grooming,26712,26711,26712,1
rearing,26713,26712,26713,1
rising,26714,26713,26714,1
sniffing,26743,26714,26743,29
rising,26750,26743,26750,7
climbing,26774,26750,26774,24
sniffing,26775,26774,26775,1
walking,26790,26775,26790,15
sniffing,26868,26790,26868,78
walking,26906,26868,26906,38
climbing,26988,26906,26988,82
rising,26989,26988,26989,1
sniffing,27058,26989,27058,69
right_turning,27059,27058,27059,1
stepping,27118,27059,27118,59
walking,27135,27118,27135,17
sniffing,27216,27135,27216,81
walking,27234,27216,27234,18
rising,27235,27234,27235,1
trotting,27267,27235,27267,32
sniffing,27268,27267,27268,1
rising,27353,27268,27353,85
left_turning,27370,27353,27370,17
rising,27396,27370,27396,26
sniffing,27447,27396,27447,51
walking,27450,27447,27450,3
left_turning,27451,27450,27451,1
walking,27472,27451,27472,21
sniffing,27473,27472,27473,1
left_turning,27482,27473,27482,9
walking,27499,27482,27499,17
climbing,27557,27499,27557,58
stepping,27581,27557,27581,24
sniffing,27610,27581,27610,29
rising,27618,27610,27618,8
sniffing,27659,27618,27659,41
climbing,27709,27659,27709,50
walking,27728,27709,27728,19
rising,27745,27728,27745,17
climbing,27774,27745,27774,29
rising,27838,27774,27838,64
sniffing,27896,27838,27896,58
climbing,27965,27896,27965,69
trotting,28012,27965,28012,47
rising,28028,28012,28028,16
walking,28064,28028,28064,36
hunching,28233,28064,28233,169
walking,28262,28233,28262,29
sniffing,28281,28262,28281,19
left_turning,28282,28281,28282,1
walking,28305,28282,28305,23
sniffing,28306,28305,28306,1
walking,28353,28306,28353,47
sniffing,28360,28353,28360,7
rearing,28416,28360,28416,56
climbing,28477,28416,28477,61
rising,28520,28477,28520,43
sniffing,28545,28520,28545,25
trotting,28553,28545,28553,8
walking,28590,28553,28590,37
left_turning,28639,28590,28639,49
sniffing,28673,28639,28673,34
left_turning,28674,28673,28674,1
sniffing,28675,28674,28675,1
rising,28723,28675,28723,48
left_turning,28732,28723,28732,9
walking,28733,28732,28733,1
sniffing,28802,28733,28802,69
rising,28822,28802,28822,20
sniffing,28856,28822,28856,34
walking,28885,28856,28885,29
sniffing,28919,28885,28919,34
rising,28943,28919,28943,24
climbing,28965,28943,28965,22
left_turning,28966,28965,28966,1
sniffing,29024,28966,29024,58
rising,29063,29024,29063,39
climbing,29064,29063,29064,1
right_turning,29065,29064,29065,1
walking,29083,29065,29083,18
sniffing,29089,29083,29089,6
climbing,29100,29089,29100,11
rising,29153,29100,29153,53
grooming,29359,29153,29359,206
left_turning,29361,29359,29361,2
sniffing,29364,29361,29364,3
left_turning,29365,29364,29365,1
trotting,29400,29365,29400,35
sniffing,29426,29400,29426,26
rising,29444,29426,29444,18
climbing,29462,29444,29462,18
sniffing,29463,29462,29463,1
climbing,29488,29463,29488,25
running,29491,29488,29491,3
walking,29544,29491,29544,53
left_turning,29562,29544,29562,18
walking,29590,29562,29590,28
climbing,29598,29590,29598,8
right_turning,29626,29598,29626,28
left_turning,29650,29626,29650,24
trotting,29680,29650,29680,30
sniffing,29815,29680,29815,135
rising,29816,29815,29816,1
climbing,29825,29816,29825,9
hunching,30135,29825,30135,310
right_turning,30146,30135,30146,11
sniffing,30270,30146,30270,124
stepping,30274,30270,30274,4
sniffing,30297,30274,30297,23
trotting,30311,30297,30311,14
sniffing,30312,30311,30312,1
left_turning,30345,30312,30345,33
walking,30370,30345,30370,25
sniffing,30396,30370,30396,26
rising,30429,30396,30429,33
sniffing,30480,30429,30480,51
left_turning,30526,30480,30526,46
sniffing,30527,30526,30527,1
climbing,30586,30527,30586,59
sniffing,30587,30586,30587,1
walking,30613,30587,30613,26
climbing,30639,30613,30639,26
walking,30680,30639,30680,41
left_turning,30698,30680,30698,18
walking,30721,30698,30721,23
climbing,30754,30721,30754,33
hunching,30944,30754,30944,190
climbing,30995,30944,30995,51
rising,31071,30995,31071,76
running,31094,31071,31094,23
sniffing,31115,31094,31115,21
rising,31134,31115,31134,19
sniffing,31225,31134,31225,91
walking,31264,31225,31264,39
sniffing,31327,31264,31327,63
climbing,31392,31327,31392,65
sniffing,31424,31392,31424,32
rising,31425,31424,31425,1
climbing,31445,31425,31445,20
sniffing,31492,31445,31492,47
left_turning,31493,31492,31493,1
sniffing,31521,31493,31521,28
climbing,31578,31521,31578,57
running,31603,31578,31603,25
walking,31634,31603,31634,31
rising,31673,31634,31673,39
sniffing,31674,31673,31674,1
running,31725,31674,31725,51
walking,31732,31725,31732,7
rising,31777,31732,31777,45
sniffing,31781,31777,31781,4
walking,31796,31781,31796,15
left_turning,31802,31796,31802,6
walking,31812,31802,31812,10
sniffing,31813,31812,31813,1
left_turning,31829,31813,31829,16
climbing,31868,31829,31868,39
walking,31906,31868,31906,38
sniffing,31924,31906,31924,18
stepping,31926,31924,31926,2
rising,31994,31926,31994,68
left_turning,32043,31994,32043,49
walking,32058,32043,32058,15
rising,32076,32058,32076,18
climbing,32142,32076,32142,66
rising,32274,32142,32274,132
rearing,32444,32274,32444,170
right_turning,32461,32444,32461,17
sniffing,32462,32461,32462,1
rising,32479,32462,32479,17
sniffing,32493,32479,32493,14
walking,32516,32493,32516,23
rising,32523,32516,32523,7
grooming,32570,32523,32570,47
left_turning,32612,32570,32612,42
sniffing,32746,32612,32746,134
walking,32797,32746,32797,51
sniffing,32853,32797,32853,56
walking,32893,32853,32893,40
sniffing,32894,32893,32894,1
walking,32938,32894,32938,44
rising,33000,32938,33000,62
climbing,33048,33000,33048,48
rearing,33128,33048,33128,80
walking,33171,33128,33171,43
left_turning,33226,33171,33226,55
hunching,33431,33226,33431,205
rising,33432,33431,33432,1
hunching,33433,33432,33433,1
climbing,33476,33433,33476,43
sniffing,33489,33476,33489,13
walking,33515,33489,33515,26
climbing,33591,33515,33591,76
sniffing,33616,33591,33616,25
stepping,33618,33616,33618,2
sniffing,33724,33618,33724,106
walking,33761,33724,33761,37
trotting,33762,33761,33762,1
climbing,33813,33762,33813,51
left_turning,33827,33813,33827,14
walking,33888,33827,33888,61
sniffing,33889,33888,33889,1
walking,33910,33889,33910,21
sniffing,34065,33910,34065,155
climbing,34085,34065,34085,20
rearing,34089,34085,34089,4
right_turning,34115,34089,34115,26
sniffing,34208,34115,34208,93
walking,34216,34208,34216,8
stepping,34239,34216,34239,23
sniffing,34315,34239,34315,76
walking,34325,34315,34325,10
climbing,34355,34325,34355,30
grooming,34432,34355,34432,77
sniffing,34464,34432,34464,32
rising,34465,34464,34465,1
sniffing,34518,34465,34518,53
climbing,34533,34518,34533,15
left_turning,34534,34533,34534,1
sniffing,34546,34534,34546,12
walking,34564,34546,34564,18
stepping,34610,34564,34610,46
sniffing,34615,34610,34615,5
walking,34656,34615,34656,41
stepping,34707,34656,34707,51
left_turning,34708,34707,34708,1
sniffing,34737,34708,34737,29
rising,34808,34737,34808,71
stepping,34819,34808,34819,11
sniffing,34863,34819,34863,44
left_turning,34876,34863,34876,13
walking,34919,34876,34919,43
sniffing,34975,34919,34975,56
rising,35072,34975,35072,97
sniffing,35145,35072,35145,73
left_turning,35178,35145,35178,33
sniffing,35194,35178,35194,16
walking,35195,35194,35195,1
left_turning,35293,35195,35293,98
walking,35319,35293,35319,26
left_turning,35389,35319,35389,70
rising,35392,35389,35392,3
climbing,35486,35392,35486,94
walking,35495,35486,35495,9
climbing,35496,35495,35496,1
walking,35534,35496,35534,38
trotting,35535,35534,35535,1
walking,35557,35535,35557,22
sniffing,35621,35557,35621,64
pausing,35622,35621,35622,1
sniffing,35668,35622,35668,46
rising,35721,35668,35721,53
walking,35750,35721,35750,29
rising,35751,35750,35751,1
walking,35805,35751,35805,54
trotting,35852,35805,35852,47
sniffing,35898,35852,35898,46
climbing,35966,35898,35966,68
trotting,35998,35966,35998,32
left_turning,36009,35998,36009,11
sniffing,36033,36009,36033,24
rising,36082,36033,36082,49
climbing,36130,36082,36130,48
rearing,36131,36130,36131,1
walking,36132,36131,36132,1
rising,36133,36132,36133,1
sniffing,36155,36133,36155,22
grooming,36188,36155,36188,33
sniffing,36207,36188,36207,19
climbing,36234,36207,36234,27
rearing,36235,36234,36235,1
climbing,36294,36235,36294,59
running,36312,36294,36312,18
sniffing,36313,36312,36313,1
left_turning,36321,36313,36321,8
sniffing,36371,36321,36371,50
rising,36432,36371,36432,61
climbing,36477,36432,36477,45
right_turning,36479,36477,36479,2
running,36499,36479,36499,20
walking,36550,36499,36550,51
right_turning,36560,36550,36560,10
climbing,36572,36560,36572,12
running,36591,36572,36591,19
sniffing,36592,36591,36592,1
left_turning,36634,36592,36634,42
sniffing,36691,36634,36691,57
rising,36722,36691,36722,31
climbing,36757,36722,36757,35
rising,36758,36757,36758,1
rearing,36797,36758,36797,39
left_turning,36806,36797,36806,9
trotting,36821,36806,36821,15
walking,36900,36821,36900,79
climbing,36929,36900,36929,29
right_turning,36952,36929,36952,23
stepping,36979,36952,36979,27
sniffing,37021,36979,37021,42
climbing,37095,37021,37095,74
running,37130,37095,37130,35
trotting,37154,37130,37154,24
left_turning,37193,37154,37193,39
walking,37245,37193,37245,52
sniffing,37246,37245,37246,1
left_turning,37262,37246,37262,16
sniffing,37318,37262,37318,56
climbing,37351,37318,37351,33
grooming,37471,37351,37471,120
right_turning,37472,37471,37472,1
walking,37502,37472,37502,30
sniffing,37622,37502,37622,120
left_turning,37623,37622,37623,1
sniffing,37666,37623,37666,43
climbing,37704,37666,37704,38
walking,37777,37704,37777,73
sniffing,37809,37777,37809,32
grooming,38006,37809,38006,197
climbing,38055,38006,38055,49
sniffing,38072,38055,38072,17
rising,38113,38072,38113,41
climbing,38167,38113,38167,54
walking,38168,38167,38168,1
sniffing,38237,38168,38237,69
grooming,38238,38237,38238,1
hunching,38249,38238,38249,11
sniffing,38277,38249,38277,28
climbing,38329,38277,38329,52
walking,38360,38329,38360,31
rising,38361,38360,38361,1
rearing,38362,38361,38362,1
walking,38363,38362,38363,1
stepping,38378,38363,38378,15
rising,38379,38378,38379,1
stepping,38396,38379,38396,17
walking,38406,38396,38406,10
stepping,38407,38406,38407,1
sniffing,38488,38407,38488,81
walking,38515,38488,38515,27
sniffing,38718,38515,38718,203
rising,38748,38718,38748,30
climbing,38791,38748,38791,43
right_turning,38822,38791,38822,31
sniffing,38839,38822,38839,17
rearing,38840,38839,38840,1
grooming,39015,38840,39015,175
rearing,39092,39015,39092,77
grooming,39704,39092,39704,612
rearing,39730,39704,39730,26
grooming,39768,39730,39768,38
rearing,39962,39768,39962,194
left_turning,40027,39962,40027,65
sniffing,40145,40027,40145,118
left_turning,40155,40145,40155,10
rising,40164,40155,40164,9
climbing,40172,40164,40172,8
rising,40173,40172,40173,1
sniffing,40209,40173,40209,36
walking,40270,40209,40270,61
stepping,40301,40270,40301,31
walking,40341,40301,40341,40
sniffing,40391,40341,40391,50
left_turning,40392,40391,40392,1
walking,40414,40392,40414,22
trotting,40429,40414,40429,15
walking,40461,40429,40461,32
rising,40462,40461,40462,1
rearing,40463,40462,40463,1
climbing,40541,40463,40541,78
rising,40589,40541,40589,48
left_turning,40643,40589,40643,54
sniffing,40678,40643,40678,35
walking,40694,40678,40694,16
sniffing,40695,40694,40695,1
climbing,40764,40695,40764,69
rearing,40804,40764,40804,40
right_turning,40833,40804,40833,29
sniffing,40875,40833,40875,42
rising,40905,40875,40905,30
climbing,40922,40905,40922,17
rising,40958,40922,40958,36
climbing,41013,40958,41013,55
trotting,41042,41013,41042,29
walking,41109,41042,41109,67
sniffing,41115,41109,41115,6
climbing,41153,41115,41153,38
left_turning,41154,41153,41154,1
trotting,41192,41154,41192,38
sniffing,41205,41192,41205,13
left_turning,41210,41205,41210,5
rising,41266,41210,41266,56
climbing,41286,41266,41286,20
sniffing,41303,41286,41303,17
walking,41375,41303,41375,72
sniffing,41448,41375,41448,73
left_turning,41500,41448,41500,52
trotting,41552,41500,41552,52
walking,41559,41552,41559,7
sniffing,41623,41559,41623,64
left_turning,41680,41623,41680,57
rising,41684,41680,41684,4
sniffing,41720,41684,41720,36
stepping,41742,41720,41742,22
rearing,41787,41742,41787,45
rising,41788,41787,41788,1
rearing,41849,41788,41849,61
climbing,41901,41849,41901,52
walking,41941,41901,41941,40
climbing,41995,41941,41995,54
sniffing,42037,41995,42037,42
left_turning,42059,42037,42059,22
sniffing,42060,42059,42060,1
trotting,42061,42060,42061,1
sniffing,42102,42061,42102,41
climbing,42119,42102,42119,17
rearing,42163,42119,42163,44
grooming,42164,42163,42164,1
hunching,42214,42164,42214,50
sniffing,42215,42214,42215,1
left_turning,42288,42215,42288,73
sniffing,42349,42288,42349,61
walking,42359,42349,42359,10
climbing,42418,42359,42418,59
rising,42442,42418,42442,24
climbing,42515,42442,42515,73
sniffing,42516,42515,42516,1
rising,42572,42516,42572,56
rearing,42843,42572,42843,271
sniffing,42895,42843,42895,52
climbing,42957,42895,42957,62
hunching,43144,42957,43144,187
walking,43177,43144,43177,33
sniffing,43178,43177,43178,1
walking,43207,43178,43207,29
sniffing,43208,43207,43208,1
walking,43214,43208,43214,6
sniffing,43233,43214,43233,19
climbing,43290,43233,43290,57
walking,43291,43290,43291,1
climbing,43333,43291,43333,42
walking,43381,43333,43381,48
sniffing,43396,43381,43396,15
left_turning,43448,43396,43448,52
walking,43458,43448,43458,10
rising,43467,43458,43467,9
climbing,43514,43467,43514,47
walking,43556,43514,43556,42
sniffing,43557,43556,43557,1
walking,43575,43557,43575,18
climbing,43630,43575,43630,55
rising,43719,43630,43719,89
rearing,43831,43719,43831,112
grooming,44119,43831,44119,288
rearing,44146,44119,44146,27
sniffing,44147,44146,44147,1
climbing,44195,44147,44195,48
sniffing,44227,44195,44227,32
walking,44264,44227,44264,37
sniffing,44268,44264,44268,4
right_turning,44310,44268,44310,42
walking,44344,44310,44344,34
rising,44399,44344,44399,55
climbing,44415,44399,44415,16
rearing,44470,44415,44470,55
sniffing,44471,44470,44471,1
right_turning,44500,44471,44500,29
walking,44505,44500,44505,5
left_turning,44583,44505,44583,78
climbing,44609,44583,44609,26
walking,44636,44609,44636,27
sniffing,44756,44636,44756,120
walking,44804,44756,44804,48
sniffing,44810,44804,44810,6
walking,44820,44810,44820,10
climbing,44844,44820,44844,24
trotting,44858,44844,44858,14
stepping,44859,44858,44859,1
climbing,44886,44859,44886,27
sniffing,44913,44886,44913,27
climbing,44958,44913,44958,45
hunching,44959,44958,44959,1
sniffing,45112,44959,45112,153
left_turning,45126,45112,45126,14
sniffing,45208,45126,45208,82
right_turning,45239,45208,45239,31
sniffing,45297,45239,45297,58
hunching,45349,45297,45349,52
stepping,45377,45349,45377,28
sniffing,45399,45377,45399,22
climbing,45461,45399,45461,62
walking,45470,45461,45470,9
rising,45471,45470,45471,1
sniffing,45575,45471,45575,104
left_turning,45603,45575,45603,28
walking,45637,45603,45637,34
sniffing,45638,45637,45638,1
climbing,45692,45638,45692,54
sniffing,45693,45692,45693,1
walking,45710,45693,45710,17
sniffing,45719,45710,45719,9
walking,45796,45719,45796,77
climbing,45814,45796,45814,18
running,45869,45814,45869,55
stepping,45920,45869,45920,51
sniffing,45921,45920,45921,1
walking,45930,45921,45930,9
sniffing,45931,45930,45931,1
rising,45970,45931,45970,39
sniffing,46035,45970,46035,65
walking,46074,46035,46074,39
sniffing,46138,46074,46138,64
left_turning,46190,46138,46190,52
climbing,46256,46190,46256,66
walking,46257,46256,46257,1
left_turning,46258,46257,46258,1
sniffing,46270,46258,46270,12
rising,46304,46270,46304,34
sniffing,46367,46304,46367,63
right_turning,46422,46367,46422,55
sniffing,46423,46422,46423,1
trotting,46424,46423,46424,1
sniffing,46450,46424,46450,26
stepping,46481,46450,46481,31
left_turning,46494,46481,46494,13
walking,46504,46494,46504,10
trotting,46523,46504,46523,19
stepping,46597,46523,46597,74
walking,46608,46597,46608,11
trotting,46609,46608,46609,1
stepping,46610,46609,46610,1
climbing,46648,46610,46648,38
rising,46673,46648,46673,25
sniffing,46674,46673,46674,1
right_turning,46678,46674,46678,4
sniffing,46693,46678,46693,15
running,46738,46693,46738,45
rearing,46739,46738,46739,1
left_turning,46740,46739,46740,1
rising,46741,46740,46741,1
rearing,46775,46741,46775,34
walking,46783,46775,46783,8
trotting,46805,46783,46805,22
sniffing,46821,46805,46821,16
walking,46825,46821,46825,4
trotting,46855,46825,46855,30
sniffing,46856,46855,46856,1
rising,46909,46856,46909,53
climbing,46928,46909,46928,19
rising,46929,46928,46929,1
jumping,47022,46929,47022,93
grooming,47148,47022,47148,126
rearing,47210,47148,47210,62
hunching,47211,47210,47211,1
sniffing,47229,47211,47229,18
climbing,47243,47229,47243,14
hunching,47293,47243,47293,50
right_turning,47297,47293,47297,4
walking,47332,47297,47332,35
sniffing,47395,47332,47395,63
rising,47417,47395,47417,22
sniffing,47456,47417,47456,39
walking,47471,47456,47471,15
sniffing,47526,47471,47526,55
rising,47527,47526,47527,1
walking,47556,47527,47556,29
climbing,47625,47556,47625,69
walking,47673,47625,47673,48
stepping,47675,47673,47675,2
trotting,47705,47675,47705,30
left_turning,47745,47705,47745,40
trotting,47802,47745,47802,57
sniffing,47803,47802,47803,1
left_turning,47824,47803,47824,21
walking,47830,47824,47830,6
climbing,47856,47830,47856,26
sniffing,47898,47856,47898,42
pausing,48238,47898,48238,340
sniffing,48243,48238,48243,5
left_turning,48280,48243,48280,37
climbing,48293,48280,48293,13
walking,48317,48293,48317,24
rising,48321,48317,48321,4
climbing,48370,48321,48370,49
walking,48397,48370,48397,27
sniffing,48468,48397,48468,71
walking,48482,48468,48482,14
sniffing,48601,48482,48601,119
rearing,48737,48601,48737,136
hunching,48811,48737,48811,74
sniffing,48873,48811,48873,62
climbing,49000,48873,49000,127
rising,49001,49000,49001,1
climbing,49047,49001,49047,46
rising,49100,49047,49100,53
hunching,49112,49100,49112,12
sniffing,49164,49112,49164,52
walking,49192,49164,49192,28
sniffing,49279,49192,49279,87
right_turning,49328,49279,49328,49
rising,49414,49328,49414,86
sniffing,49415,49414,49415,1
climbing,49458,49415,49458,43
sniffing,49471,49458,49471,13
rising,49508,49471,49508,37
walking,49524,49508,49524,16
sniffing,49558,49524,49558,34
left_turning,49583,49558,49583,25
walking,49613,49583,49613,30
rearing,49614,49613,49614,1
stepping,49618,49614,49618,4
sniffing,49670,49618,49670,52
rising,49681,49670,49681,11
climbing,49733,49681,49733,52
sniffing,49734,49733,49734,1
rearing,49926,49734,49926,192
climbing,49960,49926,49960,34
trotting,49989,49960,49989,29
stepping,49999,49989,49999,10
rising,50044,49999,50044,45
hunching,50254,50044,50254,210
left_turning,50322,50254,50322,68
sniffing,50329,50322,50329,7
rearing,50354,50329,50354,25
rising,50361,50354,50361,7
sniffing,50395,50361,50395,34
trotting,50439,50395,50439,44
rising,50559,50439,50559,120
climbing,50565,50559,50565,6
walking,50591,50565,50591,26
rising,50830,50591,50830,239
rearing,50862,50830,50862,32
sniffing,50888,50862,50888,26
rising,50889,50888,50889,1
walking,50934,50889,50934,45
stepping,50935,50934,50935,1
walking,50968,50935,50968,33
sniffing,51099,50968,51099,131
left_turning,51100,51099,51100,1
sniffing,51120,51100,51120,20
left_turning,51121,51120,51121,1
sniffing,51122,51121,51122,1
hunching,51217,51122,51217,95
stepping,51233,51217,51233,16
rising,51288,51233,51288,55
sniffing,51319,51288,51319,31
left_turning,51420,51319,51420,101
sniffing,51501,51420,51501,81
left_turning,51540,51501,51540,39
sniffing,51598,51540,51598,58
rising,51648,51598,51648,50
sniffing,51758,51648,51758,110
walking,51801,51758,51801,43
sniffing,51841,51801,51841,40
trotting,51872,51841,51872,31
climbing,51898,51872,51898,26
hunching,51988,51898,51988,90
climbing,52010,51988,52010,22
left_turning,52016,52010,52016,6
walking,52088,52016,52088,72
rising,52091,52088,52091,3
sniffing,52144,52091,52144,53
rising,52239,52144,52239,95
sniffing,52272,52239,52272,33
walking,52287,52272,52287,15
trotting,52350,52287,52350,63
walking,52398,52350,52398,48
sniffing,52399,52398,52399,1
left_turning,52400,52399,52400,1
sniffing,52401,52400,52401,1
stepping,52419,52401,52419,18
sniffing,52478,52419,52478,59
rearing,52526,52478,52526,48
rising,52600,52526,52600,74
climbing,52639,52600,52639,39
stepping,52642,52639,52642,3
trotting,52703,52642,52703,61
stepping,52745,52703,52745,42
rising,52808,52745,52808,63
sniffing,52885,52808,52885,77
left_turning,52886,52885,52886,1
stepping,52896,52886,52896,10
sniffing,52897,52896,52897,1
walking,52930,52897,52930,33
rising,52931,52930,52931,1
sniffing,52973,52931,52973,42
hunching,53031,52973,53031,58
rising,53051,53031,53051,20
rearing,53085,53051,53085,34
sniffing,53203,53085,53203,118
walking,53228,53203,53228,25
left_turning,53229,53228,53229,1
sniffing,53267,53229,53267,38
left_turning,53306,53267,53306,39
sniffing,53361,53306,53361,55
rising,53362,53361,53362,1
rearing,53369,53362,53369,7
left_turning,53384,53369,53384,15
walking,53385,53384,53385,1
sniffing,53492,53385,53492,107
stepping,53503,53492,53503,11
sniffing,53557,53503,53557,54
hunching,53633,53557,53633,76
sniffing,53684,53633,53684,51
climbing,53750,53684,53750,66
rearing,53773,53750,53773,23
climbing,53784,53773,53784,11
rearing,53856,53784,53856,72
sniffing,53866,53856,53866,10
right_turning,53900,53866,53900,34
walking,53950,53900,53950,50
sniffing,53951,53950,53951,1
pausing,54254,53951,54254,303
sniffing,54255,54254,54255,1
trotting,54262,54255,54262,7
running,54291,54262,54291,29
rising,54309,54291,54309,18
left_turning,54345,54309,54345,36
sniffing,54346,54345,54346,1
walking,54383,54346,54383,37
stepping,54405,54383,54405,22
rising,54426,54405,54426,21
climbing,54482,54426,54482,56
sniffing,54544,54482,54544,62
walking,54594,54544,54594,50
climbing,54637,54594,54637,43
sniffing,54687,54637,54687,50
walking,54730,54687,54730,43
left_turning,54731,54730,54731,1
running,54754,54731,54754,23
walking,54759,54754,54759,5
sniffing,54784,54759,54784,25
rearing,54815,54784,54815,31
grooming,54987,54815,54987,172
hunching,55077,54987,55077,90
sniffing,55078,55077,55078,1
rising,55079,55078,55079,1
walking,55080,55079,55080,1
sniffing,55104,55080,55104,24
left_turning,55112,55104,55112,8
sniffing,55172,55112,55172,60
climbing,55223,55172,55223,51
running,55225,55223,55225,2
stepping,55247,55225,55247,22
rising,55248,55247,55248,1
walking,55285,55248,55285,37
sniffing,55309,55285,55309,24
right_turning,55315,55309,55315,6
stepping,55343,55315,55343,28
left_turning,55364,55343,55364,21
sniffing,55431,55364,55431,67
rising,55478,55431,55478,47
sniffing,55541,55478,55541,63
climbing,55567,55541,55567,26
grooming,55694,55567,55694,127
walking,55731,55694,55731,37
sniffing,55874,55731,55874,143
rising,55931,55874,55931,57
climbing,56036,55931,56036,105
sniffing,56038,56036,56038,2
rising,56039,56038,56039,1
sniffing,56078,56039,56078,39
rising,56079,56078,56079,1
walking,56107,56079,56107,28
stepping,56124,56107,56124,17
walking,56181,56124,56181,57
sniffing,56281,56181,56281,100
walking,56357,56281,56357,76
right_turning,56358,56357,56358,1
sniffing,56452,56358,56452,94
walking,56470,56452,56470,18
sniffing,56566,56470,56566,96
rising,56587,56566,56587,21
rearing,56919,56587,56919,332
rising,57028,56919,57028,109
sniffing,57104,57028,57104,76
rising,57193,57104,57193,89
walking,57248,57193,57248,55
sniffing,57317,57248,57317,69
stepping,57319,57317,57319,2
walking,57320,57319,57320,1
stepping,57335,57320,57335,15
sniffing,57432,57335,57432,97
trotting,57469,57432,57469,37
walking,57470,57469,57470,1
rising,57477,57470,57477,7
hunching,57584,57477,57584,107
grooming,57607,57584,57607,23
trotting,57629,57607,57629,22
walking,57714,57629,57714,85
sniffing,57715,57714,57715,1
left_turning,57737,57715,57737,22
walking,57764,57737,57764,27
rising,57765,57764,57765,1
climbing,57831,57765,57831,66
rising,57963,57831,57963,132
sniffing,57965,57963,57965,2
trotting,58010,57965,58010,45
left_turning,58057,58010,58057,47
sniffing,58089,58057,58089,32
left_turning,58118,58089,58118,29
sniffing,58168,58118,58168,50
stepping,58217,58168,58217,49
trotting,58227,58217,58227,10
sniffing,58249,58227,58249,22
walking,58272,58249,58272,23
sniffing,58276,58272,58276,4
climbing,58285,58276,58285,9
sniffing,58315,58285,58315,30
walking,58324,58315,58324,9
sniffing,58325,58324,58325,1
right_turning,58327,58325,58327,2
sniffing,58337,58327,58337,10
right_turning,58385,58337,58385,48
walking,58398,58385,58398,13
climbing,58444,58398,58444,46
rising,58445,58444,58445,1
jumping,58507,58445,58507,62
hunching,58609,58507,58609,102
sniffing,58610,58609,58610,1
walking,58615,58610,58615,5
sniffing,58670,58615,58670,55
left_turning,58685,58670,58685,15
hunching,58782,58685,58782,97
sniffing,58783,58782,58783,1
walking,58828,58783,58828,45
climbing,58881,58828,58881,53
rising,58959,58881,58959,78
right_turning,58976,58959,58976,17
walking,59025,58976,59025,49
sniffing,59099,59025,59099,74
left_turning,59150,59099,59150,51
walking,59190,59150,59190,40
sniffing,59231,59190,59231,41
left_turning,59256,59231,59256,25
walking,59349,59256,59349,93
left_turning,59412,59349,59412,63
walking,59425,59412,59425,13
climbing,59474,59425,59474,49
grooming,60022,59474,60022,548
sniffing,60023,60022,60023,1
climbing,60088,60023,60088,65
rising,60453,60088,60453,365
sniffing,60602,60453,60602,149
left_turning,60610,60602,60610,8
rising,60611,60610,60611,1
sniffing,60637,60611,60637,26
hunching,60719,60637,60719,82
rising,60792,60719,60792,73
left_turning,60839,60792,60839,47
sniffing,60840,60839,60840,1
rearing,60841,60840,60841,1
sniffing,61006,60841,61006,165
left_turning,61007,61006,61007,1
stepping,61051,61007,61051,44
sniffing,61160,61051,61160,109
walking,61193,61160,61193,33
climbing,61243,61193,61243,50
sniffing,61272,61243,61272,29
right_turning,61273,61272,61273,1
stepping,61334,61273,61334,61
sniffing,61335,61334,61335,1
hunching,61398,61335,61398,63
right_turning,61399,61398,61399,1
left_turning,61449,61399,61449,50
stepping,61488,61449,61488,39
sniffing,61495,61488,61495,7
walking,61496,61495,61496,1
rising,61556,61496,61556,60
rearing,61582,61556,61582,26
rising,61583,61582,61583,1
right_turning,61635,61583,61635,52
trotting,61663,61635,61663,28
walking,61704,61663,61704,41
sniffing,61778,61704,61778,74
rearing,61779,61778,61779,1
rising,61780,61779,61780,1
climbing,61842,61780,61842,62
sniffing,62010,61842,62010,168
hunching,62037,62010,62037,27
right_turning,62043,62037,62043,6
climbing,62092,62043,62092,49
sniffing,62149,62092,62149,57
right_turning,62170,62149,62170,21
walking,62210,62170,62210,40
trotting,62239,62210,62239,29
walking,62264,62239,62264,25
climbing,62265,62264,62265,1
rearing,62296,62265,62296,31
left_turning,62297,62296,62297,1
sniffing,62350,62297,62350,53
trotting,62382,62350,62382,32
sniffing,62404,62382,62404,22
rising,62437,62404,62437,33
climbing,62484,62437,62484,47
sniffing,62537,62484,62537,53
rising,62542,62537,62542,5
walking,62550,62542,62550,8
sniffing,62602,62550,62602,52
walking,62679,62602,62679,77
running,62701,62679,62701,22
walking,62749,62701,62749,48
sniffing,62857,62749,62857,108
stepping,62858,62857,62858,1
rising,62890,62858,62890,32
climbing,62953,62890,62953,63
rising,62954,62953,62954,1
sniffing,62986,62954,62986,32
stepping,63004,62986,63004,18
walking,63015,63004,63015,11
left_turning,63016,63015,63016,1
stepping,63045,63016,63045,29
sniffing,63125,63045,63125,80
rising,63131,63125,63131,6
rearing,63238,63131,63238,107
grooming,63239,63238,63239,1
sniffing,63254,63239,63254,15
hunching,63322,63254,63322,68
rising,63323,63322,63323,1
sniffing,63412,63323,63412,89
rearing,63511,63412,63511,99
rising,63518,63511,63518,7
climbing,63550,63518,63550,32
sniffing,63591,63550,63591,41
walking,63608,63591,63608,17
hunching,63787,63608,63787,179
right_turning,63812,63787,63812,25
sniffing,63816,63812,63816,4
rising,63899,63816,63899,83
walking,63925,63899,63925,26
sniffing,63979,63925,63979,54
walking,63995,63979,63995,16
rearing,64029,63995,64029,34
walking,64052,64029,64052,23
sniffing,64053,64052,64053,1
right_turning,64067,64053,64067,14
walking,64068,64067,64068,1
sniffing,64069,64068,64069,1
rising,64071,64069,64071,2
grooming,64117,64071,64117,46
sniffing,64224,64117,64224,107
stepping,64289,64224,64289,65
sniffing,64290,64289,64290,1
walking,64323,64290,64323,33
stepping,64324,64323,64324,1
hunching,64325,64324,64325,1
climbing,64403,64325,64403,78
rising,64473,64403,64473,70
climbing,64527,64473,64527,54
walking,64576,64527,64576,49
trotting,64606,64576,64606,30
stepping,64607,64606,64607,1
sniffing,64616,64607,64616,9
hunching,64617,64616,64617,1
rising,64618,64617,64618,1
sniffing,64700,64618,64700,82
right_turning,64706,64700,64706,6
trotting,64726,64706,64726,20
left_turning,64754,64726,64754,28
sniffing,64853,64754,64853,99
climbing,64886,64853,64886,33
rising,64922,64886,64922,36
climbing,64965,64922,64965,43
running,64975,64965,64975,10
rising,64976,64975,64976,1
right_turning,64993,64976,64993,17
walking,64994,64993,64994,1
trotting,65039,64994,65039,45
rising,65040,65039,65040,1
walking,65046,65040,65046,6
sniffing,65119,65046,65119,73
climbing,65131,65119,65131,12
trotting,65132,65131,65132,1
sniffing,65155,65132,65155,23
rising,65184,65155,65184,29
climbing,65307,65184,65307,123
running,65313,65307,65313,6
stepping,65347,65313,65347,34
rising,65391,65347,65391,44
climbing,65487,65391,65487,96
rearing,65564,65487,65564,77
left_turning,65632,65564,65632,68
rising,65666,65632,65666,34
walking,65667,65666,65667,1
sniffing,65686,65667,65686,19
left_turning,65727,65686,65727,41
trotting,65761,65727,65761,34
walking,65801,65761,65801,40
sniffing,65841,65801,65841,40
rising,65842,65841,65842,1
sniffing,65843,65842,65843,1
walking,65874,65843,65874,31
left_turning,65875,65874,65875,1
sniffing,65898,65875,65898,23
stepping,65910,65898,65910,12
sniffing,65961,65910,65961,51
climbing,66037,65961,66037,76
rising,66057,66037,66057,20
climbing,66093,66057,66093,36
rearing,66260,66093,66260,167
hunching,66261,66260,66261,1
rising,66336,66261,66336,75
climbing,66453,66336,66453,117
right_turning,66471,66453,66471,18
walking,66478,66471,66478,7
stepping,66479,66478,66479,1
walking,66484,66479,66484,5
sniffing,66545,66484,66545,61
right_turning,66582,66545,66582,37
running,66615,66582,66615,33
walking,66650,66615,66650,35
trotting,66681,66650,66681,31
stepping,66696,66681,66696,15
sniffing,66758,66696,66758,62
walking,66807,66758,66807,49
rising,66826,66807,66826,19
sniffing,66878,66826,66878,52
grooming,66879,66878,66879,1
right_turning,66924,66879,66924,45
trotting,66953,66924,66953,29
stepping,67002,66953,67002,49
sniffing,67003,67002,67003,1
pausing,67153,67003,67153,150
sniffing,67197,67153,67197,44
stepping,67224,67197,67224,27
right_turning,67247,67224,67247,23
walking,67273,67247,67273,26
sniffing,67311,67273,67311,38
climbing,67351,67311,67351,40
right_turning,67352,67351,67352,1
sniffing,67403,67352,67403,51
grooming,67404,67403,67404,1
left_turning,67437,67404,67437,33
sniffing,67438,67437,67438,1
walking,67480,67438,67480,42
running,67481,67480,67481,1
walking,67482,67481,67482,1
sniffing,67516,67482,67516,34
climbing,67594,67516,67594,78
sniffing,67749,67594,67749,155
walking,67765,67749,67765,16
sniffing,67935,67765,67935,170
walking,67971,67935,67971,36
sniffing,68027,67971,68027,56
walking,68042,68027,68042,15
rising,68043,68042,68043,1
walking,68097,68043,68097,54
stepping,68105,68097,68105,8
walking,68106,68105,68106,1
left_turning,68159,68106,68159,53
sniffing,68192,68159,68192,33
right_turning,68193,68192,68193,1
walking,68236,68193,68236,43
rearing,68450,68236,68450,214
climbing,68451,68450,68451,1
hunching,68517,68451,68517,66
grooming,68964,68517,68964,447
hunching,68965,68964,68965,1
grooming,68966,68965,68966,1
sniffing,68993,68966,68993,27
rising,68994,68993,68994,1
sniffing,69019,68994,69019,25
rising,69051,69019,69051,32
left_turning,69054,69051,69054,3
walking,69083,69054,69083,29
sniffing,69194,69083,69194,111
walking,69195,69194,69195,1
rising,69196,69195,69196,1
grooming,69583,69196,69583,387
hunching,69584,69583,69584,1
climbing,69612,69584,69612,28
grooming,69882,69612,69882,270
sniffing,69958,69882,69958,76
left_turning,69959,69958,69959,1
walking,69960,69959,69960,1
trotting,70011,69960,70011,51
rising,70047,70011,70047,36
rearing,70089,70047,70089,42
climbing,70127,70089,70127,38
grooming,70128,70127,70128,1
sniffing,70219,70128,70219,91
left_turning,70270,70219,70270,51
sniffing,70375,70270,70375,105
walking,70388,70375,70388,13
stepping,70420,70388,70420,32
walking,70478,70420,70478,58
climbing,70553,70478,70553,75
right_turning,70578,70553,70578,25
trotting,70643,70578,70643,65
sniffing,70715,70643,70715,72
rising,70724,70715,70724,9
rearing,70826,70724,70826,102
rising,71177,70826,71177,351
sniffing,71178,71177,71178,1
climbing,71255,71178,71255,77
left_turning,71316,71255,71316,61
stepping,71343,71316,71343,27
left_turning,71353,71343,71353,10
running,71386,71353,71386,33
climbing,71387,71386,71387,1
trotting,71436,71387,71436,49
sniffing,71457,71436,71457,21
climbing,71502,71457,71502,45
sniffing,71562,71502,71562,60
rising,71563,71562,71563,1
sniffing,71677,71563,71677,114
walking,71725,71677,71725,48
sniffing,71726,71725,71726,1
climbing,71795,71726,71795,69
rising,71803,71795,71803,8
sniffing,71828,71803,71828,25
rising,71879,71828,71879,51
right_turning,71900,71879,71900,21
running,71902,71900,71902,2
walking,71903,71902,71903,1
trotting,71910,71903,71910,7
walking,71941,71910,71941,31
climbing,71963,71941,71963,22
right_turning,71991,71963,71991,28
stepping,71998,71991,71998,7
trotting,72035,71998,72035,37
walking,72036,72035,72036,1
sniffing,72113,72036,72113,77
left_turning,72114,72113,72114,1
trotting,72162,72114,72162,48
climbing,72234,72162,72234,72
right_turning,72251,72234,72251,17
hunching,72344,72251,72344,93
climbing,72345,72344,72345,1
sniffing,72468,72345,72468,123
grooming,72469,72468,72469,1
sniffing,72535,72469,72535,66
walking,72562,72535,72562,27
stepping,72594,72562,72594,32
rising,72632,72594,72632,38
climbing,72698,72632,72698,66
left_turning,72765,72698,72765,67
rearing,72838,72765,72838,73
sniffing,72839,72838,72839,1
walking,72854,72839,72854,15
sniffing,72855,72854,72855,1
right_turning,72867,72855,72867,12
trotting,72882,72867,72882,15
rising,72893,72882,72893,11
climbing,72899,72893,72899,6
sniffing,72979,72899,72979,80
walking,73020,72979,73020,41
rising,73192,73020,73192,172
climbing,73213,73192,73213,21
rising,73214,73213,73214,1
sniffing,73215,73214,73215,1
walking,73225,73215,73225,10
sniffing,73280,73225,73280,55
climbing,73285,73280,73285,5
right_turning,73287,73285,73287,2
running,73298,73287,73298,11
walking,73351,73298,73351,53
climbing,73403,73351,73403,52
walking,73435,73403,73435,32
sniffing,73468,73435,73468,33
rising,73478,73468,73478,10
climbing,73479,73478,73479,1
hunching,73491,73479,73491,12
right_turning,73495,73491,73495,4
sniffing,73505,73495,73505,10
rising,73571,73505,73571,66
sniffing,73617,73571,73617,46
walking,73626,73617,73626,9
stepping,73670,73626,73670,44
walking,73710,73670,73710,40
sniffing,73711,73710,73711,1
rising,73751,73711,73751,40
rearing,73853,73751,73853,102
rising,73879,73853,73879,26
climbing,73904,73879,73904,25
trotting,73905,73904,73905,1
sniffing,73961,73905,73961,56
right_turning,73962,73961,73962,1
stepping,73978,73962,73978,16
walking,74012,73978,74012,34
sniffing,74068,74012,74068,56
trotting,74099,74068,74099,31
stepping,74105,74099,74105,6
left_turning,74129,74105,74129,24
trotting,74141,74129,74141,12
sniffing,74209,74141,74209,68
rearing,74210,74209,74210,1
grooming,74341,74210,74341,131
hunching,74342,74341,74342,1
grooming,74449,74342,74449,107
hunching,74450,74449,74450,1
rearing,74451,74450,74451,1
left_turning,74452,74451,74452,1
sniffing,74485,74452,74485,33
trotting,74537,74485,74537,52
left_turning,74580,74537,74580,43
walking,74587,74580,74587,7
left_turning,74610,74587,74610,23
trotting,74618,74610,74618,8
sniffing,74806,74618,74806,188
left_turning,74818,74806,74818,12
walking,74827,74818,74827,9
sniffing,74982,74827,74982,155
walking,75033,74982,75033,51
rising,75068,75033,75068,35
sniffing,75092,75068,75092,24
stepping,75099,75092,75099,7
rising,75100,75099,75100,1
walking,75116,75100,75116,16
sniffing,75165,75116,75165,49
rising,75184,75165,75184,19
walking,75201,75184,75201,17
sniffing,75297,75201,75297,96
rising,75298,75297,75298,1
walking,75358,75298,75358,60
climbing,75376,75358,75376,18
hunching,75418,75376,75418,42
grooming,75823,75418,75823,405
rearing,75854,75823,75854,31
rising,75943,75854,75943,89
rearing,75990,75943,75990,47
sniffing,76064,75990,76064,74
climbing,76122,76064,76122,58
hunching,76123,76122,76123,1
walking,76148,76123,76148,25
sniffing,76174,76148,76174,26
rising,76218,76174,76218,44
sniffing,76293,76218,76293,75
walking,76316,76293,76316,23
sniffing,76386,76316,76386,70
trotting,76440,76386,76440,54
rising,76497,76440,76497,57
trotting,76510,76497,76510,13
sniffing,76547,76510,76547,37
stepping,76616,76547,76616,69
sniffing,76681,76616,76681,65
hunching,76728,76681,76728,47
climbing,76793,76728,76793,65
rising,76820,76793,76820,27
sniffing,76855,76820,76855,35
stepping,76892,76855,76892,37
right_turning,76930,76892,76930,38
walking,76984,76930,76984,54
sniffing,76985,76984,76985,1
climbing,77019,76985,77019,34
rising,77051,77019,77051,32
sniffing,77052,77051,77052,1
walking,77053,77052,77053,1
rising,77095,77053,77095,42
walking,77172,77095,77172,77
trotting,77197,77172,77197,25
walking,77198,77197,77198,1
sniffing,77200,77198,77200,2
rearing,77325,77200,77325,125
rising,77361,77325,77361,36
climbing,77411,77361,77411,50
sniffing,77412,77411,77412,1
climbing,77450,77412,77450,38
rearing,77451,77450,77451,1
grooming,77519,77451,77519,68
rearing,77561,77519,77561,42
rising,77594,77561,77594,33
climbing,77602,77594,77602,8
sniffing,77695,77602,77695,93
walking,77727,77695,77727,32
sniffing,77744,77727,77744,17
grooming,77751,77744,77751,7
hunching,77844,77751,77844,93
sniffing,77920,77844,77920,76
hunching,77921,77920,77921,1
sniffing,77922,77921,77922,1
hunching,78033,77922,78033,111
rising,78056,78033,78056,23
climbing,78117,78056,78117,61
sniffing,78198,78117,78198,81
hunching,78591,78198,78591,393
sniffing,78663,78591,78663,72
stepping,78699,78663,78699,36
right_turning,78726,78699,78726,27
climbing,78765,78726,78765,39
right_turning,78813,78765,78813,48
trotting,78823,78813,78823,10
walking,78841,78823,78841,18
sniffing,78875,78841,78875,34
stepping,78878,78875,78878,3
sniffing,78990,78878,78990,112
rearing,79055,78990,79055,65
climbing,79083,79055,79083,28
running,79120,79083,79120,37
walking,79137,79120,79137,17
stepping,79148,79137,79148,11
walking,79205,79148,79205,57
climbing,79228,79205,79228,23
rising,79248,79228,79248,20
walking,79328,79248,79328,80
sniffing,79449,79328,79449,121
left_turning,79450,79449,79450,1
running,79452,79450,79452,2
rearing,79454,79452,79454,2
sniffing,79490,79454,79490,36
left_turning,79584,79490,79584,94
trotting,79589,79584,79589,5
walking,79662,79589,79662,73
climbing,79720,79662,79720,58
rising,79742,79720,79742,22
climbing,79769,79742,79769,27
rearing,79818,79769,79818,49
sniffing,79899,79818,79899,81
walking,79930,79899,79930,31
sniffing,80032,79930,80032,102
rising,80057,80032,80057,25
climbing,80093,80057,80093,36
rearing,80141,80093,80141,48
sniffing,80181,80141,80181,40
walking,80226,80181,80226,45
sniffing,80233,80226,80233,7
climbing,80250,80233,80250,17
walking,80285,80250,80285,35
right_turning,80293,80285,80293,8
trotting,80323,80293,80323,30
sniffing,80467,80323,80467,144
rising,80538,80467,80538,71
sniffing,80551,80538,80551,13
left_turning,80572,80551,80572,21
climbing,80573,80572,80573,1
rearing,80581,80573,80581,8
rising,80599,80581,80599,18
walking,80650,80599,80650,51
sniffing,80725,80650,80725,75
rising,80726,80725,80726,1
climbing,80842,80726,80842,116
jumping,80885,80842,80885,43
sniffing,80891,80885,80891,6
stepping,80900,80891,80900,9
walking,80943,80900,80943,43
sniffing,80958,80943,80958,15
rising,80995,80958,80995,37
sniffing,81007,80995,81007,12
right_turning,81022,81007,81022,15
left_turning,81033,81022,81033,11
walking,81034,81033,81034,1
sniffing,81141,81034,81141,107
left_turning,81146,81141,81146,5
rising,81165,81146,81165,19
sniffing,81279,81165,81279,114
walking,81303,81279,81303,24
climbing,81360,81303,81360,57
rearing,81417,81360,81417,57
rising,81472,81417,81472,55
hunching,81551,81472,81551,79
rearing,81602,81551,81602,51
walking,81633,81602,81633,31
rising,81634,81633,81634,1
left_turning,81655,81634,81655,21
trotting,81667,81655,81667,12
walking,81673,81667,81673,6
sniffing,81805,81673,81805,132
rising,81825,81805,81825,20
walking,81826,81825,81826,1
sniffing,81827,81826,81827,1
grooming,82284,81827,82284,457
rising,82285,82284,82285,1
sniffing,82334,82285,82334,49
hunching,82408,82334,82408,74
sniffing,82441,82408,82441,33
hunching,82473,82441,82473,32
climbing,82535,82473,82535,62
rising,82549,82535,82549,14
sniffing,82629,82549,82629,80
right_turning,82630,82629,82630,1
trotting,82673,82630,82673,43
sniffing,82702,82673,82702,29
rising,82756,82702,82756,54
rearing,82807,82756,82807,51
rising,82864,82807,82864,57
stepping,82903,82864,82903,39
hunching,82904,82903,82904,1
walking,82991,82904,82991,87
stepping,83083,82991,83083,92
rising,83084,83083,83084,1
rearing,83266,83084,83266,182
rising,83326,83266,83326,60
sniffing,83372,83326,83372,46
grooming,84026,83372,84026,654
sniffing,84027,84026,84027,1
walking,84079,84027,84079,52
sniffing,84096,84079,84096,17
rising,84141,84096,84141,45
sniffing,84284,84141,84284,143
rising,84332,84284,84332,48
climbing,84363,84332,84363,31
sniffing,84364,84363,84364,1
left_turning,84386,84364,84386,22
walking,84422,84386,84422,36
left_turning,84432,84422,84432,10
walking,84435,84432,84435,3
sniffing,84436,84435,84436,1
climbing,84534,84436,84534,98
rising,84620,84534,84620,86
climbing,84621,84620,84621,1
sniffing,84622,84621,84622,1
walking,84623,84622,84623,1
sniffing,84652,84623,84652,29
stepping,84653,84652,84653,1
climbing,84711,84653,84711,58
rearing,84782,84711,84782,71
grooming,85098,84782,85098,316
rising,85199,85098,85199,101
rearing,85297,85199,85297,98
sniffing,85368,85297,85368,71
rising,85405,85368,85405,37
grooming,85406,85405,85406,1
rising,85410,85406,85410,4
grooming,85553,85410,85553,143
walking,85554,85553,85554,1
rising,85655,85554,85655,101
sniffing,85763,85655,85763,108
walking,85810,85763,85810,47
rising,85817,85810,85817,7
climbing,85872,85817,85872,55
rising,85897,85872,85897,25
climbing,85926,85897,85926,29
rearing,85959,85926,85959,33
right_turning,85988,85959,85988,29
sniffing,85996,85988,85996,8
right_turning,85997,85996,85997,1
sniffing,86056,85997,86056,59
climbing,86086,86056,86086,30
walking,86122,86086,86122,36
trotting,86136,86122,86136,14
sniffing,86160,86136,86160,24
left_turning,86236,86160,86236,76
sniffing,86324,86236,86324,88
stepping,86351,86324,86351,27
trotting,86367,86351,86367,16
rising,86390,86367,86390,23
rearing,86391,86390,86391,1
walking,86437,86391,86437,46
rising,86519,86437,86519,82
sniffing,86620,86519,86620,101
right_turning,86637,86620,86637,17
trotting,86693,86637,86693,56
sniffing,86778,86693,86778,85
walking,86809,86778,86809,31
right_turning,86874,86809,86874,65
trotting,86908,86874,86908,34
rising,86943,86908,86943,35
climbing,86944,86943,86944,1
rising,87018,86944,87018,74
sniffing,87087,87018,87087,69
left_turning,87118,87087,87118,31
stepping,87162,87118,87162,44
sniffing,87164,87162,87164,2
grooming,87293,87164,87293,129
left_turning,87324,87293,87324,31
running,87348,87324,87348,24
trotting,87351,87348,87351,3
walking,87374,87351,87374,23
stepping,87380,87374,87380,6
left_turning,87476,87380,87476,96
sniffing,87505,87476,87505,29
left_turning,87506,87505,87506,1
sniffing,87528,87506,87528,22
rising,87532,87528,87532,4
climbing,87535,87532,87535,3
rearing,87536,87535,87536,1
rising,87537,87536,87537,1
sniffing,87586,87537,87586,49
right_turning,87630,87586,87630,44
sniffing,87644,87630,87644,14
rising,87693,87644,87693,49
sniffing,87806,87693,87806,113
walking,87856,87806,87856,50
trotting,87881,87856,87881,25
walking,87902,87881,87902,21
trotting,87908,87902,87908,6
walking,87949,87908,87949,41
stepping,87984,87949,87984,35
walking,88018,87984,88018,34
sniffing,88096,88018,88096,78
rising,88116,88096,88116,20
climbing,88192,88116,88192,76
sniffing,88193,88192,88193,1
left_turning,88237,88193,88237,44
walking,88261,88237,88261,24
left_turning,88330,88261,88330,69
rising,88333,88330,88333,3
climbing,88357,88333,88357,24
walking,88419,88357,88419,62
rising,88450,88419,88450,31
sniffing,88461,88450,88461,11
hunching,88554,88461,88554,93
sniffing,88577,88554,88577,23
rising,88578,88577,88578,1
sniffing,88621,88578,88621,43
climbing,88654,88621,88654,33
sniffing,88655,88654,88655,1
right_turning,88676,88655,88676,21
walking,88683,88676,88683,7
climbing,88692,88683,88692,9
sniffing,88726,88692,88726,34
left_turning,88809,88726,88809,83
walking,88818,88809,88818,9
rising,88827,88818,88827,9
climbing,88831,88827,88831,4
sniffing,88832,88831,88832,1
trotting,88859,88832,88859,27
sniffing,89007,88859,89007,148
hunching,89067,89007,89067,60
sniffing,89148,89067,89148,81
climbing,89188,89148,89188,40
sniffing,89189,89188,89189,1
left_turning,89204,89189,89204,15
walking,89226,89204,89226,22
stepping,89283,89226,89283,57
rising,89394,89283,89394,111
sniffing,89395,89394,89395,1
rising,89449,89395,89449,54
rearing,89576,89449,89576,127
climbing,89601,89576,89601,25
rising,89644,89601,89644,43
sniffing,89645,89644,89645,1
pausing,89752,89645,89752,107
sniffing,89783,89752,89783,31
rearing,89859,89783,89859,76
running,89860,89859,89860,1
sniffing,89861,89860,89861,1
left_turning,89906,89861,89906,45
rising,89938,89906,89938,32
climbing,89966,89938,89966,28
rising,90015,89966,90015,49
sniffing,90047,90015,90047,32
rising,90075,90047,90075,28
rearing,90090,90075,90090,15
sniffing,90111,90090,90111,21
rising,90112,90111,90112,1
sniffing,90113,90112,90113,1
rising,90136,90113,90136,23
climbing,90172,90136,90172,36
rising,90226,90172,90226,54
rearing,90280,90226,90280,54
sniffing,90476,90280,90476,196
left_turning,90477,90476,90477,1
sniffing,90562,90477,90562,85
climbing,90650,90562,90650,88
sniffing,90660,90650,90660,10
walking,90704,90660,90704,44
rising,90707,90704,90707,3
climbing,90784,90707,90784,77
sniffing,90785,90784,90785,1
trotting,90797,90785,90797,12
sniffing,90836,90797,90836,39
rising,90888,90836,90888,52
walking,90905,90888,90905,17
sniffing,90946,90905,90946,41
left_turning,90992,90946,90992,46
trotting,90996,90992,90996,4
sniffing,91091,90996,91091,95
hunching,91153,91091,91153,62
rearing,91215,91153,91215,62
left_turning,91216,91215,91216,1
sniffing,91217,91216,91217,1
hunching,91281,91217,91281,64
rearing,91282,91281,91282,1
grooming,91283,91282,91283,1
rearing,91305,91283,91305,22
sniffing,91339,91305,91339,34
rising,91390,91339,91390,51
rearing,91455,91390,91455,65
rising,91510,91455,91510,55
climbing,91562,91510,91562,52
right_turning,91593,91562,91593,31
sniffing,91669,91593,91669,76
hunching,91713,91669,91713,44
sniffing,91800,91713,91800,87
rearing,91801,91800,91801,1
rising,91891,91801,91891,90
walking,91964,91891,91964,73
stepping,92022,91964,92022,58
left_turning,92080,92022,92080,58
sniffing,92081,92080,92081,1
walking,92308,92081,92308,227
sniffing,92359,92308,92359,51
walking,92369,92359,92369,10
rising,92376,92369,92376,7
climbing,92381,92376,92381,5
sniffing,92397,92381,92397,16
grooming,92414,92397,92414,17
sniffing,92598,92414,92598,184
pausing,92599,92598,92599,1
sniffing,92718,92599,92718,119
pausing,93050,92718,93050,332
sniffing,93051,93050,93051,1
walking,93068,93051,93068,17
stepping,93080,93068,93080,12
walking,93127,93080,93127,47
sniffing,93190,93127,93190,63
hunching,93237,93190,93237,47
sniffing,93238,93237,93238,1
grooming,93583,93238,93583,345
rearing,93627,93583,93627,44
rising,93651,93627,93651,24
left_turning,93654,93651,93654,3
walking,93661,93654,93661,7
sniffing,93675,93661,93675,14
left_turning,93713,93675,93713,38
sniffing,93790,93713,93790,77
grooming,94142,93790,94142,352
rising,94147,94142,94147,5
climbing,94163,94147,94163,16
sniffing,94210,94163,94210,47
walking,94225,94210,94225,15
stepping,94242,94225,94242,17
walking,94263,94242,94263,21
rising,94264,94263,94264,1
grooming,94331,94264,94331,67
rearing,94384,94331,94384,53
rising,94385,94384,94385,1
sniffing,94399,94385,94399,14
rising,94400,94399,94400,1
climbing,94478,94400,94478,78
walking,94479,94478,94479,1
sniffing,94552,94479,94552,73
walking,94604,94552,94604,52
hunching,94688,94604,94688,84
rising,94752,94688,94752,64
climbing,94829,94752,94829,77
rearing,94830,94829,94830,1
pausing,94917,94830,94917,87
rearing,94969,94917,94969,52
sniffing,94981,94969,94981,12
left_turning,95011,94981,95011,30
trotting,95048,95011,95048,37
left_turning,95111,95048,95111,63
rising,95112,95111,95112,1
walking,95133,95112,95133,21
stepping,95187,95133,95187,54
climbing,95196,95187,95196,9
rearing,95263,95196,95263,67
climbing,95290,95263,95290,27
left_turning,95338,95290,95338,48
walking,95351,95338,95351,13
sniffing,95384,95351,95384,33
walking,95433,95384,95433,49
rising,95444,95433,95444,11
sniffing,95460,95444,95460,16
right_turning,95479,95460,95479,19
walking,95581,95479,95581,102
left_turning,95582,95581,95582,1
sniffing,95633,95582,95633,51
trotting,95666,95633,95666,33
rising,95667,95666,95667,1
climbing,95701,95667,95701,34
sniffing,95792,95701,95792,91
walking,95804,95792,95804,12
sniffing,95837,95804,95837,33
rising,95887,95837,95887,50
walking,95929,95887,95929,42
rising,95930,95929,95930,1
climbing,95986,95930,95986,56
trotting,96000,95986,96000,14
walking,96058,96000,96058,58
sniffing,96063,96058,96063,5
walking,96123,96063,96123,60
rearing,96130,96123,96130,7
rising,96132,96130,96132,2
climbing,96163,96132,96163,31
sniffing,96180,96163,96180,17
rising,96202,96180,96202,22
walking,96231,96202,96231,29
sniffing,96282,96231,96282,51
rising,96283,96282,96283,1
rearing,96345,96283,96345,62
climbing,96408,96345,96408,63
rearing,96457,96408,96457,49
climbing,96516,96457,96516,59
rearing,96551,96516,96551,35
left_turning,96578,96551,96578,27
sniffing,96579,96578,96579,1
left_turning,96580,96579,96580,1
walking,96648,96580,96648,68
stepping,96673,96648,96673,25
hunching,96674,96673,96674,1
grooming,96791,96674,96791,117
sniffing,96855,96791,96855,64
climbing,96885,96855,96885,30
rising,96914,96885,96914,29
climbing,96924,96914,96924,10
rising,96967,96924,96967,43
hunching,96992,96967,96992,25
climbing,97066,96992,97066,74
sniffing,97088,97066,97088,22
rising,97156,97088,97156,68
sniffing,97168,97156,97168,12
rising,97218,97168,97218,50
right_turning,97249,97218,97249,31
sniffing,97279,97249,97279,30
climbing,97280,97279,97280,1
sniffing,97397,97280,97397,117
walking,97438,97397,97438,41
stepping,97439,97438,97439,1
sniffing,97440,97439,97440,1
walking,97441,97440,97441,1
sniffing,97458,97441,97458,17
rising,97483,97458,97483,25
climbing,97508,97483,97508,25
left_turning,97592,97508,97592,84
sniffing,97813,97592,97813,221
left_turning,97817,97813,97817,4
walking,97853,97817,97853,36
climbing,97934,97853,97934,81
right_turning,97947,97934,97947,13
climbing,97991,97947,97991,44
rising,97994,97991,97994,3
climbing,98034,97994,98034,40
sniffing,98088,98034,98088,54
rising,98132,98088,98132,44
sniffing,98133,98132,98133,1
rearing,98182,98133,98182,49
sniffing,98231,98182,98231,49
walking,98269,98231,98269,38
sniffing,98290,98269,98290,21
left_turning,98294,98290,98294,4
climbing,98308,98294,98308,14
sniffing,98401,98308,98401,93
grooming,98574,98401,98574,173
climbing,98636,98574,98636,62
sniffing,98637,98636,98637,1
left_turning,98657,98637,98657,20
sniffing,98726,98657,98726,69
hunching,98727,98726,98727,1
grooming,98874,98727,98874,147
walking,98893,98874,98893,19
sniffing,98923,98893,98923,30
right_turning,98924,98923,98924,1
sniffing,98986,98924,98986,62
rising,99002,98986,99002,16
rearing,99152,99002,99152,150
stepping,99156,99152,99156,4
right_turning,99157,99156,99157,1
sniffing,99180,99157,99180,23
rising,99190,99180,99190,10
climbing,99222,99190,99222,32
sniffing,99288,99222,99288,66
left_turning,99351,99288,99351,63
rising,99352,99351,99352,1
hunching,99477,99352,99477,125
rearing,99482,99477,99482,5
hunching,99587,99482,99587,105
grooming,99802,99587,99802,215
hunching,99803,99802,99803,1
climbing,99868,99803,99868,65
sniffing,99928,99868,99928,60
climbing,99964,99928,99964,36
sniffing,99981,99964,99981,17
right_turning,99988,99981,99988,7
sniffing,100040,99988,100040,52
walking,100065,100040,100065,25
sniffing,100139,100065,100139,74
trotting,100171,100139,100171,32
sniffing,100363,100171,100363,192
rising,100364,100363,100364,1
climbing,100387,100364,100387,23
grooming,100659,100387,100659,272
left_turning,100681,100659,100681,22
walking,100765,100681,100765,84
left_turning,100766,100765,100766,1
jumping,100918,100766,100918,152
rising,100996,100918,100996,78
sniffing,100997,100996,100997,1
trotting,101017,100997,101017,20
rearing,101018,101017,101018,1
grooming,101019,101018,101019,1
climbing,101058,101019,101058,39
rearing,101143,101058,101143,85
hunching,101144,101143,101144,1
grooming,101268,101144,101268,124
pausing,101269,101268,101269,1
sniffing,101270,101269,101270,1
hunching,101399,101270,101399,129
sniffing,101468,101399,101468,69
stepping,101483,101468,101483,15
walking,101560,101483,101560,77
rising,101561,101560,101561,1
sniffing,101562,101561,101562,1
climbing,101563,101562,101563,1
rising,101672,101563,101672,109
climbing,101718,101672,101718,46
walking,101722,101718,101722,4
stepping,101731,101722,101731,9
sniffing,101917,101731,101917,186
walking,101949,101917,101949,32
sniffing,101958,101949,101958,9
rising,101959,101958,101959,1
sniffing,102015,101959,102015,56
climbing,102027,102015,102027,12
grooming,102714,102027,102714,687
rearing,102715,102714,102715,1
sniffing,102722,102715,102722,7
pausing,102723,102722,102723,1
sniffing,102724,102723,102724,1
trotting,102734,102724,102734,10
right_turning,102760,102734,102760,26
sniffing,102774,102760,102774,14
rising,102813,102774,102813,39
climbing,102863,102813,102863,50
sniffing,102914,102863,102914,51
trotting,102921,102914,102921,7
sniffing,103037,102921,103037,116
pausing,103038,103037,103038,1
sniffing,103039,103038,103039,1
rising,103079,103039,103079,40
sniffing,103190,103079,103190,111
rising,103253,103190,103253,63
climbing,103296,103253,103296,43
running,103321,103296,103321,25
walking,103382,103321,103382,61
left_turning,103393,103382,103393,11
rising,103394,103393,103394,1
grooming,103397,103394,103397,3
hunching,103398,103397,103398,1
climbing,103404,103398,103404,6
rising,103424,103404,103424,20
sniffing,103452,103424,103452,28
walking,103470,103452,103470,18
rearing,103545,103470,103545,75
climbing,103618,103545,103618,73
sniffing,103681,103618,103681,63
stepping,103682,103681,103682,1
left_turning,103733,103682,103733,51
climbing,103734,103733,103734,1
walking,103764,103734,103764,30
left_turning,103778,103764,103778,14
walking,103811,103778,103811,33
left_turning,103812,103811,103812,1
sniffing,103846,103812,103846,34
pausing,103847,103846,103847,1
sniffing,103920,103847,103920,73
left_turning,103953,103920,103953,33
climbing,103969,103953,103969,16
rearing,104051,103969,104051,82
grooming,104052,104051,104052,1
sniffing,104053,104052,104053,1
rising,104054,104053,104054,1
climbing,104115,104054,104115,61
walking,104130,104115,104130,15
right_turning,104176,104130,104176,46
trotting,104204,104176,104204,28
sniffing,104221,104204,104221,17
walking,104256,104221,104256,35
climbing,104304,104256,104304,48
rising,104305,104304,104305,1
sniffing,104344,104305,104344,39
rising,104385,104344,104385,41
sniffing,104402,104385,104402,17
rearing,104473,104402,104473,71
rising,104476,104473,104476,3
rearing,104477,104476,104477,1
rising,104478,104477,104478,1
sniffing,104567,104478,104567,89
walking,104568,104567,104568,1
sniffing,104587,104568,104587,19
rearing,104860,104587,104860,273
climbing,104883,104860,104883,23
sniffing,104956,104883,104956,73
rising,104998,104956,104998,42
rearing,105007,104998,105007,9
climbing,105011,105007,105011,4
hunching,105012,105011,105012,1
right_turning,105013,105012,105013,1
trotting,105044,105013,105044,31
sniffing,105120,105044,105120,76
rising,105190,105120,105190,70
stepping,105229,105190,105229,39
walking,105230,105229,105230,1
sniffing,105297,105230,105297,67
stepping,105322,105297,105322,25
walking,105343,105322,105343,21
sniffing,105344,105343,105344,1
hunching,105345,105344,105345,1
grooming,105346,105345,105346,1
climbing,105430,105346,105430,84
rearing,105510,105430,105510,80
rising,105562,105510,105562,52
walking,105574,105562,105574,12
climbing,105623,105574,105623,49
left_turning,105676,105623,105676,53
walking,105708,105676,105708,32
sniffing,105717,105708,105717,9
rising,105759,105717,105759,42
rearing,105760,105759,105760,1
right_turning,105787,105760,105787,27
rising,105848,105787,105848,61
climbing,105849,105848,105849,1
grooming,105850,105849,105850,1
sniffing,106013,105850,106013,163
walking,106028,106013,106028,15
climbing,106050,106028,106050,22
sniffing,106051,106050,106051,1
climbing,106084,106051,106084,33
rearing,106085,106084,106085,1
sniffing,106125,106085,106125,40
rising,106185,106125,106185,60
sniffing,106464,106185,106464,279
left_turning,106488,106464,106488,24
sniffing,106543,106488,106543,55
right_turning,106583,106543,106583,40
walking,106599,106583,106599,16
sniffing,106720,106599,106720,121
stepping,106744,106720,106744,24
sniffing,106808,106744,106808,64
rising,106811,106808,106811,3
rearing,106812,106811,106812,1
climbing,106817,106812,106817,5
walking,106818,106817,106818,1
rising,106874,106818,106874,56
climbing,106912,106874,106912,38
rising,106959,106912,106959,47
hunching,106997,106959,106997,38
grooming,106998,106997,106998,1
sniffing,107019,106998,107019,21
walking,107064,107019,107064,45
sniffing,107102,107064,107102,38
walking,107133,107102,107133,31
rising,107149,107133,107149,16
walking,107169,107149,107169,20
stepping,107202,107169,107202,33
sniffing,107261,107202,107261,59
right_turning,107298,107261,107298,37
walking,107344,107298,107344,46
rising,107353,107344,107353,9
sniffing,107485,107353,107485,132
rising,107486,107485,107486,1
climbing,107656,107486,107656,170
hunching,107696,107656,107696,40
climbing,107731,107696,107731,35
rising,107790,107731,107790,59
sniffing,107976,107790,107976,186
trotting,107992,107976,107992,16
sniffing,108000,107992,108000,8
