revised_movement_label,segBoundary,segBoundary_start,segBoundary_end,length
sniffing,7,0,7,7
left_turning,20,7,20,13
stepping,45,20,45,25
sniffing,46,45,46,1
climbing,77,46,77,31
rising,81,77,81,4
walking,119,81,119,38
sniffing,145,119,145,26
climbing,162,145,162,17
sniffing,163,162,163,1
left_turning,180,163,180,17
walking,249,180,249,69
climbing,299,249,299,50
walking,356,299,356,57
trotting,380,356,380,24
sniffing,406,380,406,26
walking,407,406,407,1
trotting,454,407,454,47
sniffing,466,454,466,12
rising,617,466,617,151
climbing,639,617,639,22
rising,640,639,640,1
climbing,651,640,651,11
left_turning,652,651,652,1
sniffing,711,652,711,59
left_turning,717,711,717,6
walking,750,717,750,33
climbing,780,750,780,30
sniffing,904,780,904,124
rising,943,904,943,39
climbing,969,943,969,26
right_turning,970,969,970,1
running,988,970,988,18
walking,1054,988,1054,66
climbing,1085,1054,1085,31
sniffing,1096,1085,1096,11
rising,1115,1096,1115,19
climbing,1163,1115,1163,48
stepping,1226,1163,1226,63
sniffing,1266,1226,1266,40
climbing,1292,1266,1292,26
walking,1308,1292,1308,16
left_turning,1309,1308,1309,1
sniffing,1358,1309,1358,49
stepping,1359,1358,1359,1
climbing,1390,1359,1390,31
trotting,1405,1390,1405,15
rising,1424,1405,1424,19
sniffing,1498,1424,1498,74
climbing,1523,1498,1523,25
walking,1550,1523,1550,27
climbing,1569,1550,1569,19
sniffing,1666,1569,1666,97
walking,1726,1666,1726,60
sniffing,1815,1726,1815,89
rising,1910,1815,1910,95
sniffing,1966,1910,1966,56
grooming,1967,1966,1967,1
rising,2056,1967,2056,89
climbing,2090,2056,2090,34
rising,2111,2090,2111,21
walking,2123,2111,2123,12
rising,2136,2123,2136,13
sniffing,2169,2136,2169,33
grooming,2170,2169,2170,1
rearing,2171,2170,2171,1
climbing,2207,2171,2207,36
sniffing,2280,2207,2280,73
right_turning,2284,2280,2284,4
trotting,2299,2284,2299,15
sniffing,2344,2299,2344,45
walking,2488,2344,2488,144
sniffing,2517,2488,2517,29
trotting,2538,2517,2538,21
rising,2539,2538,2539,1
rearing,2540,2539,2540,1
sniffing,2609,2540,2609,69
right_turning,2639,2609,2639,30
rising,2652,2639,2652,13
stepping,2669,2652,2669,17
rising,2670,2669,2670,1
sniffing,2714,2670,2714,44
rising,2728,2714,2728,14
climbing,2790,2728,2790,62
right_turning,2812,2790,2812,22
walking,2887,2812,2887,75
sniffing,2939,2887,2939,52
left_turning,2964,2939,2964,25
trotting,2989,2964,2989,25
right_turning,2998,2989,2998,9
stepping,3045,2998,3045,47
running,3080,3045,3080,35
walking,3115,3080,3115,35
sniffing,3135,3115,3135,20
rising,3206,3135,3206,71
left_turning,3207,3206,3207,1
walking,3244,3207,3244,37
climbing,3270,3244,3270,26
left_turning,3278,3270,3278,8
walking,3303,3278,3303,25
trotting,3333,3303,3333,30
sniffing,3359,3333,3359,26
climbing,3430,3359,3430,71
sniffing,3461,3430,3461,31
climbing,3489,3461,3489,28
rising,3544,3489,3544,55
rearing,3625,3544,3625,81
rising,3626,3625,3626,1
sniffing,3761,3626,3761,135
climbing,3808,3761,3808,47
walking,3809,3808,3809,1
left_turning,3850,3809,3850,41
sniffing,4031,3850,4031,181
right_turning,4045,4031,4045,14
walking,4105,4045,4105,60
sniffing,4191,4105,4191,86
climbing,4212,4191,4212,21
rising,4213,4212,4213,1
walking,4214,4213,4214,1
climbing,4252,4214,4252,38
sniffing,4340,4252,4340,88
left_turning,4344,4340,4344,4
sniffing,4395,4344,4395,51
stepping,4423,4395,4423,28
sniffing,4530,4423,4530,107
rising,4606,4530,4606,76
walking,4645,4606,4645,39
sniffing,4719,4645,4719,74
climbing,4796,4719,4796,77
rising,4827,4796,4827,31
climbing,4860,4827,4860,33
sniffing,4861,4860,4861,1
walking,4872,4861,4872,11
hunching,4946,4872,4946,74
rearing,4947,4946,4947,1
climbing,5011,4947,5011,64
sniffing,5012,5011,5012,1
left_turning,5073,5012,5073,61
sniffing,5074,5073,5074,1
trotting,5112,5074,5112,38
rising,5198,5112,5198,86
sniffing,5335,5198,5335,137
rising,5336,5335,5336,1
climbing,5411,5336,5411,75
left_turning,5430,5411,5430,19
sniffing,5463,5430,5463,33
trotting,5511,5463,5511,48
sniffing,5512,5511,5512,1
stepping,5538,5512,5538,26
sniffing,5634,5538,5634,96
rising,5703,5634,5703,69
climbing,5750,5703,5750,47
left_turning,5791,5750,5791,41
climbing,5852,5791,5852,61
sniffing,5881,5852,5881,29
trotting,5889,5881,5889,8
left_turning,5924,5889,5924,35
walking,5991,5924,5991,67
sniffing,5992,5991,5992,1
climbing,6028,5992,6028,36
walking,6040,6028,6040,12
trotting,6056,6040,6056,16
left_turning,6068,6056,6068,12
sniffing,6069,6068,6069,1
rearing,6093,6069,6093,24
sniffing,6128,6093,6128,35
climbing,6165,6128,6165,37
rising,6226,6165,6226,61
sniffing,6256,6226,6256,30
rising,6258,6256,6258,2
trotting,6292,6258,6292,34
sniffing,6307,6292,6307,15
walking,6337,6307,6337,30
right_turning,6338,6337,6338,1
left_turning,6339,6338,6339,1
trotting,6371,6339,6371,32
walking,6372,6371,6372,1
sniffing,6425,6372,6425,53
trotting,6451,6425,6451,26
sniffing,6569,6451,6569,118
left_turning,6570,6569,6570,1
running,6592,6570,6592,22
sniffing,6626,6592,6626,34
climbing,6672,6626,6672,46
walking,6739,6672,6739,67
sniffing,6805,6739,6805,66
climbing,6852,6805,6852,47
rising,6872,6852,6872,20
climbing,6890,6872,6890,18
rising,6918,6890,6918,28
walking,6931,6918,6931,13
right_turning,6959,6931,6959,28
walking,7035,6959,7035,76
sniffing,7086,7035,7086,51
rising,7217,7086,7217,131
hunching,7314,7217,7314,97
sniffing,7344,7314,7344,30
climbing,7385,7344,7385,41
left_turning,7399,7385,7399,14
walking,7438,7399,7438,39
climbing,7475,7438,7475,37
rising,7476,7475,7476,1
climbing,7525,7476,7525,49
rearing,7583,7525,7583,58
sniffing,7599,7583,7599,16
rising,7653,7599,7653,54
walking,7700,7653,7700,47
climbing,7726,7700,7726,26
walking,7781,7726,7781,55
sniffing,7814,7781,7814,33
walking,7839,7814,7839,25
running,7853,7839,7853,14
sniffing,7919,7853,7919,66
climbing,7948,7919,7948,29
walking,7958,7948,7958,10
sniffing,7959,7958,7959,1
climbing,8034,7959,8034,75
sniffing,8093,8034,8093,59
climbing,8139,8093,8139,46
sniffing,8140,8139,8140,1
walking,8187,8140,8187,47
climbing,8214,8187,8214,27
walking,8242,8214,8242,28
left_turning,8246,8242,8246,4
stepping,8284,8246,8284,38
sniffing,8425,8284,8425,141
stepping,8457,8425,8457,32
walking,8465,8457,8465,8
climbing,8482,8465,8482,17
walking,8491,8482,8491,9
sniffing,8586,8491,8586,95
climbing,8603,8586,8603,17
walking,8680,8603,8680,77
stepping,8740,8680,8740,60
sniffing,8744,8740,8744,4
walking,8747,8744,8747,3
sniffing,8825,8747,8825,78
left_turning,8838,8825,8838,13
sniffing,8839,8838,8839,1
left_turning,8848,8839,8848,9
walking,8883,8848,8883,35
running,8906,8883,8906,23
trotting,8927,8906,8927,21
sniffing,8986,8927,8986,59
right_turning,9008,8986,9008,22
walking,9048,9008,9048,40
sniffing,9049,9048,9049,1
stepping,9064,9049,9064,15
sniffing,9079,9064,9079,15
left_turning,9146,9079,9146,67
walking,9178,9146,9178,32
sniffing,9189,9178,9189,11
trotting,9235,9189,9235,46
sniffing,9354,9235,9354,119
trotting,9390,9354,9390,36
right_turning,9429,9390,9429,39
walking,9474,9429,9474,45
sniffing,9530,9474,9530,56
climbing,9541,9530,9541,11
right_turning,9574,9541,9574,33
hunching,9764,9574,9764,190
running,9817,9764,9817,53
rising,9818,9817,9818,1
sniffing,9875,9818,9875,57
grooming,10683,9875,10683,808
left_turning,10720,10683,10720,37
sniffing,10746,10720,10746,26
walking,10775,10746,10775,29
sniffing,10958,10775,10958,183
right_turning,10979,10958,10979,21
walking,11016,10979,11016,37
sniffing,11020,11016,11020,4
stepping,11075,11020,11075,55
climbing,11107,11075,11107,32
rising,11108,11107,11108,1
running,11143,11108,11143,35
sniffing,11189,11143,11189,46
rising,11236,11189,11236,47
climbing,11260,11236,11260,24
trotting,11266,11260,11266,6
right_turning,11306,11266,11306,40
trotting,11307,11306,11307,1
sniffing,11374,11307,11374,67
walking,11391,11374,11391,17
sniffing,11416,11391,11416,25
trotting,11417,11416,11417,1
sniffing,11461,11417,11461,44
walking,11474,11461,11474,13
sniffing,11519,11474,11519,45
stepping,11520,11519,11520,1
left_turning,11566,11520,11566,46
walking,11572,11566,11572,6
sniffing,11648,11572,11648,76
hunching,11697,11648,11697,49
climbing,11764,11697,11764,67
sniffing,11765,11764,11765,1
walking,11807,11765,11807,42
sniffing,11942,11807,11942,135
running,11984,11942,11984,42
sniffing,11985,11984,11985,1
walking,12000,11985,12000,15
left_turning,12001,12000,12001,1
sniffing,12014,12001,12014,13
climbing,12073,12014,12073,59
right_turning,12121,12073,12121,48
running,12133,12121,12133,12
walking,12140,12133,12140,7
sniffing,12157,12140,12157,17
walking,12163,12157,12163,6
sniffing,12167,12163,12167,4
rising,12168,12167,12168,1
walking,12183,12168,12183,15
rising,12184,12183,12184,1
sniffing,12209,12184,12209,25
rising,12229,12209,12229,20
left_turning,12267,12229,12267,38
sniffing,12351,12267,12351,84
climbing,12374,12351,12374,23
rearing,12375,12374,12375,1
left_turning,12396,12375,12396,21
trotting,12454,12396,12454,58
sniffing,12469,12454,12469,15
trotting,12508,12469,12508,39
sniffing,12547,12508,12547,39
walking,12548,12547,12548,1
sniffing,12600,12548,12600,52
hunching,12624,12600,12624,24
walking,12656,12624,12656,32
stepping,12678,12656,12678,22
walking,12688,12678,12688,10
sniffing,12743,12688,12743,55
walking,12746,12743,12746,3
rising,12821,12746,12821,75
climbing,12853,12821,12853,32
rising,12854,12853,12854,1
walking,12873,12854,12873,19
rising,12921,12873,12921,48
stepping,12922,12921,12922,1
walking,12923,12922,12923,1
right_turning,12937,12923,12937,14
rising,12999,12937,12999,62
sniffing,13092,12999,13092,93
stepping,13102,13092,13102,10
rising,13103,13102,13103,1
climbing,13135,13103,13135,32
rearing,13193,13135,13193,58
left_turning,13250,13193,13250,57
walking,13311,13250,13311,61
sniffing,13367,13311,13367,56
rearing,13368,13367,13368,1
sniffing,13395,13368,13395,27
climbing,13421,13395,13421,26
left_turning,13443,13421,13443,22
trotting,13464,13443,13464,21
sniffing,13496,13464,13496,32
walking,13555,13496,13555,59
rising,13776,13555,13776,221
climbing,13799,13776,13799,23
left_turning,13840,13799,13840,41
trotting,13863,13840,13863,23
sniffing,13864,13863,13864,1
running,13900,13864,13900,36
trotting,13928,13900,13928,28
rising,13929,13928,13929,1
walking,13937,13929,13937,8
trotting,13973,13937,13973,36
running,13995,13973,13995,22
walking,13996,13995,13996,1
sniffing,14065,13996,14065,69
rearing,14070,14065,14070,5
left_turning,14072,14070,14072,2
sniffing,14173,14072,14173,101
climbing,14227,14173,14227,54
sniffing,14228,14227,14228,1
rising,14271,14228,14271,43
climbing,14275,14271,14275,4
walking,14346,14275,14346,71
sniffing,14374,14346,14374,28
right_turning,14384,14374,14384,10
sniffing,14426,14384,14426,42
trotting,14443,14426,14443,17
sniffing,14453,14443,14453,10
climbing,14484,14453,14484,31
sniffing,14490,14484,14490,6
trotting,14504,14490,14504,14
left_turning,14560,14504,14560,56
walking,14574,14560,14574,14
rising,14669,14574,14669,95
sniffing,14708,14669,14708,39
left_turning,14730,14708,14730,22
running,14775,14730,14775,45
sniffing,14776,14775,14776,1
climbing,14825,14776,14825,49
sniffing,14849,14825,14849,24
right_turning,14865,14849,14865,16
walking,14871,14865,14871,6
sniffing,14901,14871,14901,30
rising,14985,14901,14985,84
sniffing,15031,14985,15031,46
rearing,15258,15031,15258,227
climbing,15319,15258,15319,61
sniffing,15337,15319,15337,18
climbing,15338,15337,15338,1
left_turning,15356,15338,15356,18
climbing,15430,15356,15430,74
walking,15516,15430,15516,86
trotting,15519,15516,15519,3
stepping,15552,15519,15552,33
rising,15569,15552,15569,17
climbing,15592,15569,15592,23
sniffing,15652,15592,15652,60
climbing,15715,15652,15715,63
hunching,15716,15715,15716,1
rising,15745,15716,15745,29
climbing,15782,15745,15782,37
walking,15805,15782,15805,23
sniffing,15850,15805,15850,45
stepping,15871,15850,15871,21
left_turning,15885,15871,15885,14
sniffing,15886,15885,15886,1
hunching,15894,15886,15894,8
grooming,16371,15894,16371,477
sniffing,16372,16371,16372,1
rising,16373,16372,16373,1
climbing,16380,16373,16380,7
right_turning,16400,16380,16400,20
left_turning,16438,16400,16438,38
trotting,16439,16438,16439,1
sniffing,16490,16439,16490,51
rising,16585,16490,16585,95
walking,16592,16585,16592,7
rising,16593,16592,16593,1
sniffing,16594,16593,16594,1
rearing,16853,16594,16853,259
sniffing,17129,16853,17129,276
climbing,17163,17129,17163,34
rising,17242,17163,17242,79
climbing,17266,17242,17266,24
stepping,17339,17266,17339,73
rising,17340,17339,17340,1
left_turning,17417,17340,17417,77
running,17452,17417,17452,35
walking,17514,17452,17514,62
left_turning,17537,17514,17537,23
climbing,17556,17537,17556,19
sniffing,17639,17556,17639,83
stepping,17710,17639,17710,71
walking,17734,17710,17734,24
sniffing,17898,17734,17898,164
right_turning,17929,17898,17929,31
rearing,17932,17929,17932,3
climbing,17944,17932,17944,12
walking,17984,17944,17984,40
rearing,18079,17984,18079,95
left_turning,18087,18079,18087,8
running,18109,18087,18109,22
sniffing,18171,18109,18171,62
walking,18202,18171,18202,31
rising,18260,18202,18260,58
sniffing,18261,18260,18261,1
left_turning,18317,18261,18317,56
sniffing,18420,18317,18420,103
trotting,18421,18420,18421,1
climbing,18502,18421,18502,81
right_turning,18525,18502,18525,23
sniffing,18635,18525,18635,110
walking,18689,18635,18689,54
running,18697,18689,18697,8
rising,18698,18697,18698,1
sniffing,18761,18698,18761,63
rising,18776,18761,18776,15
sniffing,18777,18776,18777,1
walking,18780,18777,18780,3
left_turning,18804,18780,18804,24
sniffing,18871,18804,18871,67
climbing,18930,18871,18930,59
rearing,19092,18930,19092,162
rising,19178,19092,19178,86
sniffing,19292,19178,19292,114
climbing,19319,19292,19319,27
hunching,19320,19319,19320,1
grooming,19321,19320,19321,1
sniffing,19375,19321,19375,54
climbing,19407,19375,19407,32
sniffing,19412,19407,19412,5
rising,19413,19412,19413,1
sniffing,19499,19413,19499,86
trotting,19510,19499,19510,11
running,19527,19510,19527,17
walking,19528,19527,19528,1
sniffing,19553,19528,19553,25
rearing,19554,19553,19554,1
climbing,19570,19554,19570,16
left_turning,19590,19570,19590,20
walking,19591,19590,19591,1
sniffing,19592,19591,19592,1
walking,19618,19592,19618,26
sniffing,19746,19618,19746,128
hunching,19839,19746,19839,93
right_turning,19840,19839,19840,1
sniffing,19886,19840,19886,46
stepping,19947,19886,19947,61
trotting,19972,19947,19972,25
walking,20015,19972,20015,43
sniffing,20024,20015,20024,9
rising,20025,20024,20025,1
left_turning,20026,20025,20026,1
hunching,20112,20026,20112,86
sniffing,20121,20112,20121,9
climbing,20136,20121,20136,15
trotting,20153,20136,20153,17
sniffing,20154,20153,20154,1
rising,20187,20154,20187,33
climbing,20188,20187,20188,1
walking,20219,20188,20219,31
sniffing,20296,20219,20296,77
trotting,20327,20296,20327,31
sniffing,20432,20327,20432,105
climbing,20468,20432,20468,36
rising,20520,20468,20520,52
climbing,20591,20520,20591,71
sniffing,20648,20591,20648,57
walking,20676,20648,20676,28
stepping,20714,20676,20714,38
sniffing,20784,20714,20784,70
climbing,20821,20784,20821,37
left_turning,20822,20821,20822,1
walking,20854,20822,20854,32
sniffing,20894,20854,20894,40
rising,20969,20894,20969,75
climbing,21013,20969,21013,44
walking,21026,21013,21026,13
rising,21076,21026,21076,50
walking,21090,21076,21090,14
right_turning,21091,21090,21091,1
walking,21132,21091,21132,41
sniffing,21168,21132,21168,36
left_turning,21169,21168,21169,1
sniffing,21226,21169,21226,57
rising,21227,21226,21227,1
sniffing,21494,21227,21494,267
rising,21521,21494,21521,27
sniffing,21590,21521,21590,69
rising,21647,21590,21647,57
rearing,21650,21647,21650,3
right_turning,21690,21650,21690,40
trotting,21717,21690,21717,27
stepping,21742,21717,21742,25
sniffing,21743,21742,21743,1
rising,21756,21743,21756,13
sniffing,21785,21756,21785,29
walking,21797,21785,21797,12
stepping,21798,21797,21798,1
sniffing,21839,21798,21839,41
left_turning,21841,21839,21841,2
rising,21890,21841,21890,49
climbing,21924,21890,21924,34
walking,21940,21924,21940,16
rising,21959,21940,21959,19
climbing,22031,21959,22031,72
trotting,22047,22031,22047,16
walking,22072,22047,22072,25
sniffing,22118,22072,22118,46
rising,22170,22118,22170,52
hunching,22171,22170,22171,1
rising,22231,22171,22231,60
walking,22246,22231,22246,15
climbing,22247,22246,22247,1
stepping,22272,22247,22272,25
sniffing,22314,22272,22314,42
trotting,22365,22314,22365,51
walking,22396,22365,22396,31
sniffing,22457,22396,22457,61
walking,22501,22457,22501,44
stepping,22564,22501,22564,63
walking,22618,22564,22618,54
rising,22641,22618,22641,23
sniffing,22669,22641,22669,28
climbing,22739,22669,22739,70
sniffing,22788,22739,22788,49
climbing,22867,22788,22867,79
walking,22882,22867,22882,15
sniffing,22953,22882,22953,71
walking,22981,22953,22981,28
sniffing,22993,22981,22993,12
trotting,23008,22993,23008,15
sniffing,23047,23008,23047,39
rising,23081,23047,23081,34
hunching,23129,23081,23129,48
rearing,23143,23129,23143,14
sniffing,23248,23143,23248,105
walking,23288,23248,23288,40
sniffing,23289,23288,23289,1
walking,23337,23289,23337,48
stepping,23370,23337,23370,33
hunching,23416,23370,23416,46
rearing,23523,23416,23523,107
rising,23555,23523,23555,32
climbing,23597,23555,23597,42
walking,23633,23597,23633,36
sniffing,23675,23633,23675,42
left_turning,23698,23675,23698,23
running,23729,23698,23729,31
sniffing,23730,23729,23730,1
climbing,23752,23730,23752,22
walking,23760,23752,23760,8
rising,23761,23760,23761,1
rearing,23980,23761,23980,219
rising,24056,23980,24056,76
climbing,24134,24056,24134,78
rising,24164,24134,24164,30
walking,24218,24164,24218,54
rising,24289,24218,24289,71
left_turning,24338,24289,24338,49
sniffing,24465,24338,24465,127
climbing,24533,24465,24533,68
running,24574,24533,24574,41
stepping,24620,24574,24620,46
left_turning,24621,24620,24621,1
walking,24630,24621,24630,9
sniffing,24640,24630,24640,10
hunching,24872,24640,24872,232
walking,24907,24872,24907,35
trotting,24918,24907,24918,11
sniffing,24945,24918,24945,27
stepping,24967,24945,24967,22
sniffing,24968,24967,24968,1
climbing,25042,24968,25042,74
right_turning,25045,25042,25045,3
stepping,25111,25045,25111,66
right_turning,25138,25111,25138,27
walking,25154,25138,25154,16
rising,25212,25154,25212,58
sniffing,25213,25212,25213,1
climbing,25256,25213,25256,43
sniffing,25303,25256,25303,47
right_turning,25313,25303,25313,10
stepping,25339,25313,25339,26
hunching,25484,25339,25484,145
rearing,25499,25484,25499,15
climbing,25546,25499,25546,47
sniffing,25578,25546,25578,32
climbing,25609,25578,25609,31
walking,25610,25609,25610,1
sniffing,25674,25610,25674,64
walking,25697,25674,25697,23
left_turning,25735,25697,25735,38
walking,25777,25735,25777,42
sniffing,25826,25777,25826,49
climbing,25847,25826,25847,21
walking,25891,25847,25891,44
sniffing,25895,25891,25895,4
climbing,25930,25895,25930,35
sniffing,26153,25930,26153,223
climbing,26172,26153,26172,19
rising,26247,26172,26247,75
climbing,26300,26247,26300,53
sniffing,26301,26300,26301,1
left_turning,26310,26301,26310,9
walking,26343,26310,26343,33
sniffing,26388,26343,26388,45
right_turning,26426,26388,26426,38
walking,26461,26426,26461,35
rising,26543,26461,26543,82
climbing,26585,26543,26585,42
sniffing,26586,26585,26586,1
left_turning,26597,26586,26597,11
sniffing,26642,26597,26642,45
rising,26643,26642,26643,1
right_turning,26661,26643,26661,18
rising,26714,26661,26714,53
left_turning,26801,26714,26801,87
running,26816,26801,26816,15
sniffing,26883,26816,26883,67
walking,26928,26883,26928,45
sniffing,26998,26928,26998,70
grooming,27244,26998,27244,246
walking,27268,27244,27268,24
left_turning,27275,27268,27275,7
sniffing,27304,27275,27304,29
left_turning,27334,27304,27334,30
running,27352,27334,27352,18
sniffing,27356,27352,27356,4
left_turning,27410,27356,27410,54
walking,27416,27410,27416,6
rearing,27417,27416,27417,1
rising,27418,27417,27418,1
climbing,27431,27418,27431,13
walking,27497,27431,27497,66
sniffing,27615,27497,27615,118
climbing,27646,27615,27646,31
rising,27647,27646,27647,1
climbing,27648,27647,27648,1
sniffing,27649,27648,27649,1
rearing,27650,27649,27650,1
climbing,27653,27650,27653,3
rearing,27702,27653,27702,49
rising,27782,27702,27782,80
sniffing,27871,27782,27871,89
hunching,28001,27871,28001,130
climbing,28105,28001,28105,104
sniffing,28106,28105,28106,1
rearing,28129,28106,28129,23
sniffing,28205,28129,28205,76
rising,28236,28205,28236,31
sniffing,28276,28236,28276,40
trotting,28305,28276,28305,29
left_turning,28360,28305,28360,55
sniffing,28374,28360,28374,14
stepping,28440,28374,28440,66
rising,28519,28440,28519,79
climbing,28551,28519,28551,32
rising,28583,28551,28583,32
climbing,28616,28583,28616,33
running,28618,28616,28618,2
sniffing,28676,28618,28676,58
left_turning,28679,28676,28679,3
walking,28719,28679,28719,40
trotting,28752,28719,28752,33
sniffing,28753,28752,28753,1
left_turning,28806,28753,28806,53
jumping,28868,28806,28868,62
rearing,28984,28868,28984,116
rising,28985,28984,28985,1
sniffing,28986,28985,28986,1
rising,29025,28986,29025,39
sniffing,29065,29025,29065,40
running,29109,29065,29109,44
sniffing,29123,29109,29123,14
rearing,29188,29123,29188,65
sniffing,29242,29188,29242,54
rising,29277,29242,29277,35
climbing,29306,29277,29306,29
sniffing,29307,29306,29307,1
trotting,29334,29307,29334,27
stepping,29335,29334,29335,1
walking,29336,29335,29336,1
trotting,29381,29336,29381,45
rising,29409,29381,29409,28
walking,29410,29409,29410,1
sniffing,29499,29410,29499,89
hunching,29676,29499,29676,177
sniffing,29843,29676,29843,167
rising,29897,29843,29897,54
climbing,29957,29897,29957,60
rising,29974,29957,29974,17
rearing,29975,29974,29975,1
rising,30045,29975,30045,70
climbing,30115,30045,30115,70
rearing,30171,30115,30171,56
walking,30223,30171,30223,52
sniffing,30303,30223,30303,80
walking,30309,30303,30309,6
sniffing,30317,30309,30317,8
rising,30384,30317,30384,67
climbing,30445,30384,30445,61
left_turning,30460,30445,30460,15
sniffing,30475,30460,30475,15
trotting,30491,30475,30491,16
stepping,30505,30491,30505,14
running,30550,30505,30550,45
sniffing,30552,30550,30552,2
climbing,30632,30552,30632,80
sniffing,30633,30632,30633,1
rising,30634,30633,30634,1
climbing,30721,30634,30721,87
sniffing,30722,30721,30722,1
rearing,30739,30722,30739,17
grooming,30765,30739,30765,26
rearing,30766,30765,30766,1
sniffing,30770,30766,30770,4
left_turning,30805,30770,30805,35
sniffing,30934,30805,30934,129
rising,30935,30934,30935,1
sniffing,31047,30935,31047,112
right_turning,31048,31047,31048,1
rising,31114,31048,31114,66
climbing,31148,31114,31148,34
sniffing,31200,31148,31200,52
stepping,31228,31200,31228,28
right_turning,31283,31228,31283,55
sniffing,31539,31283,31539,256
trotting,31570,31539,31570,31
walking,31606,31570,31606,36
left_turning,31646,31606,31646,40
stepping,31647,31646,31647,1
rising,31668,31647,31668,21
sniffing,31748,31668,31748,80
rising,31768,31748,31768,20
climbing,31798,31768,31798,30
running,31825,31798,31825,27
rising,31830,31825,31830,5
climbing,31871,31830,31871,41
hunching,31987,31871,31987,116
right_turning,31988,31987,31988,1
walking,32029,31988,32029,41
sniffing,32059,32029,32059,30
walking,32079,32059,32079,20
stepping,32131,32079,32131,52
sniffing,32178,32131,32178,47
stepping,32204,32178,32204,26
walking,32242,32204,32242,38
sniffing,32247,32242,32247,5
rising,32304,32247,32304,57
left_turning,32341,32304,32341,37
rising,32377,32341,32377,36
sniffing,32454,32377,32454,77
walking,32494,32454,32494,40
climbing,32584,32494,32584,90
sniffing,32617,32584,32617,33
rising,32622,32617,32622,5
grooming,32843,32622,32843,221
hunching,32991,32843,32991,148
right_turning,33010,32991,33010,19
sniffing,33011,33010,33011,1
trotting,33030,33011,33030,19
stepping,33079,33030,33079,49
sniffing,33107,33079,33107,28
climbing,33113,33107,33113,6
sniffing,33155,33113,33155,42
left_turning,33166,33155,33166,11
trotting,33190,33166,33190,24
walking,33228,33190,33228,38
rising,33288,33228,33288,60
sniffing,33299,33288,33299,11
rising,33414,33299,33414,115
stepping,33423,33414,33423,9
trotting,33447,33423,33447,24
rising,33490,33447,33490,43
walking,33500,33490,33500,10
sniffing,33572,33500,33572,72
grooming,33729,33572,33729,157
left_turning,33860,33729,33860,131
walking,33867,33860,33867,7
sniffing,33870,33867,33870,3
rising,33923,33870,33923,53
sniffing,33925,33923,33925,2
left_turning,33935,33925,33935,10
rearing,33993,33935,33993,58
walking,34028,33993,34028,35
trotting,34044,34028,34044,16
rising,34057,34044,34057,13
left_turning,34087,34057,34087,30
sniffing,34109,34087,34109,22
walking,34161,34109,34161,52
sniffing,34194,34161,34194,33
climbing,34221,34194,34221,27
hunching,34304,34221,34304,83
rearing,34305,34304,34305,1
hunching,34306,34305,34306,1
sniffing,34307,34306,34307,1
walking,34319,34307,34319,12
stepping,34365,34319,34365,46
sniffing,34433,34365,34433,68
walking,34472,34433,34472,39
left_turning,34525,34472,34525,53
sniffing,34572,34525,34572,47
walking,34607,34572,34607,35
sniffing,34672,34607,34672,65
climbing,34725,34672,34725,53
walking,34736,34725,34736,11
rearing,34863,34736,34863,127
right_turning,34890,34863,34890,27
walking,34912,34890,34912,22
climbing,35038,34912,35038,126
sniffing,35076,35038,35076,38
left_turning,35103,35076,35103,27
trotting,35139,35103,35139,36
sniffing,35164,35139,35164,25
walking,35195,35164,35195,31
sniffing,35259,35195,35259,64
rising,35315,35259,35315,56
walking,35330,35315,35330,15
rising,35337,35330,35337,7
walking,35371,35337,35371,34
left_turning,35372,35371,35372,1
sniffing,35373,35372,35373,1
rising,35426,35373,35426,53
sniffing,35501,35426,35501,75
right_turning,35527,35501,35527,26
grooming,35929,35527,35929,402
right_turning,35947,35929,35947,18
walking,35957,35947,35957,10
sniffing,35958,35957,35958,1
climbing,35976,35958,35976,18
running,35985,35976,35985,9
walking,36001,35985,36001,16
trotting,36002,36001,36002,1
sniffing,36075,36002,36075,73
walking,36109,36075,36109,34
sniffing,36212,36109,36212,103
rising,36213,36212,36213,1
stepping,36251,36213,36251,38
hunching,36382,36251,36382,131
sniffing,36383,36382,36383,1
rising,36384,36383,36384,1
sniffing,36474,36384,36474,90
rising,36477,36474,36477,3
hunching,36531,36477,36531,54
climbing,36539,36531,36539,8
sniffing,36579,36539,36579,40
left_turning,36594,36579,36594,15
walking,36642,36594,36642,48
stepping,36649,36642,36649,7
climbing,36692,36649,36692,43
right_turning,36728,36692,36728,36
trotting,36750,36728,36750,22
rising,36751,36750,36751,1
climbing,36755,36751,36755,4
walking,36799,36755,36799,44
rising,36824,36799,36824,25
rearing,37003,36824,37003,179
sniffing,37030,37003,37030,27
left_turning,37060,37030,37060,30
walking,37061,37060,37061,1
sniffing,37067,37061,37067,6
rising,37124,37067,37124,57
climbing,37161,37124,37161,37
walking,37187,37161,37187,26
sniffing,37283,37187,37283,96
stepping,37313,37283,37313,30
rising,37393,37313,37393,80
right_turning,37407,37393,37407,14
sniffing,37408,37407,37408,1
climbing,37458,37408,37458,50
rising,37476,37458,37476,18
climbing,37568,37476,37568,92
right_turning,37578,37568,37578,10
walking,37609,37578,37609,31
stepping,37633,37609,37633,24
sniffing,37634,37633,37634,1
rising,37635,37634,37635,1
sniffing,37636,37635,37636,1
rising,37669,37636,37669,33
rearing,37695,37669,37695,26
grooming,37875,37695,37875,180
rearing,37876,37875,37876,1
sniffing,37916,37876,37916,40
climbing,37940,37916,37940,24
right_turning,37942,37940,37942,2
sniffing,37958,37942,37958,16
stepping,37975,37958,37975,17
walking,38002,37975,38002,27
sniffing,38083,38002,38083,81
stepping,38104,38083,38104,21
walking,38145,38104,38145,41
rising,38169,38145,38169,24
sniffing,38197,38169,38197,28
climbing,38275,38197,38275,78
trotting,38301,38275,38301,26
sniffing,38379,38301,38379,78
right_turning,38408,38379,38408,29
climbing,38409,38408,38409,1
left_turning,38410,38409,38410,1
walking,38437,38410,38437,27
rearing,38518,38437,38518,81
walking,38558,38518,38558,40
sniffing,38579,38558,38579,21
stepping,38613,38579,38613,34
rising,38614,38613,38614,1
rearing,38615,38614,38615,1
sniffing,38616,38615,38616,1
grooming,38825,38616,38825,209
hunching,38836,38825,38836,11
rising,38861,38836,38861,25
sniffing,38906,38861,38906,45
right_turning,38908,38906,38908,2
walking,38939,38908,38939,31
right_turning,38946,38939,38946,7
walking,38952,38946,38952,6
left_turning,38953,38952,38953,1
sniffing,39011,38953,39011,58
walking,39032,39011,39032,21
rising,39084,39032,39084,52
climbing,39118,39084,39118,34
rising,39128,39118,39128,10
sniffing,39192,39128,39192,64
stepping,39218,39192,39218,26
walking,39287,39218,39287,69
rising,39313,39287,39313,26
sniffing,39314,39313,39314,1
left_turning,39315,39314,39315,1
rising,39325,39315,39325,10
climbing,39360,39325,39360,35
left_turning,39377,39360,39377,17
sniffing,39403,39377,39403,26
walking,39404,39403,39404,1
rearing,39476,39404,39476,72
right_turning,39477,39476,39477,1
sniffing,39531,39477,39531,54
walking,39575,39531,39575,44
sniffing,39617,39575,39617,42
climbing,39697,39617,39697,80
walking,39736,39697,39736,39
rising,39814,39736,39814,78
sniffing,39847,39814,39847,33
rising,39848,39847,39848,1
climbing,39919,39848,39919,71
rearing,39984,39919,39984,65
sniffing,39985,39984,39985,1
climbing,40104,39985,40104,119
right_turning,40128,40104,40128,24
stepping,40169,40128,40169,41
rearing,40219,40169,40219,50
rising,40248,40219,40248,29
climbing,40300,40248,40300,52
running,40335,40300,40335,35
sniffing,40336,40335,40336,1
left_turning,40394,40336,40394,58
sniffing,40501,40394,40501,107
climbing,40564,40501,40564,63
right_turning,40575,40564,40575,11
stepping,40621,40575,40621,46
sniffing,40660,40621,40660,39
walking,40739,40660,40739,79
stepping,40762,40739,40762,23
sniffing,40763,40762,40763,1
climbing,40853,40763,40853,90
running,40886,40853,40886,33
sniffing,40904,40886,40904,18
rising,40956,40904,40956,52
climbing,40970,40956,40970,14
hunching,41006,40970,41006,36
rising,41007,41006,41007,1
climbing,41069,41007,41069,62
walking,41111,41069,41111,42
climbing,41188,41111,41188,77
walking,41197,41188,41197,9
trotting,41246,41197,41246,49
sniffing,41318,41246,41318,72
walking,41366,41318,41366,48
rising,41387,41366,41387,21
right_turning,41388,41387,41388,1
trotting,41449,41388,41449,61
sniffing,41537,41449,41537,88
rearing,41538,41537,41538,1
sniffing,41610,41538,41610,72
rising,41651,41610,41651,41
climbing,41682,41651,41682,31
sniffing,41755,41682,41755,73
climbing,41784,41755,41784,29
sniffing,41839,41784,41839,55
rising,41840,41839,41840,1
sniffing,41908,41840,41908,68
rising,41945,41908,41945,37
walking,41946,41945,41946,1
sniffing,41947,41946,41947,1
walking,42002,41947,42002,55
rising,42060,42002,42060,58
rearing,42061,42060,42061,1
climbing,42135,42061,42135,74
right_turning,42136,42135,42136,1
running,42142,42136,42142,6
left_turning,42190,42142,42190,48
sniffing,42227,42190,42227,37
right_turning,42276,42227,42276,49
trotting,42290,42276,42290,14
rising,42300,42290,42300,10
stepping,42341,42300,42341,41
sniffing,42407,42341,42407,66
left_turning,42408,42407,42408,1
sniffing,42409,42408,42409,1
walking,42456,42409,42456,47
sniffing,42591,42456,42591,135
walking,42644,42591,42644,53
climbing,42652,42644,42652,8
walking,42653,42652,42653,1
sniffing,42703,42653,42703,50
grooming,42782,42703,42782,79
sniffing,42789,42782,42789,7
climbing,42817,42789,42817,28
rearing,42839,42817,42839,22
left_turning,42840,42839,42840,1
trotting,42844,42840,42844,4
sniffing,42878,42844,42878,34
rising,42879,42878,42879,1
sniffing,42919,42879,42919,40
walking,42967,42919,42967,48
rising,42969,42967,42969,2
climbing,43020,42969,43020,51
sniffing,43146,43020,43146,126
walking,43196,43146,43196,50
trotting,43251,43196,43251,55
walking,43290,43251,43290,39
sniffing,43356,43290,43356,66
right_turning,43364,43356,43364,8
walking,43373,43364,43373,9
trotting,43386,43373,43386,13
walking,43422,43386,43422,36
sniffing,43457,43422,43457,35
rearing,43483,43457,43483,26
grooming,43764,43483,43764,281
sniffing,43824,43764,43824,60
climbing,43841,43824,43841,17
right_turning,43845,43841,43845,4
walking,43886,43845,43886,41
rising,43921,43886,43921,35
climbing,43955,43921,43955,34
sniffing,43984,43955,43984,29
rising,43992,43984,43992,8
climbing,44059,43992,44059,67
rising,44130,44059,44130,71
climbing,44164,44130,44164,34
rising,44244,44164,44244,80
climbing,44263,44244,44263,19
grooming,44458,44263,44458,195
sniffing,44492,44458,44492,34
walking,44509,44492,44509,17
rising,44539,44509,44539,30
sniffing,44540,44539,44540,1
walking,44560,44540,44560,20
rising,44563,44560,44563,3
left_turning,44617,44563,44617,54
trotting,44652,44617,44652,35
sniffing,44689,44652,44689,37
pausing,44840,44689,44840,151
sniffing,44841,44840,44841,1
right_turning,44849,44841,44849,8
walking,44850,44849,44850,1
sniffing,44858,44850,44858,8
climbing,44912,44858,44912,54
walking,44947,44912,44947,35
sniffing,44948,44947,44948,1
rising,44986,44948,44986,38
sniffing,45016,44986,45016,30
walking,45076,45016,45076,60
stepping,45118,45076,45118,42
sniffing,45143,45118,45143,25
left_turning,45156,45143,45156,13
trotting,45183,45156,45183,27
right_turning,45184,45183,45184,1
walking,45197,45184,45197,13
rising,45258,45197,45258,61
sniffing,45288,45258,45288,30
right_turning,45299,45288,45299,11
sniffing,45375,45299,45375,76
right_turning,45396,45375,45396,21
trotting,45398,45396,45398,2
stepping,45421,45398,45421,23
sniffing,45422,45421,45422,1
left_turning,45506,45422,45506,84
rising,45514,45506,45514,8
walking,45515,45514,45515,1
sniffing,45622,45515,45622,107
rising,45637,45622,45637,15
climbing,45714,45637,45714,77
rising,45715,45714,45715,1
rearing,45807,45715,45807,92
grooming,45808,45807,45808,1
climbing,45841,45808,45841,33
running,45862,45841,45862,21
sniffing,45937,45862,45937,75
walking,45979,45937,45979,42
climbing,45980,45979,45980,1
rising,45983,45980,45983,3
sniffing,46136,45983,46136,153
left_turning,46139,46136,46139,3
sniffing,46159,46139,46159,20
trotting,46160,46159,46160,1
walking,46210,46160,46210,50
stepping,46258,46210,46258,48
walking,46295,46258,46295,37
stepping,46308,46295,46308,13
trotting,46366,46308,46366,58
sniffing,46396,46366,46396,30
walking,46412,46396,46412,16
trotting,46454,46412,46454,42
climbing,46507,46454,46507,53
walking,46517,46507,46517,10
sniffing,46531,46517,46531,14
rising,46639,46531,46639,108
running,46649,46639,46649,10
sniffing,46650,46649,46650,1
walking,46674,46650,46674,24
stepping,46695,46674,46695,21
rearing,46735,46695,46735,40
sniffing,46762,46735,46762,27
climbing,46763,46762,46763,1
right_turning,46776,46763,46776,13
sniffing,46777,46776,46777,1
left_turning,46824,46777,46824,47
running,46866,46824,46866,42
sniffing,46980,46866,46980,114
rising,46981,46980,46981,1
sniffing,46982,46981,46982,1
rising,47049,46982,47049,67
hunching,47050,47049,47050,1
sniffing,47051,47050,47051,1
rising,47052,47051,47052,1
climbing,47070,47052,47070,18
trotting,47079,47070,47079,9
sniffing,47121,47079,47121,42
walking,47134,47121,47134,13
climbing,47162,47134,47162,28
walking,47171,47162,47171,9
rising,47206,47171,47206,35
climbing,47303,47206,47303,97
right_turning,47340,47303,47340,37
sniffing,47403,47340,47403,63
walking,47429,47403,47429,26
climbing,47445,47429,47445,16
walking,47450,47445,47450,5
left_turning,47508,47450,47508,58
sniffing,47567,47508,47567,59
climbing,47623,47567,47623,56
sniffing,47624,47623,47624,1
rising,47648,47624,47648,24
climbing,47722,47648,47722,74
right_turning,47723,47722,47723,1
walking,47762,47723,47762,39
sniffing,47871,47762,47871,109
rising,47878,47871,47878,7
sniffing,47879,47878,47879,1
rising,47925,47879,47925,46
sniffing,47979,47925,47979,54
climbing,48028,47979,48028,49
grooming,48029,48028,48029,1
sniffing,48151,48029,48151,122
rising,48212,48151,48212,61
climbing,48290,48212,48290,78
running,48316,48290,48316,26
climbing,48354,48316,48354,38
walking,48406,48354,48406,52
rising,48458,48406,48458,52
climbing,48503,48458,48503,45
trotting,48534,48503,48534,31
running,48574,48534,48574,40
walking,48607,48574,48607,33
hunching,48735,48607,48735,128
rising,48788,48735,48788,53
left_turning,48821,48788,48821,33
walking,48878,48821,48878,57
rising,48903,48878,48903,25
climbing,48905,48903,48905,2
running,48945,48905,48945,40
walking,49010,48945,49010,65
climbing,49063,49010,49063,53
sniffing,49082,49063,49082,19
walking,49121,49082,49121,39
sniffing,49206,49121,49206,85
climbing,49264,49206,49264,58
rearing,49422,49264,49422,158
jumping,49481,49422,49481,59
rising,49482,49481,49482,1
sniffing,49556,49482,49556,74
rising,49617,49556,49617,61
climbing,49657,49617,49657,40
left_turning,49658,49657,49658,1
sniffing,49680,49658,49680,22
stepping,49681,49680,49681,1
walking,49682,49681,49682,1
stepping,49717,49682,49717,35
running,49760,49717,49760,43
sniffing,49800,49760,49800,40
right_turning,49843,49800,49843,43
rising,49917,49843,49917,74
sniffing,49944,49917,49944,27
left_turning,49972,49944,49972,28
trotting,50001,49972,50001,29
left_turning,50089,50001,50089,88
walking,50108,50089,50108,19
sniffing,50109,50108,50109,1
climbing,50161,50109,50161,52
rearing,50263,50161,50263,102
climbing,50264,50263,50264,1
walking,50290,50264,50290,26
sniffing,50291,50290,50291,1
rising,50292,50291,50292,1
sniffing,50418,50292,50418,126
right_turning,50420,50418,50420,2
running,50441,50420,50441,21
climbing,50458,50441,50458,17
trotting,50469,50458,50469,11
left_turning,50481,50469,50481,12
walking,50482,50481,50482,1
stepping,50523,50482,50523,41
rising,50568,50523,50568,45
sniffing,50578,50568,50578,10
jumping,50666,50578,50666,88
hunching,50716,50666,50716,50
right_turning,50736,50716,50736,20
sniffing,50741,50736,50741,5
rising,50823,50741,50823,82
walking,50871,50823,50871,48
sniffing,50924,50871,50924,53
trotting,50932,50924,50932,8
walking,50949,50932,50949,17
sniffing,51026,50949,51026,77
walking,51056,51026,51056,30
left_turning,51057,51056,51057,1
sniffing,51162,51057,51162,105
climbing,51196,51162,51196,34
rearing,51197,51196,51197,1
climbing,51241,51197,51241,44
hunching,51280,51241,51280,39
sniffing,51305,51280,51305,25
grooming,51357,51305,51357,52
rising,51370,51357,51370,13
sniffing,51402,51370,51402,32
left_turning,51458,51402,51458,56
walking,51472,51458,51472,14
climbing,51523,51472,51523,51
walking,51570,51523,51570,47
climbing,51623,51570,51623,53
trotting,51683,51623,51683,60
left_turning,51687,51683,51687,4
rising,51932,51687,51932,245
climbing,52039,51932,52039,107
sniffing,52040,52039,52040,1
stepping,52100,52040,52100,60
walking,52164,52100,52164,64
rising,52206,52164,52206,42
walking,52259,52206,52259,53
sniffing,52260,52259,52260,1
rearing,52328,52260,52328,68
sniffing,52329,52328,52329,1
rearing,52425,52329,52425,96
grooming,52426,52425,52426,1
walking,52447,52426,52447,21
sniffing,52457,52447,52457,10
walking,52458,52457,52458,1
stepping,52507,52458,52507,49
left_turning,52558,52507,52558,51
rearing,52795,52558,52795,237
left_turning,52846,52795,52846,51
sniffing,52864,52846,52864,18
rearing,52904,52864,52904,40
sniffing,52905,52904,52905,1
climbing,52949,52905,52949,44
walking,53021,52949,53021,72
sniffing,53036,53021,53036,15
right_turning,53069,53036,53069,33
stepping,53095,53069,53095,26
rising,53096,53095,53096,1
sniffing,53135,53096,53135,39
climbing,53194,53135,53194,59
walking,53210,53194,53210,16
sniffing,53211,53210,53211,1
walking,53242,53211,53242,31
sniffing,53291,53242,53291,49
rising,53294,53291,53294,3
climbing,53298,53294,53298,4
running,53339,53298,53339,41
walking,53363,53339,53363,24
climbing,53417,53363,53417,54
rising,53437,53417,53437,20
hunching,53465,53437,53465,28
grooming,53624,53465,53624,159
left_turning,53625,53624,53625,1
sniffing,53688,53625,53688,63
left_turning,53712,53688,53712,24
sniffing,53713,53712,53713,1
stepping,53749,53713,53749,36
sniffing,53874,53749,53874,125
walking,53897,53874,53897,23
left_turning,53898,53897,53898,1
walking,53993,53898,53993,95
left_turning,53994,53993,53994,1
running,53995,53994,53995,1
sniffing,53996,53995,53996,1
right_turning,54004,53996,54004,8
trotting,54018,54004,54018,14
walking,54038,54018,54038,20
rising,54093,54038,54093,55
stepping,54109,54093,54109,16
sniffing,54195,54109,54195,86
right_turning,54196,54195,54196,1
walking,54207,54196,54207,11
climbing,54228,54207,54228,21
left_turning,54232,54228,54232,4
walking,54244,54232,54244,12
left_turning,54262,54244,54262,18
trotting,54273,54262,54273,11
walking,54352,54273,54352,79
sniffing,54423,54352,54423,71
climbing,54458,54423,54458,35
right_turning,54460,54458,54460,2
climbing,54483,54460,54483,23
rising,54493,54483,54493,10
grooming,54809,54493,54809,316
left_turning,54915,54809,54915,106
trotting,54930,54915,54930,15
left_turning,55010,54930,55010,80
walking,55056,55010,55056,46
rising,55151,55056,55151,95
sniffing,55152,55151,55152,1
rising,55188,55152,55188,36
climbing,55215,55188,55215,27
running,55219,55215,55219,4
walking,55222,55219,55222,3
rising,55253,55222,55253,31
climbing,55264,55253,55264,11
sniffing,55320,55264,55320,56
rising,55390,55320,55390,70
sniffing,55398,55390,55398,8
running,55424,55398,55424,26
rising,55425,55424,55425,1
running,55443,55425,55443,18
sniffing,55506,55443,55506,63
left_turning,55560,55506,55560,54
rearing,55753,55560,55753,193
left_turning,55838,55753,55838,85
walking,55876,55838,55876,38
sniffing,55994,55876,55994,118
rising,55995,55994,55995,1
rearing,56102,55995,56102,107
climbing,56203,56102,56203,101
grooming,56253,56203,56253,50
hunching,56254,56253,56254,1
climbing,56347,56254,56347,93
right_turning,56379,56347,56379,32
sniffing,56487,56379,56487,108
left_turning,56593,56487,56593,106
walking,56616,56593,56616,23
left_turning,56664,56616,56664,48
sniffing,56691,56664,56691,27
rising,56745,56691,56745,54
climbing,56780,56745,56780,35
sniffing,56784,56780,56784,4
walking,56818,56784,56818,34
climbing,56831,56818,56831,13
rearing,56832,56831,56832,1
stepping,56851,56832,56851,19
walking,56858,56851,56858,7
rising,56889,56858,56889,31
climbing,56936,56889,56936,47
rising,56987,56936,56987,51
rearing,57048,56987,57048,61
walking,57060,57048,57060,12
sniffing,57077,57060,57077,17
rising,57093,57077,57093,16
sniffing,57193,57093,57193,100
left_turning,57277,57193,57277,84
sniffing,57278,57277,57278,1
left_turning,57288,57278,57288,10
walking,57339,57288,57339,51
climbing,57412,57339,57412,73
walking,57427,57412,57427,15
stepping,57467,57427,57467,40
walking,57506,57467,57506,39
sniffing,57537,57506,57537,31
walking,57557,57537,57557,20
left_turning,57567,57557,57567,10
walking,57572,57567,57572,5
sniffing,57650,57572,57650,78
walking,57678,57650,57678,28
rising,57728,57678,57728,50
climbing,57758,57728,57758,30
walking,57759,57758,57759,1
climbing,57794,57759,57794,35
rising,57797,57794,57797,3
sniffing,57798,57797,57798,1
climbing,57882,57798,57882,84
rising,57883,57882,57883,1
sniffing,57884,57883,57884,1
rising,57885,57884,57885,1
climbing,57948,57885,57948,63
sniffing,58015,57948,58015,67
rising,58016,58015,58016,1
sniffing,58088,58016,58088,72
running,58098,58088,58098,10
rising,58099,58098,58099,1
sniffing,58152,58099,58152,53
walking,58187,58152,58187,35
sniffing,58309,58187,58309,122
left_turning,58363,58309,58363,54
running,58384,58363,58384,21
trotting,58434,58384,58434,50
sniffing,58435,58434,58435,1
walking,58452,58435,58452,17
rising,58527,58452,58527,75
rearing,58631,58527,58631,104
hunching,58632,58631,58632,1
rearing,58688,58632,58688,56
grooming,58689,58688,58689,1
left_turning,58702,58689,58702,13
walking,58728,58702,58728,26
sniffing,58750,58728,58750,22
left_turning,58751,58750,58751,1
running,58779,58751,58779,28
rising,58780,58779,58780,1
climbing,58794,58780,58794,14
left_turning,58834,58794,58834,40
walking,58886,58834,58886,52
sniffing,58967,58886,58967,81
climbing,58973,58967,58973,6
right_turning,59005,58973,59005,32
walking,59049,59005,59049,44
sniffing,59121,59049,59121,72
grooming,59122,59121,59122,1
right_turning,59139,59122,59139,17
trotting,59195,59139,59195,56
sniffing,59234,59195,59234,39
walking,59275,59234,59275,41
sniffing,59327,59275,59327,52
rising,59341,59327,59341,14
running,59377,59341,59377,36
sniffing,59476,59377,59476,99
climbing,59512,59476,59512,36
grooming,59513,59512,59513,1
sniffing,59532,59513,59532,19
walking,59566,59532,59566,34
rising,59567,59566,59567,1
stepping,59648,59567,59648,81
walking,59649,59648,59649,1
sniffing,59710,59649,59710,61
trotting,59731,59710,59731,21
walking,59759,59731,59759,28
sniffing,59760,59759,59760,1
rising,59761,59760,59761,1
sniffing,59833,59761,59833,72
left_turning,59877,59833,59877,44
walking,59946,59877,59946,69
sniffing,60062,59946,60062,116
rising,60063,60062,60063,1
jumping,60125,60063,60125,62
rearing,60183,60125,60183,58
hunching,60194,60183,60194,11
sniffing,60249,60194,60249,55
rising,60329,60249,60329,80
climbing,60341,60329,60341,12
sniffing,60405,60341,60405,64
rising,60406,60405,60406,1
running,60443,60406,60443,37
trotting,60483,60443,60483,40
sniffing,60551,60483,60551,68
right_turning,60592,60551,60592,41
running,60596,60592,60596,4
rearing,60602,60596,60602,6
grooming,60603,60602,60603,1
left_turning,60636,60603,60636,33
sniffing,60677,60636,60677,41
left_turning,60716,60677,60716,39
walking,60717,60716,60717,1
climbing,60757,60717,60757,40
rising,60809,60757,60809,52
climbing,60867,60809,60867,58
trotting,60903,60867,60903,36
sniffing,60921,60903,60921,18
left_turning,60943,60921,60943,22
trotting,60944,60943,60944,1
sniffing,60973,60944,60973,29
stepping,60997,60973,60997,24
walking,61014,60997,61014,17
rising,61015,61014,61015,1
climbing,61079,61015,61079,64
sniffing,61100,61079,61100,21
pausing,61101,61100,61101,1
sniffing,61102,61101,61102,1
walking,61125,61102,61125,23
rising,61126,61125,61126,1
climbing,61183,61126,61183,57
grooming,61353,61183,61353,170
rising,61401,61353,61401,48
climbing,61464,61401,61464,63
rising,61500,61464,61500,36
walking,61507,61500,61507,7
sniffing,61578,61507,61578,71
rising,61602,61578,61602,24
rearing,61701,61602,61701,99
rising,61761,61701,61761,60
sniffing,61762,61761,61762,1
rising,61764,61762,61764,2
climbing,61856,61764,61856,92
rising,61924,61856,61924,68
climbing,61990,61924,61990,66
rising,62021,61990,62021,31
climbing,62073,62021,62073,52
rising,62082,62073,62082,9
sniffing,62105,62082,62105,23
right_turning,62127,62105,62127,22
trotting,62143,62127,62143,16
sniffing,62144,62143,62144,1
pausing,62145,62144,62145,1
sniffing,62160,62145,62160,15
climbing,62199,62160,62199,39
left_turning,62203,62199,62203,4
rising,62224,62203,62224,21
left_turning,62225,62224,62225,1
stepping,62233,62225,62233,8
sniffing,62240,62233,62240,7
walking,62279,62240,62279,39
climbing,62280,62279,62280,1
rising,62371,62280,62371,91
climbing,62377,62371,62377,6
rearing,62420,62377,62420,43
left_turning,62499,62420,62499,79
sniffing,62500,62499,62500,1
walking,62620,62500,62620,120
sniffing,62714,62620,62714,94
rearing,62761,62714,62761,47
sniffing,62786,62761,62786,25
climbing,62842,62786,62842,56
rising,62903,62842,62903,61
climbing,62918,62903,62918,15
sniffing,62973,62918,62973,55
rising,62974,62973,62974,1
rearing,63052,62974,63052,78
climbing,63116,63052,63116,64
rising,63117,63116,63117,1
rearing,63126,63117,63126,9
rising,63160,63126,63160,34
right_turning,63175,63160,63175,15
rising,63218,63175,63218,43
left_turning,63239,63218,63239,21
walking,63255,63239,63255,16
sniffing,63256,63255,63256,1
rising,63304,63256,63304,48
climbing,63366,63304,63366,62
right_turning,63395,63366,63395,29
trotting,63427,63395,63427,32
sniffing,63584,63427,63584,157
rising,63648,63584,63648,64
walking,63659,63648,63659,11
rising,63660,63659,63660,1
climbing,63664,63660,63664,4
rearing,63699,63664,63699,35
left_turning,63700,63699,63700,1
rising,63727,63700,63727,27
sniffing,63787,63727,63787,60
walking,63802,63787,63802,15
stepping,63823,63802,63823,21
sniffing,63824,63823,63824,1
right_turning,63837,63824,63837,13
running,63850,63837,63850,13
trotting,63883,63850,63883,33
sniffing,63981,63883,63981,98
rising,64030,63981,64030,49
climbing,64114,64030,64114,84
rearing,64225,64114,64225,111
climbing,64271,64225,64271,46
rising,64301,64271,64301,30
right_turning,64302,64301,64302,1
running,64319,64302,64319,17
trotting,64362,64319,64362,43
sniffing,64395,64362,64395,33
right_turning,64421,64395,64421,26
rising,64422,64421,64422,1
rearing,64426,64422,64426,4
hunching,64427,64426,64427,1
walking,64468,64427,64468,41
right_turning,64499,64468,64499,31
stepping,64522,64499,64522,23
walking,64541,64522,64541,19
left_turning,64542,64541,64542,1
sniffing,64632,64542,64632,90
walking,64696,64632,64696,64
climbing,64768,64696,64768,72
rising,64787,64768,64787,19
hunching,64827,64787,64827,40
sniffing,64862,64827,64862,35
rising,64887,64862,64887,25
walking,64954,64887,64954,67
stepping,65047,64954,65047,93
climbing,65087,65047,65087,40
right_turning,65094,65087,65094,7
rising,65095,65094,65095,1
climbing,65126,65095,65126,31
rearing,65127,65126,65127,1
sniffing,65425,65127,65425,298
walking,65426,65425,65426,1
sniffing,65551,65426,65551,125
rising,65609,65551,65609,58
rearing,65708,65609,65708,99
rising,65774,65708,65774,66
rearing,65775,65774,65775,1
trotting,65794,65775,65794,19
sniffing,65843,65794,65843,49
rearing,65902,65843,65902,59
grooming,65989,65902,65989,87
stepping,66010,65989,66010,21
walking,66021,66010,66021,11
rising,66062,66021,66062,41
sniffing,66098,66062,66098,36
rising,66128,66098,66128,30
climbing,66214,66128,66214,86
rising,66259,66214,66259,45
sniffing,66282,66259,66282,23
climbing,66384,66282,66384,102
rising,66385,66384,66385,1
sniffing,66387,66385,66387,2
rising,66388,66387,66388,1
sniffing,66453,66388,66453,65
walking,66454,66453,66454,1
left_turning,66487,66454,66487,33
trotting,66541,66487,66541,54
sniffing,66542,66541,66542,1
stepping,66554,66542,66554,12
walking,66571,66554,66571,17
sniffing,66573,66571,66573,2
rising,66972,66573,66972,399
rearing,67093,66972,67093,121
sniffing,67094,67093,67094,1
trotting,67108,67094,67108,14
rising,67118,67108,67118,10
climbing,67214,67118,67214,96
right_turning,67224,67214,67224,10
sniffing,67225,67224,67225,1
stepping,67265,67225,67265,40
sniffing,67318,67265,67318,53
left_turning,67394,67318,67394,76
walking,67460,67394,67460,66
sniffing,67461,67460,67461,1
right_turning,67489,67461,67489,28
left_turning,67499,67489,67499,10
walking,67523,67499,67523,24
sniffing,67581,67523,67581,58
right_turning,67582,67581,67582,1
walking,67620,67582,67620,38
right_turning,67648,67620,67648,28
stepping,67649,67648,67649,1
rising,67700,67649,67700,51
climbing,67758,67700,67758,58
walking,67759,67758,67759,1
sniffing,67787,67759,67787,28
rising,67795,67787,67795,8
sniffing,67841,67795,67841,46
climbing,67842,67841,67842,1
sniffing,67905,67842,67905,63
rising,67935,67905,67935,30
rearing,68028,67935,68028,93
walking,68034,68028,68034,6
rising,68047,68034,68047,13
stepping,68076,68047,68076,29
sniffing,68117,68076,68117,41
left_turning,68150,68117,68150,33
sniffing,68232,68150,68232,82
stepping,68259,68232,68259,27
walking,68309,68259,68309,50
rising,68310,68309,68310,1
climbing,68340,68310,68340,30
rising,68396,68340,68396,56
sniffing,68397,68396,68397,1
hunching,68441,68397,68441,44
grooming,68489,68441,68489,48
walking,68520,68489,68520,31
rising,68521,68520,68521,1
sniffing,68542,68521,68542,21
walking,68577,68542,68577,35
sniffing,68605,68577,68605,28
climbing,68618,68605,68618,13
grooming,68852,68618,68852,234
sniffing,68864,68852,68864,12
hunching,68865,68864,68865,1
grooming,69065,68865,69065,200
hunching,69088,69065,69088,23
rising,69089,69088,69089,1
rearing,69215,69089,69215,126
sniffing,69303,69215,69303,88
climbing,69364,69303,69364,61
grooming,69365,69364,69365,1
left_turning,69400,69365,69400,35
sniffing,69427,69400,69427,27
rising,69428,69427,69428,1
left_turning,69453,69428,69453,25
walking,69487,69453,69487,34
sniffing,69488,69487,69488,1
rising,69547,69488,69547,59
grooming,69937,69547,69937,390
rearing,69938,69937,69938,1
rising,69996,69938,69996,58
sniffing,69998,69996,69998,2
rising,70011,69998,70011,13
climbing,70029,70011,70029,18
grooming,70138,70029,70138,109
rearing,70147,70138,70147,9
grooming,70377,70147,70377,230
rearing,70445,70377,70445,68
sniffing,70477,70445,70477,32
right_turning,70489,70477,70489,12
trotting,70490,70489,70490,1
walking,70491,70490,70491,1
sniffing,70492,70491,70492,1
climbing,70517,70492,70517,25
walking,70540,70517,70540,23
sniffing,70574,70540,70574,34
walking,70617,70574,70617,43
sniffing,70618,70617,70618,1
climbing,70671,70618,70671,53
rising,70693,70671,70693,22
climbing,70812,70693,70812,119
rising,70813,70812,70813,1
sniffing,70969,70813,70969,156
left_turning,70970,70969,70970,1
walking,71035,70970,71035,65
stepping,71068,71035,71068,33
walking,71107,71068,71107,39
left_turning,71179,71107,71179,72
sniffing,71205,71179,71205,26
trotting,71230,71205,71230,25
rising,71270,71230,71270,40
climbing,71298,71270,71298,28
walking,71312,71298,71312,14
sniffing,71477,71312,71477,165
walking,71519,71477,71519,42
climbing,71626,71519,71626,107
right_turning,71680,71626,71680,54
rising,71681,71680,71681,1
climbing,71746,71681,71746,65
walking,71793,71746,71793,47
rising,71829,71793,71829,36
sniffing,71849,71829,71849,20
rearing,71947,71849,71947,98
left_turning,71974,71947,71974,27
stepping,71979,71974,71979,5
sniffing,71980,71979,71980,1
left_turning,71981,71980,71981,1
rising,71982,71981,71982,1
rearing,72042,71982,72042,60
walking,72045,72042,72045,3
sniffing,72111,72045,72111,66
walking,72164,72111,72164,53
sniffing,72203,72164,72203,39
rising,72219,72203,72219,16
sniffing,72246,72219,72246,27
left_turning,72247,72246,72247,1
trotting,72296,72247,72296,49
left_turning,72324,72296,72324,28
sniffing,72410,72324,72410,86
right_turning,72434,72410,72434,24
sniffing,72435,72434,72435,1
pausing,72586,72435,72586,151
sniffing,72660,72586,72660,74
hunching,72806,72660,72806,146
sniffing,72817,72806,72817,11
right_turning,72832,72817,72832,15
walking,72839,72832,72839,7
hunching,72922,72839,72922,83
grooming,73013,72922,73013,91
sniffing,73026,73013,73026,13
rising,73099,73026,73099,73
sniffing,73190,73099,73190,91
trotting,73244,73190,73244,54
sniffing,73306,73244,73306,62
rising,73315,73306,73315,9
climbing,73364,73315,73364,49
hunching,73441,73364,73441,77
rearing,73471,73441,73471,30
climbing,73539,73471,73539,68
sniffing,73540,73539,73540,1
walking,73579,73540,73579,39
rising,73596,73579,73596,17
walking,73633,73596,73633,37
sniffing,73650,73633,73650,17
left_turning,73687,73650,73687,37
walking,73712,73687,73712,25
rising,73717,73712,73717,5
sniffing,73790,73717,73790,73
climbing,73791,73790,73791,1
walking,73836,73791,73836,45
climbing,73921,73836,73921,85
sniffing,73957,73921,73957,36
right_turning,73958,73957,73958,1
trotting,73991,73958,73991,33
left_turning,73998,73991,73998,7
sniffing,74037,73998,74037,39
right_turning,74066,74037,74066,29
stepping,74067,74066,74067,1
trotting,74096,74067,74096,29
sniffing,74116,74096,74116,20
grooming,74590,74116,74590,474
climbing,74623,74590,74623,33
sniffing,74627,74623,74627,4
right_turning,74640,74627,74640,13
walking,74688,74640,74688,48
sniffing,74721,74688,74721,33
rearing,74754,74721,74754,33
sniffing,74767,74754,74767,13
walking,74801,74767,74801,34
sniffing,74820,74801,74820,19
rising,74845,74820,74845,25
sniffing,74858,74845,74858,13
rising,74897,74858,74897,39
sniffing,74950,74897,74950,53
rising,74955,74950,74955,5
climbing,75058,74955,75058,103
grooming,75312,75058,75312,254
rearing,75354,75312,75354,42
trotting,75391,75354,75391,37
rearing,75437,75391,75437,46
sniffing,75518,75437,75518,81
rising,75548,75518,75548,30
walking,75563,75548,75563,15
sniffing,75642,75563,75642,79
walking,75668,75642,75668,26
sniffing,75782,75668,75782,114
right_turning,75818,75782,75818,36
hunching,75927,75818,75927,109
rising,75968,75927,75968,41
right_turning,75980,75968,75980,12
walking,76017,75980,76017,37
sniffing,76018,76017,76018,1
walking,76026,76018,76026,8
right_turning,76060,76026,76060,34
sniffing,76061,76060,76061,1
rearing,76140,76061,76140,79
walking,76164,76140,76164,24
sniffing,76197,76164,76197,33
trotting,76210,76197,76210,13
climbing,76231,76210,76231,21
left_turning,76283,76231,76283,52
walking,76317,76283,76317,34
running,76334,76317,76334,17
hunching,76440,76334,76440,106
climbing,76474,76440,76474,34
rising,76510,76474,76510,36
sniffing,76601,76510,76601,91
pausing,76752,76601,76752,151
sniffing,76819,76752,76819,67
rearing,76973,76819,76973,154
rising,77031,76973,77031,58
left_turning,77068,77031,77068,37
sniffing,77069,77068,77069,1
right_turning,77070,77069,77070,1
climbing,77079,77070,77079,9
grooming,77307,77079,77307,228
rising,77308,77307,77308,1
climbing,77374,77308,77374,66
sniffing,77402,77374,77402,28
climbing,77426,77402,77426,24
stepping,77451,77426,77451,25
left_turning,77515,77451,77515,64
sniffing,77534,77515,77534,19
rising,77546,77534,77546,12
climbing,77602,77546,77602,56
sniffing,77614,77602,77614,12
rising,77646,77614,77646,32
walking,77647,77646,77647,1
climbing,77688,77647,77688,41
sniffing,77723,77688,77723,35
walking,77770,77723,77770,47
sniffing,77859,77770,77859,89
walking,77902,77859,77902,43
sniffing,77959,77902,77959,57
hunching,78010,77959,78010,51
sniffing,78048,78010,78048,38
right_turning,78052,78048,78052,4
trotting,78076,78052,78076,24
walking,78147,78076,78147,71
left_turning,78158,78147,78158,11
sniffing,78159,78158,78159,1
rising,78215,78159,78215,56
sniffing,78252,78215,78252,37
running,78280,78252,78280,28
sniffing,78339,78280,78339,59
rising,78363,78339,78363,24
walking,78366,78363,78366,3
rearing,78415,78366,78415,49
sniffing,78460,78415,78460,45
right_turning,78541,78460,78541,81
sniffing,78591,78541,78591,50
right_turning,78608,78591,78608,17
climbing,78687,78608,78687,79
rising,78688,78687,78688,1
climbing,78737,78688,78737,49
rearing,78738,78737,78738,1
climbing,78765,78738,78765,27
walking,78769,78765,78769,4
sniffing,78770,78769,78770,1
rising,78823,78770,78823,53
climbing,78876,78823,78876,53
sniffing,78946,78876,78946,70
rising,78964,78946,78964,18
walking,78971,78964,78971,7
hunching,78975,78971,78975,4
grooming,79637,78975,79637,662
rearing,79679,79637,79679,42
sniffing,79858,79679,79858,179
walking,79902,79858,79902,44
sniffing,79958,79902,79958,56
rearing,79959,79958,79959,1
sniffing,79960,79959,79960,1
right_turning,79985,79960,79985,25
trotting,80009,79985,80009,24
rising,80010,80009,80010,1
left_turning,80018,80010,80018,8
sniffing,80140,80018,80140,122
stepping,80141,80140,80141,1
walking,80167,80141,80167,26
sniffing,80209,80167,80209,42
rising,80210,80209,80210,1
right_turning,80236,80210,80236,26
walking,80242,80236,80242,6
right_turning,80243,80242,80243,1
stepping,80301,80243,80301,58
trotting,80331,80301,80331,30
stepping,80358,80331,80358,27
climbing,80433,80358,80433,75
rising,80452,80433,80452,19
climbing,80521,80452,80521,69
rising,80573,80521,80573,52
sniffing,80620,80573,80620,47
climbing,80634,80620,80634,14
sniffing,80756,80634,80756,122
left_turning,80792,80756,80792,36
sniffing,80980,80792,80980,188
stepping,81043,80980,81043,63
walking,81079,81043,81079,36
sniffing,81152,81079,81152,73
stepping,81183,81152,81183,31
walking,81184,81183,81184,1
stepping,81185,81184,81185,1
trotting,81216,81185,81216,31
hunching,81337,81216,81337,121
rising,81369,81337,81369,32
sniffing,81370,81369,81370,1
climbing,81436,81370,81436,66
right_turning,81444,81436,81444,8
stepping,81504,81444,81504,60
sniffing,81577,81504,81577,73
rising,81578,81577,81578,1
rearing,81683,81578,81683,105
sniffing,81754,81683,81754,71
rising,81755,81754,81755,1
sniffing,81894,81755,81894,139
left_turning,81930,81894,81930,36
walking,81931,81930,81931,1
sniffing,82004,81931,82004,73
left_turning,82067,82004,82067,63
walking,82075,82067,82075,8
sniffing,82108,82075,82108,33
rising,82183,82108,82183,75
climbing,82303,82183,82303,120
rising,82351,82303,82351,48
hunching,82388,82351,82388,37
climbing,82435,82388,82435,47
sniffing,82519,82435,82519,84
walking,82533,82519,82533,14
climbing,82596,82533,82596,63
sniffing,82669,82596,82669,73
grooming,82711,82669,82711,42
rearing,82819,82711,82819,108
rising,82820,82819,82820,1
sniffing,82838,82820,82838,18
rising,82839,82838,82839,1
climbing,82918,82839,82918,79
hunching,82956,82918,82956,38
right_turning,82990,82956,82990,34
sniffing,83037,82990,83037,47
walking,83085,83037,83085,48
sniffing,83116,83085,83116,31
right_turning,83152,83116,83152,36
rising,83248,83152,83248,96
rearing,83580,83248,83580,332
climbing,83581,83580,83581,1
left_turning,83582,83581,83582,1
rising,83612,83582,83612,30
sniffing,83613,83612,83613,1
rearing,83785,83613,83785,172
grooming,83786,83785,83786,1
rearing,83988,83786,83988,202
climbing,84019,83988,84019,31
right_turning,84045,84019,84045,26
left_turning,84046,84045,84046,1
sniffing,84076,84046,84076,30
grooming,84223,84076,84223,147
rising,84296,84223,84296,73
climbing,84324,84296,84324,28
right_turning,84372,84324,84372,48
walking,84373,84372,84373,1
stepping,84395,84373,84395,22
rising,84445,84395,84445,50
sniffing,84446,84445,84446,1
rising,84447,84446,84447,1
climbing,84448,84447,84448,1
sniffing,84462,84448,84462,14
rising,84463,84462,84463,1
climbing,84505,84463,84505,42
hunching,84506,84505,84506,1
sniffing,84615,84506,84615,109
grooming,84914,84615,84914,299
hunching,85064,84914,85064,150
rising,85090,85064,85090,26
climbing,85113,85090,85113,23
running,85138,85113,85138,25
left_turning,85139,85138,85139,1
sniffing,85189,85139,85189,50
hunching,85267,85189,85267,78
grooming,85268,85267,85268,1
rearing,85330,85268,85330,62
grooming,85331,85330,85331,1
climbing,85388,85331,85388,57
rising,85409,85388,85409,21
walking,85447,85409,85447,38
stepping,85483,85447,85483,36
sniffing,85538,85483,85538,55
right_turning,85550,85538,85550,12
walking,85590,85550,85590,40
rising,85595,85590,85595,5
sniffing,85608,85595,85608,13
rising,85654,85608,85654,46
rearing,85655,85654,85655,1
rising,85714,85655,85714,59
sniffing,85753,85714,85753,39
right_turning,85754,85753,85754,1
rising,85760,85754,85760,6
sniffing,85761,85760,85761,1
rising,85791,85761,85791,30
rearing,85800,85791,85800,9
grooming,85820,85800,85820,20
climbing,85824,85820,85824,4
right_turning,85855,85824,85855,31
walking,85856,85855,85856,1
sniffing,85857,85856,85857,1
walking,85918,85857,85918,61
sniffing,85946,85918,85946,28
walking,86031,85946,86031,85
sniffing,86032,86031,86032,1
rising,86087,86032,86087,55
left_turning,86115,86087,86115,28
walking,86147,86115,86147,32
rising,86191,86147,86191,44
sniffing,86256,86191,86256,65
rising,86304,86256,86304,48
climbing,86384,86304,86384,80
sniffing,86487,86384,86487,103
left_turning,86493,86487,86493,6
sniffing,86526,86493,86526,33
pausing,86962,86526,86962,436
sniffing,86963,86962,86963,1
walking,86989,86963,86989,26
sniffing,86990,86989,86990,1
rising,87020,86990,87020,30
stepping,87021,87020,87021,1
walking,87072,87021,87072,51
left_turning,87073,87072,87073,1
walking,87131,87073,87131,58
rising,87132,87131,87132,1
sniffing,87155,87132,87155,23
walking,87233,87155,87233,78
trotting,87236,87233,87236,3
walking,87254,87236,87254,18
rearing,87276,87254,87276,22
rising,87292,87276,87292,16
right_turning,87350,87292,87350,58
sniffing,87353,87350,87353,3
rising,87365,87353,87365,12
sniffing,87410,87365,87410,45
rising,87411,87410,87411,1
climbing,87430,87411,87430,19
rising,87458,87430,87458,28
grooming,87477,87458,87477,19
hunching,87545,87477,87545,68
rising,87570,87545,87570,25
sniffing,87571,87570,87571,1
walking,87584,87571,87584,13
sniffing,87683,87584,87683,99
pausing,88233,87683,88233,550
sniffing,88234,88233,88234,1
rising,88296,88234,88296,62
sniffing,88350,88296,88350,54
rising,88407,88350,88407,57
climbing,88436,88407,88436,29
sniffing,88518,88436,88518,82
left_turning,88519,88518,88519,1
trotting,88520,88519,88520,1
sniffing,88582,88520,88582,62
right_turning,88598,88582,88598,16
stepping,88624,88598,88624,26
jumping,88625,88624,88625,1
trotting,88670,88625,88670,45
left_turning,88717,88670,88717,47
walking,88718,88717,88718,1
sniffing,88812,88718,88812,94
rising,88830,88812,88830,18
rearing,88831,88830,88831,1
grooming,89160,88831,89160,329
sniffing,89161,89160,89161,1
rising,89162,89161,89162,1
climbing,89237,89162,89237,75
sniffing,89261,89237,89261,24
left_turning,89326,89261,89326,65
trotting,89334,89326,89334,8
walking,89364,89334,89364,30
sniffing,89466,89364,89466,102
grooming,90164,89466,90164,698
sniffing,90190,90164,90190,26
right_turning,90228,90190,90228,38
rising,90254,90228,90254,26
rearing,90362,90254,90362,108
grooming,90363,90362,90363,1
climbing,90414,90363,90414,51
running,90433,90414,90433,19
trotting,90458,90433,90458,25
walking,90533,90458,90533,75
sniffing,90534,90533,90534,1
walking,90558,90534,90558,24
rising,90560,90558,90560,2
sniffing,90640,90560,90640,80
hunching,90800,90640,90800,160
climbing,90871,90800,90871,71
rearing,90895,90871,90895,24
rising,90905,90895,90905,10
sniffing,91009,90905,91009,104
right_turning,91018,91009,91018,9
walking,91041,91018,91041,23
climbing,91073,91041,91073,32
trotting,91125,91073,91125,52
rising,91162,91125,91162,37
climbing,91209,91162,91209,47
sniffing,91277,91209,91277,68
left_turning,91291,91277,91291,14
climbing,91318,91291,91318,27
rearing,91367,91318,91367,49
hunching,91442,91367,91442,75
sniffing,91472,91442,91472,30
walking,91500,91472,91500,28
climbing,91501,91500,91501,1
running,91510,91501,91510,9
walking,91518,91510,91518,8
sniffing,91555,91518,91555,37
climbing,91601,91555,91601,46
rearing,91724,91601,91724,123
climbing,91777,91724,91777,53
sniffing,91802,91777,91802,25
walking,91847,91802,91847,45
climbing,91943,91847,91943,96
right_turning,91957,91943,91957,14
walking,91963,91957,91963,6
sniffing,91973,91963,91973,10
left_turning,91990,91973,91990,17
sniffing,92035,91990,92035,45
rising,92088,92035,92088,53
climbing,92142,92088,92142,54
rising,92160,92142,92160,18
climbing,92181,92160,92181,21
rising,92182,92181,92182,1
climbing,92195,92182,92195,13
left_turning,92236,92195,92236,41
trotting,92264,92236,92264,28
walking,92289,92264,92289,25
rising,92341,92289,92341,52
grooming,92342,92341,92342,1
sniffing,92441,92342,92441,99
left_turning,92524,92441,92524,83
trotting,92540,92524,92540,16
walking,92551,92540,92551,11
rising,92593,92551,92593,42
stepping,92620,92593,92620,27
running,92649,92620,92649,29
stepping,92706,92649,92706,57
rising,92721,92706,92721,15
walking,92746,92721,92746,25
sniffing,92821,92746,92821,75
climbing,92874,92821,92874,53
rising,92948,92874,92948,74
walking,92961,92948,92961,13
sniffing,92962,92961,92962,1
rising,92999,92962,92999,37
rearing,93000,92999,93000,1
climbing,93073,93000,93073,73
rising,93125,93073,93125,52
sniffing,93166,93125,93166,41
rising,93197,93166,93197,31
sniffing,93206,93197,93206,9
walking,93239,93206,93239,33
sniffing,93318,93239,93318,79
grooming,93780,93318,93780,462
sniffing,93923,93780,93923,143
rising,93941,93923,93941,18
walking,93951,93941,93951,10
climbing,94005,93951,94005,54
rising,94048,94005,94048,43
rearing,94049,94048,94049,1
climbing,94058,94049,94058,9
rising,94067,94058,94067,9
climbing,94094,94067,94094,27
hunching,94297,94094,94297,203
right_turning,94301,94297,94301,4
walking,94366,94301,94366,65
sniffing,94392,94366,94392,26
rearing,94507,94392,94507,115
rising,94564,94507,94564,57
climbing,94579,94564,94579,15
right_turning,94609,94579,94609,30
walking,94627,94609,94627,18
rising,94643,94627,94643,16
left_turning,94644,94643,94644,1
walking,94726,94644,94726,82
climbing,94774,94726,94774,48
rearing,94775,94774,94775,1
sniffing,94806,94775,94806,31
rising,94816,94806,94816,10
climbing,94831,94816,94831,15
grooming,95163,94831,95163,332
rearing,95249,95163,95249,86
grooming,95428,95249,95428,179
hunching,95490,95428,95490,62
sniffing,95551,95490,95551,61
climbing,95604,95551,95604,53
right_turning,95608,95604,95608,4
walking,95675,95608,95675,67
left_turning,95676,95675,95676,1
trotting,95702,95676,95702,26
sniffing,95703,95702,95703,1
rising,95734,95703,95734,31
climbing,95785,95734,95785,51
hunching,95995,95785,95995,210
left_turning,96025,95995,96025,30
sniffing,96086,96025,96086,61
walking,96120,96086,96120,34
sniffing,96128,96120,96128,8
walking,96154,96128,96154,26
right_turning,96160,96154,96160,6
walking,96161,96160,96161,1
left_turning,96198,96161,96198,37
stepping,96205,96198,96205,7
right_turning,96216,96205,96216,11
walking,96286,96216,96286,70
left_turning,96319,96286,96319,33
sniffing,96361,96319,96361,42
rising,96400,96361,96400,39
climbing,96427,96400,96427,27
right_turning,96450,96427,96450,23
walking,96492,96450,96492,42
climbing,96520,96492,96520,28
rising,96559,96520,96559,39
climbing,96621,96559,96621,62
right_turning,96634,96621,96634,13
trotting,96642,96634,96642,8
walking,96687,96642,96687,45
right_turning,96688,96687,96688,1
walking,96697,96688,96697,9
sniffing,96698,96697,96698,1
trotting,96727,96698,96727,29
rising,96778,96727,96778,51
climbing,96842,96778,96842,64
sniffing,96948,96842,96948,106
rising,96976,96948,96976,28
right_turning,96986,96976,96986,10
running,97031,96986,97031,45
trotting,97050,97031,97050,19
grooming,97119,97050,97119,69
sniffing,97184,97119,97184,65
climbing,97215,97184,97215,31
hunching,97232,97215,97232,17
sniffing,97361,97232,97361,129
grooming,97472,97361,97472,111
rising,97495,97472,97495,23
walking,97528,97495,97528,33
stepping,97530,97528,97530,2
sniffing,97662,97530,97662,132
walking,97687,97662,97687,25
sniffing,97735,97687,97735,48
rising,97749,97735,97749,14
sniffing,97804,97749,97804,55
walking,98001,97804,98001,197
grooming,98074,98001,98074,73
sniffing,98096,98074,98096,22
left_turning,98133,98096,98133,37
sniffing,98221,98133,98221,88
right_turning,98246,98221,98246,25
walking,98286,98246,98286,40
sniffing,98287,98286,98287,1
rising,98309,98287,98309,22
sniffing,98311,98309,98311,2
left_turning,98349,98311,98349,38
trotting,98365,98349,98365,16
sniffing,98446,98365,98446,81
rising,98463,98446,98463,17
sniffing,98577,98463,98577,114
climbing,98632,98577,98632,55
running,98646,98632,98646,14
sniffing,98689,98646,98689,43
walking,98694,98689,98694,5
rising,98695,98694,98695,1
climbing,98758,98695,98758,63
sniffing,98759,98758,98759,1
rising,98841,98759,98841,82
stepping,98867,98841,98867,26
sniffing,98951,98867,98951,84
pausing,99196,98951,99196,245
climbing,99207,99196,99207,11
grooming,99208,99207,99208,1
sniffing,99213,99208,99213,5
hunching,99214,99213,99214,1
sniffing,99217,99214,99217,3
grooming,99242,99217,99242,25
rearing,99263,99242,99263,21
sniffing,99317,99263,99317,54
rising,99318,99317,99318,1
left_turning,99418,99318,99418,100
sniffing,99419,99418,99419,1
stepping,99435,99419,99435,16
walking,99482,99435,99482,47
hunching,99483,99482,99483,1
sniffing,99613,99483,99613,130
left_turning,99678,99613,99678,65
running,99707,99678,99707,29
sniffing,99708,99707,99708,1
walking,99743,99708,99743,35
left_turning,99744,99743,99744,1
running,99760,99744,99760,16
walking,99761,99760,99761,1
sniffing,99795,99761,99795,34
rising,99796,99795,99796,1
sniffing,99837,99796,99837,41
walking,99905,99837,99905,68
climbing,99938,99905,99938,33
running,99966,99938,99966,28
sniffing,99983,99966,99983,17
climbing,100043,99983,100043,60
rising,100044,100043,100044,1
sniffing,100140,100044,100140,96
hunching,100142,100140,100142,2
rising,100165,100142,100165,23
sniffing,100231,100165,100231,66
climbing,100349,100231,100349,118
rearing,100350,100349,100350,1
climbing,100351,100350,100351,1
sniffing,100454,100351,100454,103
rising,100566,100454,100566,112
hunching,100690,100566,100690,124
stepping,100750,100690,100750,60
walking,100751,100750,100751,1
sniffing,100866,100751,100866,115
grooming,101156,100866,101156,290
sniffing,101231,101156,101231,75
rising,101269,101231,101269,38
grooming,101270,101269,101270,1
sniffing,101295,101270,101295,25
stepping,101319,101295,101319,24
rising,101399,101319,101399,80
sniffing,101562,101399,101562,163
walking,101579,101562,101579,17
sniffing,101639,101579,101639,60
pausing,101640,101639,101640,1
sniffing,101649,101640,101649,9
rearing,101654,101649,101654,5
sniffing,101655,101654,101655,1
rising,101737,101655,101737,82
rearing,101738,101737,101738,1
climbing,101765,101738,101765,27
rising,101859,101765,101859,94
stepping,101889,101859,101889,30
walking,101956,101889,101956,67
sniffing,102009,101956,102009,53
walking,102072,102009,102072,63
sniffing,102173,102072,102173,101
walking,102188,102173,102188,15
sniffing,102211,102188,102211,23
left_turning,102212,102211,102212,1
sniffing,102260,102212,102260,48
climbing,102340,102260,102340,80
sniffing,102415,102340,102415,75
grooming,102864,102415,102864,449
climbing,102865,102864,102865,1
sniffing,102974,102865,102974,109
trotting,103017,102974,103017,43
sniffing,103084,103017,103084,67
rising,103103,103084,103103,19
hunching,103188,103103,103188,85
rising,103190,103188,103190,2
sniffing,103191,103190,103191,1
climbing,103192,103191,103192,1
rearing,103246,103192,103246,54
sniffing,103247,103246,103247,1
rising,103284,103247,103284,37
climbing,103458,103284,103458,174
sniffing,103564,103458,103564,106
climbing,103589,103564,103589,25
right_turning,103606,103589,103606,17
stepping,103612,103606,103612,6
sniffing,103613,103612,103613,1
rising,103712,103613,103712,99
sniffing,103713,103712,103713,1
rising,103739,103713,103739,26
left_turning,103776,103739,103776,37
sniffing,103777,103776,103777,1
grooming,103804,103777,103804,27
rearing,103805,103804,103805,1
left_turning,103878,103805,103878,73
rising,103879,103878,103879,1
walking,103913,103879,103913,34
sniffing,104038,103913,104038,125
walking,104086,104038,104086,48
sniffing,104150,104086,104150,64
pausing,104151,104150,104151,1
sniffing,104198,104151,104198,47
rising,104263,104198,104263,65
sniffing,104264,104263,104264,1
climbing,104329,104264,104329,65
sniffing,104363,104329,104363,34
pausing,104364,104363,104364,1
sniffing,104365,104364,104365,1
rising,104366,104365,104366,1
climbing,104384,104366,104384,18
rising,104437,104384,104437,53
climbing,104467,104437,104467,30
rising,104633,104467,104633,166
sniffing,104725,104633,104725,92
left_turning,104742,104725,104742,17
sniffing,104743,104742,104743,1
pausing,104744,104743,104744,1
sniffing,104752,104744,104752,8
rising,104777,104752,104777,25
hunching,104778,104777,104778,1
grooming,104920,104778,104920,142
hunching,104988,104920,104988,68
sniffing,104989,104988,104989,1
stepping,104990,104989,104990,1
sniffing,105067,104990,105067,77
grooming,105134,105067,105134,67
sniffing,105180,105134,105180,46
rising,105230,105180,105230,50
sniffing,105231,105230,105231,1
right_turning,105288,105231,105288,57
sniffing,105402,105288,105402,114
pausing,105403,105402,105403,1
sniffing,105404,105403,105404,1
rising,105467,105404,105467,63
sniffing,105547,105467,105547,80
rising,105596,105547,105596,49
sniffing,105625,105596,105625,29
rising,105692,105625,105692,67
left_turning,105749,105692,105749,57
rising,105769,105749,105769,20
climbing,105860,105769,105860,91
rising,105870,105860,105870,10
walking,105883,105870,105883,13
sniffing,105931,105883,105931,48
left_turning,105963,105931,105963,32
sniffing,105978,105963,105978,15
rearing,105985,105978,105985,7
grooming,106288,105985,106288,303
climbing,106374,106288,106374,86
grooming,106375,106374,106375,1
rearing,106376,106375,106376,1
sniffing,106387,106376,106387,11
rearing,106435,106387,106435,48
hunching,106522,106435,106522,87
grooming,107291,106522,107291,769
rearing,107292,107291,107292,1
climbing,107392,107292,107392,100
grooming,107518,107392,107518,126
sniffing,107596,107518,107596,78
left_turning,107623,107596,107623,27
sniffing,107763,107623,107763,140
hunching,107804,107763,107804,41
rising,107996,107804,107996,192
climbing,108000,107996,108000,4
