revised_movement_label,segBoundary,segBoundary_start,segBoundary_end,length
sniffing,26,0,26,26
left_turning,57,26,57,31
running,58,57,58,1
walking,97,58,97,39
climbing,154,97,154,57
rising,155,154,155,1
walking,162,155,162,7
running,181,162,181,19
rising,306,181,306,125
climbing,369,306,369,63
rising,412,369,412,43
left_turning,440,412,440,28
walking,441,440,441,1
sniffing,493,441,493,52
right_turning,494,493,494,1
walking,516,494,516,22
sniffing,561,516,561,45
pausing,562,561,562,1
sniffing,673,562,673,111
climbing,711,673,711,38
sniffing,745,711,745,34
rising,804,745,804,59
sniffing,884,804,884,80
rising,885,884,885,1
sniffing,951,885,951,66
climbing,973,951,973,22
rising,975,973,975,2
hunching,1007,975,1007,32
left_turning,1008,1007,1008,1
stepping,1033,1008,1033,25
sniffing,1057,1033,1057,24
rising,1179,1057,1179,122
walking,1182,1179,1182,3
trotting,1210,1182,1210,28
sniffing,1321,1210,1321,111
walking,1322,1321,1322,1
stepping,1326,1322,1326,4
sniffing,1327,1326,1327,1
running,1346,1327,1346,19
walking,1391,1346,1391,45
sniffing,1393,1391,1393,2
walking,1428,1393,1428,35
left_turning,1447,1428,1447,19
sniffing,1468,1447,1468,21
right_turning,1492,1468,1492,24
left_turning,1510,1492,1510,18
sniffing,1604,1510,1604,94
climbing,1646,1604,1646,42
walking,1714,1646,1714,68
sniffing,1786,1714,1786,72
rising,1804,1786,1804,18
walking,1845,1804,1845,41
sniffing,1846,1845,1846,1
rising,1868,1846,1868,22
left_turning,1878,1868,1878,10
sniffing,1879,1878,1879,1
walking,1882,1879,1882,3
rising,1943,1882,1943,61
right_turning,1944,1943,1944,1
rising,1945,1944,1945,1
sniffing,1946,1945,1946,1
climbing,1976,1946,1976,30
walking,1991,1976,1991,15
sniffing,1997,1991,1997,6
climbing,2057,1997,2057,60
walking,2060,2057,2060,3
left_turning,2106,2060,2106,46
walking,2148,2106,2148,42
sniffing,2203,2148,2203,55
climbing,2251,2203,2251,48
walking,2300,2251,2300,49
sniffing,2301,2300,2301,1
rising,2390,2301,2390,89
walking,2416,2390,2416,26
sniffing,2428,2416,2428,12
walking,2443,2428,2443,15
sniffing,2461,2443,2461,18
walking,2499,2461,2499,38
sniffing,2517,2499,2517,18
grooming,2596,2517,2596,79
sniffing,2654,2596,2654,58
rising,2690,2654,2690,36
right_turning,2699,2690,2699,9
running,2739,2699,2739,40
rising,2780,2739,2780,41
climbing,2815,2780,2815,35
sniffing,2830,2815,2830,15
walking,2900,2830,2900,70
sniffing,2901,2900,2901,1
climbing,2986,2901,2986,85
sniffing,3024,2986,3024,38
right_turning,3070,3024,3070,46
sniffing,3123,3070,3123,53
right_turning,3152,3123,3152,29
stepping,3171,3152,3171,19
walking,3224,3171,3224,53
sniffing,3377,3224,3377,153
walking,3424,3377,3424,47
rising,3425,3424,3425,1
sniffing,3460,3425,3460,35
walking,3461,3460,3461,1
sniffing,3522,3461,3522,61
climbing,3577,3522,3577,55
sniffing,3631,3577,3631,54
climbing,3679,3631,3679,48
walking,3718,3679,3718,39
right_turning,3726,3718,3726,8
climbing,3784,3726,3784,58
sniffing,3898,3784,3898,114
left_turning,3914,3898,3914,16
running,3934,3914,3934,20
rising,4149,3934,4149,215
climbing,4186,4149,4186,37
sniffing,4224,4186,4224,38
stepping,4270,4224,4270,46
trotting,4301,4270,4301,31
walking,4302,4301,4302,1
sniffing,4303,4302,4303,1
climbing,4351,4303,4351,48
trotting,4397,4351,4397,46
walking,4434,4397,4434,37
left_turning,4455,4434,4455,21
rising,4498,4455,4498,43
sniffing,4520,4498,4520,22
rising,4521,4520,4521,1
left_turning,4564,4521,4564,43
walking,4576,4564,4576,12
trotting,4617,4576,4617,41
left_turning,4647,4617,4647,30
climbing,4714,4647,4714,67
rising,4742,4714,4742,28
climbing,4748,4742,4748,6
rising,4749,4748,4749,1
climbing,4802,4749,4802,53
walking,4820,4802,4820,18
stepping,4866,4820,4866,46
left_turning,4908,4866,4908,42
sniffing,4953,4908,4953,45
walking,5025,4953,5025,72
sniffing,5026,5025,5026,1
walking,5046,5026,5046,20
rising,5047,5046,5047,1
climbing,5083,5047,5083,36
walking,5150,5083,5150,67
sniffing,5178,5150,5178,28
walking,5193,5178,5193,15
sniffing,5296,5193,5296,103
walking,5383,5296,5383,87
stepping,5384,5383,5384,1
right_turning,5418,5384,5418,34
trotting,5470,5418,5470,52
sniffing,5515,5470,5515,45
left_turning,5547,5515,5547,32
trotting,5572,5547,5572,25
sniffing,5673,5572,5673,101
left_turning,5680,5673,5680,7
walking,5720,5680,5720,40
sniffing,5758,5720,5758,38
walking,5759,5758,5759,1
sniffing,5807,5759,5807,48
rising,5861,5807,5861,54
walking,5894,5861,5894,33
sniffing,5895,5894,5895,1
rising,5930,5895,5930,35
sniffing,5931,5930,5931,1
climbing,5956,5931,5956,25
sniffing,6090,5956,6090,134
rising,6091,6090,6091,1
left_turning,6149,6091,6149,58
sniffing,6157,6149,6157,8
climbing,6197,6157,6197,40
walking,6198,6197,6198,1
rising,6338,6198,6338,140
walking,6352,6338,6352,14
left_turning,6369,6352,6369,17
trotting,6388,6369,6388,19
walking,6429,6388,6429,41
sniffing,6430,6429,6430,1
climbing,6471,6430,6471,41
rearing,6596,6471,6596,125
walking,6644,6596,6644,48
left_turning,6675,6644,6675,31
walking,6724,6675,6724,49
sniffing,6725,6724,6725,1
climbing,6770,6725,6770,45
left_turning,6784,6770,6784,14
walking,6797,6784,6797,13
rising,6798,6797,6798,1
walking,6828,6798,6828,30
sniffing,6871,6828,6871,43
rising,6899,6871,6899,28
trotting,6942,6899,6942,43
stepping,6943,6942,6943,1
walking,6944,6943,6944,1
trotting,7003,6944,7003,59
walking,7085,7003,7085,82
climbing,7112,7085,7112,27
walking,7152,7112,7152,40
climbing,7185,7152,7185,33
hunching,7365,7185,7365,180
rising,7483,7365,7483,118
stepping,7484,7483,7484,1
climbing,7527,7484,7527,43
left_turning,7563,7527,7563,36
walking,7593,7563,7593,30
sniffing,7719,7593,7719,126
trotting,7748,7719,7748,29
running,7776,7748,7776,28
walking,7809,7776,7809,33
rising,7819,7809,7819,10
climbing,7863,7819,7863,44
sniffing,7864,7863,7864,1
climbing,7882,7864,7882,18
sniffing,8007,7882,8007,125
rising,8008,8007,8008,1
left_turning,8009,8008,8009,1
rearing,8067,8009,8067,58
climbing,8068,8067,8068,1
walking,8113,8068,8113,45
trotting,8130,8113,8130,17
stepping,8139,8130,8139,9
trotting,8164,8139,8164,25
walking,8165,8164,8165,1
stepping,8184,8165,8184,19
walking,8185,8184,8185,1
right_turning,8220,8185,8220,35
stepping,8243,8220,8243,23
climbing,8259,8243,8259,16
rising,8271,8259,8271,12
climbing,8316,8271,8316,45
right_turning,8352,8316,8352,36
walking,8423,8352,8423,71
climbing,8470,8423,8470,47
sniffing,8502,8470,8502,32
right_turning,8503,8502,8503,1
walking,8538,8503,8538,35
left_turning,8573,8538,8573,35
rising,8574,8573,8574,1
climbing,8588,8574,8588,14
trotting,8618,8588,8618,30
sniffing,8619,8618,8619,1
left_turning,8667,8619,8667,48
sniffing,8702,8667,8702,35
trotting,8744,8702,8744,42
right_turning,8777,8744,8777,33
walking,8799,8777,8799,22
running,8820,8799,8820,21
hunching,8905,8820,8905,85
climbing,8925,8905,8925,20
running,8956,8925,8956,31
sniffing,8957,8956,8957,1
left_turning,8967,8957,8967,10
walking,9051,8967,9051,84
sniffing,9068,9051,9068,17
walking,9077,9068,9077,9
right_turning,9078,9077,9078,1
climbing,9167,9078,9167,89
rising,9203,9167,9203,36
sniffing,9204,9203,9204,1
rearing,9622,9204,9622,418
grooming,9940,9622,9940,318
sniffing,9959,9940,9959,19
left_turning,9967,9959,9967,8
sniffing,10074,9967,10074,107
hunching,10150,10074,10150,76
grooming,10151,10150,10151,1
rearing,10152,10151,10152,1
climbing,10222,10152,10222,70
rising,10241,10222,10241,19
climbing,10264,10241,10264,23
sniffing,10333,10264,10333,69
walking,10334,10333,10334,1
right_turning,10349,10334,10349,15
running,10377,10349,10377,28
sniffing,10419,10377,10419,42
walking,10443,10419,10443,24
rearing,10444,10443,10444,1
climbing,10522,10444,10522,78
sniffing,10525,10522,10525,3
walking,10535,10525,10535,10
left_turning,10546,10535,10546,11
sniffing,10576,10546,10576,30
climbing,10607,10576,10607,31
right_turning,10608,10607,10608,1
trotting,10658,10608,10658,50
sniffing,10694,10658,10694,36
stepping,10726,10694,10726,32
sniffing,10777,10726,10777,51
stepping,10797,10777,10797,20
left_turning,10891,10797,10891,94
trotting,10905,10891,10905,14
climbing,10962,10905,10962,57
sniffing,11000,10962,11000,38
left_turning,11045,11000,11045,45
walking,11046,11045,11046,1
climbing,11050,11046,11050,4
sniffing,11085,11050,11085,35
left_turning,11097,11085,11097,12
sniffing,11098,11097,11098,1
climbing,11127,11098,11127,29
sniffing,11128,11127,11128,1
rising,11129,11128,11129,1
climbing,11134,11129,11134,5
rearing,11213,11134,11213,79
climbing,11230,11213,11230,17
rearing,11231,11230,11231,1
rising,11290,11231,11290,59
walking,11369,11290,11369,79
pausing,11370,11369,11370,1
hunching,11445,11370,11445,75
sniffing,11513,11445,11513,68
climbing,11542,11513,11542,29
walking,11581,11542,11581,39
rising,11582,11581,11582,1
grooming,11684,11582,11684,102
rearing,11685,11684,11685,1
grooming,12092,11685,12092,407
hunching,12105,12092,12105,13
right_turning,12152,12105,12152,47
trotting,12172,12152,12172,20
rising,12202,12172,12202,30
climbing,12268,12202,12268,66
running,12273,12268,12273,5
walking,12331,12273,12331,58
sniffing,12370,12331,12370,39
left_turning,12397,12370,12397,27
rearing,12442,12397,12442,45
sniffing,12489,12442,12489,47
climbing,12535,12489,12535,46
sniffing,12583,12535,12583,48
climbing,12612,12583,12612,29
running,12615,12612,12615,3
walking,12732,12615,12732,117
climbing,12805,12732,12805,73
sniffing,13038,12805,13038,233
hunching,13067,13038,13067,29
sniffing,13135,13067,13135,68
left_turning,13145,13135,13145,10
walking,13181,13145,13181,36
sniffing,13247,13181,13247,66
right_turning,13285,13247,13285,38
walking,13311,13285,13311,26
sniffing,13343,13311,13343,32
rising,13344,13343,13344,1
trotting,13397,13344,13397,53
walking,13411,13397,13411,14
climbing,13464,13411,13464,53
sniffing,13565,13464,13565,101
climbing,13604,13565,13604,39
sniffing,13660,13604,13660,56
hunching,13661,13660,13661,1
right_turning,13673,13661,13673,12
sniffing,13738,13673,13738,65
trotting,13786,13738,13786,48
walking,13849,13786,13849,63
sniffing,13882,13849,13882,33
hunching,13989,13882,13989,107
walking,14047,13989,14047,58
sniffing,14064,14047,14064,17
climbing,14149,14064,14149,85
hunching,14253,14149,14253,104
sniffing,14307,14253,14307,54
climbing,14335,14307,14335,28
rising,14382,14335,14382,47
climbing,14404,14382,14404,22
sniffing,14440,14404,14440,36
walking,14476,14440,14476,36
sniffing,14496,14476,14496,20
walking,14521,14496,14521,25
sniffing,14522,14521,14522,1
climbing,14580,14522,14580,58
rising,14581,14580,14581,1
stepping,14638,14581,14638,57
sniffing,14654,14638,14654,16
climbing,14703,14654,14703,49
sniffing,14806,14703,14806,103
climbing,14852,14806,14852,46
trotting,14866,14852,14866,14
stepping,14878,14866,14878,12
walking,14922,14878,14922,44
stepping,14937,14922,14937,15
climbing,14967,14937,14967,30
sniffing,14992,14967,14992,25
walking,15031,14992,15031,39
sniffing,15135,15031,15135,104
trotting,15180,15135,15180,45
walking,15235,15180,15235,55
sniffing,15266,15235,15266,31
climbing,15399,15266,15399,133
trotting,15412,15399,15412,13
walking,15435,15412,15435,23
rising,15478,15435,15478,43
climbing,15492,15478,15492,14
running,15531,15492,15531,39
sniffing,15541,15531,15541,10
climbing,15549,15541,15549,8
sniffing,15689,15549,15689,140
walking,15690,15689,15690,1
stepping,15700,15690,15700,10
rising,15701,15700,15701,1
sniffing,15702,15701,15702,1
rising,15703,15702,15703,1
climbing,15724,15703,15724,21
walking,15747,15724,15747,23
sniffing,15876,15747,15876,129
right_turning,15911,15876,15911,35
walking,15922,15911,15922,11
rearing,15954,15922,15954,32
walking,16005,15954,16005,51
stepping,16020,16005,16020,15
climbing,16052,16020,16052,32
left_turning,16064,16052,16064,12
stepping,16126,16064,16126,62
climbing,16182,16126,16182,56
sniffing,16183,16182,16183,1
rising,16208,16183,16208,25
sniffing,16225,16208,16225,17
walking,16253,16225,16253,28
sniffing,16309,16253,16309,56
rising,16406,16309,16406,97
hunching,16452,16406,16452,46
climbing,16494,16452,16494,42
sniffing,16649,16494,16649,155
rising,16650,16649,16650,1
walking,16700,16650,16700,50
rising,16728,16700,16728,28
sniffing,16729,16728,16729,1
rising,16730,16729,16730,1
sniffing,16790,16730,16790,60
stepping,16835,16790,16835,45
sniffing,16848,16835,16848,13
stepping,16903,16848,16903,55
sniffing,16951,16903,16951,48
left_turning,17009,16951,17009,58
trotting,17035,17009,17035,26
walking,17047,17035,17047,12
left_turning,17075,17047,17075,28
walking,17076,17075,17076,1
sniffing,17092,17076,17092,16
climbing,17153,17092,17153,61
right_turning,17168,17153,17168,15
stepping,17240,17168,17240,72
walking,17243,17240,17243,3
right_turning,17249,17243,17249,6
walking,17251,17249,17251,2
left_turning,17289,17251,17289,38
walking,17354,17289,17354,65
rising,17364,17354,17364,10
climbing,17402,17364,17402,38
rising,17531,17402,17531,129
climbing,17553,17531,17553,22
grooming,17554,17553,17554,1
walking,17555,17554,17555,1
trotting,17598,17555,17598,43
rising,17601,17598,17601,3
hunching,17666,17601,17666,65
rearing,17667,17666,17667,1
sniffing,17760,17667,17760,93
rising,17824,17760,17824,64
trotting,17845,17824,17845,21
sniffing,17935,17845,17935,90
left_turning,17951,17935,17951,16
sniffing,17966,17951,17966,15
trotting,18007,17966,18007,41
sniffing,18097,18007,18097,90
trotting,18151,18097,18151,54
rising,18152,18151,18152,1
left_turning,18174,18152,18174,22
sniffing,18218,18174,18218,44
climbing,18255,18218,18255,37
rearing,18264,18255,18264,9
sniffing,18323,18264,18323,59
climbing,18401,18323,18401,78
left_turning,18409,18401,18409,8
trotting,18424,18409,18424,15
sniffing,18456,18424,18456,32
stepping,18457,18456,18457,1
climbing,18470,18457,18470,13
rising,18507,18470,18507,37
climbing,18562,18507,18562,55
sniffing,18624,18562,18624,62
walking,18625,18624,18625,1
sniffing,18650,18625,18650,25
rising,18706,18650,18706,56
climbing,18715,18706,18715,9
left_turning,18738,18715,18738,23
sniffing,18757,18738,18757,19
climbing,18772,18757,18772,15
rising,18773,18772,18773,1
sniffing,18810,18773,18810,37
stepping,18832,18810,18832,22
walking,18843,18832,18843,11
sniffing,18844,18843,18844,1
hunching,18882,18844,18882,38
sniffing,18941,18882,18941,59
grooming,18942,18941,18942,1
right_turning,18953,18942,18953,11
walking,18960,18953,18960,7
sniffing,18966,18960,18966,6
rising,19008,18966,19008,42
sniffing,19179,19008,19179,171
rising,19214,19179,19214,35
climbing,19264,19214,19264,50
trotting,19278,19264,19278,14
walking,19320,19278,19320,42
sniffing,19407,19320,19407,87
climbing,19443,19407,19443,36
hunching,19486,19443,19486,43
climbing,19535,19486,19535,49
grooming,19536,19535,19536,1
sniffing,19611,19536,19611,75
climbing,19670,19611,19670,59
hunching,19743,19670,19743,73
right_turning,19780,19743,19780,37
sniffing,19827,19780,19827,47
left_turning,19843,19827,19843,16
sniffing,19867,19843,19867,24
walking,19903,19867,19903,36
sniffing,20003,19903,20003,100
rising,20027,20003,20027,24
climbing,20089,20027,20089,62
trotting,20115,20089,20115,26
sniffing,20116,20115,20116,1
left_turning,20148,20116,20148,32
right_turning,20152,20148,20152,4
walking,20183,20152,20183,31
sniffing,20227,20183,20227,44
walking,20257,20227,20257,30
sniffing,20474,20257,20474,217
trotting,20475,20474,20475,1
climbing,20527,20475,20527,52
sniffing,20620,20527,20620,93
hunching,20665,20620,20665,45
right_turning,20666,20665,20666,1
walking,20708,20666,20708,42
sniffing,20709,20708,20709,1
walking,20732,20709,20732,23
climbing,20778,20732,20778,46
rising,20828,20778,20828,50
left_turning,20857,20828,20857,29
grooming,20891,20857,20891,34
sniffing,21063,20891,21063,172
left_turning,21141,21063,21141,78
climbing,21174,21141,21174,33
rearing,21216,21174,21216,42
climbing,21240,21216,21240,24
rearing,21329,21240,21329,89
sniffing,21330,21329,21330,1
trotting,21358,21330,21358,28
sniffing,21402,21358,21402,44
walking,21468,21402,21468,66
sniffing,21515,21468,21515,47
left_turning,21586,21515,21586,71
rising,21589,21586,21589,3
rearing,21590,21589,21590,1
sniffing,21591,21590,21591,1
rearing,21646,21591,21646,55
grooming,22259,21646,22259,613
rearing,22260,22259,22260,1
sniffing,22297,22260,22297,37
walking,22326,22297,22326,29
trotting,22333,22326,22333,7
rising,22383,22333,22383,50
left_turning,22384,22383,22384,1
sniffing,22385,22384,22385,1
right_turning,22409,22385,22409,24
sniffing,22416,22409,22416,7
climbing,22570,22416,22570,154
rising,22593,22570,22593,23
climbing,22625,22593,22625,32
walking,22633,22625,22633,8
left_turning,22634,22633,22634,1
walking,22689,22634,22689,55
rising,22770,22689,22770,81
climbing,22831,22770,22831,61
sniffing,22852,22831,22852,21
climbing,22881,22852,22881,29
rising,22899,22881,22899,18
sniffing,22921,22899,22921,22
climbing,22945,22921,22945,24
sniffing,22946,22945,22946,1
walking,22969,22946,22969,23
sniffing,23060,22969,23060,91
walking,23068,23060,23068,8
sniffing,23069,23068,23069,1
left_turning,23101,23069,23101,32
rising,23118,23101,23118,17
sniffing,23180,23118,23180,62
rearing,23314,23180,23314,134
climbing,23399,23314,23399,85
sniffing,23420,23399,23420,21
stepping,23430,23420,23430,10
sniffing,23431,23430,23431,1
rising,23432,23431,23432,1
climbing,23493,23432,23493,61
rising,23563,23493,23563,70
sniffing,23571,23563,23571,8
walking,23581,23571,23581,10
sniffing,23625,23581,23625,44
climbing,23673,23625,23673,48
sniffing,23674,23673,23674,1
walking,23675,23674,23675,1
sniffing,23676,23675,23676,1
right_turning,23709,23676,23709,33
trotting,23741,23709,23741,32
walking,23760,23741,23760,19
sniffing,23859,23760,23859,99
walking,23905,23859,23905,46
trotting,23965,23905,23965,60
walking,24020,23965,24020,55
sniffing,24030,24020,24030,10
stepping,24052,24030,24052,22
sniffing,24113,24052,24113,61
trotting,24141,24113,24141,28
sniffing,24169,24141,24169,28
rising,24170,24169,24170,1
climbing,24214,24170,24214,44
right_turning,24240,24214,24240,26
walking,24288,24240,24288,48
stepping,24313,24288,24313,25
rising,24314,24313,24314,1
sniffing,24445,24314,24445,131
rearing,24474,24445,24474,29
running,24497,24474,24497,23
walking,24528,24497,24528,31
rising,24542,24528,24542,14
sniffing,24584,24542,24584,42
walking,24585,24584,24585,1
sniffing,24670,24585,24670,85
rising,24720,24670,24720,50
right_turning,24721,24720,24721,1
walking,24722,24721,24722,1
sniffing,24727,24722,24727,5
left_turning,24735,24727,24735,8
trotting,24769,24735,24769,34
sniffing,24777,24769,24777,8
left_turning,24803,24777,24803,26
trotting,24821,24803,24821,18
sniffing,24847,24821,24847,26
left_turning,24892,24847,24892,45
stepping,24893,24892,24893,1
climbing,24928,24893,24928,35
walking,24954,24928,24954,26
sniffing,25093,24954,25093,139
left_turning,25099,25093,25099,6
sniffing,25158,25099,25158,59
grooming,25414,25158,25414,256
rearing,25415,25414,25415,1
sniffing,25430,25415,25430,15
walking,25431,25430,25431,1
left_turning,25433,25431,25433,2
sniffing,25434,25433,25434,1
walking,25480,25434,25480,46
sniffing,25510,25480,25510,30
trotting,25552,25510,25552,42
running,25563,25552,25563,11
stepping,25612,25563,25612,49
right_turning,25613,25612,25613,1
running,25642,25613,25642,29
sniffing,25705,25642,25705,63
walking,25717,25705,25717,12
sniffing,25746,25717,25746,29
climbing,25816,25746,25816,70
rearing,25817,25816,25817,1
climbing,25897,25817,25897,80
rearing,25898,25897,25898,1
rising,25899,25898,25899,1
sniffing,25944,25899,25944,45
walking,25968,25944,25968,24
stepping,26015,25968,26015,47
rising,26057,26015,26057,42
sniffing,26094,26057,26094,37
climbing,26145,26094,26145,51
rearing,26159,26145,26159,14
right_turning,26193,26159,26193,34
walking,26229,26193,26229,36
stepping,26267,26229,26267,38
sniffing,26268,26267,26268,1
stepping,26303,26268,26303,35
left_turning,26358,26303,26358,55
sniffing,26396,26358,26396,38
stepping,26405,26396,26405,9
walking,26451,26405,26451,46
sniffing,26470,26451,26470,19
right_turning,26485,26470,26485,15
trotting,26486,26485,26486,1
walking,26487,26486,26487,1
hunching,26488,26487,26488,1
grooming,26489,26488,26489,1
climbing,26515,26489,26515,26
walking,26548,26515,26548,33
rising,26599,26548,26599,51
climbing,26630,26599,26630,31
rising,26631,26630,26631,1
climbing,26688,26631,26688,57
rising,26689,26688,26689,1
climbing,26705,26689,26705,16
trotting,26707,26705,26707,2
rearing,26847,26707,26847,140
climbing,26936,26847,26936,89
running,26956,26936,26956,20
sniffing,27039,26956,27039,83
right_turning,27047,27039,27047,8
grooming,27052,27047,27052,5
rising,27090,27052,27090,38
right_turning,27091,27090,27091,1
trotting,27095,27091,27095,4
stepping,27097,27095,27097,2
sniffing,27130,27097,27130,33
stepping,27149,27130,27149,19
climbing,27182,27149,27182,33
stepping,27204,27182,27204,22
right_turning,27244,27204,27244,40
trotting,27291,27244,27291,47
stepping,27314,27291,27314,23
climbing,27369,27314,27369,55
trotting,27442,27369,27442,73
walking,27489,27442,27489,47
trotting,27534,27489,27534,45
rising,27587,27534,27587,53
trotting,27623,27587,27623,36
rising,27644,27623,27644,21
rearing,27709,27644,27709,65
sniffing,27804,27709,27804,95
rising,27805,27804,27805,1
climbing,27838,27805,27838,33
sniffing,27869,27838,27869,31
climbing,27870,27869,27870,1
rising,27871,27870,27871,1
sniffing,27915,27871,27915,44
rising,27924,27915,27924,9
stepping,27954,27924,27954,30
sniffing,27955,27954,27955,1
climbing,28033,27955,28033,78
rearing,28136,28033,28136,103
rising,28137,28136,28137,1
sniffing,28194,28137,28194,57
walking,28290,28194,28290,96
right_turning,28335,28290,28335,45
walking,28336,28335,28336,1
climbing,28361,28336,28361,25
rising,28423,28361,28423,62
sniffing,28465,28423,28465,42
running,28498,28465,28498,33
sniffing,28505,28498,28505,7
stepping,28572,28505,28572,67
walking,28613,28572,28613,41
right_turning,28634,28613,28634,21
walking,28666,28634,28666,32
sniffing,28725,28666,28725,59
walking,28726,28725,28726,1
climbing,28847,28726,28847,121
trotting,28910,28847,28910,63
walking,28935,28910,28935,25
sniffing,28941,28935,28941,6
grooming,29061,28941,29061,120
sniffing,29094,29061,29094,33
rising,29095,29094,29095,1
climbing,29154,29095,29154,59
sniffing,29243,29154,29243,89
walking,29259,29243,29259,16
running,29260,29259,29260,1
walking,29285,29260,29285,25
sniffing,29286,29285,29286,1
walking,29363,29286,29363,77
climbing,29388,29363,29388,25
walking,29409,29388,29409,21
rising,29488,29409,29488,79
sniffing,29516,29488,29516,28
left_turning,29541,29516,29541,25
climbing,29578,29541,29578,37
sniffing,29590,29578,29590,12
left_turning,29615,29590,29615,25
sniffing,29616,29615,29616,1
rising,29617,29616,29617,1
rearing,29708,29617,29708,91
trotting,29736,29708,29736,28
sniffing,29737,29736,29737,1
rearing,29815,29737,29815,78
climbing,29831,29815,29831,16
rising,29846,29831,29846,15
sniffing,29877,29846,29877,31
left_turning,29911,29877,29911,34
sniffing,29964,29911,29964,53
walking,29975,29964,29975,11
trotting,30002,29975,30002,27
sniffing,30003,30002,30003,1
rising,30133,30003,30133,130
sniffing,30268,30133,30268,135
climbing,30275,30268,30275,7
rising,30305,30275,30305,30
walking,30315,30305,30315,10
sniffing,30333,30315,30333,18
left_turning,30362,30333,30362,29
rising,30403,30362,30403,41
climbing,30514,30403,30514,111
right_turning,30526,30514,30526,12
rising,30604,30526,30604,78
trotting,30636,30604,30636,32
left_turning,30645,30636,30645,9
sniffing,30811,30645,30811,166
rising,30824,30811,30824,13
sniffing,30848,30824,30848,24
climbing,30905,30848,30905,57
sniffing,30908,30905,30908,3
walking,30926,30908,30926,18
sniffing,31072,30926,31072,146
stepping,31114,31072,31114,42
sniffing,31152,31114,31152,38
rising,31176,31152,31176,24
climbing,31297,31176,31297,121
rising,31340,31297,31340,43
right_turning,31342,31340,31342,2
walking,31371,31342,31371,29
right_turning,31381,31371,31381,10
trotting,31394,31381,31394,13
left_turning,31395,31394,31395,1
walking,31418,31395,31418,23
trotting,31461,31418,31461,43
sniffing,31540,31461,31540,79
hunching,31610,31540,31610,70
sniffing,31657,31610,31657,47
climbing,31676,31657,31676,19
trotting,31696,31676,31696,20
rising,31708,31696,31708,12
right_turning,31709,31708,31709,1
rising,31796,31709,31796,87
sniffing,31811,31796,31811,15
trotting,31860,31811,31860,49
rising,31911,31860,31911,51
rearing,31924,31911,31924,13
grooming,31925,31924,31925,1
rearing,31971,31925,31971,46
climbing,32017,31971,32017,46
sniffing,32026,32017,32026,9
walking,32067,32026,32067,41
running,32124,32067,32124,57
rising,32197,32124,32197,73
rearing,32222,32197,32222,25
rising,32248,32222,32248,26
climbing,32281,32248,32281,33
rising,32282,32281,32282,1
walking,32294,32282,32294,12
sniffing,32295,32294,32295,1
right_turning,32296,32295,32296,1
climbing,32336,32296,32336,40
rising,32337,32336,32337,1
sniffing,32408,32337,32408,71
climbing,32465,32408,32465,57
rising,32482,32465,32482,17
sniffing,32492,32482,32492,10
left_turning,32493,32492,32493,1
trotting,32499,32493,32499,6
left_turning,32502,32499,32502,3
stepping,32518,32502,32518,16
walking,32527,32518,32527,9
stepping,32574,32527,32574,47
rising,32575,32574,32575,1
sniffing,32631,32575,32631,56
rising,32727,32631,32727,96
right_turning,32758,32727,32758,31
walking,32813,32758,32813,55
sniffing,32879,32813,32879,66
walking,32880,32879,32880,1
rising,32945,32880,32945,65
sniffing,32951,32945,32951,6
rearing,32952,32951,32952,1
sniffing,33023,32952,33023,71
rising,33024,33023,33024,1
grooming,33025,33024,33025,1
rearing,33074,33025,33074,49
hunching,33186,33074,33186,112
rearing,33247,33186,33247,61
hunching,33254,33247,33254,7
sniffing,33301,33254,33301,47
walking,33304,33301,33304,3
stepping,33329,33304,33329,25
hunching,33424,33329,33424,95
climbing,33465,33424,33465,41
walking,33557,33465,33557,92
sniffing,33674,33557,33674,117
rising,33737,33674,33737,63
right_turning,33749,33737,33749,12
sniffing,33781,33749,33781,32
walking,33851,33781,33851,70
right_turning,33886,33851,33886,35
trotting,33912,33886,33912,26
sniffing,33937,33912,33937,25
rising,33983,33937,33983,46
climbing,34031,33983,34031,48
rising,34093,34031,34093,62
walking,34104,34093,34104,11
sniffing,34189,34104,34189,85
walking,34238,34189,34238,49
sniffing,34297,34238,34297,59
trotting,34327,34297,34327,30
sniffing,34402,34327,34402,75
climbing,34431,34402,34431,29
walking,34459,34431,34459,28
sniffing,34521,34459,34521,62
climbing,34532,34521,34532,11
walking,34551,34532,34551,19
sniffing,34560,34551,34560,9
rearing,34561,34560,34561,1
rising,34562,34561,34562,1
climbing,34588,34562,34588,26
rearing,34628,34588,34628,40
rising,34629,34628,34629,1
climbing,34656,34629,34656,27
sniffing,34804,34656,34804,148
walking,34832,34804,34832,28
trotting,34849,34832,34849,17
running,34850,34849,34850,1
walking,34912,34850,34912,62
stepping,34923,34912,34923,11
rising,34945,34923,34945,22
climbing,34968,34945,34968,23
walking,34992,34968,34992,24
climbing,35091,34992,35091,99
rising,35092,35091,35092,1
sniffing,35110,35092,35110,18
climbing,35168,35110,35168,58
sniffing,35230,35168,35230,62
left_turning,35277,35230,35277,47
rising,35279,35277,35279,2
sniffing,35367,35279,35367,88
rearing,35466,35367,35466,99
climbing,35489,35466,35489,23
grooming,35639,35489,35639,150
rising,35691,35639,35691,52
climbing,35715,35691,35715,24
sniffing,35728,35715,35728,13
walking,35729,35728,35729,1
left_turning,35730,35729,35730,1
sniffing,35745,35730,35745,15
left_turning,35767,35745,35767,22
stepping,35782,35767,35782,15
right_turning,35792,35782,35792,10
trotting,35824,35792,35824,32
sniffing,35862,35824,35862,38
rising,35873,35862,35873,11
climbing,35939,35873,35939,66
sniffing,35976,35939,35976,37
rising,35996,35976,35996,20
sniffing,36012,35996,36012,16
stepping,36016,36012,36016,4
walking,36031,36016,36031,15
rising,36131,36031,36131,100
sniffing,36238,36131,36238,107
climbing,36265,36238,36265,27
sniffing,36286,36265,36286,21
grooming,36342,36286,36342,56
rearing,36362,36342,36362,20
rising,36381,36362,36381,19
climbing,36412,36381,36412,31
grooming,36725,36412,36725,313
rearing,36730,36725,36730,5
hunching,36731,36730,36731,1
climbing,36746,36731,36746,15
sniffing,36796,36746,36796,50
rising,36817,36796,36817,21
right_turning,36823,36817,36823,6
rearing,36945,36823,36945,122
sniffing,37006,36945,37006,61
hunching,37122,37006,37122,116
rising,37141,37122,37141,19
climbing,37219,37141,37219,78
rearing,37220,37219,37220,1
climbing,37262,37220,37262,42
rising,37290,37262,37290,28
sniffing,37291,37290,37291,1
rearing,37306,37291,37306,15
walking,37348,37306,37348,42
sniffing,37373,37348,37373,25
rising,37436,37373,37436,63
stepping,37470,37436,37470,34
sniffing,37471,37470,37471,1
grooming,37472,37471,37472,1
sniffing,37503,37472,37503,31
trotting,37522,37503,37522,19
sniffing,37541,37522,37541,19
left_turning,37542,37541,37542,1
sniffing,37543,37542,37543,1
grooming,37544,37543,37544,1
walking,37545,37544,37545,1
hunching,37546,37545,37546,1
walking,37569,37546,37569,23
right_turning,37585,37569,37585,16
walking,37626,37585,37626,41
sniffing,37647,37626,37647,21
rising,37648,37647,37648,1
climbing,37687,37648,37687,39
rearing,37858,37687,37858,171
trotting,37891,37858,37891,33
sniffing,37892,37891,37892,1
climbing,37912,37892,37912,20
trotting,37930,37912,37930,18
walking,37976,37930,37976,46
stepping,38028,37976,38028,52
climbing,38053,38028,38053,25
rearing,38115,38053,38115,62
left_turning,38148,38115,38148,33
walking,38149,38148,38149,1
rising,38159,38149,38159,10
rearing,38160,38159,38160,1
left_turning,38228,38160,38228,68
trotting,38259,38228,38259,31
sniffing,38260,38259,38260,1
walking,38318,38260,38318,58
rearing,38433,38318,38433,115
rising,38471,38433,38471,38
climbing,38531,38471,38531,60
sniffing,38646,38531,38646,115
climbing,38678,38646,38678,32
rising,38713,38678,38713,35
climbing,38743,38713,38743,30
trotting,38762,38743,38762,19
sniffing,38789,38762,38789,27
rising,38790,38789,38790,1
climbing,38880,38790,38880,90
trotting,38896,38880,38896,16
walking,38950,38896,38950,54
sniffing,39031,38950,39031,81
trotting,39041,39031,39041,10
walking,39042,39041,39042,1
sniffing,39095,39042,39095,53
climbing,39096,39095,39096,1
walking,39137,39096,39137,41
left_turning,39161,39137,39161,24
trotting,39213,39161,39213,52
sniffing,39255,39213,39255,42
rising,39275,39255,39275,20
rearing,39276,39275,39276,1
climbing,39313,39276,39313,37
walking,39351,39313,39351,38
stepping,39352,39351,39352,1
rearing,39376,39352,39376,24
sniffing,39435,39376,39435,59
left_turning,39436,39435,39436,1
walking,39445,39436,39445,9
sniffing,39446,39445,39446,1
climbing,39459,39446,39459,13
sniffing,39488,39459,39488,29
walking,39519,39488,39519,31
sniffing,39534,39519,39534,15
walking,39567,39534,39567,33
sniffing,39569,39567,39569,2
grooming,39778,39569,39778,209
walking,39812,39778,39812,34
rising,39866,39812,39866,54
sniffing,39898,39866,39898,32
walking,39930,39898,39930,32
sniffing,39931,39930,39931,1
jumping,40003,39931,40003,72
sniffing,40004,40003,40004,1
walking,40043,40004,40043,39
sniffing,40064,40043,40064,21
left_turning,40090,40064,40090,26
sniffing,40116,40090,40116,26
right_turning,40157,40116,40157,41
sniffing,40183,40157,40183,26
climbing,40264,40183,40264,81
rising,40280,40264,40280,16
climbing,40317,40280,40317,37
rearing,40318,40317,40318,1
sniffing,40353,40318,40353,35
climbing,40384,40353,40384,31
walking,40403,40384,40403,19
climbing,40466,40403,40466,63
rearing,40594,40466,40594,128
sniffing,40644,40594,40644,50
hunching,40648,40644,40648,4
rising,40676,40648,40676,28
climbing,40739,40676,40739,63
sniffing,40902,40739,40902,163
hunching,41062,40902,41062,160
walking,41116,41062,41116,54
climbing,41208,41116,41208,92
sniffing,41255,41208,41255,47
right_turning,41266,41255,41266,11
walking,41269,41266,41269,3
sniffing,41446,41269,41446,177
rising,41498,41446,41498,52
climbing,41585,41498,41585,87
sniffing,41604,41585,41604,19
climbing,41638,41604,41638,34
rearing,41639,41638,41639,1
hunching,41685,41639,41685,46
sniffing,41741,41685,41741,56
walking,41788,41741,41788,47
sniffing,41832,41788,41832,44
climbing,41852,41832,41852,20
walking,41882,41852,41882,30
sniffing,41949,41882,41949,67
left_turning,41950,41949,41950,1
sniffing,41967,41950,41967,17
walking,41968,41967,41968,1
sniffing,42002,41968,42002,34
walking,42029,42002,42029,27
sniffing,42076,42029,42076,47
left_turning,42077,42076,42077,1
walking,42094,42077,42094,17
climbing,42118,42094,42118,24
sniffing,42135,42118,42135,17
walking,42182,42135,42182,47
sniffing,42183,42182,42183,1
left_turning,42211,42183,42211,28
sniffing,42222,42211,42222,11
right_turning,42259,42222,42259,37
trotting,42273,42259,42273,14
climbing,42310,42273,42310,37
rising,42316,42310,42316,6
walking,42338,42316,42338,22
climbing,42416,42338,42416,78
hunching,42487,42416,42487,71
walking,42518,42487,42518,31
sniffing,42523,42518,42523,5
walking,42543,42523,42543,20
trotting,42575,42543,42575,32
walking,42619,42575,42619,44
rising,42690,42619,42690,71
climbing,42711,42690,42711,21
sniffing,42762,42711,42762,51
walking,42798,42762,42798,36
climbing,42805,42798,42805,7
walking,42854,42805,42854,49
trotting,42876,42854,42876,22
sniffing,42916,42876,42916,40
rising,42937,42916,42937,21
walking,43019,42937,43019,82
stepping,43042,43019,43042,23
jumping,43076,43042,43076,34
rising,43150,43076,43150,74
left_turning,43183,43150,43183,33
walking,43247,43183,43247,64
rising,43248,43247,43248,1
hunching,43331,43248,43331,83
grooming,43479,43331,43479,148
climbing,43489,43479,43489,10
right_turning,43534,43489,43534,45
walking,43543,43534,43543,9
climbing,43623,43543,43623,80
stepping,43657,43623,43657,34
walking,43679,43657,43679,22
climbing,43769,43679,43769,90
rising,43846,43769,43846,77
climbing,43949,43846,43949,103
sniffing,44052,43949,44052,103
rising,44110,44052,44110,58
climbing,44162,44110,44162,52
rising,44172,44162,44172,10
right_turning,44176,44172,44176,4
climbing,44202,44176,44202,26
left_turning,44274,44202,44274,72
sniffing,44295,44274,44295,21
walking,44339,44295,44339,44
climbing,44357,44339,44357,18
right_turning,44368,44357,44368,11
walking,44400,44368,44400,32
left_turning,44420,44400,44420,20
sniffing,44460,44420,44460,40
rising,44461,44460,44461,1
sniffing,44498,44461,44498,37
left_turning,44503,44498,44503,5
walking,44510,44503,44510,7
right_turning,44520,44510,44520,10
climbing,44609,44520,44609,89
left_turning,44637,44609,44637,28
sniffing,44671,44637,44671,34
rising,44740,44671,44740,69
climbing,44813,44740,44813,73
rearing,44814,44813,44814,1
rising,44815,44814,44815,1
left_turning,44833,44815,44833,18
sniffing,44875,44833,44875,42
walking,44916,44875,44916,41
right_turning,44923,44916,44923,7
walking,44957,44923,44957,34
sniffing,44985,44957,44985,28
rising,45017,44985,45017,32
sniffing,45130,45017,45130,113
climbing,45133,45130,45133,3
rising,45196,45133,45196,63
rearing,45296,45196,45296,100
climbing,45342,45296,45342,46
walking,45358,45342,45358,16
left_turning,45393,45358,45393,35
walking,45442,45393,45442,49
hunching,45609,45442,45609,167
sniffing,45614,45609,45614,5
climbing,45669,45614,45669,55
sniffing,45683,45669,45683,14
rearing,45769,45683,45769,86
sniffing,45848,45769,45848,79
rising,46010,45848,46010,162
walking,46031,46010,46031,21
left_turning,46101,46031,46101,70
walking,46151,46101,46151,50
rising,46230,46151,46230,79
sniffing,46377,46230,46377,147
rearing,46672,46377,46672,295
climbing,46738,46672,46738,66
trotting,46739,46738,46739,1
stepping,46766,46739,46766,27
rising,46786,46766,46786,20
climbing,46821,46786,46821,35
left_turning,46822,46821,46822,1
walking,46843,46822,46843,21
sniffing,46882,46843,46882,39
right_turning,46911,46882,46911,29
walking,46964,46911,46964,53
trotting,46993,46964,46993,29
sniffing,47043,46993,47043,50
hunching,47145,47043,47145,102
climbing,47146,47145,47146,1
grooming,47438,47146,47438,292
hunching,47439,47438,47439,1
rising,47440,47439,47440,1
sniffing,47450,47440,47450,10
trotting,47474,47450,47474,24
stepping,47517,47474,47517,43
walking,47538,47517,47538,21
stepping,47584,47538,47584,46
walking,47630,47584,47630,46
trotting,47631,47630,47631,1
rising,47650,47631,47650,19
left_turning,47667,47650,47667,17
climbing,47845,47667,47845,178
hunching,47945,47845,47945,100
rising,47995,47945,47995,50
sniffing,48030,47995,48030,35
stepping,48063,48030,48063,33
rising,48077,48063,48077,14
climbing,48132,48077,48132,55
rearing,48133,48132,48133,1
rising,48134,48133,48134,1
hunching,48238,48134,48238,104
left_turning,48268,48238,48268,30
walking,48326,48268,48326,58
climbing,48366,48326,48366,40
walking,48394,48366,48394,28
left_turning,48480,48394,48480,86
running,48487,48480,48487,7
trotting,48512,48487,48512,25
walking,48522,48512,48522,10
sniffing,48572,48522,48572,50
trotting,48574,48572,48574,2
walking,48592,48574,48592,18
sniffing,48593,48592,48593,1
left_turning,48594,48593,48594,1
sniffing,48670,48594,48670,76
rising,48740,48670,48740,70
sniffing,48773,48740,48773,33
right_turning,48790,48773,48790,17
walking,48791,48790,48791,1
sniffing,48891,48791,48891,100
hunching,48892,48891,48892,1
sniffing,48914,48892,48914,22
grooming,49159,48914,49159,245
sniffing,49160,49159,49160,1
left_turning,49182,49160,49182,22
walking,49212,49182,49212,30
sniffing,49213,49212,49213,1
walking,49248,49213,49248,35
sniffing,49249,49248,49249,1
right_turning,49252,49249,49252,3
sniffing,49337,49252,49337,85
walking,49338,49337,49338,1
rising,49339,49338,49339,1
climbing,49357,49339,49357,18
rearing,49387,49357,49387,30
hunching,49498,49387,49498,111
right_turning,49529,49498,49529,31
climbing,49548,49529,49548,19
grooming,49732,49548,49732,184
sniffing,49733,49732,49733,1
walking,49745,49733,49745,12
left_turning,49893,49745,49893,148
walking,49929,49893,49929,36
sniffing,49980,49929,49980,51
pausing,50292,49980,50292,312
sniffing,50310,50292,50310,18
rising,50360,50310,50360,50
left_turning,50426,50360,50426,66
running,50451,50426,50451,25
walking,50452,50451,50452,1
sniffing,50669,50452,50669,217
rising,50702,50669,50702,33
climbing,50782,50702,50782,80
right_turning,50813,50782,50813,31
walking,50827,50813,50827,14
sniffing,50897,50827,50897,70
rearing,50986,50897,50986,89
rising,51161,50986,51161,175
sniffing,51234,51161,51234,73
rising,51235,51234,51235,1
climbing,51304,51235,51304,69
left_turning,51307,51304,51307,3
climbing,51396,51307,51396,89
sniffing,51426,51396,51426,30
right_turning,51427,51426,51427,1
walking,51434,51427,51434,7
sniffing,51444,51434,51444,10
rearing,51445,51444,51445,1
rising,51511,51445,51511,66
hunching,51516,51511,51516,5
stepping,51517,51516,51517,1
rising,51592,51517,51592,75
walking,51597,51592,51597,5
sniffing,51650,51597,51650,53
rearing,51730,51650,51730,80
sniffing,51731,51730,51731,1
trotting,51772,51731,51772,41
walking,51792,51772,51792,20
sniffing,51844,51792,51844,52
left_turning,51907,51844,51907,63
rising,52012,51907,52012,105
climbing,52023,52012,52023,11
sniffing,52089,52023,52089,66
climbing,52100,52089,52100,11
left_turning,52101,52100,52101,1
trotting,52116,52101,52116,15
left_turning,52117,52116,52117,1
sniffing,52118,52117,52118,1
walking,52119,52118,52119,1
climbing,52168,52119,52168,49
sniffing,52176,52168,52176,8
walking,52224,52176,52224,48
sniffing,52229,52224,52229,5
walking,52241,52229,52241,12
climbing,52265,52241,52265,24
trotting,52293,52265,52293,28
walking,52310,52293,52310,17
jumping,52337,52310,52337,27
sniffing,52471,52337,52471,134
rising,52500,52471,52500,29
sniffing,52603,52500,52603,103
rearing,52616,52603,52616,13
rising,52617,52616,52617,1
climbing,52636,52617,52636,19
sniffing,52637,52636,52637,1
right_turning,52662,52637,52662,25
trotting,52687,52662,52687,25
rising,52688,52687,52688,1
climbing,52749,52688,52749,61
rising,52806,52749,52806,57
climbing,52856,52806,52856,50
rising,52857,52856,52857,1
sniffing,52873,52857,52873,16
rising,52902,52873,52902,29
left_turning,52908,52902,52908,6
walking,52954,52908,52954,46
left_turning,52963,52954,52963,9
walking,52964,52963,52964,1
sniffing,52965,52964,52965,1
rising,52966,52965,52966,1
sniffing,53101,52966,53101,135
rearing,53218,53101,53218,117
rising,53317,53218,53317,99
hunching,53354,53317,53354,37
rising,53441,53354,53441,87
climbing,53442,53441,53442,1
stepping,53454,53442,53454,12
rising,53515,53454,53515,61
climbing,53531,53515,53531,16
rising,53590,53531,53590,59
climbing,53698,53590,53698,108
rising,53699,53698,53699,1
walking,53752,53699,53752,53
trotting,53758,53752,53758,6
walking,53761,53758,53761,3
sniffing,53783,53761,53783,22
walking,53842,53783,53842,59
sniffing,53863,53842,53863,21
left_turning,53908,53863,53908,45
sniffing,53948,53908,53948,40
rising,54020,53948,54020,72
left_turning,54069,54020,54069,49
rearing,54127,54069,54127,58
grooming,54128,54127,54128,1
rearing,54129,54128,54129,1
sniffing,54214,54129,54214,85
hunching,54296,54214,54296,82
right_turning,54297,54296,54297,1
sniffing,54316,54297,54316,19
left_turning,54338,54316,54338,22
walking,54413,54338,54413,75
sniffing,54414,54413,54414,1
rising,54415,54414,54415,1
walking,54427,54415,54427,12
rising,54428,54427,54428,1
climbing,54443,54428,54443,15
rising,54449,54443,54449,6
trotting,54482,54449,54482,33
left_turning,54486,54482,54486,4
sniffing,54557,54486,54557,71
left_turning,54634,54557,54634,77
walking,54650,54634,54650,16
stepping,54662,54650,54662,12
walking,54745,54662,54745,83
stepping,54773,54745,54773,28
rising,54796,54773,54796,23
climbing,54822,54796,54822,26
rising,54839,54822,54839,17
walking,54840,54839,54840,1
rearing,55203,54840,55203,363
sniffing,55251,55203,55251,48
rising,55252,55251,55252,1
climbing,55352,55252,55352,100
hunching,55406,55352,55406,54
rising,55711,55406,55711,305
climbing,55772,55711,55772,61
right_turning,55808,55772,55808,36
stepping,55844,55808,55844,36
sniffing,55915,55844,55915,71
walking,55935,55915,55935,20
climbing,55992,55935,55992,57
trotting,56019,55992,56019,27
stepping,56055,56019,56055,36
walking,56075,56055,56075,20
trotting,56099,56075,56099,24
walking,56122,56099,56122,23
sniffing,56155,56122,56155,33
left_turning,56170,56155,56170,15
sniffing,56237,56170,56237,67
climbing,56377,56237,56377,140
running,56402,56377,56402,25
sniffing,56436,56402,56436,34
climbing,56519,56436,56519,83
sniffing,56570,56519,56570,51
left_turning,56628,56570,56628,58
rising,56629,56628,56629,1
climbing,56633,56629,56633,4
grooming,56926,56633,56926,293
rearing,56927,56926,56927,1
sniffing,57022,56927,57022,95
rearing,57114,57022,57114,92
grooming,57379,57114,57379,265
rearing,57476,57379,57476,97
rising,57509,57476,57509,33
climbing,57552,57509,57552,43
walking,57597,57552,57597,45
rising,57652,57597,57652,55
jumping,57667,57652,57667,15
rising,57668,57667,57668,1
climbing,57669,57668,57669,1
right_turning,57670,57669,57670,1
hunching,57726,57670,57726,56
climbing,57764,57726,57764,38
rearing,57765,57764,57765,1
climbing,57819,57765,57819,54
hunching,57907,57819,57907,88
rising,57969,57907,57969,62
sniffing,57995,57969,57995,26
left_turning,57996,57995,57996,1
sniffing,58184,57996,58184,188
rising,58251,58184,58251,67
sniffing,58252,58251,58252,1
climbing,58330,58252,58330,78
rising,58345,58330,58345,15
climbing,58441,58345,58441,96
sniffing,58511,58441,58511,70
stepping,58565,58511,58565,54
climbing,58587,58565,58587,22
walking,58588,58587,58588,1
sniffing,58607,58588,58607,19
walking,58645,58607,58645,38
climbing,58664,58645,58664,19
rising,58714,58664,58714,50
rearing,58715,58714,58715,1
rising,58762,58715,58762,47
walking,58781,58762,58781,19
sniffing,58782,58781,58782,1
rising,58834,58782,58834,52
right_turning,58884,58834,58884,50
sniffing,58976,58884,58976,92
hunching,59041,58976,59041,65
walking,59047,59041,59047,6
left_turning,59058,59047,59058,11
walking,59059,59058,59059,1
rearing,59360,59059,59360,301
sniffing,59361,59360,59361,1
walking,59392,59361,59392,31
left_turning,59393,59392,59393,1
walking,59425,59393,59425,32
sniffing,59656,59425,59656,231
stepping,59665,59656,59665,9
climbing,59686,59665,59686,21
walking,59728,59686,59728,42
sniffing,59743,59728,59743,15
stepping,59776,59743,59776,33
trotting,59777,59776,59777,1
rising,59837,59777,59837,60
climbing,59838,59837,59838,1
walking,59885,59838,59885,47
sniffing,59993,59885,59993,108
rising,60084,59993,60084,91
sniffing,60085,60084,60085,1
left_turning,60115,60085,60115,30
climbing,60116,60115,60116,1
running,60132,60116,60132,16
left_turning,60137,60132,60137,5
walking,60153,60137,60153,16
sniffing,60154,60153,60154,1
trotting,60170,60154,60170,16
sniffing,60181,60170,60181,11
hunching,60182,60181,60182,1
rearing,60208,60182,60208,26
sniffing,60285,60208,60285,77
right_turning,60306,60285,60306,21
sniffing,60424,60306,60424,118
climbing,60536,60424,60536,112
rearing,60537,60536,60537,1
climbing,60550,60537,60550,13
right_turning,60562,60550,60562,12
sniffing,60563,60562,60563,1
walking,60593,60563,60593,30
sniffing,60671,60593,60671,78
rising,60733,60671,60733,62
left_turning,60760,60733,60760,27
sniffing,60772,60760,60772,12
left_turning,60776,60772,60776,4
walking,60876,60776,60876,100
left_turning,60891,60876,60891,15
sniffing,60892,60891,60892,1
stepping,60893,60892,60893,1
walking,60899,60893,60899,6
sniffing,60947,60899,60947,48
walking,60991,60947,60991,44
sniffing,61017,60991,61017,26
walking,61042,61017,61042,25
sniffing,61043,61042,61043,1
climbing,61099,61043,61099,56
walking,61136,61099,61136,37
sniffing,61195,61136,61195,59
rearing,61333,61195,61333,138
rising,61368,61333,61368,35
hunching,61446,61368,61446,78
rearing,61630,61446,61630,184
hunching,61687,61630,61687,57
rearing,61697,61687,61697,10
grooming,61698,61697,61698,1
rearing,61844,61698,61844,146
rising,61846,61844,61846,2
sniffing,61935,61846,61935,89
climbing,61989,61935,61989,54
sniffing,62239,61989,62239,250
walking,62240,62239,62240,1
sniffing,62248,62240,62248,8
rising,62259,62248,62259,11
sniffing,62414,62259,62414,155
rearing,62520,62414,62520,106
walking,62521,62520,62521,1
sniffing,62597,62521,62597,76
grooming,63100,62597,63100,503
running,63126,63100,63126,26
trotting,63149,63126,63149,23
climbing,63224,63149,63224,75
grooming,63735,63224,63735,511
hunching,63827,63735,63827,92
sniffing,63848,63827,63848,21
walking,63853,63848,63853,5
climbing,63883,63853,63883,30
trotting,63925,63883,63925,42
running,63943,63925,63943,18
sniffing,64078,63943,64078,135
right_turning,64101,64078,64101,23
trotting,64134,64101,64134,33
walking,64188,64134,64188,54
stepping,64189,64188,64189,1
left_turning,64190,64189,64190,1
sniffing,64195,64190,64195,5
walking,64306,64195,64306,111
sniffing,64347,64306,64347,41
left_turning,64409,64347,64409,62
sniffing,64446,64409,64446,37
rising,64461,64446,64461,15
climbing,64495,64461,64495,34
trotting,64496,64495,64496,1
sniffing,64558,64496,64558,62
walking,64576,64558,64576,18
stepping,64621,64576,64621,45
left_turning,64643,64621,64643,22
sniffing,64756,64643,64756,113
walking,64824,64756,64824,68
climbing,64848,64824,64848,24
walking,64879,64848,64879,31
running,64890,64879,64890,11
walking,64910,64890,64910,20
rearing,65003,64910,65003,93
sniffing,65096,65003,65096,93
left_turning,65103,65096,65103,7
sniffing,65290,65103,65290,187
walking,65317,65290,65317,27
stepping,65322,65317,65322,5
right_turning,65323,65322,65323,1
sniffing,65324,65323,65324,1
climbing,65325,65324,65325,1
walking,65366,65325,65366,41
sniffing,65451,65366,65451,85
stepping,65484,65451,65484,33
right_turning,65494,65484,65494,10
walking,65536,65494,65536,42
jumping,65557,65536,65557,21
hunching,65683,65557,65683,126
right_turning,65706,65683,65706,23
sniffing,65707,65706,65707,1
right_turning,65712,65707,65712,5
climbing,65746,65712,65746,34
running,65770,65746,65770,24
trotting,65846,65770,65846,76
sniffing,65869,65846,65869,23
rising,65931,65869,65931,62
hunching,66027,65931,66027,96
walking,66062,66027,66062,35
stepping,66063,66062,66063,1
left_turning,66128,66063,66128,65
trotting,66149,66128,66149,21
walking,66174,66149,66174,25
rising,66230,66174,66230,56
climbing,66231,66230,66231,1
sniffing,66348,66231,66348,117
walking,66360,66348,66360,12
rising,66361,66360,66361,1
climbing,66443,66361,66443,82
walking,66483,66443,66483,40
sniffing,66524,66483,66524,41
rising,66555,66524,66555,31
sniffing,66629,66555,66629,74
walking,66687,66629,66687,58
climbing,66713,66687,66713,26
sniffing,66719,66713,66719,6
walking,66736,66719,66736,17
sniffing,66737,66736,66737,1
climbing,66798,66737,66798,61
rising,66801,66798,66801,3
sniffing,66898,66801,66898,97
rising,66926,66898,66926,28
grooming,67210,66926,67210,284
sniffing,67307,67210,67307,97
rising,67315,67307,67315,8
climbing,67352,67315,67352,37
rising,67383,67352,67383,31
stepping,67414,67383,67414,31
walking,67456,67414,67456,42
sniffing,67502,67456,67502,46
climbing,67586,67502,67586,84
sniffing,67648,67586,67648,62
right_turning,67672,67648,67672,24
trotting,67728,67672,67728,56
walking,67737,67728,67737,9
stepping,67753,67737,67753,16
sniffing,67761,67753,67761,8
left_turning,67810,67761,67810,49
walking,67881,67810,67881,71
sniffing,67910,67881,67910,29
rising,68026,67910,68026,116
climbing,68102,68026,68102,76
walking,68116,68102,68116,14
climbing,68147,68116,68147,31
grooming,68208,68147,68208,61
hunching,68291,68208,68291,83
rearing,68293,68291,68293,2
left_turning,68318,68293,68318,25
climbing,68383,68318,68383,65
walking,68472,68383,68472,89
hunching,68743,68472,68743,271
trotting,68777,68743,68777,34
walking,68808,68777,68808,31
sniffing,68880,68808,68880,72
left_turning,68923,68880,68923,43
sniffing,68924,68923,68924,1
rising,68925,68924,68925,1
climbing,68974,68925,68974,49
sniffing,69035,68974,69035,61
hunching,69050,69035,69050,15
rearing,69061,69050,69061,11
hunching,69110,69061,69110,49
trotting,69115,69110,69115,5
walking,69147,69115,69147,32
sniffing,69148,69147,69148,1
grooming,69248,69148,69248,100
right_turning,69304,69248,69304,56
trotting,69337,69304,69337,33
sniffing,69477,69337,69477,140
climbing,69516,69477,69516,39
trotting,69556,69516,69556,40
rising,69613,69556,69613,57
sniffing,69712,69613,69712,99
right_turning,69713,69712,69713,1
sniffing,69762,69713,69762,49
rising,69872,69762,69872,110
sniffing,70129,69872,70129,257
rising,70130,70129,70130,1
stepping,70168,70130,70168,38
left_turning,70228,70168,70228,60
trotting,70250,70228,70250,22
running,70281,70250,70281,31
rising,70336,70281,70336,55
climbing,70545,70336,70545,209
walking,70587,70545,70587,42
rising,70617,70587,70617,30
hunching,70672,70617,70672,55
walking,70717,70672,70717,45
sniffing,70859,70717,70859,142
grooming,71215,70859,71215,356
climbing,71217,71215,71217,2
sniffing,71218,71217,71218,1
rising,71222,71218,71222,4
climbing,71223,71222,71223,1
running,71266,71223,71266,43
sniffing,71267,71266,71267,1
walking,71298,71267,71298,31
climbing,71332,71298,71332,34
trotting,71380,71332,71380,48
sniffing,71381,71380,71381,1
walking,71447,71381,71447,66
stepping,71462,71447,71462,15
rising,71497,71462,71497,35
climbing,71562,71497,71562,65
rising,71607,71562,71607,45
running,71642,71607,71642,35
hunching,71702,71642,71702,60
grooming,71758,71702,71758,56
rearing,71759,71758,71759,1
sniffing,71775,71759,71775,16
right_turning,71776,71775,71776,1
walking,71783,71776,71783,7
sniffing,71784,71783,71784,1
right_turning,71785,71784,71785,1
stepping,71835,71785,71835,50
sniffing,71877,71835,71877,42
climbing,71897,71877,71897,20
rising,71898,71897,71898,1
sniffing,71912,71898,71912,14
walking,71942,71912,71942,30
right_turning,71971,71942,71971,29
running,72002,71971,72002,31
walking,72064,72002,72064,62
stepping,72090,72064,72090,26
sniffing,72111,72090,72111,21
rising,72192,72111,72192,81
climbing,72219,72192,72219,27
right_turning,72241,72219,72241,22
trotting,72255,72241,72255,14
walking,72326,72255,72326,71
sniffing,72370,72326,72370,44
trotting,72401,72370,72401,31
rising,72438,72401,72438,37
walking,72450,72438,72450,12
stepping,72475,72450,72475,25
walking,72492,72475,72492,17
sniffing,72493,72492,72493,1
pausing,72643,72493,72643,150
sniffing,72694,72643,72694,51
grooming,73034,72694,73034,340
rearing,73035,73034,73035,1
running,73041,73035,73041,6
sniffing,73057,73041,73057,16
pausing,73208,73057,73208,151
sniffing,73211,73208,73211,3
right_turning,73221,73211,73221,10
walking,73261,73221,73261,40
sniffing,73267,73261,73267,6
hunching,73327,73267,73327,60
sniffing,73401,73327,73401,74
left_turning,73402,73401,73402,1
walking,73444,73402,73444,42
sniffing,73464,73444,73464,20
climbing,73520,73464,73520,56
sniffing,73521,73520,73521,1
left_turning,73535,73521,73535,14
running,73556,73535,73556,21
left_turning,73557,73556,73557,1
sniffing,73661,73557,73661,104
grooming,73674,73661,73674,13
rising,73698,73674,73698,24
climbing,73740,73698,73740,42
sniffing,73741,73740,73741,1
rising,73746,73741,73746,5
climbing,73782,73746,73782,36
sniffing,73826,73782,73826,44
rising,73894,73826,73894,68
sniffing,73895,73894,73895,1
rearing,73971,73895,73971,76
hunching,74063,73971,74063,92
sniffing,74193,74063,74193,130
walking,74240,74193,74240,47
rearing,74241,74240,74241,1
rising,74242,74241,74242,1
rearing,74308,74242,74308,66
grooming,74405,74308,74405,97
rearing,74406,74405,74406,1
grooming,74662,74406,74662,256
sniffing,74722,74662,74722,60
rising,74744,74722,74744,22
rearing,74792,74744,74792,48
left_turning,74793,74792,74793,1
sniffing,74795,74793,74795,2
left_turning,74874,74795,74874,79
walking,74875,74874,74875,1
stepping,74876,74875,74876,1
rising,74930,74876,74930,54
climbing,74961,74930,74961,31
left_turning,74977,74961,74977,16
walking,74983,74977,74983,6
sniffing,75053,74983,75053,70
left_turning,75127,75053,75127,74
walking,75158,75127,75158,31
sniffing,75252,75158,75252,94
hunching,75336,75252,75336,84
sniffing,75337,75336,75337,1
rising,75435,75337,75435,98
right_turning,75460,75435,75460,25
sniffing,75674,75460,75674,214
right_turning,75704,75674,75704,30
rising,75705,75704,75705,1
climbing,75731,75705,75731,26
walking,75767,75731,75767,36
sniffing,75774,75767,75774,7
rising,75780,75774,75780,6
walking,75820,75780,75820,40
stepping,75827,75820,75827,7
sniffing,75883,75827,75883,56
walking,75920,75883,75920,37
sniffing,75998,75920,75998,78
walking,76003,75998,76003,5
stepping,76028,76003,76028,25
walking,76081,76028,76081,53
stepping,76093,76081,76093,12
left_turning,76144,76093,76144,51
rearing,76145,76144,76145,1
hunching,76180,76145,76180,35
rising,76186,76180,76186,6
left_turning,76187,76186,76187,1
sniffing,76244,76187,76244,57
grooming,76480,76244,76480,236
sniffing,76493,76480,76493,13
walking,76532,76493,76532,39
sniffing,76585,76532,76585,53
walking,76619,76585,76619,34
rising,76631,76619,76631,12
rearing,76688,76631,76688,57
grooming,77046,76688,77046,358
rearing,77064,77046,77064,18
rising,77074,77064,77074,10
climbing,77112,77074,77112,38
trotting,77131,77112,77131,19
walking,77160,77131,77160,29
sniffing,77176,77160,77176,16
walking,77213,77176,77213,37
sniffing,77337,77213,77337,124
walking,77344,77337,77344,7
climbing,77353,77344,77353,9
rearing,77364,77353,77364,11
rising,77365,77364,77365,1
climbing,77378,77365,77378,13
rising,77379,77378,77379,1
sniffing,77431,77379,77431,52
hunching,77447,77431,77447,16
grooming,77818,77447,77818,371
walking,77834,77818,77834,16
sniffing,77866,77834,77866,32
stepping,77907,77866,77907,41
rising,77954,77907,77954,47
left_turning,77955,77954,77955,1
sniffing,78009,77955,78009,54
right_turning,78034,78009,78034,25
walking,78051,78034,78051,17
sniffing,78078,78051,78078,27
rearing,78108,78078,78108,30
hunching,78178,78108,78178,70
rising,78238,78178,78238,60
climbing,78284,78238,78284,46
rising,78341,78284,78341,57
walking,78356,78341,78356,15
climbing,78394,78356,78394,38
rearing,78537,78394,78537,143
sniffing,78599,78537,78599,62
rising,78622,78599,78622,23
climbing,78673,78622,78673,51
sniffing,78689,78673,78689,16
trotting,78703,78689,78703,14
sniffing,78725,78703,78725,22
right_turning,78726,78725,78726,1
jumping,78744,78726,78744,18
rearing,78925,78744,78925,181
walking,78945,78925,78945,20
sniffing,78946,78945,78946,1
left_turning,78952,78946,78952,6
sniffing,78958,78952,78958,6
trotting,78975,78958,78975,17
rising,79090,78975,79090,115
sniffing,79110,79090,79110,20
climbing,79175,79110,79175,65
rearing,79198,79175,79198,23
climbing,79214,79198,79214,16
sniffing,79283,79214,79283,69
rearing,79284,79283,79284,1
walking,79304,79284,79304,20
rearing,79305,79304,79305,1
climbing,79333,79305,79333,28
left_turning,79347,79333,79347,14
right_turning,79376,79347,79376,29
walking,79399,79376,79399,23
left_turning,79464,79399,79464,65
sniffing,79600,79464,79600,136
grooming,79601,79600,79601,1
rearing,79701,79601,79701,100
grooming,79994,79701,79994,293
rearing,80030,79994,80030,36
sniffing,80239,80030,80239,209
rising,80240,80239,80240,1
hunching,80326,80240,80326,86
sniffing,80347,80326,80347,21
rising,80358,80347,80358,11
walking,80387,80358,80387,29
rising,80424,80387,80424,37
climbing,80443,80424,80443,19
right_turning,80449,80443,80449,6
walking,80468,80449,80468,19
left_turning,80523,80468,80523,55
sniffing,80630,80523,80630,107
climbing,80674,80630,80674,44
hunching,80675,80674,80675,1
right_turning,80687,80675,80687,12
sniffing,80710,80687,80710,23
left_turning,80730,80710,80730,20
running,80749,80730,80749,19
trotting,80796,80749,80796,47
left_turning,80828,80796,80828,32
rising,80829,80828,80829,1
sniffing,80883,80829,80883,54
hunching,80884,80883,80884,1
climbing,80926,80884,80926,42
right_turning,80949,80926,80949,23
sniffing,80970,80949,80970,21
walking,81010,80970,81010,40
sniffing,81061,81010,81061,51
left_turning,81076,81061,81076,15
walking,81097,81076,81097,21
rising,81161,81097,81161,64
left_turning,81162,81161,81162,1
sniffing,81163,81162,81163,1
rising,81173,81163,81173,10
sniffing,81174,81173,81174,1
rising,81223,81174,81223,49
climbing,81305,81223,81305,82
hunching,81414,81305,81414,109
sniffing,81511,81414,81511,97
hunching,81512,81511,81512,1
grooming,81791,81512,81791,279
climbing,81839,81791,81839,48
sniffing,81840,81839,81840,1
left_turning,81896,81840,81896,56
walking,81933,81896,81933,37
sniffing,81988,81933,81988,55
left_turning,82002,81988,82002,14
climbing,82044,82002,82044,42
rising,82118,82044,82118,74
climbing,82201,82118,82201,83
rising,82232,82201,82232,31
climbing,82245,82232,82245,13
sniffing,82246,82245,82246,1
rising,82274,82246,82274,28
sniffing,82275,82274,82275,1
right_turning,82277,82275,82277,2
walking,82293,82277,82293,16
rearing,82294,82293,82294,1
climbing,82387,82294,82387,93
sniffing,82512,82387,82512,125
rising,82571,82512,82571,59
grooming,82572,82571,82572,1
sniffing,82660,82572,82660,88
trotting,82677,82660,82677,17
stepping,82715,82677,82715,38
sniffing,82716,82715,82716,1
grooming,82941,82716,82941,225
rising,83011,82941,83011,70
sniffing,83018,83011,83018,7
left_turning,83019,83018,83019,1
stepping,83020,83019,83020,1
hunching,83059,83020,83059,39
right_turning,83104,83059,83104,45
stepping,83105,83104,83105,1
left_turning,83191,83105,83191,86
sniffing,83192,83191,83192,1
stepping,83221,83192,83221,29
climbing,83292,83221,83292,71
grooming,83293,83292,83293,1
hunching,83331,83293,83331,38
climbing,83395,83331,83395,64
rearing,83396,83395,83396,1
climbing,83427,83396,83427,31
sniffing,83428,83427,83428,1
walking,83469,83428,83469,41
sniffing,83581,83469,83581,112
walking,83635,83581,83635,54
hunching,83860,83635,83860,225
climbing,83861,83860,83861,1
grooming,84160,83861,84160,299
walking,84170,84160,84170,10
sniffing,84294,84170,84294,124
left_turning,84348,84294,84348,54
sniffing,84485,84348,84485,137
stepping,84486,84485,84486,1
sniffing,84518,84486,84518,32
right_turning,84573,84518,84573,55
trotting,84589,84573,84589,16
climbing,84604,84589,84604,15
sniffing,84626,84604,84626,22
trotting,84644,84626,84644,18
hunching,84763,84644,84763,119
right_turning,84764,84763,84764,1
sniffing,84767,84764,84767,3
hunching,84852,84767,84852,85
sniffing,84891,84852,84891,39
trotting,84892,84891,84892,1
rising,84893,84892,84893,1
sniffing,85025,84893,85025,132
rearing,85045,85025,85045,20
grooming,85508,85045,85508,463
hunching,85519,85508,85519,11
climbing,85563,85519,85563,44
sniffing,85638,85563,85638,75
walking,85647,85638,85647,9
left_turning,85648,85647,85648,1
walking,85685,85648,85685,37
stepping,85717,85685,85717,32
walking,85756,85717,85756,39
rising,85806,85756,85806,50
sniffing,85814,85806,85814,8
walking,85843,85814,85843,29
sniffing,85921,85843,85921,78
rising,85984,85921,85984,63
sniffing,86050,85984,86050,66
right_turning,86065,86050,86065,15
walking,86071,86065,86071,6
sniffing,86126,86071,86126,55
rising,86139,86126,86139,13
sniffing,86140,86139,86140,1
right_turning,86203,86140,86203,63
walking,86232,86203,86232,29
left_turning,86282,86232,86282,50
walking,86327,86282,86327,45
sniffing,86328,86327,86328,1
rising,86373,86328,86373,45
rearing,86395,86373,86395,22
grooming,86436,86395,86436,41
sniffing,86542,86436,86542,106
right_turning,86568,86542,86568,26
sniffing,86628,86568,86628,60
climbing,86675,86628,86675,47
right_turning,86687,86675,86687,12
climbing,86711,86687,86711,24
rising,86712,86711,86712,1
climbing,86757,86712,86757,45
rising,86761,86757,86761,4
walking,86793,86761,86793,32
left_turning,86794,86793,86794,1
walking,86795,86794,86795,1
sniffing,86880,86795,86880,85
grooming,87018,86880,87018,138
sniffing,87025,87018,87025,7
right_turning,87055,87025,87055,30
walking,87060,87055,87060,5
left_turning,87063,87060,87063,3
rising,87069,87063,87069,6
climbing,87095,87069,87095,26
right_turning,87103,87095,87103,8
walking,87104,87103,87104,1
climbing,87158,87104,87158,54
rising,87204,87158,87204,46
sniffing,87281,87204,87281,77
left_turning,87362,87281,87362,81
rising,87363,87362,87363,1
left_turning,87367,87363,87367,4
sniffing,87465,87367,87465,98
rising,87504,87465,87504,39
rearing,87601,87504,87601,97
walking,87634,87601,87634,33
hunching,87773,87634,87773,139
rising,87774,87773,87774,1
climbing,87817,87774,87817,43
rearing,87820,87817,87820,3
grooming,87870,87820,87870,50
sniffing,87871,87870,87871,1
right_turning,87872,87871,87872,1
sniffing,87873,87872,87873,1
walking,87907,87873,87907,34
left_turning,87908,87907,87908,1
sniffing,88039,87908,88039,131
left_turning,88074,88039,88074,35
walking,88105,88074,88105,31
sniffing,88186,88105,88186,81
walking,88214,88186,88214,28
sniffing,88237,88214,88237,23
walking,88295,88237,88295,58
sniffing,88296,88295,88296,1
running,88308,88296,88308,12
walking,88347,88308,88347,39
sniffing,88348,88347,88348,1
left_turning,88373,88348,88373,25
sniffing,88419,88373,88419,46
left_turning,88478,88419,88478,59
walking,88479,88478,88479,1
sniffing,88528,88479,88528,49
grooming,88790,88528,88790,262
rising,88791,88790,88791,1
climbing,88848,88791,88848,57
right_turning,88852,88848,88852,4
rising,88899,88852,88899,47
sniffing,88969,88899,88969,70
climbing,88997,88969,88997,28
rearing,88998,88997,88998,1
sniffing,89049,88998,89049,51
right_turning,89096,89049,89096,47
walking,89136,89096,89136,40
sniffing,89167,89136,89167,31
walking,89187,89167,89187,20
rising,89193,89187,89193,6
climbing,89246,89193,89246,53
rising,89259,89246,89259,13
sniffing,89260,89259,89260,1
rising,89261,89260,89261,1
right_turning,89267,89261,89267,6
running,89296,89267,89296,29
trotting,89305,89296,89305,9
stepping,89344,89305,89344,39
sniffing,89361,89344,89361,17
rising,89403,89361,89403,42
rearing,89483,89403,89483,80
sniffing,89558,89483,89558,75
rising,89589,89558,89589,31
rearing,89590,89589,89590,1
grooming,89591,89590,89591,1
sniffing,89624,89591,89624,33
rising,89625,89624,89625,1
sniffing,89626,89625,89626,1
right_turning,89635,89626,89635,9
rising,89665,89635,89665,30
climbing,89703,89665,89703,38
rising,89704,89703,89704,1
rearing,89705,89704,89705,1
left_turning,89779,89705,89779,74
sniffing,89889,89779,89889,110
hunching,89981,89889,89981,92
grooming,90195,89981,90195,214
sniffing,90229,90195,90229,34
left_turning,90235,90229,90235,6
sniffing,90246,90235,90246,11
rising,90273,90246,90273,27
rearing,90389,90273,90389,116
grooming,90390,90389,90390,1
sniffing,90420,90390,90420,30
trotting,90446,90420,90446,26
walking,90477,90446,90477,31
left_turning,90541,90477,90541,64
sniffing,90616,90541,90616,75
right_turning,90617,90616,90617,1
walking,90658,90617,90658,41
sniffing,90659,90658,90659,1
stepping,90702,90659,90702,43
sniffing,90891,90702,90891,189
walking,90911,90891,90911,20
left_turning,90924,90911,90924,13
sniffing,90925,90924,90925,1
climbing,91001,90925,91001,76
running,91033,91001,91033,32
climbing,91088,91033,91088,55
running,91111,91088,91111,23
rearing,91146,91111,91146,35
rising,91197,91146,91197,51
climbing,91203,91197,91203,6
sniffing,91239,91203,91239,36
rising,91243,91239,91243,4
rearing,91294,91243,91294,51
sniffing,91306,91294,91306,12
walking,91355,91306,91355,49
sniffing,91380,91355,91380,25
hunching,91423,91380,91423,43
climbing,91469,91423,91469,46
trotting,91508,91469,91508,39
walking,91509,91508,91509,1
sniffing,91532,91509,91532,23
rising,91570,91532,91570,38
trotting,91595,91570,91595,25
stepping,91596,91595,91596,1
right_turning,91623,91596,91623,27
walking,91660,91623,91660,37
left_turning,91688,91660,91688,28
rising,91689,91688,91689,1
climbing,91746,91689,91746,57
rising,91758,91746,91758,12
climbing,91785,91758,91785,27
sniffing,91814,91785,91814,29
rising,91884,91814,91884,70
rearing,91947,91884,91947,63
walking,91959,91947,91959,12
left_turning,92045,91959,92045,86
sniffing,92074,92045,92074,29
trotting,92102,92074,92102,28
walking,92103,92102,92103,1
sniffing,92148,92103,92148,45
rearing,92208,92148,92208,60
sniffing,92399,92208,92399,191
rising,92400,92399,92400,1
rearing,92422,92400,92422,22
grooming,92526,92422,92526,104
rearing,92556,92526,92556,30
sniffing,92584,92556,92584,28
grooming,92872,92584,92872,288
climbing,92924,92872,92924,52
rearing,92987,92924,92987,63
climbing,93007,92987,93007,20
left_turning,93008,93007,93008,1
sniffing,93083,93008,93083,75
rising,93126,93083,93126,43
sniffing,93216,93126,93216,90
grooming,93460,93216,93460,244
sniffing,93468,93460,93468,8
left_turning,93515,93468,93515,47
running,93540,93515,93540,25
left_turning,93541,93540,93541,1
sniffing,93585,93541,93585,44
rising,93628,93585,93628,43
climbing,93692,93628,93692,64
rising,93712,93692,93712,20
rearing,93903,93712,93903,191
rising,93960,93903,93960,57
climbing,93993,93960,93993,33
walking,94010,93993,94010,17
right_turning,94056,94010,94056,46
trotting,94071,94056,94071,15
walking,94072,94071,94072,1
sniffing,94073,94072,94073,1
climbing,94131,94073,94131,58
stepping,94173,94131,94173,42
walking,94245,94173,94245,72
left_turning,94272,94245,94272,27
walking,94330,94272,94330,58
climbing,94394,94330,94394,64
running,94413,94394,94413,19
sniffing,94490,94413,94490,77
walking,94513,94490,94513,23
rising,94592,94513,94592,79
sniffing,94713,94592,94713,121
rising,94729,94713,94729,16
rearing,94749,94729,94749,20
grooming,94921,94749,94921,172
climbing,94984,94921,94984,63
sniffing,95074,94984,95074,90
left_turning,95084,95074,95084,10
walking,95089,95084,95089,5
rising,95092,95089,95092,3
climbing,95125,95092,95125,33
sniffing,95126,95125,95126,1
trotting,95144,95126,95144,18
rising,95215,95144,95215,71
climbing,95218,95215,95218,3
right_turning,95233,95218,95233,15
walking,95304,95233,95304,71
sniffing,95305,95304,95305,1
grooming,95572,95305,95572,267
jumping,95720,95572,95720,148
rearing,95779,95720,95779,59
grooming,95796,95779,95796,17
sniffing,95822,95796,95822,26
rearing,95826,95822,95826,4
sniffing,95855,95826,95855,29
rearing,95943,95855,95943,88
climbing,96093,95943,96093,150
sniffing,96104,96093,96104,11
rising,96140,96104,96140,36
sniffing,96141,96140,96141,1
climbing,96147,96141,96147,6
grooming,96606,96147,96606,459
sniffing,96644,96606,96644,38
rising,96679,96644,96679,35
sniffing,96799,96679,96799,120
left_turning,96800,96799,96800,1
sniffing,96837,96800,96837,37
rising,96851,96837,96851,14
stepping,96857,96851,96857,6
climbing,96885,96857,96885,28
hunching,96886,96885,96886,1
climbing,96905,96886,96905,19
walking,96906,96905,96906,1
sniffing,96919,96906,96919,13
rearing,97009,96919,97009,90
walking,97056,97009,97056,47
trotting,97085,97056,97085,29
sniffing,97117,97085,97117,32
walking,97138,97117,97138,21
sniffing,97241,97138,97241,103
stepping,97297,97241,97297,56
climbing,97349,97297,97349,52
rising,97350,97349,97350,1
sniffing,97395,97350,97395,45
climbing,97483,97395,97483,88
sniffing,97554,97483,97554,71
right_turning,97564,97554,97564,10
trotting,97586,97564,97586,22
rising,97596,97586,97596,10
trotting,97607,97596,97607,11
sniffing,97670,97607,97670,63
walking,97687,97670,97687,17
sniffing,97747,97687,97747,60
grooming,97950,97747,97950,203
rearing,97991,97950,97991,41
climbing,98046,97991,98046,55
hunching,98174,98046,98174,128
rising,98227,98174,98227,53
climbing,98231,98227,98231,4
hunching,98500,98231,98500,269
walking,98501,98500,98501,1
climbing,98527,98501,98527,26
grooming,98528,98527,98528,1
sniffing,98581,98528,98581,53
walking,98610,98581,98610,29
sniffing,98650,98610,98650,40
left_turning,98699,98650,98699,49
sniffing,98736,98699,98736,37
right_turning,98762,98736,98762,26
left_turning,98813,98762,98813,51
rising,98852,98813,98852,39
climbing,98914,98852,98914,62
sniffing,99003,98914,99003,89
hunching,99004,99003,99004,1
sniffing,99052,99004,99052,48
left_turning,99053,99052,99053,1
sniffing,99060,99053,99060,7
left_turning,99099,99060,99099,39
sniffing,99176,99099,99176,77
left_turning,99177,99176,99177,1
running,99219,99177,99219,42
walking,99279,99219,99279,60
rearing,99437,99279,99437,158
climbing,99538,99437,99538,101
sniffing,99539,99538,99539,1
walking,99559,99539,99559,20
trotting,99573,99559,99573,14
sniffing,99739,99573,99739,166
walking,99747,99739,99747,8
sniffing,99773,99747,99773,26
left_turning,99809,99773,99809,36
sniffing,99914,99809,99914,105
rising,99915,99914,99915,1
sniffing,99972,99915,99972,57
rising,100016,99972,100016,44
climbing,100146,100016,100146,130
right_turning,100184,100146,100184,38
trotting,100219,100184,100219,35
sniffing,100263,100219,100263,44
rising,100264,100263,100264,1
sniffing,100330,100264,100330,66
rising,100378,100330,100378,48
climbing,100417,100378,100417,39
right_turning,100450,100417,100450,33
trotting,100486,100450,100486,36
rising,100495,100486,100495,9
climbing,100666,100495,100666,171
right_turning,100670,100666,100670,4
walking,100717,100670,100717,47
rising,100731,100717,100731,14
sniffing,100807,100731,100807,76
rising,100808,100807,100808,1
climbing,100908,100808,100908,100
walking,100989,100908,100989,81
sniffing,101054,100989,101054,65
rising,101069,101054,101069,15
sniffing,101159,101069,101159,90
climbing,101160,101159,101160,1
walking,101180,101160,101180,20
sniffing,101194,101180,101194,14
walking,101200,101194,101200,6
sniffing,101230,101200,101230,30
grooming,101231,101230,101231,1
sniffing,101265,101231,101265,34
stepping,101284,101265,101284,19
trotting,101294,101284,101294,10
sniffing,101295,101294,101295,1
rising,101308,101295,101308,13
sniffing,101493,101308,101493,185
walking,101516,101493,101516,23
rising,101575,101516,101575,59
sniffing,101576,101575,101576,1
left_turning,101638,101576,101638,62
walking,101709,101638,101709,71
right_turning,101736,101709,101736,27
walking,101789,101736,101789,53
sniffing,101790,101789,101790,1
grooming,102048,101790,102048,258
rising,102049,102048,102049,1
sniffing,102120,102049,102120,71
rising,102122,102120,102122,2
sniffing,102162,102122,102162,40
walking,102206,102162,102206,44
climbing,102207,102206,102207,1
grooming,102439,102207,102439,232
sniffing,102440,102439,102440,1
walking,102441,102440,102441,1
sniffing,102574,102441,102574,133
right_turning,102610,102574,102610,36
rising,102742,102610,102742,132
sniffing,102819,102742,102819,77
walking,102851,102819,102851,32
sniffing,102921,102851,102921,70
rising,102937,102921,102937,16
sniffing,102939,102937,102939,2
climbing,103004,102939,103004,65
walking,103049,103004,103049,45
sniffing,103065,103049,103065,16
stepping,103097,103065,103097,32
walking,103099,103097,103099,2
sniffing,103131,103099,103131,32
left_turning,103190,103131,103190,59
trotting,103222,103190,103222,32
walking,103223,103222,103223,1
sniffing,103307,103223,103307,84
trotting,103317,103307,103317,10
rising,103420,103317,103420,103
grooming,103634,103420,103634,214
sniffing,103673,103634,103673,39
rising,103726,103673,103726,53
climbing,103727,103726,103727,1
running,103772,103727,103772,45
trotting,103794,103772,103794,22
sniffing,103803,103794,103803,9
pausing,103804,103803,103804,1
sniffing,103868,103804,103868,64
rising,103937,103868,103937,69
rearing,103949,103937,103949,12
grooming,104074,103949,104074,125
walking,104090,104074,104090,16
sniffing,104124,104090,104124,34
stepping,104125,104124,104125,1
walking,104165,104125,104165,40
sniffing,104283,104165,104283,118
hunching,104379,104283,104379,96
right_turning,104390,104379,104390,11
sniffing,104411,104390,104411,21
pausing,104412,104411,104412,1
sniffing,104428,104412,104428,16
grooming,105006,104428,105006,578
sniffing,105037,105006,105037,31
left_turning,105056,105037,105056,19
sniffing,105069,105056,105069,13
walking,105087,105069,105087,18
sniffing,105094,105087,105094,7
walking,105095,105094,105095,1
sniffing,105114,105095,105114,19
running,105139,105114,105139,25
rising,105171,105139,105171,32
climbing,105172,105171,105172,1
rising,105225,105172,105225,53
rearing,105238,105225,105238,13
sniffing,105258,105238,105258,20
right_turning,105311,105258,105311,53
walking,105349,105311,105349,38
stepping,105394,105349,105394,45
walking,105400,105394,105400,6
rising,105401,105400,105401,1
rearing,105402,105401,105402,1
rising,105403,105402,105403,1
climbing,105471,105403,105471,68
right_turning,105472,105471,105472,1
sniffing,105502,105472,105502,30
climbing,105503,105502,105503,1
rising,105558,105503,105558,55
grooming,105559,105558,105559,1
rearing,105622,105559,105622,63
sniffing,105635,105622,105635,13
left_turning,105683,105635,105683,48
trotting,105694,105683,105694,11
rising,105782,105694,105782,88
rearing,105828,105782,105828,46
sniffing,105829,105828,105829,1
rising,105922,105829,105922,93
climbing,105947,105922,105947,25
walking,105968,105947,105968,21
rising,106014,105968,106014,46
trotting,106025,106014,106025,11
sniffing,106125,106025,106125,100
pausing,106126,106125,106126,1
sniffing,106205,106126,106205,79
rearing,106252,106205,106252,47
rising,106253,106252,106253,1
right_turning,106272,106253,106272,19
walking,106278,106272,106278,6
climbing,106343,106278,106343,65
walking,106346,106343,106346,3
sniffing,106387,106346,106387,41
rising,106391,106387,106391,4
rearing,106454,106391,106454,63
sniffing,106477,106454,106477,23
trotting,106521,106477,106521,44
left_turning,106556,106521,106556,35
climbing,106643,106556,106643,87
rising,106685,106643,106685,42
stepping,106707,106685,106707,22
sniffing,106786,106707,106786,79
rising,106824,106786,106824,38
stepping,106863,106824,106863,39
walking,106910,106863,106910,47
rising,106911,106910,106911,1
rearing,106939,106911,106939,28
sniffing,106940,106939,106940,1
walking,106950,106940,106950,10
sniffing,106951,106950,106951,1
rising,107063,106951,107063,112
sniffing,107157,107063,107157,94
walking,107197,107157,107197,40
sniffing,107206,107197,107206,9
pausing,107207,107206,107207,1
sniffing,107245,107207,107245,38
grooming,107595,107245,107595,350
left_turning,107645,107595,107645,50
sniffing,107698,107645,107698,53
hunching,108000,107698,108000,302
