revised_movement_label,segBoundary,segBoundary_start,segBoundary_end,length
sniffing,7,0,7,7
left_turning,34,7,34,27
sniffing,79,34,79,45
walking,112,79,112,33
climbing,171,112,171,59
rearing,172,171,172,1
rising,391,172,391,219
climbing,416,391,416,25
rising,459,416,459,43
walking,460,459,460,1
sniffing,504,460,504,44
trotting,539,504,539,35
walking,574,539,574,35
left_turning,607,574,607,33
sniffing,608,607,608,1
climbing,638,608,638,30
rising,709,638,709,71
sniffing,773,709,773,64
left_turning,815,773,815,42
running,817,815,817,2
sniffing,821,817,821,4
walking,837,821,837,16
left_turning,842,837,842,5
trotting,867,842,867,25
sniffing,932,867,932,65
rising,956,932,956,24
walking,1003,956,1003,47
sniffing,1024,1003,1024,21
climbing,1073,1024,1073,49
hunching,1345,1073,1345,272
rising,1346,1345,1346,1
left_turning,1347,1346,1347,1
running,1379,1347,1379,32
left_turning,1389,1379,1389,10
rising,1402,1389,1402,13
climbing,1435,1402,1435,33
stepping,1457,1435,1457,22
walking,1458,1457,1458,1
climbing,1512,1458,1512,54
walking,1520,1512,1520,8
rising,1571,1520,1571,51
grooming,1572,1571,1572,1
climbing,1637,1572,1637,65
sniffing,1638,1637,1638,1
rising,1680,1638,1680,42
pausing,1681,1680,1681,1
sniffing,1692,1681,1692,11
grooming,1874,1692,1874,182
sniffing,1881,1874,1881,7
stepping,1882,1881,1882,1
walking,1886,1882,1886,4
rising,2004,1886,2004,118
climbing,2046,2004,2046,42
sniffing,2047,2046,2047,1
climbing,2087,2047,2087,40
sniffing,2129,2087,2129,42
climbing,2184,2129,2184,55
rising,2262,2184,2262,78
climbing,2300,2262,2300,38
sniffing,2301,2300,2301,1
rising,2436,2301,2436,135
right_turning,2447,2436,2447,11
walking,2497,2447,2497,50
sniffing,2548,2497,2548,51
trotting,2552,2548,2552,4
sniffing,2613,2552,2613,61
pausing,2614,2613,2614,1
sniffing,2629,2614,2629,15
walking,2647,2629,2647,18
sniffing,2700,2647,2700,53
rearing,2729,2700,2729,29
sniffing,2815,2729,2815,86
pausing,2816,2815,2816,1
sniffing,2867,2816,2867,51
trotting,2907,2867,2907,40
rising,2923,2907,2923,16
sniffing,2949,2923,2949,26
left_turning,3007,2949,3007,58
sniffing,3024,3007,3024,17
left_turning,3032,3024,3032,8
rearing,3078,3032,3078,46
hunching,3121,3078,3121,43
rising,3215,3121,3215,94
climbing,3263,3215,3263,48
sniffing,3270,3263,3270,7
right_turning,3295,3270,3295,25
stepping,3330,3295,3330,35
rising,3475,3330,3475,145
running,3502,3475,3502,27
sniffing,3503,3502,3503,1
hunching,3592,3503,3592,89
walking,3644,3592,3644,52
sniffing,3727,3644,3727,83
left_turning,3730,3727,3730,3
trotting,3746,3730,3746,16
sniffing,3907,3746,3907,161
left_turning,3952,3907,3952,45
sniffing,3953,3952,3953,1
running,3962,3953,3962,9
walking,4022,3962,4022,60
left_turning,4041,4022,4041,19
walking,4109,4041,4109,68
sniffing,4142,4109,4142,33
walking,4202,4142,4202,60
sniffing,4304,4202,4304,102
grooming,4326,4304,4326,22
hunching,4501,4326,4501,175
right_turning,4540,4501,4540,39
sniffing,4546,4540,4546,6
walking,4547,4546,4547,1
sniffing,4548,4547,4548,1
rearing,4758,4548,4758,210
grooming,5125,4758,5125,367
climbing,5193,5125,5193,68
right_turning,5214,5193,5214,21
stepping,5233,5214,5233,19
climbing,5284,5233,5284,51
rising,5285,5284,5285,1
grooming,5470,5285,5470,185
sniffing,5481,5470,5481,11
rising,5492,5481,5492,11
walking,5516,5492,5516,24
sniffing,5570,5516,5570,54
rising,5616,5570,5616,46
sniffing,5705,5616,5705,89
left_turning,5754,5705,5754,49
walking,5771,5754,5771,17
sniffing,5772,5771,5772,1
walking,5773,5772,5773,1
sniffing,5800,5773,5800,27
walking,5833,5800,5833,33
climbing,5879,5833,5879,46
trotting,5882,5879,5882,3
climbing,5927,5882,5927,45
sniffing,5998,5927,5998,71
left_turning,6018,5998,6018,20
walking,6039,6018,6039,21
left_turning,6062,6039,6062,23
walking,6072,6062,6072,10
rising,6088,6072,6088,16
climbing,6111,6088,6111,23
right_turning,6136,6111,6136,25
trotting,6143,6136,6143,7
sniffing,6184,6143,6184,41
left_turning,6210,6184,6210,26
running,6220,6210,6220,10
right_turning,6221,6220,6221,1
sniffing,6286,6221,6286,65
rising,6287,6286,6287,1
grooming,6529,6287,6529,242
sniffing,6530,6529,6530,1
left_turning,6531,6530,6531,1
trotting,6586,6531,6586,55
walking,6602,6586,6602,16
stepping,6619,6602,6619,17
left_turning,6632,6619,6632,13
sniffing,6687,6632,6687,55
trotting,6688,6687,6688,1
walking,6707,6688,6707,19
climbing,6731,6707,6731,24
rising,6732,6731,6732,1
climbing,6803,6732,6803,71
walking,6839,6803,6839,36
stepping,6843,6839,6843,4
walking,6860,6843,6860,17
trotting,6878,6860,6878,18
walking,6879,6878,6879,1
sniffing,6949,6879,6949,70
climbing,7016,6949,7016,67
rising,7037,7016,7037,21
rearing,7044,7037,7044,7
climbing,7101,7044,7101,57
walking,7206,7101,7206,105
rising,7220,7206,7220,14
climbing,7251,7220,7251,31
walking,7268,7251,7268,17
trotting,7300,7268,7300,32
sniffing,7335,7300,7335,35
left_turning,7388,7335,7388,53
sniffing,7412,7388,7412,24
rising,7513,7412,7513,101
right_turning,7519,7513,7519,6
trotting,7539,7519,7539,20
walking,7540,7539,7540,1
sniffing,7587,7540,7587,47
trotting,7619,7587,7619,32
sniffing,7620,7619,7620,1
walking,7669,7620,7669,49
sniffing,7682,7669,7682,13
rising,7703,7682,7703,21
climbing,7711,7703,7711,8
rising,7718,7711,7718,7
trotting,7763,7718,7763,45
sniffing,7779,7763,7779,16
rising,7873,7779,7873,94
climbing,7890,7873,7890,17
sniffing,7946,7890,7946,56
rising,8002,7946,8002,56
walking,8048,8002,8048,46
sniffing,8125,8048,8125,77
rising,8310,8125,8310,185
right_turning,8322,8310,8322,12
walking,8365,8322,8365,43
stepping,8380,8365,8380,15
walking,8466,8380,8466,86
right_turning,8467,8466,8467,1
left_turning,8523,8467,8523,56
sniffing,8524,8523,8524,1
trotting,8537,8524,8537,13
left_turning,8559,8537,8559,22
sniffing,8681,8559,8681,122
trotting,8725,8681,8725,44
walking,8769,8725,8769,44
rising,8770,8769,8770,1
sniffing,8780,8770,8780,10
trotting,8792,8780,8792,12
rising,8843,8792,8843,51
rearing,8993,8843,8993,150
rising,9032,8993,9032,39
walking,9132,9032,9132,100
climbing,9232,9132,9232,100
sniffing,9263,9232,9263,31
walking,9287,9263,9287,24
climbing,9371,9287,9371,84
left_turning,9401,9371,9401,30
sniffing,9493,9401,9493,92
walking,9507,9493,9507,14
climbing,9542,9507,9542,35
trotting,9597,9542,9597,55
walking,9652,9597,9652,55
sniffing,9653,9652,9653,1
left_turning,9662,9653,9662,9
walking,9667,9662,9667,5
climbing,9761,9667,9761,94
sniffing,9793,9761,9793,32
left_turning,9810,9793,9810,17
rising,9811,9810,9811,1
climbing,9863,9811,9863,52
rising,9959,9863,9959,96
stepping,9971,9959,9971,12
sniffing,10040,9971,10040,69
walking,10088,10040,10088,48
sniffing,10192,10088,10192,104
pausing,10193,10192,10193,1
sniffing,10297,10193,10297,104
rearing,10424,10297,10424,127
climbing,10465,10424,10465,41
running,10477,10465,10477,12
climbing,10542,10477,10542,65
sniffing,10543,10542,10543,1
trotting,10552,10543,10552,9
walking,10553,10552,10553,1
left_turning,10570,10553,10570,17
sniffing,10576,10570,10576,6
grooming,10639,10576,10639,63
sniffing,10640,10639,10640,1
left_turning,10657,10640,10657,17
running,10689,10657,10689,32
trotting,10718,10689,10718,29
walking,10725,10718,10725,7
rising,10726,10725,10726,1
climbing,10762,10726,10762,36
rearing,10814,10762,10814,52
sniffing,10849,10814,10849,35
rising,10920,10849,10920,71
climbing,10934,10920,10934,14
hunching,11030,10934,11030,96
sniffing,11031,11030,11031,1
rising,11032,11031,11032,1
climbing,11033,11032,11033,1
rearing,11034,11033,11034,1
grooming,11136,11034,11136,102
hunching,11265,11136,11265,129
grooming,11266,11265,11266,1
walking,11300,11266,11300,34
rising,11301,11300,11301,1
climbing,11370,11301,11370,69
sniffing,11416,11370,11416,46
left_turning,11420,11416,11420,4
sniffing,11479,11420,11479,59
rising,11480,11479,11480,1
rearing,11567,11480,11567,87
right_turning,11576,11567,11576,9
walking,11618,11576,11618,42
trotting,11671,11618,11671,53
sniffing,11725,11671,11725,54
trotting,11735,11725,11735,10
left_turning,11779,11735,11779,44
walking,11850,11779,11850,71
sniffing,11851,11850,11851,1
left_turning,11890,11851,11890,39
walking,11899,11890,11899,9
left_turning,11900,11899,11900,1
sniffing,11921,11900,11921,21
rising,11931,11921,11931,10
sniffing,11984,11931,11984,53
walking,12005,11984,12005,21
sniffing,12061,12005,12061,56
rising,12147,12061,12147,86
climbing,12192,12147,12192,45
left_turning,12193,12192,12193,1
sniffing,12217,12193,12217,24
walking,12224,12217,12224,7
left_turning,12315,12224,12315,91
sniffing,12352,12315,12352,37
rising,12455,12352,12455,103
sniffing,12499,12455,12499,44
climbing,12536,12499,12536,37
walking,12576,12536,12576,40
climbing,12592,12576,12592,16
sniffing,12593,12592,12593,1
stepping,12622,12593,12622,29
left_turning,12655,12622,12655,33
sniffing,12667,12655,12667,12
walking,12694,12667,12694,27
trotting,12712,12694,12712,18
walking,12758,12712,12758,46
sniffing,12814,12758,12814,56
walking,12889,12814,12889,75
sniffing,12895,12889,12895,6
rising,12915,12895,12915,20
climbing,12972,12915,12972,57
sniffing,12973,12972,12973,1
climbing,13018,12973,13018,45
sniffing,13051,13018,13051,33
walking,13120,13051,13120,69
sniffing,13211,13120,13211,91
climbing,13248,13211,13248,37
hunching,13408,13248,13408,160
grooming,14710,13408,14710,1302
rearing,14711,14710,14711,1
sniffing,14746,14711,14746,35
right_turning,14756,14746,14756,10
walking,14758,14756,14758,2
stepping,14759,14758,14759,1
right_turning,14798,14759,14798,39
running,14818,14798,14818,20
stepping,14819,14818,14819,1
walking,14874,14819,14874,55
sniffing,14875,14874,14875,1
rearing,15041,14875,15041,166
sniffing,15042,15041,15042,1
rising,15141,15042,15141,99
climbing,15218,15141,15218,77
sniffing,15272,15218,15272,54
left_turning,15273,15272,15273,1
rising,15274,15273,15274,1
climbing,15341,15274,15341,67
right_turning,15369,15341,15369,28
walking,15370,15369,15370,1
sniffing,15440,15370,15440,70
walking,15445,15440,15445,5
trotting,15457,15445,15457,12
right_turning,15470,15457,15470,13
trotting,15497,15470,15497,27
climbing,15614,15497,15614,117
walking,15615,15614,15615,1
sniffing,15625,15615,15625,10
rising,15724,15625,15724,99
trotting,15746,15724,15746,22
left_turning,15792,15746,15792,46
stepping,15797,15792,15797,5
walking,15836,15797,15836,39
sniffing,15837,15836,15837,1
walking,15866,15837,15866,29
sniffing,15918,15866,15918,52
walking,15930,15918,15930,12
rising,16016,15930,16016,86
sniffing,16104,16016,16104,88
rearing,16105,16104,16105,1
climbing,16157,16105,16157,52
left_turning,16217,16157,16217,60
stepping,16218,16217,16218,1
sniffing,16278,16218,16278,60
walking,16300,16278,16300,22
trotting,16309,16300,16309,9
walking,16310,16309,16310,1
sniffing,16381,16310,16381,71
left_turning,16391,16381,16391,10
sniffing,16411,16391,16411,20
climbing,16468,16411,16468,57
walking,16513,16468,16513,45
trotting,16521,16513,16521,8
climbing,16548,16521,16548,27
left_turning,16588,16548,16588,40
sniffing,16595,16588,16595,7
rearing,16800,16595,16800,205
sniffing,16801,16800,16801,1
rising,16854,16801,16854,53
sniffing,16884,16854,16884,30
climbing,16940,16884,16940,56
sniffing,16977,16940,16977,37
running,16998,16977,16998,21
stepping,17033,16998,17033,35
sniffing,17036,17033,17036,3
trotting,17060,17036,17060,24
rising,17075,17060,17075,15
sniffing,17076,17075,17076,1
rising,17145,17076,17145,69
sniffing,17275,17145,17275,130
rising,17276,17275,17276,1
climbing,17311,17276,17311,35
walking,17318,17311,17318,7
sniffing,17319,17318,17319,1
walking,17383,17319,17383,64
sniffing,17425,17383,17425,42
walking,17491,17425,17491,66
sniffing,17521,17491,17521,30
rising,17533,17521,17533,12
sniffing,17555,17533,17555,22
walking,17556,17555,17556,1
climbing,17569,17556,17569,13
left_turning,17622,17569,17622,53
stepping,17669,17622,17669,47
sniffing,17708,17669,17708,39
climbing,17747,17708,17747,39
walking,17782,17747,17782,35
climbing,17826,17782,17826,44
sniffing,17827,17826,17827,1
left_turning,17830,17827,17830,3
walking,17831,17830,17831,1
left_turning,17840,17831,17840,9
trotting,17876,17840,17876,36
left_turning,17918,17876,17918,42
right_turning,17968,17918,17968,50
walking,17984,17968,17984,16
sniffing,17999,17984,17999,15
left_turning,18026,17999,18026,27
sniffing,18055,18026,18055,29
rising,18105,18055,18105,50
sniffing,18140,18105,18140,35
climbing,18166,18140,18166,26
right_turning,18187,18166,18187,21
walking,18217,18187,18217,30
sniffing,18247,18217,18247,30
climbing,18297,18247,18297,50
walking,18315,18297,18315,18
rising,18316,18315,18316,1
rearing,18317,18316,18317,1
climbing,18381,18317,18381,64
rising,18382,18381,18382,1
climbing,18494,18382,18494,112
sniffing,18495,18494,18495,1
climbing,18532,18495,18532,37
rising,18533,18532,18533,1
sniffing,18534,18533,18534,1
rising,18535,18534,18535,1
rearing,18536,18535,18536,1
rising,18549,18536,18549,13
climbing,18586,18549,18586,37
hunching,18634,18586,18634,48
sniffing,18635,18634,18635,1
walking,18702,18635,18702,67
sniffing,18713,18702,18713,11
left_turning,18714,18713,18714,1
sniffing,18790,18714,18790,76
rising,18867,18790,18867,77
sniffing,18919,18867,18919,52
hunching,18953,18919,18953,34
sniffing,18985,18953,18985,32
stepping,19023,18985,19023,38
trotting,19055,19023,19055,32
walking,19056,19055,19056,1
climbing,19081,19056,19081,25
walking,19135,19081,19135,54
climbing,19181,19135,19181,46
sniffing,19195,19181,19195,14
hunching,19282,19195,19282,87
right_turning,19311,19282,19311,29
running,19351,19311,19351,40
trotting,19356,19351,19356,5
climbing,19379,19356,19379,23
sniffing,19417,19379,19417,38
walking,19418,19417,19418,1
climbing,19450,19418,19450,32
walking,19461,19450,19461,11
sniffing,19523,19461,19523,62
rising,19572,19523,19572,49
left_turning,19574,19572,19574,2
walking,19624,19574,19624,50
left_turning,19642,19624,19642,18
rearing,19717,19642,19717,75
hunching,19718,19717,19718,1
walking,19725,19718,19725,7
sniffing,19757,19725,19757,32
rising,19814,19757,19814,57
sniffing,19841,19814,19841,27
right_turning,19877,19841,19877,36
walking,19878,19877,19878,1
stepping,19896,19878,19896,18
sniffing,19906,19896,19906,10
right_turning,19907,19906,19907,1
climbing,19984,19907,19984,77
left_turning,19985,19984,19985,1
walking,20076,19985,20076,91
left_turning,20084,20076,20084,8
rising,20118,20084,20118,34
walking,20124,20118,20124,6
sniffing,20125,20124,20125,1
rising,20175,20125,20175,50
climbing,20209,20175,20209,34
walking,20242,20209,20242,33
climbing,20243,20242,20243,1
sniffing,20248,20243,20248,5
walking,20291,20248,20291,43
left_turning,20351,20291,20351,60
sniffing,20352,20351,20352,1
rising,20353,20352,20353,1
left_turning,20361,20353,20361,8
stepping,20404,20361,20404,43
walking,20432,20404,20432,28
rising,20465,20432,20465,33
left_turning,20484,20465,20484,19
walking,20507,20484,20507,23
sniffing,20554,20507,20554,47
rising,20555,20554,20555,1
sniffing,20556,20555,20556,1
left_turning,20603,20556,20603,47
trotting,20618,20603,20618,15
sniffing,20634,20618,20634,16
rising,20686,20634,20686,52
walking,20735,20686,20735,49
sniffing,20770,20735,20770,35
stepping,20804,20770,20804,34
sniffing,20805,20804,20805,1
climbing,20894,20805,20894,89
sniffing,20919,20894,20919,25
walking,20959,20919,20959,40
sniffing,20971,20959,20971,12
right_turning,20972,20971,20972,1
sniffing,21130,20972,21130,158
left_turning,21179,21130,21179,49
rising,21258,21179,21258,79
walking,21259,21258,21259,1
right_turning,21283,21259,21283,24
sniffing,21354,21283,21354,71
walking,21399,21354,21399,45
sniffing,21446,21399,21446,47
walking,21450,21446,21450,4
rising,21603,21450,21603,153
walking,21643,21603,21643,40
sniffing,21714,21643,21714,71
rising,21748,21714,21748,34
sniffing,21752,21748,21752,4
climbing,21768,21752,21768,16
rising,21769,21768,21769,1
grooming,21770,21769,21770,1
sniffing,21842,21770,21842,72
rising,21926,21842,21926,84
sniffing,21992,21926,21992,66
left_turning,22010,21992,22010,18
trotting,22057,22010,22057,47
sniffing,22114,22057,22114,57
stepping,22159,22114,22159,45
sniffing,22197,22159,22197,38
hunching,22201,22197,22201,4
sniffing,22202,22201,22202,1
walking,22267,22202,22267,65
climbing,22280,22267,22280,13
walking,22299,22280,22299,19
rising,22325,22299,22325,26
walking,22326,22325,22326,1
sniffing,22431,22326,22431,105
stepping,22454,22431,22454,23
sniffing,22500,22454,22500,46
walking,22505,22500,22505,5
right_turning,22509,22505,22509,4
walking,22510,22509,22510,1
left_turning,22559,22510,22559,49
sniffing,22576,22559,22576,17
rearing,22632,22576,22632,56
sniffing,22665,22632,22665,33
hunching,22666,22665,22666,1
climbing,22701,22666,22701,35
sniffing,22702,22701,22702,1
stepping,22722,22702,22722,20
sniffing,22750,22722,22750,28
left_turning,22810,22750,22810,60
trotting,22811,22810,22811,1
running,22825,22811,22825,14
stepping,22872,22825,22872,47
rising,22960,22872,22960,88
trotting,22972,22960,22972,12
sniffing,23089,22972,23089,117
walking,23128,23089,23128,39
sniffing,23224,23128,23224,96
climbing,23242,23224,23242,18
walking,23264,23242,23264,22
rising,23353,23264,23353,89
right_turning,23354,23353,23354,1
walking,23370,23354,23370,16
stepping,23371,23370,23371,1
rearing,23423,23371,23423,52
rising,23431,23423,23431,8
climbing,23457,23431,23457,26
left_turning,23465,23457,23465,8
walking,23490,23465,23490,25
running,23493,23490,23493,3
walking,23539,23493,23539,46
rising,23547,23539,23547,8
hunching,23632,23547,23632,85
sniffing,23633,23632,23633,1
rising,23714,23633,23714,81
grooming,23715,23714,23715,1
rising,23718,23715,23718,3
climbing,23750,23718,23750,32
grooming,23942,23750,23942,192
sniffing,24043,23942,24043,101
rising,24058,24043,24058,15
stepping,24107,24058,24107,49
sniffing,24108,24107,24108,1
rising,24115,24108,24115,7
climbing,24163,24115,24163,48
grooming,24164,24163,24164,1
rising,24165,24164,24165,1
climbing,24203,24165,24203,38
rising,24298,24203,24298,95
sniffing,24316,24298,24316,18
rearing,24400,24316,24400,84
climbing,24428,24400,24428,28
right_turning,24479,24428,24479,51
walking,24578,24479,24578,99
sniffing,24708,24578,24708,130
rising,24724,24708,24724,16
left_turning,24725,24724,24725,1
stepping,24748,24725,24748,23
left_turning,24751,24748,24751,3
sniffing,24796,24751,24796,45
climbing,24845,24796,24845,49
walking,24869,24845,24869,24
sniffing,24936,24869,24936,67
left_turning,24953,24936,24953,17
sniffing,25009,24953,25009,56
running,25055,25009,25055,46
sniffing,25103,25055,25103,48
pausing,25104,25103,25104,1
sniffing,25134,25104,25134,30
climbing,25185,25134,25185,51
right_turning,25191,25185,25191,6
trotting,25227,25191,25227,36
climbing,25235,25227,25235,8
sniffing,25253,25235,25253,18
stepping,25273,25253,25273,20
trotting,25309,25273,25309,36
sniffing,25428,25309,25428,119
right_turning,25431,25428,25431,3
running,25455,25431,25455,24
trotting,25458,25455,25458,3
sniffing,25539,25458,25539,81
walking,25561,25539,25561,22
sniffing,25595,25561,25595,34
rising,25610,25595,25610,15
walking,25670,25610,25670,60
sniffing,25711,25670,25711,41
climbing,25750,25711,25750,39
hunching,25763,25750,25763,13
rising,25774,25763,25774,11
walking,25845,25774,25845,71
sniffing,25861,25845,25861,16
left_turning,25893,25861,25893,32
sniffing,25976,25893,25976,83
hunching,25977,25976,25977,1
climbing,26044,25977,26044,67
running,26060,26044,26060,16
stepping,26103,26060,26103,43
left_turning,26104,26103,26104,1
sniffing,26145,26104,26145,41
hunching,26153,26145,26153,8
rising,26262,26153,26262,109
sniffing,26327,26262,26327,65
grooming,26328,26327,26328,1
rising,26360,26328,26360,32
stepping,26408,26360,26408,48
sniffing,26417,26408,26417,9
walking,26476,26417,26476,59
sniffing,26562,26476,26562,86
rearing,26687,26562,26687,125
sniffing,26743,26687,26743,56
stepping,26780,26743,26780,37
rising,26781,26780,26781,1
climbing,26814,26781,26814,33
right_turning,26847,26814,26847,33
rising,26953,26847,26953,106
stepping,26965,26953,26965,12
sniffing,27111,26965,27111,146
walking,27175,27111,27175,64
stepping,27178,27175,27178,3
rearing,27302,27178,27302,124
trotting,27343,27302,27343,41
sniffing,27411,27343,27411,68
walking,27419,27411,27419,8
sniffing,27464,27419,27464,45
climbing,27465,27464,27465,1
walking,27477,27465,27477,12
sniffing,27489,27477,27489,12
trotting,27528,27489,27528,39
rising,27609,27528,27609,81
climbing,27640,27609,27640,31
rearing,27760,27640,27760,120
rising,27793,27760,27793,33
climbing,27840,27793,27840,47
rearing,28036,27840,28036,196
climbing,28093,28036,28093,57
rising,28134,28093,28134,41
climbing,28198,28134,28198,64
hunching,28304,28198,28304,106
rising,28329,28304,28329,25
sniffing,28400,28329,28400,71
grooming,28401,28400,28401,1
rearing,28435,28401,28435,34
walking,28447,28435,28447,12
running,28490,28447,28490,43
sniffing,28583,28490,28583,93
rearing,28584,28583,28584,1
right_turning,28619,28584,28619,35
climbing,28684,28619,28684,65
rearing,28813,28684,28813,129
rising,28826,28813,28826,13
climbing,28873,28826,28873,47
sniffing,28874,28873,28874,1
walking,28890,28874,28890,16
climbing,28924,28890,28924,34
sniffing,29042,28924,29042,118
rearing,29376,29042,29376,334
rising,29422,29376,29422,46
hunching,29429,29422,29429,7
walking,29464,29429,29464,35
sniffing,29465,29464,29465,1
walking,29493,29465,29493,28
climbing,29545,29493,29545,52
walking,29581,29545,29581,36
climbing,29670,29581,29670,89
right_turning,29682,29670,29682,12
rising,29723,29682,29723,41
walking,29767,29723,29767,44
sniffing,29828,29767,29828,61
rising,29907,29828,29907,79
climbing,30000,29907,30000,93
walking,30011,30000,30011,11
climbing,30079,30011,30079,68
rising,30141,30079,30141,62
sniffing,30142,30141,30142,1
running,30177,30142,30177,35
sniffing,30250,30177,30250,73
trotting,30272,30250,30272,22
sniffing,30312,30272,30312,40
climbing,30359,30312,30359,47
rising,30527,30359,30527,168
walking,30553,30527,30553,26
rising,30655,30553,30655,102
left_turning,30700,30655,30700,45
trotting,30726,30700,30726,26
sniffing,30727,30726,30727,1
rearing,30728,30727,30728,1
climbing,30814,30728,30814,86
trotting,30862,30814,30862,48
walking,30886,30862,30886,24
sniffing,30961,30886,30961,75
climbing,31009,30961,31009,48
sniffing,31038,31009,31038,29
rising,31052,31038,31052,14
sniffing,31126,31052,31126,74
left_turning,31143,31126,31143,17
walking,31144,31143,31144,1
sniffing,31221,31144,31221,77
right_turning,31235,31221,31235,14
rising,31252,31235,31252,17
right_turning,31277,31252,31277,25
walking,31309,31277,31309,32
sniffing,31310,31309,31310,1
rising,31324,31310,31324,14
climbing,31380,31324,31380,56
running,31402,31380,31402,22
rising,31425,31402,31425,23
running,31454,31425,31454,29
walking,31455,31454,31455,1
sniffing,31513,31455,31513,58
walking,31514,31513,31514,1
left_turning,31549,31514,31549,35
running,31583,31549,31583,34
sniffing,31606,31583,31606,23
walking,31637,31606,31637,31
climbing,31671,31637,31671,34
sniffing,31672,31671,31672,1
climbing,31735,31672,31735,63
sniffing,31736,31735,31736,1
walking,31793,31736,31793,57
left_turning,31854,31793,31854,61
sniffing,31923,31854,31923,69
trotting,31944,31923,31944,21
sniffing,32006,31944,32006,62
walking,32046,32006,32046,40
rising,32047,32046,32047,1
sniffing,32048,32047,32048,1
left_turning,32088,32048,32088,40
sniffing,32113,32088,32113,25
walking,32146,32113,32146,33
sniffing,32246,32146,32246,100
walking,32296,32246,32296,50
sniffing,32328,32296,32328,32
walking,32376,32328,32376,48
stepping,32454,32376,32454,78
left_turning,32497,32454,32497,43
trotting,32517,32497,32517,20
rising,32528,32517,32528,11
climbing,32584,32528,32584,56
running,32616,32584,32616,32
walking,32637,32616,32637,21
sniffing,32638,32637,32638,1
walking,32639,32638,32639,1
sniffing,32679,32639,32679,40
walking,32688,32679,32688,9
trotting,32703,32688,32703,15
sniffing,32721,32703,32721,18
left_turning,32722,32721,32722,1
right_turning,32732,32722,32732,10
walking,32740,32732,32740,8
climbing,32798,32740,32798,58
rising,32841,32798,32841,43
hunching,32981,32841,32981,140
rearing,32998,32981,32998,17
sniffing,33053,32998,33053,55
trotting,33102,33053,33102,49
climbing,33146,33102,33146,44
sniffing,33149,33146,33149,3
walking,33183,33149,33183,34
climbing,33236,33183,33236,53
running,33262,33236,33262,26
sniffing,33263,33262,33263,1
climbing,33353,33263,33353,90
rearing,33424,33353,33424,71
grooming,33425,33424,33425,1
hunching,33426,33425,33426,1
sniffing,33427,33426,33427,1
right_turning,33428,33427,33428,1
rising,33457,33428,33457,29
climbing,33507,33457,33507,50
sniffing,33508,33507,33508,1
rising,33509,33508,33509,1
rearing,33557,33509,33557,48
sniffing,33682,33557,33682,125
rising,33733,33682,33733,51
walking,33816,33733,33816,83
sniffing,33838,33816,33838,22
trotting,33865,33838,33865,27
walking,33901,33865,33901,36
sniffing,33955,33901,33955,54
right_turning,33972,33955,33972,17
trotting,34014,33972,34014,42
stepping,34021,34014,34021,7
sniffing,34079,34021,34079,58
walking,34080,34079,34080,1
running,34117,34080,34117,37
rising,34164,34117,34164,47
sniffing,34254,34164,34254,90
left_turning,34332,34254,34332,78
trotting,34371,34332,34371,39
walking,34384,34371,34384,13
right_turning,34394,34384,34394,10
walking,34406,34394,34406,12
left_turning,34428,34406,34428,22
sniffing,34514,34428,34514,86
hunching,34575,34514,34575,61
rising,34600,34575,34600,25
climbing,34603,34600,34603,3
rising,34696,34603,34696,93
climbing,34723,34696,34723,27
sniffing,34868,34723,34868,145
trotting,34896,34868,34896,28
walking,34967,34896,34967,71
sniffing,35022,34967,35022,55
walking,35060,35022,35060,38
sniffing,35080,35060,35080,20
walking,35154,35080,35154,74
right_turning,35182,35154,35182,28
trotting,35198,35182,35198,16
sniffing,35200,35198,35200,2
rising,35236,35200,35236,36
climbing,35286,35236,35286,50
rearing,35289,35286,35289,3
right_turning,35303,35289,35303,14
sniffing,35366,35303,35366,63
running,35401,35366,35401,35
left_turning,35464,35401,35464,63
trotting,35465,35464,35465,1
stepping,35483,35465,35483,18
sniffing,35484,35483,35484,1
walking,35528,35484,35528,44
sniffing,35649,35528,35649,121
trotting,35689,35649,35689,40
sniffing,35761,35689,35761,72
stepping,35775,35761,35775,14
sniffing,35791,35775,35791,16
rising,35808,35791,35808,17
running,35819,35808,35819,11
sniffing,35894,35819,35894,75
walking,35932,35894,35932,38
sniffing,35940,35932,35940,8
walking,35961,35940,35961,21
climbing,35993,35961,35993,32
rising,35994,35993,35994,1
climbing,36028,35994,36028,34
walking,36062,36028,36062,34
climbing,36090,36062,36090,28
grooming,36606,36090,36606,516
walking,36643,36606,36643,37
rearing,36782,36643,36782,139
grooming,37060,36782,37060,278
rearing,37144,37060,37144,84
left_turning,37186,37144,37186,42
right_turning,37226,37186,37226,40
walking,37227,37226,37227,1
rising,37255,37227,37255,28
walking,37272,37255,37272,17
rearing,37273,37272,37273,1
climbing,37303,37273,37303,30
sniffing,37337,37303,37337,34
walking,37345,37337,37345,8
sniffing,37375,37345,37375,30
left_turning,37376,37375,37376,1
sniffing,37455,37376,37455,79
walking,37485,37455,37485,30
sniffing,37518,37485,37518,33
grooming,38075,37518,38075,557
rearing,38176,38075,38176,101
left_turning,38306,38176,38306,130
right_turning,38307,38306,38307,1
sniffing,38308,38307,38308,1
climbing,38365,38308,38365,57
walking,38414,38365,38414,49
trotting,38446,38414,38446,32
left_turning,38455,38446,38455,9
sniffing,38456,38455,38456,1
rising,38457,38456,38457,1
left_turning,38497,38457,38497,40
walking,38509,38497,38509,12
stepping,38528,38509,38528,19
walking,38590,38528,38590,62
climbing,38669,38590,38669,79
left_turning,38694,38669,38694,25
walking,38713,38694,38713,19
sniffing,38796,38713,38796,83
left_turning,38797,38796,38797,1
walking,38843,38797,38843,46
sniffing,38860,38843,38860,17
climbing,38906,38860,38906,46
sniffing,38962,38906,38962,56
right_turning,38996,38962,38996,34
sniffing,38997,38996,38997,1
rising,39130,38997,39130,133
climbing,39159,39130,39159,29
rearing,39279,39159,39279,120
sniffing,39332,39279,39332,53
walking,39353,39332,39353,21
rising,39370,39353,39370,17
rearing,39418,39370,39418,48
grooming,39419,39418,39419,1
sniffing,39453,39419,39453,34
left_turning,39501,39453,39501,48
sniffing,39523,39501,39523,22
right_turning,39528,39523,39528,5
rising,39529,39528,39529,1
hunching,39753,39529,39753,224
sniffing,39831,39753,39831,78
walking,39832,39831,39832,1
stepping,39851,39832,39851,19
sniffing,39883,39851,39883,32
left_turning,39884,39883,39884,1
running,39917,39884,39917,33
stepping,39924,39917,39924,7
left_turning,39956,39924,39956,32
trotting,39966,39956,39966,10
walking,39967,39966,39967,1
stepping,39989,39967,39989,22
sniffing,39990,39989,39990,1
rising,39991,39990,39991,1
running,40012,39991,40012,21
walking,40048,40012,40048,36
climbing,40086,40048,40086,38
sniffing,40168,40086,40168,82
right_turning,40182,40168,40182,14
trotting,40240,40182,40240,58
sniffing,40300,40240,40300,60
stepping,40328,40300,40328,28
rearing,40383,40328,40383,55
grooming,40526,40383,40526,143
climbing,40561,40526,40561,35
running,40580,40561,40580,19
sniffing,40587,40580,40587,7
right_turning,40588,40587,40588,1
walking,40589,40588,40589,1
climbing,40637,40589,40637,48
rising,40664,40637,40664,27
sniffing,40733,40664,40733,69
walking,40734,40733,40734,1
sniffing,40794,40734,40794,60
rising,40848,40794,40848,54
climbing,40884,40848,40884,36
right_turning,40888,40884,40888,4
stepping,40889,40888,40889,1
rearing,40915,40889,40915,26
right_turning,40921,40915,40921,6
walking,40934,40921,40934,13
trotting,40968,40934,40968,34
walking,40970,40968,40970,2
rising,40971,40970,40971,1
climbing,41002,40971,41002,31
walking,41024,41002,41024,22
sniffing,41025,41024,41025,1
walking,41041,41025,41041,16
sniffing,41106,41041,41106,65
climbing,41159,41106,41159,53
sniffing,41195,41159,41195,36
climbing,41230,41195,41230,35
walking,41265,41230,41265,35
rising,41289,41265,41289,24
hunching,41357,41289,41357,68
sniffing,41362,41357,41362,5
climbing,41452,41362,41452,90
right_turning,41464,41452,41464,12
climbing,41478,41464,41478,14
sniffing,41555,41478,41555,77
left_turning,41556,41555,41556,1
sniffing,41586,41556,41586,30
climbing,41665,41586,41665,79
right_turning,41683,41665,41683,18
climbing,41725,41683,41725,42
sniffing,41818,41725,41818,93
grooming,41819,41818,41819,1
sniffing,41827,41819,41827,8
walking,41849,41827,41849,22
left_turning,41901,41849,41901,52
rising,41908,41901,41908,7
sniffing,41957,41908,41957,49
walking,41995,41957,41995,38
rising,42008,41995,42008,13
climbing,42085,42008,42085,77
right_turning,42107,42085,42107,22
running,42135,42107,42135,28
sniffing,42152,42135,42152,17
right_turning,42158,42152,42158,6
left_turning,42186,42158,42186,28
trotting,42188,42186,42188,2
walking,42229,42188,42229,41
sniffing,42245,42229,42245,16
rising,42303,42245,42303,58
climbing,42362,42303,42362,59
walking,42399,42362,42399,37
left_turning,42400,42399,42400,1
walking,42428,42400,42428,28
sniffing,42429,42428,42429,1
right_turning,42442,42429,42442,13
rearing,42588,42442,42588,146
right_turning,42589,42588,42589,1
walking,42631,42589,42631,42
trotting,42654,42631,42654,23
sniffing,42773,42654,42773,119
walking,42779,42773,42779,6
sniffing,42780,42779,42780,1
climbing,42842,42780,42842,62
trotting,42878,42842,42878,36
stepping,42901,42878,42901,23
sniffing,42907,42901,42907,6
trotting,42942,42907,42942,35
sniffing,42946,42942,42946,4
rising,43010,42946,43010,64
climbing,43086,43010,43086,76
sniffing,43127,43086,43127,41
walking,43130,43127,43130,3
right_turning,43149,43130,43149,19
trotting,43160,43149,43160,11
walking,43161,43160,43161,1
rising,43217,43161,43217,56
climbing,43232,43217,43232,15
hunching,43257,43232,43257,25
grooming,43587,43257,43587,330
sniffing,43608,43587,43608,21
right_turning,43624,43608,43624,16
sniffing,43625,43624,43625,1
rising,43653,43625,43653,28
walking,43700,43653,43700,47
right_turning,43704,43700,43704,4
rearing,43715,43704,43715,11
rising,43728,43715,43728,13
right_turning,43738,43728,43738,10
stepping,43774,43738,43774,36
climbing,43775,43774,43775,1
rising,43807,43775,43807,32
sniffing,43841,43807,43841,34
right_turning,43871,43841,43871,30
sniffing,43883,43871,43883,12
climbing,43941,43883,43941,58
walking,43990,43941,43990,49
rising,44036,43990,44036,46
sniffing,44067,44036,44067,31
rising,44068,44067,44068,1
climbing,44096,44068,44096,28
sniffing,44097,44096,44097,1
walking,44142,44097,44142,45
sniffing,44389,44142,44389,247
climbing,44468,44389,44468,79
sniffing,44469,44468,44469,1
rising,44524,44469,44524,55
left_turning,44552,44524,44552,28
walking,44642,44552,44642,90
climbing,44678,44642,44678,36
rising,44722,44678,44722,44
climbing,44735,44722,44735,13
rearing,44736,44735,44736,1
sniffing,44789,44736,44789,53
rising,44822,44789,44822,33
rearing,44823,44822,44823,1
walking,44832,44823,44832,9
sniffing,44848,44832,44848,16
hunching,44903,44848,44903,55
left_turning,44988,44903,44988,85
walking,45051,44988,45051,63
left_turning,45101,45051,45101,50
sniffing,45170,45101,45170,69
walking,45173,45170,45173,3
left_turning,45174,45173,45174,1
sniffing,45175,45174,45175,1
rising,45190,45175,45190,15
left_turning,45248,45190,45248,58
walking,45249,45248,45249,1
right_turning,45250,45249,45250,1
walking,45271,45250,45271,21
left_turning,45340,45271,45340,69
sniffing,45404,45340,45404,64
rising,45440,45404,45440,36
sniffing,45493,45440,45493,53
pausing,45649,45493,45649,156
sniffing,45733,45649,45733,84
trotting,45737,45733,45737,4
sniffing,45824,45737,45824,87
trotting,45825,45824,45825,1
rising,45826,45825,45826,1
right_turning,45859,45826,45859,33
walking,45888,45859,45888,29
climbing,45951,45888,45951,63
walking,45966,45951,45966,15
sniffing,45986,45966,45986,20
right_turning,46007,45986,46007,21
running,46058,46007,46058,51
left_turning,46101,46058,46101,43
sniffing,46102,46101,46102,1
left_turning,46103,46102,46103,1
sniffing,46279,46103,46279,176
walking,46313,46279,46313,34
stepping,46346,46313,46346,33
sniffing,46347,46346,46347,1
walking,46358,46347,46358,11
left_turning,46410,46358,46410,52
sniffing,46411,46410,46411,1
left_turning,46491,46411,46491,80
stepping,46559,46491,46559,68
rearing,46560,46559,46560,1
grooming,46852,46560,46852,292
sniffing,46871,46852,46871,19
trotting,46872,46871,46872,1
walking,46891,46872,46891,19
stepping,46914,46891,46914,23
walking,46937,46914,46937,23
stepping,47038,46937,47038,101
climbing,47075,47038,47075,37
sniffing,47138,47075,47138,63
left_turning,47179,47138,47179,41
trotting,47218,47179,47218,39
walking,47251,47218,47251,33
sniffing,47252,47251,47252,1
trotting,47277,47252,47277,25
sniffing,47318,47277,47318,41
climbing,47387,47318,47387,69
grooming,47455,47387,47455,68
left_turning,47468,47455,47468,13
walking,47528,47468,47528,60
left_turning,47546,47528,47546,18
rising,47573,47546,47573,27
climbing,47584,47573,47584,11
sniffing,47585,47584,47585,1
left_turning,47628,47585,47628,43
sniffing,47781,47628,47781,153
rising,47807,47781,47807,26
running,47808,47807,47808,1
rising,47842,47808,47842,34
left_turning,47923,47842,47923,81
rising,47924,47923,47924,1
sniffing,47970,47924,47970,46
pausing,48190,47970,48190,220
sniffing,48222,48190,48222,32
climbing,48306,48222,48306,84
walking,48317,48306,48317,11
rising,48391,48317,48391,74
trotting,48400,48391,48400,9
sniffing,48408,48400,48408,8
rising,48447,48408,48447,39
walking,48461,48447,48461,14
sniffing,48462,48461,48462,1
jumping,48606,48462,48606,144
hunching,48718,48606,48718,112
running,48769,48718,48769,51
sniffing,48814,48769,48814,45
walking,48815,48814,48815,1
right_turning,48840,48815,48840,25
trotting,48848,48840,48848,8
sniffing,48897,48848,48897,49
rising,48909,48897,48909,12
sniffing,48930,48909,48930,21
right_turning,48941,48930,48941,11
walking,48963,48941,48963,22
sniffing,48964,48963,48964,1
hunching,48965,48964,48965,1
walking,48968,48965,48968,3
climbing,48989,48968,48989,21
grooming,49024,48989,49024,35
sniffing,49069,49024,49069,45
walking,49081,49069,49081,12
sniffing,49227,49081,49227,146
rising,49291,49227,49291,64
sniffing,49394,49291,49394,103
walking,49403,49394,49403,9
trotting,49421,49403,49421,18
left_turning,49440,49421,49440,19
trotting,49465,49440,49465,25
walking,49473,49465,49473,8
sniffing,49509,49473,49509,36
hunching,49599,49509,49599,90
sniffing,49686,49599,49686,87
grooming,49917,49686,49917,231
rearing,49938,49917,49938,21
stepping,49955,49938,49955,17
climbing,49992,49955,49992,37
trotting,50051,49992,50051,59
sniffing,50052,50051,50052,1
trotting,50059,50052,50059,7
walking,50063,50059,50063,4
rising,50084,50063,50084,21
climbing,50151,50084,50151,67
rising,50186,50151,50186,35
climbing,50308,50186,50308,122
grooming,51033,50308,51033,725
sniffing,51108,51033,51108,75
trotting,51123,51108,51123,15
sniffing,51141,51123,51141,18
walking,51202,51141,51202,61
rising,51232,51202,51232,30
climbing,51257,51232,51257,25
left_turning,51266,51257,51266,9
sniffing,51350,51266,51350,84
rearing,51383,51350,51383,33
rising,51407,51383,51407,24
climbing,51445,51407,51445,38
sniffing,51446,51445,51446,1
trotting,51476,51446,51476,30
sniffing,51542,51476,51542,66
walking,51543,51542,51543,1
sniffing,51544,51543,51544,1
left_turning,51660,51544,51660,116
rising,51692,51660,51692,32
sniffing,51693,51692,51693,1
grooming,51694,51693,51694,1
hunching,51706,51694,51706,12
stepping,51714,51706,51714,8
climbing,51772,51714,51772,58
rising,51878,51772,51878,106
rearing,51879,51878,51879,1
walking,51898,51879,51898,19
stepping,51942,51898,51942,44
sniffing,52015,51942,52015,73
grooming,52116,52015,52116,101
rearing,52292,52116,52292,176
sniffing,52322,52292,52322,30
walking,52362,52322,52362,40
rearing,52363,52362,52363,1
left_turning,52383,52363,52383,20
sniffing,52435,52383,52435,52
right_turning,52469,52435,52469,34
walking,52482,52469,52482,13
stepping,52526,52482,52526,44
rising,52532,52526,52532,6
walking,52559,52532,52559,27
sniffing,52560,52559,52560,1
rising,52666,52560,52666,106
climbing,52686,52666,52686,20
walking,52750,52686,52750,64
sniffing,52793,52750,52793,43
climbing,52857,52793,52857,64
rearing,52886,52857,52886,29
climbing,52911,52886,52911,25
rearing,52935,52911,52935,24
rising,52968,52935,52968,33
grooming,53918,52968,53918,950
stepping,53956,53918,53956,38
grooming,54005,53956,54005,49
sniffing,54038,54005,54038,33
walking,54058,54038,54058,20
rising,54219,54058,54219,161
rearing,54271,54219,54271,52
grooming,54272,54271,54272,1
hunching,54327,54272,54327,55
climbing,54356,54327,54356,29
hunching,54474,54356,54474,118
climbing,54513,54474,54513,39
rising,54562,54513,54562,49
climbing,54591,54562,54591,29
walking,54625,54591,54625,34
sniffing,54683,54625,54683,58
walking,54698,54683,54698,15
sniffing,54739,54698,54739,41
walking,54765,54739,54765,26
climbing,54791,54765,54791,26
rising,54855,54791,54855,64
climbing,54902,54855,54902,47
right_turning,54941,54902,54941,39
hunching,55005,54941,55005,64
grooming,55006,55005,55006,1
rearing,55007,55006,55007,1
rising,55057,55007,55057,50
sniffing,55119,55057,55119,62
right_turning,55122,55119,55122,3
sniffing,55136,55122,55136,14
walking,55196,55136,55196,60
sniffing,55197,55196,55197,1
pausing,55198,55197,55198,1
sniffing,55264,55198,55264,66
walking,55269,55264,55269,5
sniffing,55270,55269,55270,1
left_turning,55271,55270,55271,1
trotting,55277,55271,55277,6
walking,55328,55277,55328,51
sniffing,55431,55328,55431,103
climbing,55477,55431,55477,46
sniffing,55525,55477,55525,48
trotting,55526,55525,55526,1
climbing,55532,55526,55532,6
right_turning,55553,55532,55553,21
walking,55611,55553,55611,58
sniffing,55656,55611,55656,45
stepping,55665,55656,55665,9
trotting,55689,55665,55689,24
climbing,55762,55689,55762,73
rising,55780,55762,55780,18
climbing,55789,55780,55789,9
walking,55809,55789,55809,20
climbing,55810,55809,55810,1
grooming,55811,55810,55811,1
running,55812,55811,55812,1
rising,55832,55812,55832,20
climbing,55872,55832,55872,40
rearing,55873,55872,55873,1
right_turning,55882,55873,55882,9
sniffing,55933,55882,55933,51
stepping,55967,55933,55967,34
trotting,55975,55967,55975,8
sniffing,56004,55975,56004,29
left_turning,56005,56004,56005,1
climbing,56051,56005,56051,46
sniffing,56052,56051,56052,1
rising,56063,56052,56063,11
climbing,56130,56063,56130,67
sniffing,56217,56130,56217,87
grooming,56218,56217,56218,1
trotting,56280,56218,56280,62
walking,56303,56280,56303,23
sniffing,56419,56303,56419,116
trotting,56426,56419,56426,7
left_turning,56427,56426,56427,1
trotting,56460,56427,56460,33
rising,56529,56460,56529,69
sniffing,56573,56529,56573,44
left_turning,56612,56573,56612,39
walking,56636,56612,56636,24
hunching,56772,56636,56772,136
sniffing,56773,56772,56773,1
pausing,56774,56773,56774,1
sniffing,56775,56774,56775,1
walking,56805,56775,56805,30
sniffing,56806,56805,56806,1
stepping,56822,56806,56822,16
left_turning,57026,56822,57026,204
sniffing,57033,57026,57033,7
climbing,57081,57033,57081,48
trotting,57129,57081,57129,48
walking,57141,57129,57141,12
sniffing,57196,57141,57196,55
climbing,57209,57196,57209,13
sniffing,57223,57209,57223,14
rising,57673,57223,57673,450
sniffing,57674,57673,57674,1
climbing,57675,57674,57675,1
sniffing,57732,57675,57732,57
walking,57794,57732,57794,62
rising,57820,57794,57820,26
sniffing,57824,57820,57824,4
climbing,57831,57824,57831,7
sniffing,57864,57831,57864,33
left_turning,57923,57864,57923,59
rising,57946,57923,57946,23
walking,57995,57946,57995,49
sniffing,58006,57995,58006,11
right_turning,58036,58006,58036,30
climbing,58080,58036,58080,44
rising,58081,58080,58081,1
rearing,58082,58081,58082,1
right_turning,58095,58082,58095,13
walking,58096,58095,58096,1
left_turning,58142,58096,58142,46
walking,58143,58142,58143,1
sniffing,58156,58143,58156,13
climbing,58181,58156,58181,25
sniffing,58243,58181,58243,62
walking,58274,58243,58274,31
rising,58275,58274,58275,1
jumping,58304,58275,58304,29
rearing,58383,58304,58383,79
rising,58384,58383,58384,1
sniffing,58504,58384,58504,120
left_turning,58635,58504,58635,131
stepping,58670,58635,58670,35
climbing,58710,58670,58710,40
rearing,58736,58710,58736,26
climbing,58782,58736,58782,46
sniffing,58796,58782,58796,14
grooming,58954,58796,58954,158
sniffing,58955,58954,58955,1
walking,58981,58955,58981,26
sniffing,59038,58981,59038,57
rising,59048,59038,59048,10
climbing,59099,59048,59099,51
sniffing,59139,59099,59139,40
left_turning,59149,59139,59149,10
walking,59170,59149,59170,21
sniffing,59261,59170,59261,91
pausing,59262,59261,59262,1
sniffing,59263,59262,59263,1
walking,59344,59263,59344,81
climbing,59412,59344,59412,68
running,59413,59412,59413,1
walking,59428,59413,59428,15
sniffing,59512,59428,59512,84
climbing,59580,59512,59580,68
stepping,59582,59580,59582,2
climbing,59610,59582,59610,28
sniffing,59678,59610,59678,68
rearing,59757,59678,59757,79
sniffing,59812,59757,59812,55
rising,59910,59812,59910,98
sniffing,59911,59910,59911,1
right_turning,59928,59911,59928,17
rising,59939,59928,59939,11
rearing,60215,59939,60215,276
trotting,60261,60215,60261,46
running,60262,60261,60262,1
sniffing,60263,60262,60263,1
climbing,60305,60263,60305,42
walking,60306,60305,60306,1
left_turning,60332,60306,60332,26
walking,60333,60332,60333,1
left_turning,60336,60333,60336,3
walking,60348,60336,60348,12
rising,60349,60348,60349,1
sniffing,60372,60349,60372,23
trotting,60407,60372,60407,35
sniffing,60443,60407,60443,36
left_turning,60517,60443,60517,74
walking,60548,60517,60548,31
sniffing,60549,60548,60549,1
grooming,60550,60549,60550,1
rearing,60551,60550,60551,1
climbing,60568,60551,60568,17
grooming,61442,60568,61442,874
sniffing,61490,61442,61490,48
left_turning,61504,61490,61504,14
rising,61729,61504,61729,225
climbing,61780,61729,61780,51
walking,61781,61780,61781,1
sniffing,61842,61781,61842,61
climbing,61869,61842,61869,27
grooming,62462,61869,62462,593
rising,62510,62462,62510,48
sniffing,62573,62510,62573,63
grooming,62763,62573,62763,190
sniffing,62764,62763,62764,1
walking,62797,62764,62797,33
sniffing,62936,62797,62936,139
rearing,62937,62936,62937,1
hunching,62997,62937,62997,60
right_turning,63054,62997,63054,57
walking,63077,63054,63077,23
hunching,63078,63077,63078,1
grooming,63105,63078,63105,27
rearing,63146,63105,63146,41
climbing,63176,63146,63176,30
rising,63251,63176,63251,75
sniffing,63279,63251,63279,28
rising,63280,63279,63280,1
climbing,63348,63280,63348,68
trotting,63356,63348,63356,8
left_turning,63411,63356,63411,55
sniffing,63432,63411,63432,21
climbing,63480,63432,63480,48
sniffing,63557,63480,63557,77
rising,63609,63557,63609,52
left_turning,63674,63609,63674,65
trotting,63704,63674,63704,30
right_turning,63742,63704,63742,38
walking,63761,63742,63761,19
rising,63776,63761,63776,15
left_turning,63855,63776,63855,79
trotting,63856,63855,63856,1
rising,63915,63856,63915,59
climbing,63943,63915,63943,28
running,63972,63943,63972,29
walking,64010,63972,64010,38
rising,64083,64010,64083,73
sniffing,64090,64083,64090,7
walking,64137,64090,64137,47
sniffing,64222,64137,64222,85
grooming,64467,64222,64467,245
rearing,64607,64467,64607,140
rising,64624,64607,64624,17
sniffing,64701,64624,64701,77
rising,64707,64701,64707,6
climbing,64736,64707,64736,29
rising,64755,64736,64755,19
climbing,64812,64755,64812,57
rearing,64825,64812,64825,13
climbing,64910,64825,64910,85
sniffing,64962,64910,64962,52
trotting,64987,64962,64987,25
sniffing,65045,64987,65045,58
climbing,65135,65045,65135,90
sniffing,65181,65135,65181,46
walking,65248,65181,65248,67
sniffing,65302,65248,65302,54
rising,65316,65302,65316,14
walking,65331,65316,65331,15
sniffing,65403,65331,65403,72
walking,65414,65403,65414,11
sniffing,65483,65414,65483,69
left_turning,65485,65483,65485,2
running,65515,65485,65515,30
sniffing,65516,65515,65516,1
climbing,65585,65516,65585,69
rearing,65602,65585,65602,17
climbing,65648,65602,65648,46
rising,65690,65648,65690,42
rearing,65702,65690,65702,12
climbing,65777,65702,65777,75
walking,65783,65777,65783,6
sniffing,65835,65783,65835,52
walking,65872,65835,65872,37
sniffing,65873,65872,65873,1
grooming,65874,65873,65874,1
rising,65930,65874,65930,56
climbing,65966,65930,65966,36
rearing,66011,65966,66011,45
hunching,66184,66011,66184,173
climbing,66190,66184,66190,6
rising,66191,66190,66191,1
rearing,66273,66191,66273,82
climbing,66328,66273,66328,55
rearing,66375,66328,66375,47
hunching,66595,66375,66595,220
climbing,66639,66595,66639,44
rearing,66948,66639,66948,309
sniffing,66966,66948,66966,18
walking,67017,66966,67017,51
rising,67097,67017,67097,80
climbing,67098,67097,67098,1
sniffing,67288,67098,67288,190
climbing,67363,67288,67363,75
left_turning,67398,67363,67398,35
running,67412,67398,67412,14
walking,67436,67412,67436,24
sniffing,67465,67436,67465,29
rising,67508,67465,67508,43
climbing,67558,67508,67558,50
right_turning,67573,67558,67573,15
trotting,67601,67573,67601,28
rising,67668,67601,67668,67
sniffing,67673,67668,67673,5
rising,67733,67673,67733,60
sniffing,67799,67733,67799,66
left_turning,67804,67799,67804,5
trotting,67843,67804,67843,39
sniffing,67844,67843,67844,1
rearing,67889,67844,67889,45
sniffing,67968,67889,67968,79
hunching,67969,67968,67969,1
rising,67995,67969,67995,26
stepping,68017,67995,68017,22
sniffing,68032,68017,68032,15
running,68049,68032,68049,17
sniffing,68050,68049,68050,1
stepping,68105,68050,68105,55
sniffing,68138,68105,68138,33
stepping,68153,68138,68153,15
sniffing,68181,68153,68181,28
climbing,68268,68181,68268,87
left_turning,68308,68268,68308,40
rising,68352,68308,68352,44
rearing,68431,68352,68431,79
right_turning,68454,68431,68454,23
sniffing,68485,68454,68485,31
trotting,68489,68485,68489,4
stepping,68554,68489,68554,65
sniffing,68704,68554,68704,150
right_turning,68719,68704,68719,15
sniffing,68770,68719,68770,51
rising,68867,68770,68867,97
rearing,68868,68867,68868,1
climbing,68905,68868,68905,37
right_turning,68911,68905,68911,6
sniffing,68912,68911,68912,1
grooming,69213,68912,69213,301
rearing,69320,69213,69320,107
sniffing,69361,69320,69361,41
rearing,69362,69361,69362,1
climbing,69409,69362,69409,47
grooming,69545,69409,69545,136
rearing,69546,69545,69546,1
sniffing,69586,69546,69586,40
rising,69587,69586,69587,1
sniffing,69702,69587,69702,115
rising,69703,69702,69703,1
rearing,69752,69703,69752,49
walking,69815,69752,69815,63
climbing,69858,69815,69858,43
sniffing,69901,69858,69901,43
left_turning,69918,69901,69918,17
right_turning,69927,69918,69927,9
running,69946,69927,69946,19
stepping,70010,69946,70010,64
sniffing,70088,70010,70088,78
left_turning,70105,70088,70105,17
sniffing,70155,70105,70155,50
left_turning,70156,70155,70156,1
walking,70239,70156,70239,83
sniffing,70305,70239,70305,66
walking,70321,70305,70321,16
sniffing,70352,70321,70352,31
left_turning,70353,70352,70353,1
rising,70397,70353,70397,44
walking,70477,70397,70477,80
sniffing,70545,70477,70545,68
climbing,70611,70545,70611,66
grooming,70807,70611,70807,196
hunching,70899,70807,70899,92
climbing,70972,70899,70972,73
walking,70978,70972,70978,6
left_turning,71074,70978,71074,96
walking,71113,71074,71113,39
stepping,71167,71113,71167,54
walking,71284,71167,71284,117
stepping,71338,71284,71338,54
sniffing,71339,71338,71339,1
right_turning,71362,71339,71362,23
stepping,71363,71362,71363,1
climbing,71369,71363,71369,6
running,71377,71369,71377,8
walking,71451,71377,71451,74
sniffing,71569,71451,71569,118
rising,71592,71569,71592,23
sniffing,71598,71592,71598,6
rising,71630,71598,71630,32
climbing,71675,71630,71675,45
right_turning,71702,71675,71702,27
sniffing,71734,71702,71734,32
left_turning,71791,71734,71791,57
stepping,71807,71791,71807,16
walking,71835,71807,71835,28
sniffing,71836,71835,71836,1
rising,71874,71836,71874,38
sniffing,71935,71874,71935,61
walking,71964,71935,71964,29
sniffing,72034,71964,72034,70
rising,72035,72034,72035,1
right_turning,72047,72035,72047,12
left_turning,72048,72047,72048,1
trotting,72075,72048,72075,27
sniffing,72076,72075,72076,1
climbing,72159,72076,72159,83
trotting,72197,72159,72197,38
walking,72254,72197,72254,57
sniffing,72296,72254,72296,42
trotting,72328,72296,72328,32
sniffing,72633,72328,72633,305
rising,72662,72633,72662,29
climbing,72699,72662,72699,37
walking,72727,72699,72727,28
rising,72737,72727,72737,10
sniffing,72854,72737,72854,117
pausing,73004,72854,73004,150
sniffing,73053,73004,73053,49
rising,73054,73053,73054,1
climbing,73071,73054,73071,17
sniffing,73075,73071,73075,4
climbing,73138,73075,73138,63
hunching,73170,73138,73170,32
sniffing,73278,73170,73278,108
rearing,73313,73278,73313,35
left_turning,73388,73313,73388,75
rising,73413,73388,73413,25
walking,73435,73413,73435,22
climbing,73510,73435,73510,75
rearing,73511,73510,73511,1
walking,73514,73511,73514,3
sniffing,73527,73514,73527,13
rising,73540,73527,73540,13
sniffing,73589,73540,73589,49
walking,73619,73589,73619,30
sniffing,73735,73619,73735,116
walking,73755,73735,73755,20
sniffing,73785,73755,73785,30
rising,73820,73785,73820,35
climbing,73840,73820,73840,20
left_turning,73866,73840,73866,26
sniffing,73954,73866,73954,88
trotting,73995,73954,73995,41
rising,74013,73995,74013,18
climbing,74056,74013,74056,43
rearing,74209,74056,74209,153
rising,74210,74209,74210,1
left_turning,74296,74210,74296,86
sniffing,74304,74296,74304,8
left_turning,74316,74304,74316,12
stepping,74342,74316,74342,26
sniffing,74404,74342,74404,62
left_turning,74434,74404,74434,30
stepping,74504,74434,74504,70
left_turning,74505,74504,74505,1
sniffing,74759,74505,74759,254
walking,74829,74759,74829,70
sniffing,74945,74829,74945,116
rising,74967,74945,74967,22
sniffing,75064,74967,75064,97
rising,75065,75064,75065,1
climbing,75126,75065,75126,61
hunching,75127,75126,75127,1
grooming,75203,75127,75203,76
rising,75238,75203,75238,35
sniffing,75265,75238,75265,27
walking,75266,75265,75266,1
rising,75311,75266,75311,45
climbing,75323,75311,75323,12
sniffing,75324,75323,75324,1
left_turning,75338,75324,75338,14
walking,75344,75338,75344,6
rising,75345,75344,75345,1
hunching,75411,75345,75411,66
grooming,75412,75411,75412,1
rearing,75433,75412,75433,21
rising,75436,75433,75436,3
climbing,75521,75436,75521,85
rearing,75691,75521,75691,170
grooming,75748,75691,75748,57
rearing,75810,75748,75810,62
rising,75844,75810,75844,34
climbing,75864,75844,75864,20
rearing,76009,75864,76009,145
left_turning,76041,76009,76041,32
rising,76053,76041,76053,12
right_turning,76055,76053,76055,2
walking,76111,76055,76111,56
rising,76175,76111,76175,64
right_turning,76188,76175,76188,13
walking,76206,76188,76206,18
left_turning,76216,76206,76216,10
walking,76217,76216,76217,1
sniffing,76277,76217,76277,60
left_turning,76284,76277,76284,7
sniffing,76339,76284,76339,55
stepping,76340,76339,76340,1
right_turning,76382,76340,76382,42
walking,76433,76382,76433,51
sniffing,76485,76433,76485,52
walking,76502,76485,76502,17
left_turning,76503,76502,76503,1
walking,76533,76503,76533,30
sniffing,76572,76533,76572,39
rising,76591,76572,76591,19
climbing,76678,76591,76678,87
walking,76715,76678,76715,37
sniffing,76777,76715,76777,62
grooming,76778,76777,76778,1
left_turning,76788,76778,76788,10
sniffing,76823,76788,76823,35
trotting,76824,76823,76824,1
sniffing,76887,76824,76887,63
rising,76906,76887,76906,19
sniffing,76960,76906,76960,54
right_turning,76961,76960,76961,1
walking,76962,76961,76962,1
rising,77013,76962,77013,51
sniffing,77154,77013,77154,141
climbing,77195,77154,77195,41
hunching,77290,77195,77290,95
grooming,77333,77290,77333,43
sniffing,77414,77333,77414,81
rising,77459,77414,77459,45
sniffing,77536,77459,77536,77
rising,77582,77536,77582,46
walking,77583,77582,77583,1
sniffing,77699,77583,77699,116
rising,77727,77699,77727,28
climbing,77782,77727,77782,55
walking,77799,77782,77799,17
left_turning,77829,77799,77829,30
sniffing,77899,77829,77899,70
walking,77973,77899,77973,74
rising,77979,77973,77979,6
stepping,77987,77979,77987,8
left_turning,78059,77987,78059,72
sniffing,78068,78059,78068,9
walking,78079,78068,78079,11
rising,78111,78079,78111,32
sniffing,78187,78111,78187,76
right_turning,78188,78187,78188,1
climbing,78248,78188,78248,60
sniffing,78348,78248,78348,100
walking,78358,78348,78358,10
sniffing,78359,78358,78359,1
rising,78421,78359,78421,62
climbing,78460,78421,78460,39
rearing,78569,78460,78569,109
rising,78587,78569,78587,18
climbing,78592,78587,78592,5
sniffing,78663,78592,78663,71
trotting,78687,78663,78687,24
sniffing,78772,78687,78772,85
climbing,78833,78772,78833,61
hunching,78849,78833,78849,16
grooming,78897,78849,78897,48
rearing,78919,78897,78919,22
sniffing,78920,78919,78920,1
right_turning,78929,78920,78929,9
trotting,78930,78929,78930,1
sniffing,78940,78930,78940,10
stepping,78941,78940,78941,1
climbing,78991,78941,78991,50
trotting,79020,78991,79020,29
stepping,79026,79020,79026,6
walking,79071,79026,79071,45
sniffing,79181,79071,79181,110
walking,79185,79181,79185,4
sniffing,79223,79185,79223,38
climbing,79296,79223,79296,73
sniffing,79378,79296,79378,82
rising,79412,79378,79412,34
sniffing,79437,79412,79437,25
climbing,79438,79437,79438,1
left_turning,79481,79438,79481,43
walking,79482,79481,79482,1
rising,79505,79482,79505,23
left_turning,79506,79505,79506,1
walking,79537,79506,79537,31
rising,79572,79537,79572,35
walking,79573,79572,79573,1
sniffing,79574,79573,79574,1
walking,79655,79574,79655,81
jumping,79665,79655,79665,10
walking,79666,79665,79666,1
sniffing,79803,79666,79803,137
walking,79815,79803,79815,12
sniffing,79865,79815,79865,50
rising,79904,79865,79904,39
sniffing,79960,79904,79960,56
left_turning,80020,79960,80020,60
rising,80021,80020,80021,1
walking,80031,80021,80031,10
climbing,80079,80031,80079,48
hunching,80197,80079,80197,118
climbing,80254,80197,80254,57
walking,80299,80254,80299,45
sniffing,80339,80299,80339,40
climbing,80392,80339,80392,53
walking,80396,80392,80396,4
right_turning,80436,80396,80436,40
walking,80519,80436,80519,83
sniffing,80643,80519,80643,124
rearing,80722,80643,80722,79
grooming,81457,80722,81457,735
hunching,81477,81457,81477,20
rearing,81543,81477,81543,66
rising,81647,81543,81647,104
sniffing,81794,81647,81794,147
rising,81885,81794,81885,91
right_turning,81928,81885,81928,43
sniffing,82011,81928,82011,83
climbing,82057,82011,82057,46
right_turning,82082,82057,82082,25
rising,82103,82082,82103,21
climbing,82104,82103,82104,1
sniffing,82105,82104,82105,1
rearing,82183,82105,82183,78
grooming,82184,82183,82184,1
hunching,82236,82184,82236,52
climbing,82284,82236,82284,48
rising,82322,82284,82322,38
sniffing,82364,82322,82364,42
hunching,82386,82364,82386,22
sniffing,82387,82386,82387,1
hunching,82466,82387,82466,79
climbing,82573,82466,82573,107
rearing,82680,82573,82680,107
running,82687,82680,82687,7
rising,82700,82687,82700,13
sniffing,82755,82700,82755,55
rising,82812,82755,82812,57
rearing,82841,82812,82841,29
left_turning,82880,82841,82880,39
running,82911,82880,82911,31
rising,82912,82911,82912,1
hunching,82913,82912,82913,1
sniffing,83026,82913,83026,113
grooming,83045,83026,83045,19
sniffing,83046,83045,83046,1
walking,83131,83046,83131,85
climbing,83187,83131,83187,56
rearing,83188,83187,83188,1
walking,83216,83188,83216,28
climbing,83263,83216,83263,47
walking,83264,83263,83264,1
rising,83268,83264,83268,4
climbing,83269,83268,83269,1
sniffing,83356,83269,83356,87
right_turning,83382,83356,83382,26
walking,83383,83382,83383,1
sniffing,83420,83383,83420,37
walking,83446,83420,83446,26
sniffing,83450,83446,83450,4
walking,83485,83450,83485,35
sniffing,83552,83485,83552,67
rising,83565,83552,83565,13
rearing,83566,83565,83566,1
grooming,83592,83566,83592,26
sniffing,83770,83592,83770,178
left_turning,83795,83770,83795,25
walking,83826,83795,83826,31
sniffing,83893,83826,83893,67
hunching,83974,83893,83974,81
climbing,83993,83974,83993,19
sniffing,83994,83993,83994,1
rising,84038,83994,84038,44
climbing,84131,84038,84131,93
grooming,84272,84131,84272,141
sniffing,84355,84272,84355,83
rearing,84440,84355,84440,85
grooming,84490,84440,84490,50
sniffing,84532,84490,84532,42
left_turning,84550,84532,84550,18
running,84562,84550,84562,12
sniffing,84638,84562,84638,76
rearing,84765,84638,84765,127
running,84774,84765,84774,9
rising,84858,84774,84858,84
climbing,84936,84858,84936,78
sniffing,85054,84936,85054,118
rising,85228,85054,85228,174
walking,85261,85228,85261,33
rearing,85431,85261,85431,170
grooming,85432,85431,85432,1
sniffing,85452,85432,85452,20
rising,85513,85452,85513,61
climbing,85532,85513,85532,19
hunching,85601,85532,85601,69
rearing,85636,85601,85636,35
sniffing,85647,85636,85647,11
stepping,85648,85647,85648,1
walking,85667,85648,85667,19
climbing,85683,85667,85683,16
rearing,85693,85683,85693,10
sniffing,85738,85693,85738,45
trotting,85748,85738,85748,10
left_turning,85749,85748,85749,1
sniffing,85756,85749,85756,7
climbing,85917,85756,85917,161
trotting,85923,85917,85923,6
left_turning,85996,85923,85996,73
stepping,86082,85996,86082,86
sniffing,86155,86082,86155,73
climbing,86266,86155,86266,111
running,86285,86266,86285,19
left_turning,86286,86285,86286,1
sniffing,86464,86286,86464,178
walking,86474,86464,86474,10
trotting,86508,86474,86508,34
walking,86554,86508,86554,46
climbing,86584,86554,86584,30
rising,86625,86584,86625,41
sniffing,86635,86625,86635,10
stepping,86658,86635,86658,23
climbing,86673,86658,86673,15
sniffing,86786,86673,86786,113
walking,86834,86786,86834,48
sniffing,86880,86834,86880,46
rising,86913,86880,86913,33
sniffing,87030,86913,87030,117
walking,87066,87030,87066,36
sniffing,87091,87066,87091,25
walking,87155,87091,87155,64
left_turning,87156,87155,87156,1
sniffing,87167,87156,87167,11
rising,87192,87167,87192,25
climbing,87314,87192,87314,122
rising,87381,87314,87381,67
grooming,88031,87381,88031,650
rearing,88209,88031,88209,178
stepping,88237,88209,88237,28
rising,88238,88237,88238,1
hunching,88244,88238,88244,6
right_turning,88247,88244,88247,3
sniffing,88298,88247,88298,51
walking,88318,88298,88318,20
climbing,88354,88318,88354,36
rearing,88474,88354,88474,120
rising,88475,88474,88475,1
sniffing,88591,88475,88591,116
left_turning,88619,88591,88619,28
climbing,88624,88619,88624,5
walking,88642,88624,88642,18
climbing,88720,88642,88720,78
sniffing,88742,88720,88742,22
walking,88766,88742,88766,24
stepping,88814,88766,88814,48
trotting,88859,88814,88859,45
stepping,88860,88859,88860,1
climbing,88924,88860,88924,64
right_turning,88959,88924,88959,35
left_turning,88960,88959,88960,1
trotting,88982,88960,88982,22
sniffing,89035,88982,89035,53
rearing,89073,89035,89073,38
walking,89086,89073,89086,13
right_turning,89099,89086,89099,13
rising,89134,89099,89134,35
sniffing,89135,89134,89135,1
walking,89157,89135,89157,22
sniffing,89187,89157,89187,30
left_turning,89208,89187,89208,21
stepping,89273,89208,89273,65
sniffing,89357,89273,89357,84
climbing,89360,89357,89360,3
walking,89389,89360,89389,29
climbing,89452,89389,89452,63
walking,89459,89452,89459,7
rising,89508,89459,89508,49
climbing,89567,89508,89567,59
sniffing,89579,89567,89579,12
stepping,89624,89579,89624,45
climbing,89630,89624,89630,6
sniffing,89631,89630,89631,1
rising,89646,89631,89646,15
sniffing,90235,89646,90235,589
rising,90271,90235,90271,36
right_turning,90309,90271,90309,38
walking,90310,90309,90310,1
rising,90314,90310,90314,4
climbing,90315,90314,90315,1
rearing,90410,90315,90410,95
walking,90429,90410,90429,19
sniffing,90492,90429,90492,63
rearing,90536,90492,90536,44
grooming,90779,90536,90779,243
hunching,90780,90779,90780,1
grooming,90781,90780,90781,1
climbing,90782,90781,90782,1
rearing,90860,90782,90860,78
climbing,90942,90860,90942,82
rising,90965,90942,90965,23
sniffing,90966,90965,90966,1
running,90984,90966,90984,18
walking,91083,90984,91083,99
rising,91139,91083,91139,56
rearing,91204,91139,91204,65
rising,91234,91204,91234,30
sniffing,91261,91234,91261,27
right_turning,91262,91261,91262,1
sniffing,91263,91262,91263,1
rearing,91339,91263,91339,76
rising,91340,91339,91340,1
sniffing,91341,91340,91341,1
trotting,91374,91341,91374,33
walking,91382,91374,91382,8
sniffing,91383,91382,91383,1
running,91389,91383,91389,6
rising,91395,91389,91395,6
sniffing,91478,91395,91478,83
left_turning,91480,91478,91480,2
walking,91487,91480,91487,7
climbing,91521,91487,91521,34
sniffing,91659,91521,91659,138
rearing,91685,91659,91685,26
sniffing,91686,91685,91686,1
rearing,91771,91686,91771,85
rising,91799,91771,91799,28
rearing,91851,91799,91851,52
rising,91852,91851,91852,1
climbing,91868,91852,91868,16
rising,91886,91868,91886,18
sniffing,91897,91886,91897,11
rising,91921,91897,91921,24
sniffing,92010,91921,92010,89
rising,92035,92010,92035,25
climbing,92086,92035,92086,51
left_turning,92106,92086,92106,20
walking,92121,92106,92121,15
rearing,92346,92121,92346,225
sniffing,92402,92346,92402,56
climbing,92425,92402,92425,23
grooming,92612,92425,92612,187
rising,92667,92612,92667,55
walking,92669,92667,92669,2
sniffing,92730,92669,92730,61
rearing,92746,92730,92746,16
rising,92758,92746,92758,12
left_turning,92771,92758,92771,13
stepping,92797,92771,92797,26
walking,92817,92797,92817,20
left_turning,92857,92817,92857,40
trotting,92858,92857,92858,1
sniffing,92944,92858,92944,86
stepping,92967,92944,92967,23
sniffing,93018,92967,93018,51
left_turning,93024,93018,93024,6
sniffing,93067,93024,93067,43
climbing,93094,93067,93094,27
sniffing,93095,93094,93095,1
right_turning,93113,93095,93113,18
trotting,93174,93113,93174,61
sniffing,93175,93174,93175,1
left_turning,93273,93175,93273,98
sniffing,93402,93273,93402,129
left_turning,93403,93402,93403,1
trotting,93428,93403,93428,25
walking,93468,93428,93468,40
left_turning,93483,93468,93483,15
sniffing,93591,93483,93591,108
left_turning,93598,93591,93598,7
walking,93640,93598,93640,42
sniffing,93719,93640,93719,79
walking,93726,93719,93726,7
stepping,93744,93726,93744,18
walking,93763,93744,93763,19
sniffing,93764,93763,93764,1
rising,93788,93764,93788,24
sniffing,93809,93788,93809,21
climbing,93820,93809,93820,11
rising,93850,93820,93850,30
left_turning,93851,93850,93851,1
stepping,93910,93851,93910,59
rising,93926,93910,93926,16
grooming,93927,93926,93927,1
left_turning,93950,93927,93950,23
trotting,93961,93950,93961,11
walking,94008,93961,94008,47
sniffing,94013,94008,94013,5
rising,94044,94013,94044,31
sniffing,94083,94044,94083,39
left_turning,94148,94083,94148,65
sniffing,94149,94148,94149,1
climbing,94167,94149,94167,18
rearing,94295,94167,94295,128
climbing,94321,94295,94321,26
sniffing,94480,94321,94480,159
trotting,94489,94480,94489,9
stepping,94548,94489,94548,59
walking,94599,94548,94599,51
climbing,94651,94599,94651,52
sniffing,94661,94651,94661,10
left_turning,94745,94661,94745,84
sniffing,94790,94745,94790,45
stepping,94812,94790,94812,22
left_turning,94852,94812,94852,40
sniffing,94903,94852,94903,51
walking,94948,94903,94948,45
sniffing,95030,94948,95030,82
left_turning,95205,95030,95205,175
stepping,95245,95205,95245,40
walking,95280,95245,95280,35
sniffing,95281,95280,95281,1
rising,95302,95281,95302,21
climbing,95367,95302,95367,65
walking,95391,95367,95391,24
rising,95402,95391,95402,11
stepping,95410,95402,95410,8
hunching,95453,95410,95453,43
trotting,95478,95453,95478,25
walking,95508,95478,95508,30
rising,95562,95508,95562,54
sniffing,95671,95562,95671,109
walking,95675,95671,95675,4
climbing,95744,95675,95744,69
rising,95751,95744,95751,7
climbing,95752,95751,95752,1
sniffing,95874,95752,95874,122
rising,95898,95874,95898,24
sniffing,95899,95898,95899,1
left_turning,95970,95899,95970,71
sniffing,95971,95970,95971,1
climbing,96034,95971,96034,63
sniffing,96078,96034,96078,44
climbing,96134,96078,96134,56
rearing,96220,96134,96220,86
rising,96275,96220,96275,55
walking,96321,96275,96321,46
stepping,96380,96321,96380,59
sniffing,96389,96380,96389,9
climbing,96412,96389,96412,23
trotting,96417,96412,96417,5
rising,96449,96417,96449,32
sniffing,96505,96449,96505,56
rising,96526,96505,96526,21
sniffing,96541,96526,96541,15
left_turning,96576,96541,96576,35
climbing,96622,96576,96622,46
trotting,96648,96622,96648,26
rearing,96720,96648,96720,72
grooming,96721,96720,96721,1
sniffing,96748,96721,96748,27
rising,96798,96748,96798,50
climbing,96827,96798,96827,29
rising,96831,96827,96831,4
climbing,96841,96831,96841,10
rearing,96866,96841,96866,25
hunching,96884,96866,96884,18
rising,96893,96884,96893,9
sniffing,96961,96893,96961,68
grooming,96962,96961,96962,1
sniffing,96978,96962,96978,16
walking,97022,96978,97022,44
sniffing,97117,97022,97117,95
right_turning,97173,97117,97173,56
sniffing,97225,97173,97225,52
rising,97278,97225,97278,53
climbing,97346,97278,97346,68
rising,97382,97346,97382,36
climbing,97417,97382,97417,35
trotting,97434,97417,97434,17
rising,97522,97434,97522,88
stepping,97552,97522,97552,30
walking,97592,97552,97592,40
climbing,97658,97592,97658,66
walking,97690,97658,97690,32
sniffing,97731,97690,97731,41
climbing,97776,97731,97776,45
rising,97809,97776,97809,33
right_turning,97810,97809,97810,1
walking,97850,97810,97850,40
rising,97891,97850,97891,41
left_turning,97930,97891,97930,39
climbing,98070,97930,98070,140
right_turning,98091,98070,98091,21
hunching,98125,98091,98125,34
climbing,98126,98125,98126,1
walking,98167,98126,98167,41
sniffing,98291,98167,98291,124
left_turning,98305,98291,98305,14
stepping,98349,98305,98349,44
sniffing,98352,98349,98352,3
grooming,98689,98352,98689,337
sniffing,98773,98689,98773,84
rising,98774,98773,98774,1
climbing,98869,98774,98869,95
running,98872,98869,98872,3
sniffing,98957,98872,98957,85
rearing,98958,98957,98958,1
pausing,99157,98958,99157,199
sniffing,99158,99157,99158,1
hunching,99299,99158,99299,141
climbing,99367,99299,99367,68
sniffing,99419,99367,99419,52
walking,99429,99419,99429,10
rising,99477,99429,99477,48
climbing,99508,99477,99508,31
sniffing,99637,99508,99637,129
left_turning,99698,99637,99698,61
walking,99757,99698,99757,59
climbing,99784,99757,99784,27
right_turning,99806,99784,99806,22
climbing,99833,99806,99833,27
sniffing,99945,99833,99945,112
right_turning,99951,99945,99951,6
sniffing,99983,99951,99983,32
left_turning,100046,99983,100046,63
sniffing,100062,100046,100062,16
right_turning,100067,100062,100067,5
walking,100088,100067,100088,21
rising,100146,100088,100146,58
sniffing,100197,100146,100197,51
left_turning,100211,100197,100211,14
sniffing,100229,100211,100229,18
pausing,100230,100229,100230,1
sniffing,100241,100230,100241,11
walking,100250,100241,100250,9
sniffing,100251,100250,100251,1
rising,100298,100251,100298,47
climbing,100388,100298,100388,90
hunching,100389,100388,100389,1
sniffing,100440,100389,100440,51
climbing,100465,100440,100465,25
grooming,100729,100465,100729,264
rearing,100817,100729,100817,88
sniffing,100893,100817,100893,76
rising,100947,100893,100947,54
grooming,101099,100947,101099,152
rising,101100,101099,101100,1
right_turning,101119,101100,101119,19
sniffing,101120,101119,101120,1
walking,101146,101120,101146,26
climbing,101168,101146,101168,22
rising,101205,101168,101205,37
sniffing,101206,101205,101206,1
stepping,101207,101206,101207,1
sniffing,101239,101207,101239,32
left_turning,101306,101239,101306,67
walking,101363,101306,101363,57
left_turning,101443,101363,101443,80
sniffing,101473,101443,101473,30
left_turning,101535,101473,101535,62
walking,101598,101535,101598,63
sniffing,101634,101598,101634,36
walking,101671,101634,101671,37
sniffing,101732,101671,101732,61
rearing,101761,101732,101761,29
walking,101794,101761,101794,33
sniffing,101799,101794,101799,5
rising,101849,101799,101849,50
rearing,101850,101849,101850,1
sniffing,101939,101850,101939,89
rising,101983,101939,101983,44
climbing,101984,101983,101984,1
rising,102053,101984,102053,69
sniffing,102054,102053,102054,1
trotting,102070,102054,102070,16
jumping,102120,102070,102120,50
walking,102141,102120,102141,21
sniffing,102179,102141,102179,38
left_turning,102196,102179,102196,17
rising,102223,102196,102223,27
rearing,102257,102223,102257,34
rising,102258,102257,102258,1
rearing,102280,102258,102280,22
sniffing,102282,102280,102282,2
pausing,102283,102282,102283,1
sniffing,102362,102283,102362,79
left_turning,102363,102362,102363,1
walking,102394,102363,102394,31
sniffing,102638,102394,102638,244
rising,102698,102638,102698,60
climbing,102720,102698,102720,22
walking,102751,102720,102751,31
stepping,102790,102751,102790,39
sniffing,102824,102790,102824,34
left_turning,102825,102824,102825,1
sniffing,102903,102825,102903,78
hunching,102968,102903,102968,65
grooming,102969,102968,102969,1
climbing,102970,102969,102970,1
sniffing,102995,102970,102995,25
stepping,103010,102995,103010,15
sniffing,103016,103010,103016,6
climbing,103083,103016,103083,67
rising,103117,103083,103117,34
climbing,103247,103117,103247,130
walking,103249,103247,103249,2
sniffing,103250,103249,103250,1
rising,103308,103250,103308,58
sniffing,103309,103308,103309,1
climbing,103331,103309,103331,22
sniffing,103351,103331,103351,20
rising,103419,103351,103419,68
sniffing,103420,103419,103420,1
rearing,103452,103420,103452,32
grooming,103730,103452,103730,278
sniffing,103792,103730,103792,62
grooming,103924,103792,103924,132
rearing,103932,103924,103932,8
rising,104039,103932,104039,107
sniffing,104063,104039,104063,24
stepping,104067,104063,104067,4
sniffing,104114,104067,104114,47
left_turning,104199,104114,104199,85
trotting,104245,104199,104245,46
sniffing,104264,104245,104264,19
left_turning,104265,104264,104265,1
sniffing,104287,104265,104287,22
rising,104288,104287,104288,1
climbing,104348,104288,104348,60
running,104358,104348,104358,10
walking,104359,104358,104359,1
sniffing,104372,104359,104372,13
climbing,104503,104372,104503,131
rearing,104597,104503,104597,94
sniffing,104635,104597,104635,38
rearing,104659,104635,104659,24
climbing,104713,104659,104713,54
rising,104785,104713,104785,72
stepping,104812,104785,104812,27
grooming,104813,104812,104813,1
sniffing,104814,104813,104814,1
left_turning,104842,104814,104842,28
sniffing,104843,104842,104843,1
walking,104856,104843,104856,13
climbing,104956,104856,104956,100
rearing,104957,104956,104957,1
left_turning,104978,104957,104978,21
trotting,104984,104978,104984,6
running,104988,104984,104988,4
rising,104989,104988,104989,1
rearing,104990,104989,104990,1
hunching,105062,104990,105062,72
walking,105113,105062,105113,51
rising,105114,105113,105114,1
sniffing,105543,105114,105543,429
grooming,105593,105543,105593,50
right_turning,105608,105593,105608,15
trotting,105647,105608,105647,39
rising,105648,105647,105648,1
stepping,105689,105648,105689,41
hunching,105690,105689,105690,1
grooming,105975,105690,105975,285
walking,106024,105975,106024,49
sniffing,106025,106024,106025,1
trotting,106061,106025,106061,36
running,106090,106061,106090,29
sniffing,106116,106090,106116,26
climbing,106402,106116,106402,286
sniffing,106443,106402,106443,41
walking,106444,106443,106444,1
sniffing,106512,106444,106512,68
rearing,106513,106512,106513,1
climbing,106514,106513,106514,1
right_turning,106549,106514,106549,35
walking,106653,106549,106653,104
rising,106698,106653,106698,45
climbing,106727,106698,106727,29
sniffing,106795,106727,106795,68
walking,106850,106795,106850,55
sniffing,106896,106850,106896,46
walking,106943,106896,106943,47
rearing,106944,106943,106944,1
walking,106970,106944,106970,26
sniffing,107014,106970,107014,44
rising,107047,107014,107047,33
grooming,107094,107047,107094,47
sniffing,107101,107094,107101,7
climbing,107102,107101,107102,1
rearing,107104,107102,107104,2
sniffing,107118,107104,107118,14
rising,107131,107118,107131,13
climbing,107132,107131,107132,1
rising,107159,107132,107159,27
pausing,107160,107159,107160,1
sniffing,107164,107160,107164,4
climbing,107214,107164,107214,50
rising,107227,107214,107227,13
sniffing,107255,107227,107255,28
rising,107256,107255,107256,1
hunching,107414,107256,107414,158
grooming,107415,107414,107415,1
sniffing,107416,107415,107416,1
right_turning,107441,107416,107441,25
walking,107485,107441,107485,44
rising,107545,107485,107545,60
climbing,107575,107545,107575,30
grooming,107770,107575,107770,195
right_turning,107795,107770,107795,25
sniffing,107796,107795,107796,1
hunching,107868,107796,107868,72
grooming,107869,107868,107869,1
hunching,107933,107869,107933,64
grooming,108000,107933,108000,67
